/*--------------------------------*- C++ -*----------------------------------*\
| =========                 |                                                 |
| \\      /  F ield         | OpenFOAM: The Open Source CFD Toolbox           |
|  \\    /   O peration     | Version:  4.1                                   |
|   \\  /    A nd           | Web:      www.OpenFOAM.org                      |
|    \\/     M anipulation  |                                                 |
\*---------------------------------------------------------------------------*/
FoamFile
{
    version     2.0;
    format      ascii;
    class       volVectorField;
    location    "0.112246";
    object      U;
}
// * * * * * * * * * * * * * * * * * * * * * * * * * * * * * * * * * * * * * //

dimensions      [0 1 -1 0 0 0 0];

internalField   nonuniform List<vector> 
441
(
(0.000843101 -0.000814051 0)
(0.00020494 9.43059e-05 0)
(-0.00450841 0.000946894 0)
(-0.0121389 0.00164081 0)
(-0.0219471 0.00198564 0)
(-0.0325299 0.00210009 0)
(-0.043001 0.00199475 0)
(-0.052388 0.00172971 0)
(-0.0599843 0.00131955 0)
(-0.0651282 0.000791296 0)
(-0.0673414 0.000168059 0)
(-0.0662964 -0.00051029 0)
(-0.0619347 -0.00118557 0)
(-0.0544761 -0.00178526 0)
(-0.0445466 -0.00221514 0)
(-0.0330606 -0.0023992 0)
(-0.0213869 -0.00224168 0)
(-0.0108541 -0.00174975 0)
(-0.0031434 -0.000871007 0)
(0.00100601 8.86593e-05 0)
(0.000987514 0.000943133 0)
(7.27729e-06 -0.000261697 0)
(-0.00592312 0.00591822 0)
(-0.0205161 0.0121666 0)
(-0.0410695 0.0170507 0)
(-0.0660211 0.0197079 0)
(-0.0924594 0.0203549 0)
(-0.118288 0.0191434 0)
(-0.141276 0.0163672 0)
(-0.15969 0.0122466 0)
(-0.171988 0.00704612 0)
(-0.177068 0.0010738 0)
(-0.174248 -0.00525693 0)
(-0.163474 -0.0114132 0)
(-0.14535 -0.0167637 0)
(-0.121341 -0.0206095 0)
(-0.0935604 -0.022332 0)
(-0.0649899 -0.0214166 0)
(-0.0385666 -0.0178191 0)
(-0.0177802 -0.0117416 0)
(-0.00422147 -0.00476671 0)
(0.000321001 0.00108753 0)
(-0.000916865 0.00445281 0)
(-0.0131243 0.0206587 0)
(-0.0377989 0.0355977 0)
(-0.07026 0.0468125 0)
(-0.108278 0.052835 0)
(-0.14785 0.0538956 0)
(-0.186072 0.0503303 0)
(-0.21985 0.0427556 0)
(-0.246752 0.0317554 0)
(-0.264636 0.0180303 0)
(-0.271981 0.00242135 0)
(-0.267869 -0.0139909 0)
(-0.252242 -0.0298629 0)
(-0.225944 -0.0436393 0)
(-0.190967 -0.0536564 0)
(-0.150187 -0.0584346 0)
(-0.107655 -0.0568434 0)
(-0.0673987 -0.0487427 0)
(-0.0343084 -0.0347952 0)
(-0.0107693 -0.018064 0)
(-0.000441922 -0.00243693 0)
(-0.00181913 0.0128857 0)
(-0.0202705 0.0432836 0)
(-0.0547669 0.0691652 0)
(-0.0983601 0.0877267 0)
(-0.148142 0.0972995 0)
(-0.199163 0.0982542 0)
(-0.247965 0.0912013 0)
(-0.290861 0.0771436 0)
(-0.324965 0.0571123 0)
(-0.347729 0.0323406 0)
(-0.357331 0.00431947 0)
(-0.352642 -0.0250673 0)
(-0.33352 -0.053508 0)
(-0.30086 -0.0783405 0)
(-0.256912 -0.0967327 0)
(-0.20499 -0.106126 0)
(-0.149925 -0.104572 0)
(-0.0966156 -0.0916619 0)
(-0.0513723 -0.0684107 0)
(-0.0175467 -0.0391694 0)
(-0.00118801 -0.00937047 0)
(-0.00256286 0.0250312 0)
(-0.0267926 0.0739804 0)
(-0.0706023 0.113144 0)
(-0.124695 0.140006 0)
(-0.18544 0.153173 0)
(-0.246981 0.153385 0)
(-0.305439 0.141679 0)
(-0.356695 0.119527 0)
(-0.397567 0.0884756 0)
(-0.425216 0.0503465 0)
(-0.437566 0.0073411 0)
(-0.433236 -0.0377824 0)
(-0.411876 -0.0816461 0)
(-0.374228 -0.120337 0)
(-0.322554 -0.149653 0)
(-0.260371 -0.165682 0)
(-0.193146 -0.165347 0)
(-0.126632 -0.147638 0)
(-0.0687887 -0.113653 0)
(-0.0242216 -0.0687884 0)
(-0.00180491 -0.0198425 0)
(-0.00323248 0.0403672 0)
(-0.0328006 0.111892 0)
(-0.0853388 0.166492 0)
(-0.149274 0.20245 0)
(-0.22026 0.219142 0)
(-0.291586 0.217977 0)
(-0.359054 0.200621 0)
(-0.418245 0.169108 0)
(-0.465804 0.125542 0)
(-0.498685 0.072326 0)
(-0.514575 0.0123477 0)
(-0.511786 -0.0507867 0)
(-0.48961 -0.112629 0)
(-0.448417 -0.167941 0)
(-0.390219 -0.210969 0)
(-0.318486 -0.236122 0)
(-0.239177 -0.238754 0)
(-0.158908 -0.216726 0)
(-0.087557 -0.170772 0)
(-0.0313313 -0.107034 0)
(-0.00243108 -0.0336995 0)
(-0.00383299 0.0587201 0)
(-0.0383387 0.156665 0)
(-0.0990029 0.228791 0)
(-0.172084 0.274624 0)
(-0.252551 0.294792 0)
(-0.332925 0.291692 0)
(-0.408791 0.267853 0)
(-0.475559 0.225969 0)
(-0.529816 0.168724 0)
(-0.568398 0.0990545 0)
(-0.588778 0.020444 0)
(-0.588908 -0.0627541 0)
(-0.56758 -0.145094 0)
(-0.524562 -0.21999 0)
(-0.461319 -0.279976 0)
(-0.380961 -0.317397 0)
(-0.289705 -0.325459 0)
(-0.194963 -0.300148 0)
(-0.108799 -0.241171 0)
(-0.0394349 -0.155017 0)
(-0.00314342 -0.0513801 0)
(-0.00440434 0.0798354 0)
(-0.0435037 0.20774 0)
(-0.111661 0.299276 0)
(-0.193059 0.35563 0)
(-0.282026 0.379175 0)
(-0.370435 0.373648 0)
(-0.453785 0.342695 0)
(-0.527477 0.289774 0)
(-0.588188 0.218154 0)
(-0.632759 0.131205 0)
(-0.658514 0.0328512 0)
(-0.66304 -0.0719993 0)
(-0.644513 -0.177076 0)
(-0.601882 -0.27453 0)
(-0.535714 -0.355087 0)
(-0.448346 -0.408639 0)
(-0.345838 -0.425547 0)
(-0.236158 -0.398896 0)
(-0.133708 -0.326393 0)
(-0.0492027 -0.21417 0)
(-0.00406833 -0.073537 0)
(-0.00495584 0.103525 0)
(-0.0483554 0.264609 0)
(-0.123338 0.377171 0)
(-0.212033 0.444465 0)
(-0.308162 0.471168 0)
(-0.403111 0.462724 0)
(-0.492454 0.424197 0)
(-0.571813 0.359906 0)
(-0.638145 0.273702 0)
(-0.68849 0.169255 0)
(-0.720158 0.0507104 0)
(-0.730445 -0.0767454 0)
(-0.716869 -0.206311 0)
(-0.677383 -0.329089 0)
(-0.611285 -0.434051 0)
(-0.519612 -0.508313 0)
(-0.407615 -0.538647 0)
(-0.283295 -0.513905 0)
(-0.163283 -0.428366 0)
(-0.0612767 -0.286531 0)
(-0.00532085 -0.10124 0)
(-0.00553834 0.129742 0)
(-0.0530268 0.326887 0)
(-0.134116 0.461664 0)
(-0.228807 0.539861 0)
(-0.330221 0.569163 0)
(-0.429477 0.557144 0)
(-0.52244 0.510645 0)
(-0.605247 0.434953 0)
(-0.675398 0.334495 0)
(-0.730412 0.213075 0)
(-0.767815 0.0747967 0)
(-0.784803 -0.0752431 0)
(-0.77831 -0.23014 0)
(-0.74522 -0.380356 0)
(-0.683215 -0.51339 0)
(-0.591437 -0.613467 0)
(-0.473401 -0.663111 0)
(-0.336229 -0.645327 0)
(-0.19819 -0.548942 0)
(-0.0763113 -0.374563 0)
(-0.00706667 -0.135977 0)
(-0.00620635 0.158288 0)
(-0.0578059 0.393886 0)
(-0.144325 0.551456 0)
(-0.243396 0.63982 0)
(-0.347513 0.670627 0)
(-0.447848 0.654059 0)
(-0.54084 0.599172 0)
(-0.623547 0.512326 0)
(-0.694343 0.398528 0)
(-0.751602 0.26154 0)
(-0.793401 0.105133 0)
(-0.817174 -0.0661156 0)
(-0.819503 -0.245757 0)
(-0.796312 -0.424234 0)
(-0.743429 -0.588188 0)
(-0.657538 -0.719197 0)
(-0.539227 -0.795195 0)
(-0.393388 -0.791595 0)
(-0.238534 -0.689112 0)
(-0.0949499 -0.480671 0)
(-0.00950638 -0.179481 0)
(-0.00717128 0.18979 0)
(-0.0632976 0.465855 0)
(-0.154603 0.645828 0)
(-0.255973 0.742363 0)
(-0.359236 0.772534 0)
(-0.456132 0.749708 0)
(-0.54403 0.685704 0)
(-0.621439 0.588045 0)
(-0.687992 0.462332 0)
(-0.743372 0.312104 0)
(-0.786633 0.140507 0)
(-0.81593 -0.0488617 0)
(-0.827919 -0.250674 0)
(-0.817926 -0.456196 0)
(-0.779928 -0.652224 0)
(-0.707776 -0.818476 0)
(-0.59781 -0.928592 0)
(-0.450938 -0.948856 0)
(-0.283391 -0.848722 0)
(-0.117787 -0.607458 0)
(-0.0129783 -0.234309 0)
(-0.00869784 0.224173 0)
(-0.0707145 0.541805 0)
(-0.166443 0.742441 0)
(-0.267492 0.843535 0)
(-0.365015 0.86972 0)
(-0.452253 0.83815 0)
(-0.527991 0.764032 0)
(-0.592907 0.656072 0)
(-0.648298 0.520468 0)
(-0.695669 0.360372 0)
(-0.735499 0.178058 0)
(-0.767253 -0.024271 0)
(-0.788261 -0.243087 0)
(-0.79393 -0.471474 0)
(-0.776742 -0.697788 0)
(-0.727782 -0.901349 0)
(-0.637896 -1.05281 0)
(-0.502103 -1.10858 0)
(-0.330375 -1.02381 0)
(-0.145355 -0.755525 0)
(-0.0179225 -0.302683 0)
(-0.0115878 0.264898 0)
(-0.0819234 0.624571 0)
(-0.181403 0.841632 0)
(-0.278273 0.9405 0)
(-0.363153 0.956952 0)
(-0.432383 0.912543 0)
(-0.486745 0.826531 0)
(-0.529967 0.708641 0)
(-0.565362 0.565579 0)
(-0.596709 0.399908 0)
(-0.626282 0.212835 0)
(-0.65542 0.00484506 0)
(-0.682821 -0.222925 0)
(-0.704956 -0.466394 0)
(-0.713645 -0.717185 0)
(-0.698033 -0.956406 0)
(-0.642715 -1.15438 0)
(-0.535307 -1.25845 0)
(-0.374097 -1.20764 0)
(-0.177648 -0.925446 0)
(-0.0251576 -0.389181 0)
(-0.0168442 0.311604 0)
(-0.100569 0.710981 0)
(-0.202746 0.93716 0)
(-0.289511 1.02414 0)
(-0.351495 1.02359 0)
(-0.391197 0.961727 0)
(-0.412145 0.862255 0)
(-0.42228 0.735449 0)
(-0.42711 0.588272 0)
(-0.432967 0.422483 0)
(-0.44401 0.238127 0)
(-0.463792 0.0338836 0)
(-0.49293 -0.191789 0)
(-0.530092 -0.43838 0)
(-0.567743 -0.702436 0)
(-0.594957 -0.969544 0)
(-0.59034 -1.21381 0)
(-0.533891 -1.37678 0)
(-0.405585 -1.38257 0)
(-0.214084 -1.10909 0)
(-0.0356622 -0.49486 0)
(-0.0269266 0.378553 0)
(-0.129489 0.8116 0)
(-0.228642 1.03196 0)
(-0.294193 1.08971 0)
(-0.317971 1.06044 0)
(-0.313208 0.974384 0)
(-0.286645 0.859427 0)
(-0.251501 0.725176 0)
(-0.215203 0.578096 0)
(-0.18648 0.418692 0)
(-0.170973 0.245703 0)
(-0.174293 0.0560981 0)
(-0.19909 -0.154233 0)
(-0.247161 -0.388553 0)
(-0.313175 -0.649497 0)
(-0.389235 -0.929884 0)
(-0.450039 -1.21298 0)
(-0.470656 -1.44089 0)
(-0.406401 -1.52942 0)
(-0.249901 -1.30074 0)
(-0.0510926 -0.629786 0)
(-0.0451058 0.457267 0)
(-0.17627 0.907025 0)
(-0.257746 1.10082 0)
(-0.281298 1.11117 0)
(-0.242045 1.04393 0)
(-0.172232 0.931017 0)
(-0.0814662 0.802594 0)
(0.011045 0.665884 0)
(0.0972164 0.525722 0)
(0.1669 0.380933 0)
(0.214162 0.228952 0)
(0.23225 0.0654808 0)
(0.21712 -0.115378 0)
(0.163619 -0.319834 0)
(0.0736735 -0.556264 0)
(-0.0517004 -0.82624 0)
(-0.187499 -1.12728 0)
(-0.311364 -1.41158 0)
(-0.349782 -1.60025 0)
(-0.276406 -1.46105 0)
(-0.0724528 -0.781674 0)
(-0.0738401 0.602957 0)
(-0.223232 1.02526 0)
(-0.244216 1.14722 0)
(-0.188371 1.07606 0)
(-0.0547603 0.957099 0)
(0.0992275 0.815805 0)
(0.26474 0.679183 0)
(0.418384 0.548544 0)
(0.554176 0.424907 0)
(0.66264 0.304654 0)
(0.739395 0.183785 0)
(0.778143 0.0572647 0)
(0.774821 -0.081462 0)
(0.721831 -0.239976 0)
(0.617721 -0.430415 0)
(0.453641 -0.662511 0)
(0.248301 -0.951174 0)
(0.00734913 -1.27 0)
(-0.172841 -1.56813 0)
(-0.255773 -1.57572 0)
(-0.0971056 -0.97927 0)
(-0.113446 0.725019 0)
(-0.252623 1.05137 0)
(-0.114505 1.066 0)
(0.0821298 0.913506 0)
(0.349699 0.758147 0)
(0.600615 0.610293 0)
(0.838671 0.485564 0)
(1.04217 0.378231 0)
(1.21248 0.284667 0)
(1.34421 0.199464 0)
(1.43685 0.117938 0)
(1.48644 0.0353999 0)
(1.49041 -0.0537201 0)
(1.44037 -0.156022 0)
(1.3328 -0.283054 0)
(1.14869 -0.447819 0)
(0.896486 -0.676779 0)
(0.547096 -0.971247 0)
(0.202255 -1.32868 0)
(-0.130132 -1.49782 0)
(-0.105378 -1.11029 0)
(-0.0424268 1.02212 0)
(0.0571246 1.02232 0)
(0.490469 0.848187 0)
(0.851308 0.61099 0)
(1.22148 0.446738 0)
(1.51829 0.32513 0)
(1.77241 0.238887 0)
(1.97347 0.174606 0)
(2.13261 0.124387 0)
(2.25037 0.0825196 0)
(2.33036 0.0449023 0)
(2.37164 0.00830832 0)
(2.37389 -0.0305811 0)
(2.33022 -0.075864 0)
(2.23777 -0.134997 0)
(2.07364 -0.219006 0)
(1.83838 -0.355104 0)
(1.46516 -0.567639 0)
(1.01733 -0.921673 0)
(0.371894 -1.25311 0)
(0.0358812 -1.27776 0)
(0.845212 0.576333 0)
(1.3163 0.399715 0)
(2.06229 0.261957 0)
(2.45485 0.155223 0)
(2.77686 0.0930948 0)
(2.98416 0.0568376 0)
(3.13927 0.0350643 0)
(3.24768 0.021871 0)
(3.32615 0.0130875 0)
(3.37918 0.00683187 0)
(3.41168 0.00176949 0)
(3.42448 -0.00291977 0)
(3.41839 -0.00789302 0)
(3.38938 -0.0142555 0)
(3.33602 -0.0234316 0)
(3.23955 -0.0390864 0)
(3.09737 -0.0680601 0)
(2.82736 -0.122203 0)
(2.45462 -0.231272 0)
(1.63352 -0.388072 0)
(0.92422 -0.587294 0)
)
;

boundaryField
{
    movingWall
    {
        type            fixedValue;
        value           uniform (4 0 0);
    }
    fixedWalls
    {
        type            noSlip;
    }
    frontAndBack
    {
        type            empty;
    }
}


// ************************************************************************* //
