/*--------------------------------*- C++ -*----------------------------------*\
| =========                 |                                                 |
| \\      /  F ield         | OpenFOAM: The Open Source CFD Toolbox           |
|  \\    /   O peration     | Version:  4.1                                   |
|   \\  /    A nd           | Web:      www.OpenFOAM.org                      |
|    \\/     M anipulation  |                                                 |
\*---------------------------------------------------------------------------*/
FoamFile
{
    version     2.0;
    format      ascii;
    class       volVectorField;
    location    "0.0143";
    object      U;
}
// * * * * * * * * * * * * * * * * * * * * * * * * * * * * * * * * * * * * * //

dimensions      [0 1 -1 0 0 0 0];

internalField   nonuniform List<vector> 
441
(
(0.00345383 -0.00516422 0)
(0.00763681 -0.00334114 0)
(-0.000835695 -2.63457e-165 0)
(0.00147113 -2.11136e-266 0)
(-0.0118009 -0.00588518 0)
(-0.00147113 -2.50706e-232 0)
(-1.14724e-202 -3.30362e-203 0)
(-8.25669e-204 -3.99101e-228 0)
(-1.29501e-212 -1.66954e-213 0)
(-0.00462295 7.08736e-266 0)
(-0.053905 0.018491 0)
(-0.0697343 0.0102692 0)
(-0.0813646 0.00520766 0)
(-0.0770925 0.00145408 0)
(-0.0707156 -0.000146776 0)
(-0.0569367 -0.00143896 0)
(-0.0433642 -0.00160741 0)
(-0.0270552 -0.00201516 0)
(-0.0129866 -0.000997223 0)
(-0.00310437 -0.000327377 0)
(0.00278608 0.00180643 0)
(0.00266501 -0.00567418 0)
(-0.00651663 0.00772532 0)
(-0.0338079 0.00772601 0)
(-0.0616124 0.0125599 0)
(-0.0984897 0.00808142 0)
(-0.127445 -0.00714022 0)
(-0.151847 -0.00103938 0)
(-0.173293 0.000861499 0)
(-0.191 0.00908514 0)
(-0.210454 0.047667 0)
(-0.224459 0.0450289 0)
(-0.221353 0.0175232 0)
(-0.21694 0.00174705 0)
(-0.197538 -0.0124875 0)
(-0.175015 -0.0200553 0)
(-0.141975 -0.026698 0)
(-0.108628 -0.028141 0)
(-0.0712146 -0.0293353 0)
(-0.0384392 -0.0226963 0)
(-0.0133505 -0.0162114 0)
(0.00216929 -0.00194748 0)
(0.00583389 -0.00210244 0)
(-0.00893133 0.0326777 0)
(-0.0549677 0.0534299 0)
(-0.107347 0.062898 0)
(-0.16307 0.0589585 0)
(-0.217255 0.0500817 0)
(-0.269792 0.0440374 0)
(-0.305547 0.0378167 0)
(-0.340891 0.0355499 0)
(-0.352825 0.0371675 0)
(-0.342832 0.0300981 0)
(-0.330849 0.0038114 0)
(-0.313561 -0.0181431 0)
(-0.283572 -0.0402103 0)
(-0.24859 -0.0550226 0)
(-0.201473 -0.0678975 0)
(-0.153826 -0.0714563 0)
(-0.100782 -0.0724486 0)
(-0.0550252 -0.0578955 0)
(-0.0187972 -0.0411622 0)
(0.00314355 -0.00871906 0)
(0.00662138 -0.00265993 0)
(-0.0109646 0.0701296 0)
(-0.076804 0.106392 0)
(-0.144622 0.122499 0)
(-0.21678 0.118238 0)
(-0.282837 0.101918 0)
(-0.341761 0.0881792 0)
(-0.387144 0.072531 0)
(-0.421025 0.057752 0)
(-0.436433 0.0474355 0)
(-0.432576 0.0226945 0)
(-0.415581 -0.0125829 0)
(-0.390788 -0.0457406 0)
(-0.350902 -0.0782168 0)
(-0.30529 -0.102067 0)
(-0.245662 -0.122466 0)
(-0.186038 -0.128469 0)
(-0.119585 -0.129389 0)
(-0.0637676 -0.104114 0)
(-0.0188576 -0.0755963 0)
(0.00548465 -0.0172939 0)
(6.25677e-165 0.00165534 0)
(-0.0145574 0.115714 0)
(-0.100413 0.186312 0)
(-0.176834 0.201777 0)
(-0.261234 0.196366 0)
(-0.335522 0.173742 0)
(-0.403704 0.147514 0)
(-0.454674 0.116487 0)
(-0.493137 0.0844224 0)
(-0.509475 0.049424 0)
(-0.506382 0.00955945 0)
(-0.487921 -0.0376085 0)
(-0.457941 -0.0822693 0)
(-0.410817 -0.125721 0)
(-0.356334 -0.159415 0)
(-0.284684 -0.187495 0)
(-0.214156 -0.196352 0)
(-0.132845 -0.195308 0)
(-0.0682804 -0.157214 0)
(-0.0126977 -0.110936 0)
(0.0119643 -0.0210822 0)
(-5.44791e-266 0.00502511 0)
(-0.0699658 0.174873 0)
(-0.134425 0.267018 0)
(-0.22007 0.285031 0)
(-0.303044 0.27692 0)
(-0.383087 0.245477 0)
(-0.453441 0.20781 0)
(-0.509962 0.162267 0)
(-0.551053 0.113072 0)
(-0.572382 0.0600818 0)
(-0.574789 0.00119066 0)
(-0.557451 -0.0617438 0)
(-0.525779 -0.122811 0)
(-0.472805 -0.180842 0)
(-0.410381 -0.227926 0)
(-0.326586 -0.2662 0)
(-0.2441 -0.27957 0)
(-0.146537 -0.277517 0)
(-0.0712885 -0.222897 0)
(-0.000957355 -0.158559 0)
(0.0166407 -0.0173905 0)
(-0.0201004 0.0754066 0)
(-0.0938947 0.246585 0)
(-0.16623 0.337177 0)
(-0.254999 0.368888 0)
(-0.34494 0.359016 0)
(-0.430598 0.323164 0)
(-0.507757 0.273974 0)
(-0.570369 0.213594 0)
(-0.617566 0.146744 0)
(-0.64433 0.0731278 0)
(-0.651619 -0.00505839 0)
(-0.636798 -0.0866571 0)
(-0.604643 -0.166236 0)
(-0.547093 -0.24141 0)
(-0.477591 -0.30447 0)
(-0.380559 -0.354505 0)
(-0.286424 -0.374572 0)
(-0.167824 -0.369355 0)
(-0.0860676 -0.300302 0)
(0.0115062 -0.200149 0)
(5.30788e-266 -0.00416019 0)
(-0.014249 0.12136 0)
(-0.0845621 0.322044 0)
(-0.177256 0.428938 0)
(-0.278572 0.464694 0)
(-0.379608 0.453096 0)
(-0.474737 0.408912 0)
(-0.559562 0.348102 0)
(-0.630541 0.27227 0)
(-0.684942 0.187413 0)
(-0.719702 0.0938483 0)
(-0.734103 -0.00619582 0)
(-0.724269 -0.10943 0)
(-0.694161 -0.212414 0)
(-0.634203 -0.309243 0)
(-0.558514 -0.394085 0)
(-0.449146 -0.459771 0)
(-0.340764 -0.491034 0)
(-0.203471 -0.482051 0)
(-0.106882 -0.398554 0)
(0.000341339 -0.252467 0)
(1.51236e-24 -2.17593e-24 0)
(-0.0119434 0.171396 0)
(-0.0861959 0.407837 0)
(-0.193333 0.530161 0)
(-0.30669 0.569818 0)
(-0.42059 0.554464 0)
(-0.526179 0.502096 0)
(-0.620847 0.429368 0)
(-0.701247 0.338375 0)
(-0.764549 0.235867 0)
(-0.808614 0.122044 0)
(-0.831379 -0.000119861 0)
(-0.828989 -0.126756 0)
(-0.803354 -0.255437 0)
(-0.74382 -0.37747 0)
(-0.663678 -0.48791 0)
(-0.541671 -0.573364 0)
(-0.417186 -0.617344 0)
(-0.253884 -0.605541 0)
(-0.137657 -0.49905 0)
(-0.00258246 -0.311267 0)
(6.02478e-77 -3.78089e-25 0)
(-0.0104147 0.220473 0)
(-0.0869166 0.505119 0)
(-0.206856 0.650621 0)
(-0.332305 0.692922 0)
(-0.459037 0.673572 0)
(-0.575931 0.609703 0)
(-0.680535 0.523902 0)
(-0.771259 0.41614 0)
(-0.844092 0.295192 0)
(-0.899205 0.160456 0)
(-0.932503 0.0142752 0)
(-0.940943 -0.138199 0)
(-0.923801 -0.297663 0)
(-0.869136 -0.450564 0)
(-0.787973 -0.596183 0)
(-0.654915 -0.709483 0)
(-0.512024 -0.777938 0)
(-0.317481 -0.767241 0)
(-0.174095 -0.6467 0)
(-0.00616814 -0.399545 0)
(1.61388e-164 -1.50619e-77 0)
(-0.0111801 0.265864 0)
(-0.0954447 0.602615 0)
(-0.230725 0.77378 0)
(-0.370019 0.820186 0)
(-0.50993 0.79699 0)
(-0.638113 0.722197 0)
(-0.751819 0.624156 0)
(-0.85233 0.501119 0)
(-0.93401 0.363742 0)
(-1.00092 0.210169 0)
(-1.04602 0.0420265 0)
(-1.0694 -0.135459 0)
(-1.06552 -0.326187 0)
(-1.02333 -0.513479 0)
(-0.947306 -0.700031 0)
(-0.809128 -0.850461 0)
(-0.647796 -0.950765 0)
(-0.419429 -0.946532 0)
(-0.23912 -0.802105 0)
(-0.0568716 -0.492091 0)
(6.98859e-266 0.0070817 0)
(-0.0131339 0.328412 0)
(-0.105194 0.726956 0)
(-0.255321 0.927161 0)
(-0.407472 0.973304 0)
(-0.558752 0.943399 0)
(-0.696614 0.852174 0)
(-0.817238 0.739312 0)
(-0.925946 0.598532 0)
(-1.01498 0.444305 0)
(-1.09348 0.272313 0)
(-1.15152 0.0826309 0)
(-1.19332 -0.119363 0)
(-1.20889 -0.344357 0)
(-1.18781 -0.570473 0)
(-1.12739 -0.811246 0)
(-0.992145 -1.01284 0)
(-0.814826 -1.1681 0)
(-0.537704 -1.18317 0)
(-0.295438 -1.00748 0)
(-0.0413839 -0.648876 0)
(0.0283268 -0.0588882 0)
(-0.0182245 0.380031 0)
(-0.125869 0.841906 0)
(-0.298757 1.07337 0)
(-0.467412 1.12055 0)
(-0.628854 1.08459 0)
(-0.774249 0.978448 0)
(-0.89643 0.852802 0)
(-1.00917 0.697693 0)
(-1.10021 0.531147 0)
(-1.18784 0.346508 0)
(-1.25678 0.142238 0)
(-1.32042 -0.0775774 0)
(-1.36038 -0.330527 0)
(-1.37391 -0.594279 0)
(-1.34281 -0.893092 0)
(-1.23001 -1.16338 0)
(-1.04919 -1.40063 0)
(-0.712102 -1.46894 0)
(-0.399343 -1.29185 0)
(0.0394763 -0.818581 0)
(1.51457e-231 -0.0070817 0)
(-0.0250978 0.475554 0)
(-0.148681 1.01076 0)
(-0.342455 1.27278 0)
(-0.5245 1.30481 0)
(-0.69128 1.25362 0)
(-0.839219 1.12038 0)
(-0.957139 0.97636 0)
(-1.06805 0.802581 0)
(-1.15504 0.623698 0)
(-1.24599 0.428891 0)
(-1.32136 0.214586 0)
(-1.40424 -0.0160831 0)
(-1.47125 -0.29268 0)
(-1.5276 -0.589176 0)
(-1.54534 -0.957886 0)
(-1.48363 -1.3102 0)
(-1.33566 -1.6892 0)
(-0.981289 -1.84391 0)
(-0.59261 -1.75711 0)
(-0.00207586 -1.07153 0)
(3.63881e-202 3.20641e-184 0)
(-0.0432778 0.546497 0)
(-0.200589 1.15312 0)
(-0.4273 1.445 0)
(-0.625428 1.46367 0)
(-0.786571 1.39735 0)
(-0.926906 1.24061 0)
(-1.0235 1.08097 0)
(-1.11919 0.893959 0)
(-1.18606 0.708979 0)
(-1.26847 0.512921 0)
(-1.33684 0.300697 0)
(-1.43254 0.073807 0)
(-1.51857 -0.206188 0)
(-1.62731 -0.517679 0)
(-1.70119 -0.93362 0)
(-1.7371 -1.37121 0)
(-1.65336 -1.89438 0)
(-1.35516 -2.21704 0)
(-0.892892 -2.25448 0)
(-0.00349613 -1.42832 0)
(1.28256e-183 2.79621e-184 0)
(-0.0637594 0.727044 0)
(-0.252481 1.39921 0)
(-0.498554 1.70676 0)
(-0.698034 1.6654 0)
(-0.837189 1.56193 0)
(-0.953462 1.35778 0)
(-1.01296 1.17247 0)
(-1.07656 0.965422 0)
(-1.10676 0.774065 0)
(-1.1616 0.580032 0)
(-1.20366 0.37721 0)
(-1.28857 0.166208 0)
(-1.3731 -0.102074 0)
(-1.5103 -0.405761 0)
(-1.63865 -0.855388 0)
(-1.77815 -1.35754 0)
(-1.83624 -2.08305 0)
(-1.69576 -2.61125 0)
(-1.35334 -3.13117 0)
(-0.383795 -1.99713 0)
(3.29752e-254 -3.20641e-184 0)
(-0.129325 0.847861 0)
(-0.390588 1.5744 0)
(-0.645033 1.8843 0)
(-0.822807 1.79188 0)
(-0.881065 1.65101 0)
(-0.929791 1.41068 0)
(-0.90058 1.20406 0)
(-0.894895 0.985813 0)
(-0.851465 0.794324 0)
(-0.850731 0.610705 0)
(-0.836406 0.427757 0)
(-0.887176 0.246627 0)
(-0.936224 0.0157417 0)
(-1.08621 -0.246156 0)
(-1.22969 -0.66281 0)
(-1.51866 -1.1656 0)
(-1.71309 -1.96078 0)
(-2.04743 -2.70046 0)
(-1.86002 -3.50629 0)
(-1.83113 -2.84003 0)
(-2.17382e-264 -0.187649 0)
(-0.181792 1.26734 0)
(-0.469412 1.91887 0)
(-0.651563 2.16053 0)
(-0.732278 1.90152 0)
(-0.650572 1.68247 0)
(-0.57713 1.37706 0)
(-0.422278 1.14411 0)
(-0.312609 0.91643 0)
(-0.17103 0.731655 0)
(-0.0888696 0.565963 0)
(0.0041973 0.411618 0)
(0.0199685 0.268524 0)
(0.0394618 0.0904219 0)
(-0.0588194 -0.10694 0)
(-0.16156 -0.437075 0)
(-0.462996 -0.861505 0)
(-0.763336 -1.58455 0)
(-1.3202 -2.42787 0)
(-1.61207 -3.43064 0)
(-1.8651 -3.74749 0)
(-0.750597 -2.03186 0)
(-0.396361 1.4638 0)
(-0.732479 2.01495 0)
(-0.582741 2.14058 0)
(-0.399564 1.7741 0)
(0.0190767 1.49699 0)
(0.317797 1.17517 0)
(0.68377 0.941925 0)
(0.939233 0.733016 0)
(1.20637 0.572306 0)
(1.37957 0.437794 0)
(1.55507 0.319495 0)
(1.63303 0.217622 0)
(1.72207 0.0941491 0)
(1.67106 -0.0330475 0)
(1.64077 -0.258906 0)
(1.35051 -0.542365 0)
(1.07892 -1.10136 0)
(0.345726 -1.81452 0)
(-0.219726 -2.95396 0)
(-0.983508 -3.63433 0)
(-0.68119 -2.8253 0)
(-0.24776 2.4577 0)
(-0.0672587 2.09972 0)
(0.716934 1.87895 0)
(1.31835 1.29395 0)
(2.04391 0.987958 0)
(2.54601 0.708755 0)
(3.04663 0.531681 0)
(3.39057 0.392463 0)
(3.71455 0.293699 0)
(3.92726 0.218171 0)
(4.13143 0.156284 0)
(4.2362 0.105503 0)
(4.35305 0.0461624 0)
(4.33873 -0.0161005 0)
(4.35566 -0.129538 0)
(4.12918 -0.279409 0)
(3.92577 -0.607466 0)
(3.20807 -1.09163 0)
(2.45483 -2.15584 0)
(0.902073 -3.24235 0)
(-0.046359 -3.77297 0)
(1.67459 1.67743 0)
(2.73868 0.984786 0)
(4.60032 0.754878 0)
(5.43433 0.422858 0)
(6.26773 0.278037 0)
(6.71972 0.164317 0)
(7.12335 0.104815 0)
(7.36192 0.0642719 0)
(7.57319 0.0401281 0)
(7.69626 0.0240088 0)
(7.81359 0.0122525 0)
(7.86241 0.00294799 0)
(7.92459 -0.00903219 0)
(7.89433 -0.0218989 0)
(7.89553 -0.0511437 0)
(7.70429 -0.0842579 0)
(7.55377 -0.180346 0)
(6.89824 -0.287635 0)
(6.22432 -0.639031 0)
(4.03678 -1.02375 0)
(2.0263 -1.85524 0)
)
;

boundaryField
{
    movingWall
    {
        type            fixedValue;
        value           uniform (10 0 0);
    }
    fixedWalls
    {
        type            noSlip;
    }
    frontAndBack
    {
        type            empty;
    }
}


// ************************************************************************* //
