/*--------------------------------*- C++ -*----------------------------------*\
| =========                 |                                                 |
| \\      /  F ield         | OpenFOAM: The Open Source CFD Toolbox           |
|  \\    /   O peration     | Version:  4.1                                   |
|   \\  /    A nd           | Web:      www.OpenFOAM.org                      |
|    \\/     M anipulation  |                                                 |
\*---------------------------------------------------------------------------*/
FoamFile
{
    version     2.0;
    format      ascii;
    class       volVectorField;
    location    "0.0346";
    object      U;
}
// * * * * * * * * * * * * * * * * * * * * * * * * * * * * * * * * * * * * * //

dimensions      [0 1 -1 0 0 0 0];

internalField   nonuniform List<vector> 
441
(
(0.00328145 -0.00457806 0)
(0.0081849 -0.0026636 0)
(-0.00066595 -2.21848e-165 0)
(0.00161348 -2.56462e-266 0)
(-0.00931287 -0.00645448 0)
(-0.00161348 -2.60039e-232 0)
(-1.08058e-202 -4.11674e-203 0)
(-1.02901e-203 -5.15102e-228 0)
(-1.3927e-212 -2.14366e-213 0)
(-0.00490863 7.44751e-266 0)
(-0.0584309 0.0196366 0)
(-0.0742073 0.0105816 0)
(-0.0849988 0.0051447 0)
(-0.0772941 0.00093232 0)
(-0.0670963 -0.000700331 0)
(-0.0491249 -0.001989 0)
(-0.0328348 -0.00165119 0)
(-0.01634 -0.00165073 0)
(-0.00435089 -4.22017e-05 0)
(0.000629649 0.000556847 0)
(0.00355072 0.00224016 0)
(0.0030267 -0.00668127 0)
(-0.00298453 0.0066015 0)
(-0.0277241 0.00760034 0)
(-0.0557052 0.0108228 0)
(-0.0956181 0.0089484 0)
(-0.130606 -0.00473442 0)
(-0.161907 -0.000558539 0)
(-0.190421 0.00113129 0)
(-0.214674 0.0101108 0)
(-0.23924 0.0517207 0)
(-0.256063 0.0479854 0)
(-0.251221 0.0162618 0)
(-0.242211 -0.00245877 0)
(-0.213879 -0.0194424 0)
(-0.181038 -0.027497 0)
(-0.137072 -0.0333214 0)
(-0.0956515 -0.030911 0)
(-0.0551405 -0.0279514 0)
(-0.0242703 -0.0164995 0)
(-0.00663455 -0.00919438 0)
(0.00352324 0.00214427 0)
(0.0062156 -0.00519844 0)
(-0.00624245 0.0276987 0)
(-0.0502826 0.05133 0)
(-0.106409 0.0658424 0)
(-0.171672 0.0674506 0)
(-0.237346 0.0627979 0)
(-0.304585 0.0576603 0)
(-0.35508 0.0509932 0)
(-0.403853 0.0468978 0)
(-0.424233 0.0451802 0)
(-0.416894 0.0324299 0)
(-0.402048 -0.00225301 0)
(-0.376804 -0.031596 0)
(-0.332649 -0.0600889 0)
(-0.280755 -0.0766519 0)
(-0.215205 -0.0876136 0)
(-0.152533 -0.082518 0)
(-0.0906012 -0.0734607 0)
(-0.04303 -0.0475186 0)
(-0.012624 -0.027599 0)
(0.00472781 -0.000377916 0)
(0.00588611 -0.00684132 0)
(-0.0128772 0.0646604 0)
(-0.0813787 0.107875 0)
(-0.158746 0.134221 0)
(-0.246812 0.140194 0)
(-0.332092 0.130571 0)
(-0.412537 0.11843 0)
(-0.478421 0.101073 0)
(-0.530224 0.0810316 0)
(-0.557671 0.0624477 0)
(-0.559286 0.0255474 0)
(-0.53939 -0.0248123 0)
(-0.504492 -0.0719687 0)
(-0.445704 -0.116479 0)
(-0.376661 -0.144734 0)
(-0.290234 -0.162825 0)
(-0.207118 -0.154982 0)
(-0.123673 -0.138933 0)
(-0.0597673 -0.0937135 0)
(-0.0166167 -0.0582487 0)
(0.00663147 -0.00540571 0)
(6.06107e-165 0.00147153 0)
(-0.0184421 0.114561 0)
(-0.113288 0.196473 0)
(-0.206525 0.230069 0)
(-0.314751 0.239909 0)
(-0.416046 0.227022 0)
(-0.5133 0.203014 0)
(-0.59137 0.167872 0)
(-0.65361 0.125668 0)
(-0.686527 0.07486 0)
(-0.692339 0.0145529 0)
(-0.672328 -0.0568099 0)
(-0.631395 -0.12457 0)
(-0.56139 -0.188157 0)
(-0.477002 -0.231084 0)
(-0.368914 -0.257822 0)
(-0.264555 -0.247679 0)
(-0.155404 -0.221715 0)
(-0.0745407 -0.15299 0)
(-0.0151514 -0.0947252 0)
(0.0130197 -0.00949933 0)
(-4.99206e-266 0.00490969 0)
(-0.0733732 0.18217 0)
(-0.154982 0.294289 0)
(-0.264141 0.337358 0)
(-0.378819 0.349683 0)
(-0.493295 0.330145 0)
(-0.599907 0.294314 0)
(-0.690199 0.241639 0)
(-0.761598 0.176882 0)
(-0.805676 0.100482 0)
(-0.822835 0.0115674 0)
(-0.80783 -0.0866567 0)
(-0.767009 -0.182684 0)
(-0.688976 -0.272223 0)
(-0.590998 -0.336729 0)
(-0.460149 -0.37732 0)
(-0.331486 -0.367475 0)
(-0.192185 -0.33169 0)
(-0.090515 -0.232219 0)
(-0.0111886 -0.148787 0)
(0.0158675 -0.00653358 0)
(-0.0196388 0.0779746 0)
(-0.100607 0.266272 0)
(-0.193571 0.387715 0)
(-0.311541 0.452343 0)
(-0.439134 0.468505 0)
(-0.565821 0.446961 0)
(-0.686219 0.39938 0)
(-0.790068 0.328878 0)
(-0.875779 0.241054 0)
(-0.933853 0.135932 0)
(-0.964684 0.0171762 0)
(-0.959611 -0.112864 0)
(-0.923672 -0.242494 0)
(-0.841635 -0.364837 0)
(-0.732384 -0.458463 0)
(-0.57653 -0.518692 0)
(-0.420894 -0.513446 0)
(-0.240635 -0.464604 0)
(-0.117622 -0.331036 0)
(0.00113798 -0.202703 0)
(5.52778e-266 -0.00396687 0)
(-0.0140798 0.127437 0)
(-0.0940176 0.357172 0)
(-0.209993 0.505903 0)
(-0.344195 0.583762 0)
(-0.487468 0.604391 0)
(-0.629084 0.577678 0)
(-0.763797 0.519018 0)
(-0.884032 0.431231 0)
(-0.98677 0.321114 0)
(-1.06412 0.188941 0)
(-1.11459 0.0376734 0)
(-1.12636 -0.12862 0)
(-1.10258 -0.300246 0)
(-1.02282 -0.465371 0)
(-0.905889 -0.601126 0)
(-0.725652 -0.692177 0)
(-0.537556 -0.701695 0)
(-0.311183 -0.640341 0)
(-0.153004 -0.469713 0)
(-0.00175773 -0.275108 0)
(2.06403e-24 -1.45136e-24 0)
(-0.0122382 0.183022 0)
(-0.0972338 0.460491 0)
(-0.228894 0.63662 0)
(-0.377286 0.728267 0)
(-0.536318 0.752442 0)
(-0.692743 0.722042 0)
(-0.843419 0.653754 0)
(-0.981521 0.551015 0)
(-1.10436 0.421086 0)
(-1.20476 0.26329 0)
(-1.27964 0.0799833 0)
(-1.31531 -0.125297 0)
(-1.31146 -0.344775 0)
(-1.24222 -0.562492 0)
(-1.12407 -0.753538 0)
(-0.921423 -0.889327 0)
(-0.698235 -0.924387 0)
(-0.413723 -0.853165 0)
(-0.20875 -0.63383 0)
(-0.00376937 -0.36194 0)
(8.50355e-77 -5.16007e-25 0)
(-0.0107912 0.237682 0)
(-0.09794 0.57549 0)
(-0.242087 0.786911 0)
(-0.402781 0.89195 0)
(-0.575709 0.920566 0)
(-0.746093 0.88501 0)
(-0.911596 0.808307 0)
(-1.06782 0.692011 0)
(-1.21147 0.544675 0)
(-1.33769 0.363679 0)
(-1.44124 0.148474 0)
(-1.50763 -0.0978999 0)
(-1.5324 -0.372947 0)
(-1.4841 -0.655098 0)
(-1.37426 -0.92127 0)
(-1.15623 -1.12293 0)
(-0.897359 -1.20786 0)
(-0.546508 -1.1383 0)
(-0.279447 -0.874765 0)
(-0.00515125 -0.496764 0)
(2.3778e-164 -2.12589e-77 0)
(-0.0115027 0.288699 0)
(-0.104921 0.690137 0)
(-0.262131 0.939471 0)
(-0.434577 1.05989 0)
(-0.619167 1.09439 0)
(-0.800875 1.05623 0)
(-0.977697 0.97468 0)
(-1.14894 0.849698 0)
(-1.31027 0.69073 0)
(-1.46104 0.492378 0)
(-1.59318 0.250432 0)
(-1.69443 -0.0345389 0)
(-1.75461 -0.3667 0)
(-1.73949 -0.721466 0)
(-1.65182 -1.07851 0)
(-1.4335 -1.36917 0)
(-1.14874 -1.52943 0)
(-0.73285 -1.47739 0)
(-0.393617 -1.16485 0)
(-0.0650218 -0.651961 0)
(1.51805e-265 0.0114341 0)
(-0.0131408 0.355193 0)
(-0.111315 0.828311 0)
(-0.27863 1.11825 0)
(-0.45877 1.24986 0)
(-0.649586 1.28823 0)
(-0.836816 1.24369 0)
(-1.01798 1.15718 0)
(-1.19717 1.02427 0)
(-1.36846 0.856971 0)
(-1.53684 0.645863 0)
(-1.69187 0.381687 0)
(-1.82577 0.0623339 0)
(-1.92394 -0.327939 0)
(-1.95171 -0.760289 0)
(-1.90247 -1.22698 0)
(-1.70569 -1.63205 0)
(-1.4125 -1.90791 0)
(-0.935791 -1.90567 0)
(-0.499531 -1.53764 0)
(-0.0656518 -0.907477 0)
(0.0457364 -0.0616222 0)
(-0.0177777 0.408898 0)
(-0.126887 0.952725 0)
(-0.309415 1.28411 0)
(-0.497088 1.42763 0)
(-0.687999 1.47069 0)
(-0.872525 1.4221 0)
(-1.04516 1.33407 0)
(-1.21901 1.19858 0)
(-1.38389 1.02999 0)
(-1.55482 0.815057 0)
(-1.71678 0.539668 0)
(-1.87322 0.197539 0)
(-2.00275 -0.238946 0)
(-2.08061 -0.742694 0)
(-2.08556 -1.3204 0)
(-1.94192 -1.86112 0)
(-1.67905 -2.29373 0)
(-1.15492 -2.39793 0)
(-0.648243 -2.02827 0)
(0.0339239 -1.20297 0)
(2.13906e-231 -0.0114341 0)
(-0.0238755 0.50275 0)
(-0.142287 1.12304 0)
(-0.334748 1.49228 0)
(-0.522072 1.62954 0)
(-0.70202 1.66674 0)
(-0.870926 1.60109 0)
(-1.01936 1.50543 0)
(-1.16984 1.3628 0)
(-1.30742 1.19315 0)
(-1.45767 0.978251 0)
(-1.6024 0.69933 0)
(-1.7583 0.347564 0)
(-1.90235 -0.121692 0)
(-2.02432 -0.678793 0)
(-2.097 -1.36632 0)
(-2.04583 -2.04349 0)
(-1.87486 -2.6957 0)
(-1.39719 -2.95359 0)
(-0.857256 -2.72216 0)
(-0.00396646 -1.58902 0)
(5.37376e-202 4.35708e-184 0)
(-0.0411976 0.567856 0)
(-0.185328 1.25749 0)
(-0.396723 1.65984 0)
(-0.581502 1.78924 0)
(-0.732654 1.81769 0)
(-0.867011 1.73577 0)
(-0.963173 1.63239 0)
(-1.06362 1.485 0)
(-1.14182 1.31781 0)
(-1.24114 1.11011 0)
(-1.33402 0.840805 0)
(-1.46073 0.499089 0)
(-1.58789 0.0291766 0)
(-1.74404 -0.545046 0)
(-1.87688 -1.29242 0)
(-1.96575 -2.08114 0)
(-1.93532 -2.9286 0)
(-1.62645 -3.42484 0)
(-1.12182 -3.4003 0)
(-0.00955842 -2.08797 0)
(1.74283e-183 1.56468e-184 0)
(-0.0606539 0.736979 0)
(-0.227381 1.48285 0)
(-0.442027 1.89763 0)
(-0.60565 1.96669 0)
(-0.706238 1.95911 0)
(-0.782665 1.83208 0)
(-0.802512 1.70596 0)
(-0.826402 1.54184 0)
(-0.817672 1.37197 0)
(-0.834659 1.17114 0)
(-0.842781 0.918028 0)
(-0.90127 0.602784 0)
(-0.974317 0.158866 0)
(-1.12176 -0.387406 0)
(-1.29499 -1.14877 0)
(-1.51518 -1.9824 0)
(-1.70107 -3.04155 0)
(-1.68988 -3.77512 0)
(-1.46792 -4.35868 0)
(-0.449763 -2.75608 0)
(4.26732e-254 -4.35708e-184 0)
(-0.126005 0.841484 0)
(-0.35995 1.62559 0)
(-0.569228 2.03251 0)
(-0.689666 2.04351 0)
(-0.680341 1.99361 0)
(-0.654374 1.82689 0)
(-0.544489 1.67681 0)
(-0.453016 1.4989 0)
(-0.318919 1.32722 0)
(-0.225288 1.1371 0)
(-0.118806 0.908868 0)
(-0.0873654 0.63569 0)
(-0.0717782 0.252375 0)
(-0.193561 -0.215802 0)
(-0.354766 -0.891641 0)
(-0.738311 -1.66421 0)
(-1.09726 -2.72878 0)
(-1.70449 -3.65777 0)
(-1.76892 -4.55612 0)
(-2.03846 -3.63117 0)
(-2.47652e-264 -0.20947 0)
(-0.180023 1.24388 0)
(-0.443823 1.93024 0)
(-0.577189 2.24937 0)
(-0.589199 2.07806 0)
(-0.420669 1.93764 0)
(-0.247198 1.69605 0)
(0.0197374 1.51131 0)
(0.250881 1.31653 0)
(0.522564 1.1463 0)
(0.738482 0.972606 0)
(0.964362 0.779065 0)
(1.10004 0.560055 0)
(1.21635 0.260967 0)
(1.17176 -0.0955047 0)
(1.06822 -0.61478 0)
(0.686508 -1.2231 0)
(0.223403 -2.1045 0)
(-0.610169 -3.05959 0)
(-1.23528 -4.111 0)
(-1.86657 -4.38617 0)
(-0.837878 -2.27042 0)
(-0.398815 1.43068 0)
(-0.729673 1.99398 0)
(-0.547167 2.17195 0)
(-0.304543 1.87036 0)
(0.199928 1.65291 0)
(0.604252 1.37913 0)
(1.09395 1.18114 0)
(1.48599 0.994468 0)
(1.90024 0.84162 0)
(2.22368 0.698111 0)
(2.54628 0.549132 0)
(2.75419 0.391725 0)
(2.94492 0.183308 0)
(2.94628 -0.052392 0)
(2.91096 -0.402639 0)
(2.53937 -0.796333 0)
(2.12297 -1.43042 0)
(1.16388 -2.16658 0)
(0.323486 -3.30011 0)
(-0.762845 -3.95284 0)
(-0.694282 -2.95221 0)
(-0.25352 2.43418 0)
(-0.0901827 2.07326 0)
(0.696685 1.87508 0)
(1.32966 1.32386 0)
(2.11721 1.05007 0)
(2.70537 0.796345 0)
(3.31252 0.636718 0)
(3.77635 0.506962 0)
(4.229 0.409577 0)
(4.57121 0.326439 0)
(4.89785 0.246626 0)
(5.10631 0.166138 0)
(5.29578 0.0648038 0)
(5.30808 -0.0492639 0)
(5.29555 -0.217697 0)
(4.97759 -0.412942 0)
(4.63352 -0.758263 0)
(3.74221 -1.22622 0)
(2.80963 -2.24856 0)
(1.06668 -3.32284 0)
(-0.0424665 -3.80158 0)
(1.6699 1.67219 0)
(2.71558 0.978048 0)
(4.56394 0.750705 0)
(5.40265 0.423705 0)
(6.26064 0.283822 0)
(6.75375 0.173646 0)
(7.21086 0.116076 0)
(7.51001 0.0759687 0)
(7.78481 0.0508336 0)
(7.96916 0.0323654 0)
(8.14045 0.0167032 0)
(8.2293 0.00213286 0)
(8.31123 -0.0166784 0)
(8.27299 -0.0363982 0)
(8.23625 -0.0720545 0)
(7.97583 -0.107112 0)
(7.74047 -0.199662 0)
(6.99959 -0.295679 0)
(6.26851 -0.630584 0)
(4.04994 -1.00316 0)
(2.01165 -1.82543 0)
)
;

boundaryField
{
    movingWall
    {
        type            fixedValue;
        value           uniform (10 0 0);
    }
    fixedWalls
    {
        type            noSlip;
    }
    frontAndBack
    {
        type            empty;
    }
}


// ************************************************************************* //
