/*--------------------------------*- C++ -*----------------------------------*\
| =========                 |                                                 |
| \\      /  F ield         | OpenFOAM: The Open Source CFD Toolbox           |
|  \\    /   O peration     | Version:  4.1                                   |
|   \\  /    A nd           | Web:      www.OpenFOAM.org                      |
|    \\/     M anipulation  |                                                 |
\*---------------------------------------------------------------------------*/
FoamFile
{
    version     2.0;
    format      ascii;
    class       volVectorField;
    location    "0.0679";
    object      U;
}
// * * * * * * * * * * * * * * * * * * * * * * * * * * * * * * * * * * * * * //

dimensions      [0 1 -1 0 0 0 0];

internalField   nonuniform List<vector> 
441
(
(0.00355322 -0.00469551 0)
(0.00921046 -0.00254326 0)
(-0.000635819 -2.18744e-165 0)
(0.00185583 -3.10534e-266 0)
(-0.00846321 -0.00742385 0)
(-0.00185583 -2.91325e-232 0)
(-1.11163e-202 -5.20792e-203 0)
(-1.30185e-203 -6.79787e-228 0)
(-1.63022e-212 -2.95101e-213 0)
(-0.00581332 8.65344e-266 0)
(-0.0709711 0.0232551 0)
(-0.0894935 0.0122481 0)
(-0.101314 0.00568939 0)
(-0.0898909 0.000515194 0)
(-0.0749148 -0.00143943 0)
(-0.0510237 -0.0028055 0)
(-0.030195 -0.00206993 0)
(-0.0111444 -0.00164923 0)
(0.000919877 0.000529617 0)
(0.00348626 0.00125503 0)
(0.00433074 0.00280077 0)
(0.00356791 -0.0078785 0)
(-0.00142469 0.00667565 0)
(-0.0270927 0.00813429 0)
(-0.0575759 0.0105841 0)
(-0.102757 0.0102997 0)
(-0.144923 -0.0035332 0)
(-0.184391 -0.000231534 0)
(-0.22213 0.00152932 0)
(-0.255587 0.012446 0)
(-0.289462 0.0631342 0)
(-0.312808 0.0583812 0)
(-0.307867 0.0184844 0)
(-0.294896 -0.00583265 0)
(-0.256318 -0.0276628 0)
(-0.210806 -0.0375656 0)
(-0.152531 -0.0431822 0)
(-0.0993258 -0.037615 0)
(-0.0510763 -0.0307204 0)
(-0.01766 -0.0146542 0)
(-0.00250974 -0.00540079 0)
(0.0046256 0.0052387 0)
(0.00715223 -0.00735764 0)
(-0.00533221 0.0277308 0)
(-0.0524481 0.0547744 0)
(-0.115662 0.0732479 0)
(-0.192355 0.0788004 0)
(-0.271491 0.0776697 0)
(-0.356095 0.0745 0)
(-0.424358 0.068868 0)
(-0.491561 0.0647538 0)
(-0.52428 0.0615953 0)
(-0.520575 0.042568 0)
(-0.504252 -0.00447674 0)
(-0.470947 -0.0451854 0)
(-0.411208 -0.0833948 0)
(-0.339657 -0.10427 0)
(-0.251994 -0.114574 0)
(-0.170061 -0.102353 0)
(-0.093959 -0.0838295 0)
(-0.0394777 -0.0469411 0)
(-0.00919546 -0.0214682 0)
(0.00603277 0.00532855 0)
(0.00614478 -0.00998737 0)
(-0.0152169 0.0679778 0)
(-0.0920295 0.118467 0)
(-0.182077 0.152813 0)
(-0.287764 0.16649 0)
(-0.393728 0.162872 0)
(-0.497762 0.154267 0)
(-0.587515 0.137855 0)
(-0.661424 0.114691 0)
(-0.705102 0.0895264 0)
(-0.714307 0.0380992 0)
(-0.693032 -0.0322511 0)
(-0.647862 -0.0990194 0)
(-0.568832 -0.160111 0)
(-0.473561 -0.196602 0)
(-0.356778 -0.214287 0)
(-0.245895 -0.195087 0)
(-0.140126 -0.162968 0)
(-0.0630779 -0.0985493 0)
(-0.0159348 -0.0522941 0)
(0.00775303 0.00245694 0)
(6.62398e-165 0.00153619 0)
(-0.0228729 0.125462 0)
(-0.132825 0.220861 0)
(-0.244855 0.267584 0)
(-0.377864 0.289389 0)
(-0.50679 0.285887 0)
(-0.634898 0.267033 0)
(-0.743263 0.231475 0)
(-0.833494 0.181653 0)
(-0.887158 0.115164 0)
(-0.904123 0.0309139 0)
(-0.884323 -0.0706746 0)
(-0.832047 -0.168619 0)
(-0.73798 -0.258045 0)
(-0.620835 -0.315237 0)
(-0.473175 -0.343123 0)
(-0.330909 -0.317516 0)
(-0.188847 -0.267765 0)
(-0.0867574 -0.169426 0)
(-0.0175498 -0.0931701 0)
(0.014352 -0.00205518 0)
(-5.37639e-266 0.00551009 0)
(-0.0848283 0.205418 0)
(-0.185207 0.338531 0)
(-0.319457 0.399658 0)
(-0.464755 0.428315 0)
(-0.61354 0.420968 0)
(-0.757185 0.391362 0)
(-0.88409 0.336703 0)
(-0.989233 0.259445 0)
(-1.05986 0.159379 0)
(-1.09366 0.0355581 0)
(-1.08209 -0.105345 0)
(-1.03083 -0.245109 0)
(-0.926156 -0.372931 0)
(-0.789652 -0.460947 0)
(-0.609587 -0.50667 0)
(-0.431694 -0.478356 0)
(-0.246779 -0.410255 0)
(-0.114168 -0.267876 0)
(-0.0187207 -0.15662 0)
(0.0161222 0.000545309 0)
(-0.0220404 0.0895204 0)
(-0.118092 0.307183 0)
(-0.23382 0.455865 0)
(-0.381568 0.545349 0)
(-0.545099 0.582686 0)
(-0.711733 0.576894 0)
(-0.875201 0.536799 0)
(-1.02184 0.462613 0)
(-1.14775 0.357198 0)
(-1.2387 0.219342 0)
(-1.29221 0.0536411 0)
(-1.29516 -0.133824 0)
(-1.25129 -0.323559 0)
(-1.14186 -0.500153 0)
(-0.989876 -0.630337 0)
(-0.775833 -0.702936 0)
(-0.559295 -0.678046 0)
(-0.318219 -0.587718 0)
(-0.152409 -0.394246 0)
(-0.00587964 -0.225296 0)
(5.89649e-266 -0.00403055 0)
(-0.0162107 0.148047 0)
(-0.112947 0.418342 0)
(-0.255977 0.602578 0)
(-0.423772 0.711723 0)
(-0.606942 0.758734 0)
(-0.792672 0.751371 0)
(-0.97484 0.701788 0)
(-1.14279 0.609124 0)
(-1.2911 0.476724 0)
(-1.40723 0.303277 0)
(-1.4865 0.0924287 0)
(-1.5117 -0.14735 0)
(-1.48427 -0.397898 0)
(-1.37889 -0.636559 0)
(-1.21817 -0.826284 0)
(-0.973631 -0.941367 0)
(-0.715106 -0.934317 0)
(-0.41226 -0.823429 0)
(-0.198721 -0.575609 0)
(-0.00332428 -0.318497 0)
(2.51221e-24 -1.11955e-24 0)
(-0.0144027 0.215174 0)
(-0.116855 0.545123 0)
(-0.276756 0.765121 0)
(-0.459829 0.894498 0)
(-0.659913 0.950305 0)
(-0.861746 0.94321 0)
(-1.06152 0.88602 0)
(-1.24947 0.777724 0)
(-1.42072 0.621385 0)
(-1.56348 0.414088 0)
(-1.67156 0.158693 0)
(-1.72558 -0.13661 0)
(-1.72337 -0.454957 0)
(-1.63332 -0.767564 0)
(-1.47508 -1.03343 0)
(-1.2083 -1.20917 0)
(-0.911041 -1.23577 0)
(-0.539589 -1.10935 0)
(-0.267971 -0.795537 0)
(-0.00479229 -0.431763 0)
(1.02643e-76 -6.28054e-25 0)
(-0.0126138 0.279904 0)
(-0.115511 0.682394 0)
(-0.28585 0.946304 0)
(-0.478829 1.09547 0)
(-0.690183 1.16109 0)
(-0.903246 1.15293 0)
(-1.1151 1.08975 0)
(-1.31873 0.967881 0)
(-1.50893 0.790889 0)
(-1.6767 0.553379 0)
(-1.81415 0.254821 0)
(-1.90158 -0.0967523 0)
(-1.93313 -0.489527 0)
(-1.87155 -0.887504 0)
(-1.73095 -1.25048 0)
(-1.45745 -1.51136 0)
(-1.13035 -1.60151 0)
(-0.690783 -1.47675 0)
(-0.351064 -1.1048 0)
(-0.00675606 -0.601624 0)
(2.86011e-164 -2.56607e-77 0)
(-0.0128199 0.339917 0)
(-0.118004 0.816623 0)
(-0.295535 1.12616 0)
(-0.493663 1.29658 0)
(-0.709298 1.37303 0)
(-0.925772 1.3661 0)
(-1.1405 1.30039 0)
(-1.35053 1.17005 0)
(-1.55013 0.978912 0)
(-1.73534 0.71843 0)
(-1.8965 0.384132 0)
(-2.01749 -0.0180731 0)
(-2.08795 -0.483026 0)
(-2.06883 -0.970725 0)
(-1.96533 -1.44421 0)
(-1.71023 -1.81358 0)
(-1.3758 -1.99753 0)
(-0.88426 -1.89683 0)
(-0.475589 -1.46797 0)
(-0.0782121 -0.79583 0)
(1.76158e-265 0.0130858 0)
(-0.0135935 0.411645 0)
(-0.116927 0.96728 0)
(-0.29477 1.32346 0)
(-0.48953 1.50993 0)
(-0.698947 1.59435 0)
(-0.907424 1.58407 0)
(-1.11182 1.51512 0)
(-1.31451 1.37702 0)
(-1.50881 1.17581 0)
(-1.69776 0.898984 0)
(-1.87075 0.536975 0)
(-2.01828 0.0936247 0)
(-2.12728 -0.43768 0)
(-2.16041 -1.01241 0)
(-2.11354 -1.60801 0)
(-1.90677 -2.10749 0)
(-1.5938 -2.42636 0)
(-1.06866 -2.39124 0)
(-0.5765 -1.90504 0)
(-0.0747947 -1.09683 0)
(0.0523434 -0.0739344 0)
(-0.0171204 0.46607 0)
(-0.122759 1.09486 0)
(-0.302813 1.49586 0)
(-0.490205 1.69745 0)
(-0.682761 1.78911 0)
(-0.870019 1.77639 0)
(-1.04577 1.70649 0)
(-1.22222 1.56546 0)
(-1.38924 1.36185 0)
(-1.56159 1.07981 0)
(-1.72566 0.705322 0)
(-1.88559 0.238838 0)
(-2.02331 -0.338323 0)
(-2.11393 -0.98372 0)
(-2.13968 -1.69255 0)
(-2.0159 -2.33513 0)
(-1.77229 -2.82912 0)
(-1.23872 -2.92299 0)
(-0.709586 -2.45537 0)
(0.0411167 -1.43172 0)
(2.41602e-231 -0.0130858 0)
(-0.0219139 0.55446 0)
(-0.127033 1.25603 0)
(-0.302138 1.69477 0)
(-0.471902 1.89098 0)
(-0.633777 1.97732 0)
(-0.783972 1.94743 0)
(-0.912574 1.8693 0)
(-1.04228 1.72056 0)
(-1.15918 1.51593 0)
(-1.29036 1.23539 0)
(-1.42031 0.860868 0)
(-1.56849 0.391256 0)
(-1.71617 -0.209469 0)
(-1.85556 -0.896522 0)
(-1.9633 -1.70515 0)
(-1.95992 -2.47915 0)
(-1.84633 -3.20225 0)
(-1.4104 -3.47212 0)
(-0.891744 -3.17869 0)
(-0.00323145 -1.84369 0)
(5.77657e-202 4.56533e-184 0)
(-0.0380804 0.608043 0)
(-0.159898 1.36902 0)
(-0.339737 1.83696 0)
(-0.490031 2.02364 0)
(-0.603536 2.09967 0)
(-0.698152 2.05185 0)
(-0.752448 1.96464 0)
(-0.810582 1.81092 0)
(-0.847917 1.61051 0)
(-0.911075 1.34173 0)
(-0.975739 0.984831 0)
(-1.08626 0.537267 0)
(-1.21299 -0.0480028 0)
(-1.38834 -0.732521 0)
(-1.56335 -1.58016 0)
(-1.71724 -2.4488 0)
(-1.77168 -3.36232 0)
(-1.54831 -3.88627 0)
(-1.114 -3.83924 0)
(-0.0112559 -2.35361 0)
(1.82613e-183 -8.76386e-185 0)
(-0.0568522 0.760519 0)
(-0.19539 1.56201 0)
(-0.368299 2.0344 0)
(-0.484476 2.15621 0)
(-0.532052 2.19266 0)
(-0.552382 2.09713 0)
(-0.513748 1.98607 0)
(-0.479925 1.8169 0)
(-0.416927 1.61831 0)
(-0.387556 1.36465 0)
(-0.360709 1.03607 0)
(-0.399896 0.630918 0)
(-0.471665 0.0909794 0)
(-0.639037 -0.542682 0)
(-0.854857 -1.37932 0)
(-1.14403 -2.26724 0)
(-1.42338 -3.37594 0)
(-1.52565 -4.13662 0)
(-1.40928 -4.73291 0)
(-0.464052 -3.00483 0)
(4.39221e-254 -4.56533e-184 0)
(-0.122586 0.846413 0)
(-0.328816 1.66737 0)
(-0.494026 2.12097 0)
(-0.562365 2.17776 0)
(-0.493114 2.1669 0)
(-0.403451 2.02866 0)
(-0.227146 1.89322 0)
(-0.0709805 1.71317 0)
(0.123116 1.51978 0)
(0.266589 1.28801 0)
(0.409331 0.999461 0)
(0.458767 0.654257 0)
(0.473529 0.194884 0)
(0.329537 -0.339892 0)
(0.12829 -1.0671 0)
(-0.319759 -1.86915 0)
(-0.760756 -2.95455 0)
(-1.48698 -3.89929 0)
(-1.66279 -4.81069 0)
(-2.0697 -3.83923 0)
(-2.5759e-264 -0.215143 0)
(-0.178557 1.23346 0)
(-0.42359 1.9378 0)
(-0.521401 2.29032 0)
(-0.487841 2.15554 0)
(-0.263824 2.04759 0)
(-0.0297441 1.83077 0)
(0.301752 1.66019 0)
(0.596381 1.46675 0)
(0.927353 1.28289 0)
(1.19246 1.08027 0)
(1.45357 0.84341 0)
(1.60567 0.571756 0)
(1.7188 0.216883 0)
(1.65054 -0.187918 0)
(1.50776 -0.74083 0)
(1.07115 -1.36179 0)
(0.543294 -2.23995 0)
(-0.37737 -3.19062 0)
(-1.09923 -4.24002 0)
(-1.84502 -4.51874 0)
(-0.860571 -2.31174 0)
(-0.400269 1.41426 0)
(-0.727743 1.98154 0)
(-0.527756 2.17943 0)
(-0.256222 1.90326 0)
(0.289084 1.70978 0)
(0.741856 1.45513 0)
(1.28642 1.26907 0)
(1.7347 1.08553 0)
(2.20326 0.925635 0)
(2.57299 0.764744 0)
(2.92963 0.588637 0)
(3.15391 0.397719 0)
(3.34198 0.153471 0)
(3.32028 -0.113198 0)
(3.24715 -0.484097 0)
(2.8256 -0.882674 0)
(2.35795 -1.50671 0)
(1.34139 -2.22704 0)
(0.442958 -3.34796 0)
(-0.713195 -4.00012 0)
(-0.700224 -2.96306 0)
(-0.256524 2.42337 0)
(-0.101951 2.05995 0)
(0.683918 1.86927 0)
(1.32687 1.33071 0)
(2.13663 1.06973 0)
(2.75655 0.826492 0)
(3.4034 0.673449 0)
(3.91035 0.545657 0)
(4.40604 0.445044 0)
(4.7857 0.353585 0)
(5.13999 0.260905 0)
(5.36145 0.164731 0)
(5.54759 0.0472035 0)
(5.53922 -0.0802582 0)
(5.49321 -0.256084 0)
(5.13313 -0.451019 0)
(4.74836 -0.787041 0)
(3.8208 -1.24328 0)
(2.86035 -2.25352 0)
(1.08953 -3.3296 0)
(-0.0456788 -3.79935 0)
(1.66782 1.67012 0)
(2.70526 0.975221 0)
(4.54644 0.748631 0)
(5.38439 0.423562 0)
(6.2494 0.28574 0)
(6.75628 0.177164 0)
(7.23237 0.120417 0)
(7.55275 0.0802856 0)
(7.84857 0.0542161 0)
(8.05026 0.0340662 0)
(8.23286 0.0161189 0)
(8.32421 -0.000849895 0)
(8.39969 -0.0218163 0)
(8.34569 -0.0426789 0)
(8.28816 -0.0782273 0)
(8.00424 -0.11153 0)
(7.75034 -0.201062 0)
(6.9972 -0.293853 0)
(6.26345 -0.625904 0)
(4.04638 -0.998 0)
(2.00605 -1.81877 0)
)
;

boundaryField
{
    movingWall
    {
        type            fixedValue;
        value           uniform (10 0 0);
    }
    fixedWalls
    {
        type            noSlip;
    }
    frontAndBack
    {
        type            empty;
    }
}


// ************************************************************************* //
