/*--------------------------------*- C++ -*----------------------------------*\
| =========                 |                                                 |
| \\      /  F ield         | OpenFOAM: The Open Source CFD Toolbox           |
|  \\    /   O peration     | Version:  4.1                                   |
|   \\  /    A nd           | Web:      www.OpenFOAM.org                      |
|    \\/     M anipulation  |                                                 |
\*---------------------------------------------------------------------------*/
FoamFile
{
    version     2.0;
    format      ascii;
    class       volVectorField;
    location    "0.0191";
    object      U;
}
// * * * * * * * * * * * * * * * * * * * * * * * * * * * * * * * * * * * * * //

dimensions      [0 1 -1 0 0 0 0];

internalField   nonuniform List<vector> 
441
(
(0.00336547 -0.00489611 0)
(0.00784196 -0.0030365 0)
(-0.000759367 -2.444e-165 0)
(0.00150706 -2.25471e-266 0)
(-0.0108142 -0.00602878 0)
(-0.00150706 -2.50955e-232 0)
(-1.11254e-202 -3.51852e-203 0)
(-8.79416e-204 -4.28359e-228 0)
(-1.30281e-212 -1.77543e-213 0)
(-0.00461801 7.06379e-266 0)
(-0.054171 0.0184726 0)
(-0.0696597 0.0101699 0)
(-0.0808519 0.00511211 0)
(-0.0756642 0.00129334 0)
(-0.0682619 -0.000290007 0)
(-0.0533756 -0.0015834 0)
(-0.0390279 -0.0016004 0)
(-0.022765 -0.00186732 0)
(-0.00950105 -0.000630757 0)
(-0.00152238 4.49059e-05 0)
(0.00306856 0.00199661 0)
(0.00279938 -0.00607779 0)
(-0.00502386 0.00721201 0)
(-0.0311671 0.00768089 0)
(-0.058955 0.0118536 0)
(-0.0967278 0.0083139 0)
(-0.127561 -0.0062308 0)
(-0.153982 -0.000880066 0)
(-0.17734 0.000926 0)
(-0.196736 0.00921077 0)
(-0.217281 0.0478972 0)
(-0.231787 0.0449886 0)
(-0.228144 0.0168101 0)
(-0.222409 0.000505168 0)
(-0.2006 -0.0143399 0)
(-0.175193 -0.0220323 0)
(-0.139043 -0.0285186 0)
(-0.103234 -0.0288511 0)
(-0.0649226 -0.0286742 0)
(-0.0328931 -0.0203022 0)
(-0.0106361 -0.0133549 0)
(0.00265411 -0.000266675 0)
(0.00592307 -0.00336854 0)
(-0.00785824 0.0305095 0)
(-0.0529005 0.0523908 0)
(-0.106537 0.0637 0)
(-0.16553 0.0615998 0)
(-0.22338 0.0539442 0)
(-0.280302 0.0478895 0)
(-0.320277 0.0412995 0)
(-0.35914 0.038275 0)
(-0.373275 0.0387081 0)
(-0.364119 0.0300678 0)
(-0.351246 0.00180916 0)
(-0.331638 -0.0219268 0)
(-0.297565 -0.0457096 0)
(-0.257617 -0.0611097 0)
(-0.204999 -0.0736726 0)
(-0.152642 -0.0747657 0)
(-0.0968002 -0.0725104 0)
(-0.050485 -0.0539404 0)
(-0.0164375 -0.0357689 0)
(0.003651 -0.00539583 0)
(0.00626912 -0.00426509 0)
(-0.0116871 0.0676026 0)
(-0.0781496 0.106551 0)
(-0.149269 0.126361 0)
(-0.226868 0.125419 0)
(-0.299187 0.11087 0)
(-0.364748 0.0970346 0)
(-0.416086 0.0803586 0)
(-0.454902 0.063687 0)
(-0.473403 0.0506934 0)
(-0.470854 0.0226437 0)
(-0.452696 -0.0165486 0)
(-0.424698 -0.0533446 0)
(-0.379111 -0.08919 0)
(-0.326466 -0.114467 0)
(-0.258808 -0.134578 0)
(-0.191978 -0.136629 0)
(-0.12037 -0.132143 0)
(-0.0620863 -0.100037 0)
(-0.0180327 -0.0687149 0)
(0.00576905 -0.0127355 0)
(6.11278e-165 0.00156728 0)
(-0.0158804 0.11454 0)
(-0.104425 0.189223 0)
(-0.186641 0.211294 0)
(-0.279089 0.210692 0)
(-0.362136 0.190459 0)
(-0.439241 0.163926 0)
(-0.498053 0.130796 0)
(-0.54298 0.0951674 0)
(-0.563437 0.0553149 0)
(-0.562237 0.00970314 0)
(-0.542528 -0.0440372 0)
(-0.508713 -0.0949071 0)
(-0.454433 -0.144033 0)
(-0.390954 -0.180501 0)
(-0.30859 -0.208606 0)
(-0.228145 -0.211952 0)
(-0.138928 -0.203083 0)
(-0.0697697 -0.15482 0)
(-0.0135952 -0.104202 0)
(0.0120907 -0.0167027 0)
(-5.18803e-266 0.00489427 0)
(-0.0701621 0.176265 0)
(-0.140407 0.275673 0)
(-0.233921 0.302704 0)
(-0.327527 0.300898 0)
(-0.418542 0.272078 0)
(-0.499911 0.233453 0)
(-0.566014 0.184382 0)
(-0.615183 0.129641 0)
(-0.641927 0.0693251 0)
(-0.6473 0.0018419 0)
(-0.629214 -0.0708502 0)
(-0.593722 -0.141338 0)
(-0.532641 -0.20807 0)
(-0.459603 -0.259958 0)
(-0.362369 -0.299085 0)
(-0.267062 -0.305456 0)
(-0.158412 -0.292901 0)
(-0.0763374 -0.223889 0)
(-0.00452034 -0.153341 0)
(0.0160903 -0.0134879 0)
(-0.0195771 0.0752126 0)
(-0.0947607 0.25155 0)
(-0.173747 0.353621 0)
(-0.27213 0.39691 0)
(-0.374396 0.394886 0)
(-0.472882 0.361824 0)
(-0.562906 0.310957 0)
(-0.63698 0.245514 0)
(-0.694208 0.170997 0)
(-0.728278 0.0873518 0)
(-0.740376 -0.00264019 0)
(-0.726196 -0.0977245 0)
(-0.691155 -0.190716 0)
(-0.625248 -0.278568 0)
(-0.543948 -0.349506 0)
(-0.430526 -0.402062 0)
(-0.320042 -0.413947 0)
(-0.185748 -0.395237 0)
(-0.0938004 -0.306084 0)
(0.00784048 -0.197992 0)
(5.29328e-266 -0.00402257 0)
(-0.0138491 0.121535 0)
(-0.0863138 0.331479 0)
(-0.186155 0.453808 0)
(-0.298033 0.504264 0)
(-0.412626 0.50218 0)
(-0.522036 0.461152 0)
(-0.621482 0.398061 0)
(-0.705938 0.315832 0)
(-0.772781 0.22135 0)
(-0.81747 0.115158 0)
(-0.839536 -2.20494e-05 0)
(-0.832914 -0.120867 0)
(-0.802118 -0.242078 0)
(-0.734629 -0.35679 0)
(-0.646685 -0.454175 0)
(-0.517838 -0.525671 0)
(-0.388811 -0.5488 0)
(-0.229024 -0.523644 0)
(-0.117564 -0.413629 0)
(-0.000357526 -0.255153 0)
(1.66185e-24 -1.91924e-24 0)
(-0.0117255 0.172504 0)
(-0.0884176 0.422144 0)
(-0.202941 0.564236 0)
(-0.327471 0.621936 0)
(-0.45575 0.618109 0)
(-0.57688 0.569605 0)
(-0.687881 0.494419 0)
(-0.784042 0.396157 0)
(-0.862724 0.282513 0)
(-0.920195 0.153802 0)
(-0.95464 0.0132578 0)
(-0.959479 -0.135392 0)
(-0.93701 -0.287995 0)
(-0.872371 -0.434599 0)
(-0.780862 -0.564498 0)
(-0.636711 -0.661391 0)
(-0.486774 -0.699603 0)
(-0.292383 -0.66927 0)
(-0.154425 -0.5292 0)
(-0.0028901 -0.320357 0)
(6.70768e-77 -4.15462e-25 0)
(-0.0102455 0.222586 0)
(-0.0892272 0.524362 0)
(-0.216532 0.69397 0)
(-0.353381 0.757975 0)
(-0.495017 0.752494 0)
(-0.628474 0.693729 0)
(-0.751088 0.605905 0)
(-0.860027 0.490756 0)
(-0.951634 0.35792 0)
(-1.02442 0.206764 0)
(-1.07459 0.0394353 0)
(-1.09588 -0.13936 0)
(-1.08774 -0.329099 0)
(-1.03263 -0.514821 0)
(-0.942979 -0.689552 0)
(-0.78637 -0.823481 0)
(-0.612785 -0.891932 0)
(-0.376237 -0.862464 0)
(-0.20054 -0.699353 0)
(-0.00534507 -0.420008 0)
(1.83054e-164 -1.67692e-77 0)
(-0.0110258 0.269072 0)
(-0.0975072 0.626784 0)
(-0.239805 0.826556 0)
(-0.390335 0.898563 0)
(-0.545274 0.892034 0)
(-0.690718 0.824204 0)
(-0.823878 0.725386 0)
(-0.945011 0.595805 0)
(-1.04901 0.446838 0)
(-1.13832 0.276374 0)
(-1.20634 0.0852195 0)
(-1.24963 -0.122354 0)
(-1.26264 -0.349976 0)
(-1.22724 -0.579776 0)
(-1.14856 -0.808355 0)
(-0.987627 -0.993284 0)
(-0.791678 -1.10539 0)
(-0.508181 -1.08552 0)
(-0.282227 -0.891168 0)
(-0.05692 -0.528743 0)
(9.96777e-266 0.00856708 0)
(-0.0129377 0.332356 0)
(-0.106707 0.75539 0)
(-0.263079 0.988658 0)
(-0.425749 1.06451 0)
(-0.591571 1.05449 0)
(-0.746763 0.972779 0)
(-0.88769 0.861288 0)
(-1.01887 0.71594 0)
(-1.13328 0.551699 0)
(-1.2386 0.363797 0)
(-1.32558 0.15066 0)
(-1.39485 -0.0838966 0)
(-1.43639 -0.351898 0)
(-1.43159 -0.630878 0)
(-1.37724 -0.929631 0)
(-1.22393 -1.18495 0)
(-1.01047 -1.37136 0)
(-0.667341 -1.38076 0)
(-0.36126 -1.14758 0)
(-0.0496183 -0.714852 0)
(0.0342683 -0.0567903 0)
(-0.0179935 0.384532 0)
(-0.12658 0.874035 0)
(-0.304393 1.14286 0)
(-0.482049 1.22394 0)
(-0.656541 1.21144 0)
(-0.818181 1.118 0)
(-0.960181 0.99674 0)
(-1.09574 0.840107 0)
(-1.21343 0.666398 0)
(-1.33038 0.468323 0)
(-1.43221 0.241877 0)
(-1.52913 -0.0112134 0)
(-1.60285 -0.311824 0)
(-1.64216 -0.638471 0)
(-1.6275 -1.0129 0)
(-1.50481 -1.36108 0)
(-1.2924 -1.65696 0)
(-0.881573 -1.73932 0)
(-0.492447 -1.50202 0)
(0.0350929 -0.928045 0)
(1.72297e-231 -0.00856708 0)
(-0.0247675 0.479901 0)
(-0.14807 1.04498 0)
(-0.344546 1.34808 0)
(-0.532758 1.41793 0)
(-0.709434 1.39385 0)
(-0.870506 1.27688 0)
(-1.00534 1.14082 0)
(-1.13644 0.969266 0)
(-1.24774 0.786938 0)
(-1.36616 0.582369 0)
(-1.4733 0.348714 0)
(-1.58977 0.0861823 0)
(-1.69288 -0.240537 0)
(-1.78025 -0.607628 0)
(-1.82295 -1.06915 0)
(-1.76245 -1.52447 0)
(-1.59533 -1.99714 0)
(-1.17398 -2.19398 0)
(-0.707918 -2.06158 0)
(-0.00322762 -1.23404 0)
(4.34957e-202 3.70934e-184 0)
(-0.0428398 0.550074 0)
(-0.198098 1.18768 0)
(-0.424026 1.52338 0)
(-0.623518 1.5831 0)
(-0.78877 1.5472 0)
(-0.935858 1.41016 0)
(-1.04244 1.26197 0)
(-1.15083 1.0808 0)
(-1.23369 0.895979 0)
(-1.33468 0.693861 0)
(-1.42522 0.4657 0)
(-1.54555 0.209683 0)
(-1.65974 -0.120161 0)
(-1.79598 -0.506099 0)
(-1.89655 -1.02641 0)
(-1.94601 -1.58727 0)
(-1.86405 -2.23522 0)
(-1.52878 -2.63409 0)
(-1.01496 -2.65449 0)
(-0.00571448 -1.65747 0)
(1.48374e-183 3.20674e-184 0)
(-0.0630463 0.728419 0)
(-0.246917 1.4305 0)
(-0.486862 1.78256 0)
(-0.680153 1.78386 0)
(-0.814131 1.71293 0)
(-0.926468 1.5309 0)
(-0.983924 1.35953 0)
(-1.04671 1.16071 0)
(-1.07759 0.97181 0)
(-1.13399 0.77419 0)
(-1.17933 0.558119 0)
(-1.26923 0.321203 0)
(-1.36245 0.00589118 0)
(-1.51184 -0.369898 0)
(-1.65929 -0.92562 0)
(-1.82039 -1.55614 0)
(-1.90754 -2.42465 0)
(-1.78109 -3.0512 0)
(-1.44829 -3.60684 0)
(-0.412991 -2.28724 0)
(3.75837e-254 -3.70934e-184 0)
(-0.12844 0.845277 0)
(-0.381938 1.59805 0)
(-0.623628 1.95054 0)
(-0.785316 1.90007 0)
(-0.825712 1.79194 0)
(-0.855707 1.5744 0)
(-0.807531 1.38241 0)
(-0.782277 1.17271 0)
(-0.718577 0.983795 0)
(-0.69685 0.796724 0)
(-0.661142 0.601352 0)
(-0.691877 0.396501 0)
(-0.723847 0.123243 0)
(-0.865212 -0.202764 0)
(-1.01204 -0.713448 0)
(-1.32756 -1.33023 0)
(-1.57075 -2.25474 0)
(-1.98916 -3.09438 0)
(-1.87535 -3.9528 0)
(-1.93365 -3.17282 0)
(-2.29385e-264 -0.197141 0)
(-0.181107 1.25932 0)
(-0.459651 1.92968 0)
(-0.623711 2.20762 0)
(-0.679199 1.98608 0)
(-0.566938 1.79696 0)
(-0.459427 1.51254 0)
(-0.267839 1.29273 0)
(-0.11923 1.07198 0)
(0.0633844 0.888277 0)
(0.187851 0.717964 0)
(0.323911 0.5514 0)
(0.380708 0.386933 0)
(0.437067 0.173384 0)
(0.364671 -0.0751534 0)
(0.271455 -0.4761 0)
(-0.049674 -0.982739 0)
(-0.404491 -1.792 0)
(-1.06472 -2.70618 0)
(-1.48519 -3.74584 0)
(-1.88323 -4.04192 0)
(-0.788563 -2.14663 0)
(-0.397095 1.45104 0)
(-0.729197 2.01166 0)
(-0.563344 2.16385 0)
(-0.35288 1.82669 0)
(0.102904 1.57353 0)
(0.445355 1.26824 0)
(0.860299 1.04483 0)
(1.16798 0.840156 0)
(1.48971 0.678751 0)
(1.71788 0.538866 0)
(1.94755 0.409608 0)
(2.07531 0.290257 0)
(2.20731 0.139977 0)
(2.18505 -0.0238568 0)
(2.16515 -0.297569 0)
(1.85532 -0.631642 0)
(1.53376 -1.23655 0)
(0.708227 -1.97722 0)
(0.0211126 -3.12851 0)
(-0.887027 -3.79844 0)
(-0.686227 -2.89789 0)
(-0.250128 2.44734 0)
(-0.0752426 2.09052 0)
(0.714094 1.8825 0)
(1.33432 1.3136 0)
(2.09168 1.02106 0)
(2.6345 0.750885 0)
(3.18233 0.578604 0)
(3.57673 0.440692 0)
(3.95251 0.340415 0)
(4.21593 0.260784 0)
(4.46762 0.192151 0)
(4.61378 0.131399 0)
(4.76238 0.0581662 0)
(4.76526 -0.0224053 0)
(4.77958 -0.157849 0)
(4.52552 -0.329751 0)
(4.2695 -0.672198 0)
(3.47721 -1.15668 0)
(2.63769 -2.20804 0)
(0.988493 -3.28962 0)
(-0.0417519 -3.79471 0)
(1.67223 1.67471 0)
(2.72839 0.981797 0)
(4.58629 0.753559 0)
(5.4258 0.423993 0)
(6.27364 0.281237 0)
(6.74645 0.168718 0)
(7.17478 0.109615 0)
(7.43949 0.0688706 0)
(7.67666 0.0440842 0)
(7.82386 0.0269907 0)
(7.96215 0.0139026 0)
(8.02722 0.0029247 0)
(8.09893 -0.0112825 0)
(8.06909 -0.0266131 0)
(8.05939 -0.0586981 0)
(7.84398 -0.0935205 0)
(7.65905 -0.18962 0)
(6.96425 -0.293192 0)
(6.25904 -0.637438 0)
(4.05049 -1.01556 0)
(2.02183 -1.84249 0)
)
;

boundaryField
{
    movingWall
    {
        type            fixedValue;
        value           uniform (10 0 0);
    }
    fixedWalls
    {
        type            noSlip;
    }
    frontAndBack
    {
        type            empty;
    }
}


// ************************************************************************* //
