/*--------------------------------*- C++ -*----------------------------------*\
| =========                 |                                                 |
| \\      /  F ield         | OpenFOAM: The Open Source CFD Toolbox           |
|  \\    /   O peration     | Version:  4.1                                   |
|   \\  /    A nd           | Web:      www.OpenFOAM.org                      |
|    \\/     M anipulation  |                                                 |
\*---------------------------------------------------------------------------*/
FoamFile
{
    version     2.0;
    format      ascii;
    class       volVectorField;
    location    "0.0997";
    object      U;
}
// * * * * * * * * * * * * * * * * * * * * * * * * * * * * * * * * * * * * * //

dimensions      [0 1 -1 0 0 0 0];

internalField   nonuniform List<vector> 
441
(
(0.00382489 -0.00489687 0)
(0.0100315 -0.0025408 0)
(-0.0006352 -2.22129e-165 0)
(0.00201407 -3.43048e-266 0)
(-0.00837224 -0.00805653 0)
(-0.00201407 -3.12439e-232 0)
(-1.15821e-202 -5.77832e-203 0)
(-1.44453e-203 -7.58825e-228 0)
(-1.76253e-212 -3.3136e-213 0)
(-0.00629389 9.32802e-266 0)
(-0.0772082 0.0251762 0)
(-0.0968105 0.0131276 0)
(-0.108765 0.00596857 0)
(-0.0952856 0.000341902 0)
(-0.0779095 -0.00174718 0)
(-0.0513066 -0.003111 0)
(-0.0285275 -0.00219346 0)
(-0.00847197 -0.001573 0)
(0.00345754 0.000836482 0)
(0.0048817 0.00161677 0)
(0.0046569 0.00307642 0)
(0.00397891 -0.0087763 0)
(-0.000688188 0.00692178 0)
(-0.0277102 0.00869698 0)
(-0.0604485 0.0108409 0)
(-0.109444 0.0111777 0)
(-0.156005 -0.0031448 0)
(-0.199952 -0.000126188 0)
(-0.242313 0.00172573 0)
(-0.279879 0.0135992 0)
(-0.317567 0.0687564 0)
(-0.342909 0.0630817 0)
(-0.336524 0.0188697 0)
(-0.320356 -0.00813544 0)
(-0.275993 -0.0320056 0)
(-0.224018 -0.0424464 0)
(-0.159039 -0.04762 0)
(-0.100576 -0.040477 0)
(-0.0490117 -0.0317055 0)
(-0.0146321 -0.0136612 0)
(-0.000584234 -0.0035343 0)
(0.00507007 0.00669012 0)
(0.00784808 -0.00868806 0)
(-0.00516138 0.0287611 0)
(-0.0554725 0.0583567 0)
(-0.12417 0.0790961 0)
(-0.208486 0.086289 0)
(-0.295835 0.0862432 0)
(-0.389899 0.0833029 0)
(-0.466718 0.077335 0)
(-0.541879 0.072361 0)
(-0.578631 0.0677512 0)
(-0.574131 0.0450862 0)
(-0.554673 -0.00812668 0)
(-0.515421 -0.0538646 0)
(-0.447021 -0.0957776 0)
(-0.365693 -0.117715 0)
(-0.267953 -0.126839 0)
(-0.177623 -0.111016 0)
(-0.0955209 -0.0880443 0)
(-0.0381543 -0.0464761 0)
(-0.00777553 -0.0185393 0)
(0.00650704 0.00793966 0)
(0.00649088 -0.0118207 0)
(-0.0169155 0.0720566 0)
(-0.100356 0.127638 0)
(-0.19922 0.166376 0)
(-0.315938 0.183208 0)
(-0.433647 0.181117 0)
(-0.549722 0.172556 0)
(-0.650304 0.154662 0)
(-0.73281 0.128086 0)
(-0.781167 0.0982186 0)
(-0.790231 0.0388371 0)
(-0.764806 -0.0410107 0)
(-0.712012 -0.11598 0)
(-0.622065 -0.182964 0)
(-0.514366 -0.221379 0)
(-0.384492 -0.237279 0)
(-0.262154 -0.212356 0)
(-0.147384 -0.172892 0)
(-0.0649764 -0.10051 0)
(-0.0158576 -0.0495977 0)
(0.0081031 0.00581179 0)
(7.10725e-165 0.00162272 0)
(-0.0257743 0.13514 0)
(-0.146381 0.239843 0)
(-0.270289 0.293153 0)
(-0.417728 0.319537 0)
(-0.561205 0.318075 0)
(-0.703943 0.298545 0)
(-0.824859 0.259246 0)
(-0.924849 0.202427 0)
(-0.98356 0.125915 0)
(-1.00046 0.0291339 0)
(-0.976101 -0.0860732 0)
(-0.915145 -0.195837 0)
(-0.808654 -0.293802 0)
(-0.676998 -0.354203 0)
(-0.513546 -0.379997 0)
(-0.356814 -0.346618 0)
(-0.202447 -0.286397 0)
(-0.0922455 -0.176257 0)
(-0.0188013 -0.0925266 0)
(0.014717 0.000968573 0)
(-5.75906e-266 0.00598584 0)
(-0.0930077 0.22337 0)
(-0.204695 0.370022 0)
(-0.353547 0.439624 0)
(-0.515004 0.473939 0)
(-0.680341 0.468428 0)
(-0.839837 0.436846 0)
(-0.980326 0.375831 0)
(-1.0957 0.287716 0)
(-1.17194 0.173024 0)
(-1.20636 0.0316848 0)
(-1.19044 -0.127394 0)
(-1.13042 -0.283194 0)
(-1.01268 -0.422817 0)
(-0.860474 -0.51607 0)
(-0.662509 -0.560059 0)
(-0.467507 -0.52241 0)
(-0.266975 -0.440714 0)
(-0.123487 -0.282123 0)
(-0.0217049 -0.159844 0)
(0.0161385 0.00311256 0)
(-0.0239434 0.0979369 0)
(-0.129714 0.336125 0)
(-0.2581 0.500737 0)
(-0.421639 0.601517 0)
(-0.602528 0.645417 0)
(-0.786606 0.641329 0)
(-0.966607 0.597616 0)
(-1.12721 0.5141 0)
(-1.26366 0.393753 0)
(-1.36058 0.236316 0)
(-1.41529 0.0481238 0)
(-1.41452 -0.162351 0)
(-1.36253 -0.372591 0)
(-1.24044 -0.564758 0)
(-1.07266 -0.702927 0)
(-0.839619 -0.774975 0)
(-0.604057 -0.73987 0)
(-0.344119 -0.632997 0)
(-0.164642 -0.418207 0)
(-0.00844634 -0.234058 0)
(6.00747e-266 -0.00403462 0)
(-0.01769 0.162163 0)
(-0.124148 0.458708 0)
(-0.281402 0.662456 0)
(-0.465671 0.784811 0)
(-0.666465 0.839065 0)
(-0.86954 0.832757 0)
(-1.06778 0.777714 0)
(-1.2492 0.672732 0)
(-1.40764 0.521512 0)
(-1.52972 0.324068 0)
(-1.61074 0.0860705 0)
(-1.63321 -0.181257 0)
(-1.59913 -0.456754 0)
(-1.48267 -0.715015 0)
(-1.30764 -0.916224 0)
(-1.04462 -1.03301 0)
(-0.766689 -1.0163 0)
(-0.442534 -0.886689 0)
(-0.213116 -0.613116 0)
(-0.00387256 -0.334183 0)
(2.65215e-24 -1.04481e-24 0)
(-0.0156862 0.235979 0)
(-0.127308 0.597889 0)
(-0.300914 0.840523 0)
(-0.499501 0.9846 0)
(-0.715953 1.04784 0)
(-0.933553 1.04091 0)
(-1.14769 0.976258 0)
(-1.34744 0.852721 0)
(-1.52749 0.673978 0)
(-1.67544 0.438736 0)
(-1.78535 0.152217 0)
(-1.83766 -0.174518 0)
(-1.83082 -0.521672 0)
(-1.73248 -0.857641 0)
(-1.56318 -1.13877 0)
(-1.28083 -1.31933 0)
(-0.966097 -1.33829 0)
(-0.573333 -1.19218 0)
(-0.284687 -0.848926 0)
(-0.00509573 -0.455392 0)
(1.07656e-76 -6.63037e-25 0)
(-0.0135118 0.305694 0)
(-0.123718 0.745659 0)
(-0.305528 1.03531 0)
(-0.51142 1.20037 0)
(-0.736258 1.27345 0)
(-0.962 1.26438 0)
(-1.18504 1.19178 0)
(-1.3975 1.05205 0)
(-1.59398 0.84968 0)
(-1.76527 0.581211 0)
(-1.90398 0.248653 0)
(-1.99048 -0.136978 0)
(-2.01966 -0.561206 0)
(-1.95352 -0.985344 0)
(-1.80672 -1.36699 0)
(-1.52293 -1.63628 0)
(-1.18312 -1.72228 0)
(-0.725069 -1.57882 0)
(-0.369287 -1.1756 0)
(-0.00740042 -0.634658 0)
(2.9889e-164 -2.69141e-77 0)
(-0.0133281 0.369656 0)
(-0.12307 0.888104 0)
(-0.308162 1.22581 0)
(-0.514935 1.41297 0)
(-0.739505 1.49662 0)
(-0.964034 1.48758 0)
(-1.18537 1.41058 0)
(-1.40001 1.26013 0)
(-1.60227 1.04133 0)
(-1.78838 0.747893 0)
(-1.94945 0.378075 0)
(-2.06979 -0.0592122 0)
(-2.13998 -0.556518 0)
(-2.12042 -1.07151 0)
(-2.01665 -1.56586 0)
(-1.75862 -1.94688 0)
(-1.41896 -2.13112 0)
(-0.915587 -2.01466 0)
(-0.49421 -1.55464 0)
(-0.0824446 -0.838347 0)
(1.79911e-265 0.0134216 0)
(-0.0136109 0.442965 0)
(-0.117836 1.04267 0)
(-0.297968 1.42863 0)
(-0.495718 1.63238 0)
(-0.708168 1.72367 0)
(-0.918901 1.71019 0)
(-1.12432 1.6284 0)
(-1.32657 1.46852 0)
(-1.51925 1.23827 0)
(-1.70594 0.927738 0)
(-1.877 0.530228 0)
(-2.02368 0.052616 0)
(-2.13403 -0.50985 0)
(-2.17054 -1.11083 0)
(-2.12931 -1.72745 0)
(-1.92767 -2.24058 0)
(-1.61849 -2.56398 0)
(-1.09025 -2.51824 0)
(-0.59103 -2.00278 0)
(-0.0766138 -1.14898 0)
(0.0536865 -0.0782017 0)
(-0.0166203 0.496703 0)
(-0.119032 1.1695 0)
(-0.295297 1.60078 0)
(-0.479159 1.81985 0)
(-0.668019 1.918 0)
(-0.851107 1.90119 0)
(-1.0219 1.81734 0)
(-1.19276 1.6536 0)
(-1.35399 1.42055 0)
(-1.52111 1.10524 0)
(-1.6815 0.696686 0)
(-1.84024 0.19839 0)
(-1.98039 -0.406844 0)
(-2.07726 -1.0753 0)
(-2.11352 -1.80309 0)
(-2.0021 -2.45935 0)
(-1.77161 -2.96168 0)
(-1.24489 -3.05114 0)
(-0.717866 -2.56187 0)
(0.0440265 -1.49042 0)
(2.48156e-231 -0.0134216 0)
(-0.0208946 0.581616 0)
(-0.118609 1.3244 0)
(-0.283695 1.79267 0)
(-0.443223 2.00625 0)
(-0.594587 2.09887 0)
(-0.734331 2.06454 0)
(-0.852463 1.97217 0)
(-0.972206 1.80086 0)
(-1.08017 1.56757 0)
(-1.20426 1.25546 0)
(-1.32974 0.849498 0)
(-1.4769 0.351714 0)
(-1.62784 -0.272692 0)
(-1.77534 -0.977948 0)
(-1.8965 -1.80135 0)
(-1.91078 -2.58652 0)
(-1.81753 -3.31933 0)
(-1.39939 -3.59021 0)
(-0.892653 -3.28495 0)
(-0.00289116 -1.905 0)
(5.83763e-202 4.59062e-184 0)
(-0.0366458 0.629359 0)
(-0.147516 1.42626 0)
(-0.311842 1.92175 0)
(-0.445886 2.12539 0)
(-0.542776 2.20774 0)
(-0.621568 2.15586 0)
(-0.661027 2.05522 0)
(-0.706261 1.88034 0)
(-0.733125 1.65338 0)
(-0.789023 1.35583 0)
(-0.84994 0.970944 0)
(-0.960701 0.499295 0)
(-1.09182 -0.10492 0)
(-1.27628 -0.802374 0)
(-1.46544 -1.65937 0)
(-1.63881 -2.53476 0)
(-1.71704 -3.45623 0)
(-1.51858 -3.98443 0)
(-1.10527 -3.93456 0)
(-0.0115139 -2.41357 0)
(1.83625e-183 -1.56933e-184 0)
(-0.0551888 0.77405 0)
(-0.180578 1.60394 0)
(-0.334235 2.10069 0)
(-0.429808 2.23868 0)
(-0.456315 2.28191 0)
(-0.457066 2.18368 0)
(-0.400891 2.06135 0)
(-0.352891 1.87398 0)
(-0.279514 1.65241 0)
(-0.244221 1.37391 0)
(-0.215735 1.02139 0)
(-0.257512 0.596205 0)
(-0.3355 0.0414211 0)
(-0.512816 -0.600726 0)
(-0.742141 -1.44181 0)
(-1.04968 -2.33123 0)
(-1.35176 -3.44407 0)
(-1.48172 -4.2085 0)
(-1.39088 -4.80864 0)
(-0.466609 -3.05756 0)
(4.40297e-254 -4.59062e-184 0)
(-0.121068 0.851496 0)
(-0.314314 1.69227 0)
(-0.459418 2.16612 0)
(-0.505631 2.2379 0)
(-0.413397 2.23446 0)
(-0.302589 2.09561 0)
(-0.107749 1.95218 0)
(0.0626653 1.75812 0)
(0.26633 1.54649 0)
(0.41405 1.29471 0)
(0.556197 0.986693 0)
(0.600547 0.625232 0)
(0.60702 0.154226 0)
(0.45188 -0.386276 0)
(0.237913 -1.11451 0)
(-0.226209 -1.91413 0)
(-0.685406 -2.99809 0)
(-1.43732 -3.9441 0)
(-1.63701 -4.85857 0)
(-2.07458 -3.88069 0)
(-2.59793e-264 -0.216312 0)
(-0.17777 1.23125 0)
(-0.413202 1.9467 0)
(-0.494051 2.31451 0)
(-0.440578 2.19286 0)
(-0.194913 2.09269 0)
(0.0595152 1.87754 0)
(0.409089 1.70267 0)
(0.717586 1.5 0)
(1.05769 1.30325 0)
(1.32641 1.086 0)
(1.586 0.834566 0)
(1.73187 0.550534 0)
(1.83544 0.186818 0)
(1.75521 -0.222122 0)
(1.59976 -0.774722 0)
(1.14952 -1.39175 0)
(0.607977 -2.26482 0)
(-0.330093 -3.21302 0)
(-1.07088 -4.26219 0)
(-1.83979 -4.54348 0)
(-0.86525 -2.31878 0)
(-0.400684 1.40836 0)
(-0.724883 1.97991 0)
(-0.515006 2.18776 0)
(-0.229464 1.92169 0)
(0.333071 1.73522 0)
(0.803366 1.48346 0)
(1.36454 1.29602 0)
(1.82634 1.10745 0)
(2.30443 0.939713 0)
(2.67861 0.769475 0)
(3.03464 0.583806 0)
(3.25343 0.38461 0)
(3.43236 0.134402 0)
(3.39888 -0.135023 0)
(3.31337 -0.50543 0)
(2.87941 -0.900684 0)
(2.40122 -1.51978 0)
(1.37393 -2.23611 0)
(0.465204 -3.35484 0)
(-0.703896 -4.00811 0)
(-0.701712 -2.96445 0)
(-0.257775 2.41881 0)
(-0.105747 2.05567 0)
(0.682019 1.8694 0)
(1.33164 1.3364 0)
(2.15238 1.07973 0)
(2.78527 0.838726 0)
(3.44565 0.685582 0)
(3.96443 0.555708 0)
(4.46909 0.45148 0)
(4.85354 0.35559 0)
(5.20821 0.258372 0)
(5.42561 0.158324 0)
(5.60426 0.038171 0)
(5.58597 -0.0902877 0)
(5.52946 -0.265357 0)
(5.15934 -0.458226 0)
(4.76676 -0.791127 0)
(3.83322 -1.24493 0)
(2.86865 -2.25325 0)
(1.09339 -3.33047 0)
(-0.0465446 -3.79866 0)
(1.66676 1.66908 0)
(2.7009 0.974113 0)
(4.54021 0.748106 0)
(5.37951 0.42395 0)
(6.24896 0.286871 0)
(6.76218 0.178672 0)
(7.24534 0.121868 0)
(7.57203 0.0813469 0)
(7.87253 0.0546436 0)
(8.0764 0.0337861 0)
(8.25862 0.0151789 0)
(8.34702 -0.00224736 0)
(8.41782 -0.0234033 0)
(8.35802 -0.0441252 0)
(8.29497 -0.0792571 0)
(8.00626 -0.111952 0)
(7.7496 -0.200802 0)
(6.99523 -0.2931 0)
(6.26192 -0.624807 0)
(4.04561 -0.997031 0)
(2.00487 -1.81755 0)
)
;

boundaryField
{
    movingWall
    {
        type            fixedValue;
        value           uniform (10 0 0);
    }
    fixedWalls
    {
        type            noSlip;
    }
    frontAndBack
    {
        type            empty;
    }
}


// ************************************************************************* //
