/*--------------------------------*- C++ -*----------------------------------*\
| =========                 |                                                 |
| \\      /  F ield         | OpenFOAM: The Open Source CFD Toolbox           |
|  \\    /   O peration     | Version:  4.1                                   |
|   \\  /    A nd           | Web:      www.OpenFOAM.org                      |
|    \\/     M anipulation  |                                                 |
\*---------------------------------------------------------------------------*/
FoamFile
{
    version     2.0;
    format      ascii;
    class       volVectorField;
    location    "0.00027";
    object      U;
}
// * * * * * * * * * * * * * * * * * * * * * * * * * * * * * * * * * * * * * //

dimensions      [0 1 -1 0 0 0 0];

internalField   nonuniform List<vector> 
1681
(
(-0.00103798 0.00103184 0)
(-0.00350487 0.00121137 0)
(-0.0060257 0.00124859 0)
(-0.00858105 0.0012561 0)
(-0.0111355 0.0012475 0)
(-0.0136596 0.0012255 0)
(-0.016128 0.00119221 0)
(-0.0185195 0.00114942 0)
(-0.0208165 0.00109845 0)
(-0.0230036 0.00104026 0)
(-0.025067 0.000975569 0)
(-0.0269941 0.000904907 0)
(-0.0287733 0.000828715 0)
(-0.0303937 0.000747389 0)
(-0.0318449 0.000661308 0)
(-0.0331176 0.00057086 0)
(-0.0342029 0.000476451 0)
(-0.0350929 0.00037852 0)
(-0.0357806 0.000277539 0)
(-0.0362597 0.000174015 0)
(-0.0365254 6.84975e-05 0)
(-0.0365736 -3.84301e-05 0)
(-0.0364017 -0.000146147 0)
(-0.0360083 -0.000254 0)
(-0.0353935 -0.000361308 0)
(-0.0345588 -0.000467365 0)
(-0.0335072 -0.000571448 0)
(-0.0322431 -0.000672824 0)
(-0.0307727 -0.000770756 0)
(-0.0291035 -0.00086451 0)
(-0.0272449 -0.000953365 0)
(-0.0252074 -0.00103662 0)
(-0.0230033 -0.00111361 0)
(-0.0206462 -0.00118369 0)
(-0.0181509 -0.00124627 0)
(-0.0155336 -0.0013008 0)
(-0.0128115 -0.00134673 0)
(-0.0100031 -0.00138336 0)
(-0.00712722 -0.00140879 0)
(-0.0042098 -0.00140463 0)
(-0.00126173 -0.00123461 0)
(-0.00115396 0.00345486 0)
(-0.00420917 0.0043719 0)
(-0.00730667 0.00451431 0)
(-0.0104473 0.00453977 0)
(-0.0135815 0.00450585 0)
(-0.0166726 0.00442418 0)
(-0.0196909 0.00430289 0)
(-0.0226124 0.00414833 0)
(-0.025417 0.00396509 0)
(-0.0280873 0.00375641 0)
(-0.030607 0.00352458 0)
(-0.0329614 0.00327137 0)
(-0.0351364 0.00299823 0)
(-0.0371186 0.00270646 0)
(-0.0388957 0.00239736 0)
(-0.0404558 0.00207226 0)
(-0.0417881 0.00173258 0)
(-0.0428828 0.00137985 0)
(-0.0437309 0.00101577 0)
(-0.0443247 0.000642154 0)
(-0.0446579 0.00026097 0)
(-0.0447255 -0.000125662 0)
(-0.0445239 -0.000515486 0)
(-0.0440513 -0.000906121 0)
(-0.0433075 -0.00129508 0)
(-0.0422941 -0.00167977 0)
(-0.0410146 -0.00205754 0)
(-0.0394745 -0.00242571 0)
(-0.037681 -0.00278155 0)
(-0.0356434 -0.00312239 0)
(-0.0333729 -0.00344555 0)
(-0.0308826 -0.00374848 0)
(-0.0281874 -0.0040287 0)
(-0.0253039 -0.00428388 0)
(-0.0222503 -0.00451185 0)
(-0.0190463 -0.00471061 0)
(-0.015713 -0.00487834 0)
(-0.0122725 -0.00501302 0)
(-0.00874467 -0.00510837 0)
(-0.00515701 -0.00509221 0)
(-0.00144686 -0.00417145 0)
(-0.00109558 0.00579566 0)
(-0.00411656 0.00747863 0)
(-0.00732626 0.00774699 0)
(-0.0105887 0.0077919 0)
(-0.0138362 0.00772581 0)
(-0.0170265 0.00757749 0)
(-0.0201319 0.00736356 0)
(-0.0231317 0.0070952 0)
(-0.026008 0.00677978 0)
(-0.0287447 0.00642223 0)
(-0.0313267 0.00602601 0)
(-0.0337395 0.00559377 0)
(-0.035969 0.00512774 0)
(-0.0380019 0.00463001 0)
(-0.0398254 0.00410267 0)
(-0.0414277 0.0035479 0)
(-0.0427974 0.0029681 0)
(-0.0439243 0.00236585 0)
(-0.0447993 0.001744 0)
(-0.0454142 0.00110564 0)
(-0.0457623 0.00045414 0)
(-0.0458384 -0.000206891 0)
(-0.0456386 -0.000873591 0)
(-0.0451608 -0.00154188 0)
(-0.0444047 -0.00220749 0)
(-0.0433719 -0.00286598 0)
(-0.0420656 -0.00351279 0)
(-0.0404914 -0.00414331 0)
(-0.0386567 -0.00475285 0)
(-0.0365707 -0.0053368 0)
(-0.0342451 -0.00589058 0)
(-0.0316931 -0.00640977 0)
(-0.02893 -0.00689012 0)
(-0.0259728 -0.00732762 0)
(-0.0228404 -0.00771857 0)
(-0.0195529 -0.00805957 0)
(-0.016132 -0.00834763 0)
(-0.0126005 -0.00857974 0)
(-0.00897931 -0.00874609 0)
(-0.00529985 -0.00872668 0)
(-0.00148615 -0.0071374 0)
(-0.000912326 0.0077153 0)
(-0.00377058 0.0106334 0)
(-0.00718386 0.0110946 0)
(-0.0106006 0.0111543 0)
(-0.0139662 0.0110354 0)
(-0.0172449 0.0108028 0)
(-0.0204202 0.0104839 0)
(-0.0234785 0.0100936 0)
(-0.0264065 0.00964056 0)
(-0.0291905 0.00913037 0)
(-0.0318167 0.0085669 0)
(-0.0342712 0.00795323 0)
(-0.0365403 0.00729209 0)
(-0.0386107 0.00658615 0)
(-0.0404695 0.00583818 0)
(-0.0421046 0.00505119 0)
(-0.0435043 0.00422844 0)
(-0.0446583 0.00337356 0)
(-0.0455568 0.00249054 0)
(-0.0461914 0.00158376 0)
(-0.0465551 0.000657962 0)
(-0.0466423 -0.000281717 0)
(-0.0464487 -0.00122979 0)
(-0.045972 -0.00218045 0)
(-0.0452115 -0.00312761 0)
(-0.0441687 -0.00406492 0)
(-0.0428467 -0.0049859 0)
(-0.0412509 -0.0058839 0)
(-0.0393887 -0.00675227 0)
(-0.0372695 -0.00758436 0)
(-0.0349048 -0.00837364 0)
(-0.0323083 -0.00911377 0)
(-0.0294954 -0.00979867 0)
(-0.0264836 -0.0104226 0)
(-0.0232919 -0.0109802 0)
(-0.0199412 -0.0114667 0)
(-0.0164535 -0.0118779 0)
(-0.0128524 -0.0122094 0)
(-0.00915946 -0.0124473 0)
(-0.00540776 -0.0124211 0)
(-0.00151678 -0.01016 0)
(-0.00061879 0.00957852 0)
(-0.00285057 0.0141424 0)
(-0.0069493 0.0147366 0)
(-0.0106361 0.0146972 0)
(-0.0141628 0.0144646 0)
(-0.0175466 0.0141159 0)
(-0.0208028 0.013675 0)
(-0.0239299 0.0131531 0)
(-0.0269202 0.0125566 0)
(-0.0297623 0.0118898 0)
(-0.0324438 0.0111562 0)
(-0.0349512 0.0103586 0)
(-0.0372709 0.00949993 0)
(-0.0393895 0.0085833 0)
(-0.041294 0.00761203 0)
(-0.0429717 0.00658982 0)
(-0.0444108 0.0055208 0)
(-0.0456002 0.00440958 0)
(-0.0465299 0.00326128 0)
(-0.0471909 0.00208155 0)
(-0.0475756 0.000876529 0)
(-0.0476779 -0.000347105 0)
(-0.0474933 -0.00158221 0)
(-0.0470189 -0.00282121 0)
(-0.0462537 -0.00405614 0)
(-0.0451988 -0.00527871 0)
(-0.0438572 -0.0064804 0)
(-0.0422342 -0.00765253 0)
(-0.040337 -0.00878633 0)
(-0.0381751 -0.00987308 0)
(-0.0357604 -0.0109042 0)
(-0.0331065 -0.0118714 0)
(-0.0302293 -0.0127666 0)
(-0.0271468 -0.0135822 0)
(-0.0238784 -0.0143114 0)
(-0.0204457 -0.0149477 0)
(-0.0168715 -0.0154855 0)
(-0.0131799 -0.0159193 0)
(-0.00939359 -0.0162306 0)
(-0.00554667 -0.0161977 0)
(-0.00155567 -0.0132535 0)
(-6.84095e-268 -0.000154698 0)
(-0.00274437 0.0170696 0)
(-0.0070309 0.018622 0)
(-0.0108678 0.0184175 0)
(-0.0144993 0.0180153 0)
(-0.0179714 0.0175238 0)
(-0.0213074 0.0169477 0)
(-0.0245096 0.016287 0)
(-0.0275719 0.0155426 0)
(-0.0304839 0.014716 0)
(-0.033233 0.0138094 0)
(-0.035806 0.0128251 0)
(-0.0381891 0.0117661 0)
(-0.0403684 0.0106357 0)
(-0.0423306 0.00943757 0)
(-0.0440625 0.00817619 0)
(-0.0455516 0.00685644 0)
(-0.0467863 0.00548389 0)
(-0.0477558 0.00406476 0)
(-0.0484507 0.00260596 0)
(-0.0488627 0.00111507 0)
(-0.0489849 -0.000399697 0)
(-0.0488122 -0.00192949 0)
(-0.0483413 -0.0034649 0)
(-0.0475708 -0.00499602 0)
(-0.0465012 -0.00651255 0)
(-0.0451354 -0.00800383 0)
(-0.0434784 -0.00945904 0)
(-0.0415373 -0.0108672 0)
(-0.0393219 -0.0122174 0)
(-0.036844 -0.013499 0)
(-0.0341178 -0.0147014 0)
(-0.0311594 -0.0158146 0)
(-0.0279874 -0.0168292 0)
(-0.024622 -0.0177365 0)
(-0.0210855 -0.0185283 0)
(-0.0174015 -0.0191977 0)
(-0.0135953 -0.0197377 0)
(-0.00969038 -0.0201252 0)
(-0.00572223 -0.0200858 0)
(-0.00160456 -0.0164391 0)
(-3.98196e-26 8.34697e-25 0)
(-0.00364608 0.0208204 0)
(-0.0075441 0.0225682 0)
(-0.011339 0.0221995 0)
(-0.0149959 0.0216424 0)
(-0.0185291 0.0210135 0)
(-0.0219394 0.0203035 0)
(-0.0252212 0.0195036 0)
(-0.0283647 0.01861 0)
(-0.0313579 0.0176218 0)
(-0.0341873 0.0165399 0)
(-0.0368389 0.0153664 0)
(-0.0392984 0.014104 0)
(-0.0415514 0.0127562 0)
(-0.0435838 0.0113273 0)
(-0.0453818 0.00982204 0)
(-0.0469323 0.0082462 0)
(-0.0482228 0.00660624 0)
(-0.0492418 0.0049095 0)
(-0.0499788 0.00316413 0)
(-0.0504248 0.00137915 0)
(-0.0505722 -0.000435619 0)
(-0.050415 -0.00226958 0)
(-0.0499494 -0.00411143 0)
(-0.0491732 -0.00594924 0)
(-0.0480866 -0.00777055 0)
(-0.046692 -0.00956251 0)
(-0.0449942 -0.011312 0)
(-0.0430004 -0.0130057 0)
(-0.0407202 -0.0146304 0)
(-0.0381658 -0.0161731 0)
(-0.0353516 -0.0176211 0)
(-0.0322945 -0.0189621 0)
(-0.0290136 -0.0201847 0)
(-0.0255299 -0.0212781 0)
(-0.0218668 -0.0222327 0)
(-0.0180489 -0.0230398 0)
(-0.0141027 -0.023691 0)
(-0.0100528 -0.0241584 0)
(-0.00593647 -0.0241129 0)
(-0.00166415 -0.0197391 0)
(-1.92444e-78 -9.9549e-27 0)
(-0.0042639 0.0243918 0)
(-0.00812688 0.0264298 0)
(-0.011923 0.0259852 0)
(-0.0156095 0.0253208 0)
(-0.0192036 0.0245784 0)
(-0.0226926 0.023746 0)
(-0.0260624 0.0228119 0)
(-0.0292982 0.0217705 0)
(-0.032385 0.0206202 0)
(-0.0353078 0.0193616 0)
(-0.0380515 0.0179965 0)
(-0.040601 0.0165276 0)
(-0.0429412 0.0149587 0)
(-0.0450571 0.0132943 0)
(-0.0469341 0.0115398 0)
(-0.0485581 0.00970165 0)
(-0.0499157 0.00778717 0)
(-0.0509943 0.00580478 0)
(-0.0517824 0.00376392 0)
(-0.0522701 0.00167504 0)
(-0.0524486 -0.000450368 0)
(-0.0523113 -0.00259991 0)
(-0.0518531 -0.00476028 0)
(-0.0510715 -0.00691743 0)
(-0.0499658 -0.00905663 0)
(-0.0485382 -0.0111627 0)
(-0.046793 -0.01322 0)
(-0.0447374 -0.0152128 0)
(-0.042381 -0.0171254 0)
(-0.0397363 -0.0189423 0)
(-0.0368182 -0.0206483 0)
(-0.0336441 -0.0222289 0)
(-0.030234 -0.0236703 0)
(-0.02661 -0.02496 0)
(-0.0227964 -0.0260861 0)
(-0.0188193 -0.0270385 0)
(-0.0147066 -0.027807 0)
(-0.0104842 -0.0283589 0)
(-0.00619141 -0.0283079 0)
(-0.00173505 -0.0231766 0)
(-6.02042e-166 -4.81111e-79 0)
(-0.00512746 0.0280129 0)
(-0.00883439 0.0302915 0)
(-0.0125996 0.0297881 0)
(-0.0163124 0.0290554 0)
(-0.0199764 0.0282264 0)
(-0.0235571 0.0272862 0)
(-0.0270286 0.0262246 0)
(-0.0303705 0.025038 0)
(-0.0335648 0.0237259 0)
(-0.0365951 0.0222893 0)
(-0.0394452 0.0207302 0)
(-0.0420991 0.0190517 0)
(-0.0445407 0.0172575 0)
(-0.0467542 0.0153526 0)
(-0.0487239 0.0133428 0)
(-0.0504345 0.0112352 0)
(-0.0518714 0.00903807 0)
(-0.0530209 0.00676078 0)
(-0.0538702 0.00441406 0)
(-0.0544081 0.00200986 0)
(-0.0546247 -0.000438653 0)
(-0.0545122 -0.00291717 0)
(-0.0540646 -0.00541031 0)
(-0.0532782 -0.00790174 0)
(-0.052152 -0.0103743 0)
(-0.0506873 -0.0128104 0)
(-0.0488882 -0.0151916 0)
(-0.0467617 -0.0174996 0)
(-0.0443175 -0.019716 0)
(-0.0415684 -0.0218225 0)
(-0.0385297 -0.0238015 0)
(-0.0352197 -0.0256357 0)
(-0.0316593 -0.0273092 0)
(-0.0278717 -0.0288069 0)
(-0.0238826 -0.0301151 0)
(-0.0197197 -0.0312218 0)
(-0.0154124 -0.0321149 0)
(-0.0109885 -0.0327566 0)
(-0.0064894 -0.0327007 0)
(-0.0018179 -0.0267764 0)
(-7.09454e-267 0.000399744 0)
(-0.00698365 0.0312613 0)
(-0.0096995 0.0339094 0)
(-0.0133244 0.0335621 0)
(-0.0170646 0.0328548 0)
(-0.0208256 0.0319769 0)
(-0.0245219 0.0309433 0)
(-0.0281147 0.0297594 0)
(-0.0315794 0.0284289 0)
(-0.0348968 0.0269546 0)
(-0.0380498 0.0253385 0)
(-0.0410214 0.0235831 0)
(-0.0437949 0.0216916 0)
(-0.0463532 0.0196678 0)
(-0.0486793 0.017517 0)
(-0.0507563 0.0152453 0)
(-0.0525677 0.0128605 0)
(-0.0540974 0.0103715 0)
(-0.0553303 0.00778881 0)
(-0.056252 0.00512441 0)
(-0.0568498 0.00239176 0)
(-0.0571126 -0.000394219 0)
(-0.0570309 -0.00321722 0)
(-0.0565977 -0.00605965 0)
(-0.0558082 -0.00890277 0)
(-0.0546604 -0.0117268 0)
(-0.053155 -0.0145114 0)
(-0.0512956 -0.0172354 0)
(-0.049089 -0.0198775 0)
(-0.0465452 -0.0224163 0)
(-0.0436769 -0.0248306 0)
(-0.0405004 -0.0271 0)
(-0.0370347 -0.0292045 0)
(-0.0333017 -0.0311253 0)
(-0.0293261 -0.0328449 0)
(-0.0251351 -0.0343476 0)
(-0.0207581 -0.0356191 0)
(-0.0162266 -0.0366455 0)
(-0.0115702 -0.0373834 0)
(-0.00683321 -0.0373234 0)
(-0.0019135 -0.0305648 0)
(-0.00159898 0.0241235 0)
(-0.00678229 0.0361065 0)
(-0.0099156 0.0375553 0)
(-0.013807 0.037441 0)
(-0.0177808 0.0367999 0)
(-0.0217251 0.0358778 0)
(-0.0255793 0.0347473 0)
(-0.0293181 0.033438 0)
(-0.0329239 0.0319616 0)
(-0.0363807 0.0303234 0)
(-0.0396721 0.028526 0)
(-0.0427812 0.0265719 0)
(-0.0456904 0.0244639 0)
(-0.0483816 0.0222061 0)
(-0.0508366 0.0198036 0)
(-0.053037 0.017263 0)
(-0.0549647 0.0145923 0)
(-0.0566021 0.0118013 0)
(-0.0579322 0.00890151 0)
(-0.058939 0.00590613 0)
(-0.0596079 0.00283017 0)
(-0.0599261 -0.000309639 0)
(-0.0598826 -0.00349487 0)
(-0.0594687 -0.00670557 0)
(-0.0586785 -0.00992039 0)
(-0.0575087 -0.0131168 0)
(-0.0559594 -0.0162713 0)
(-0.0540336 -0.0193598 0)
(-0.0517378 -0.0223578 0)
(-0.049082 -0.0252406 0)
(-0.0460795 -0.027984 0)
(-0.0427471 -0.030564 0)
(-0.0391048 -0.0329579 0)
(-0.0351757 -0.0351439 0)
(-0.0309862 -0.0371019 0)
(-0.0265651 -0.0388134 0)
(-0.021944 -0.040262 0)
(-0.0171566 -0.0414318 0)
(-0.0122348 -0.0422733 0)
(-0.00722604 -0.0422102 0)
(-0.00202271 -0.0345698 0)
(-0.000838913 0.0269658 0)
(-0.00329275 0.0404892 0)
(-0.00926117 0.0420687 0)
(-0.0140655 0.0418247 0)
(-0.0184997 0.0410465 0)
(-0.0226998 0.0399926 0)
(-0.0267411 0.0387301 0)
(-0.0306433 0.0372814 0)
(-0.0344053 0.0356538 0)
(-0.0380166 0.0338494 0)
(-0.0414625 0.031869 0)
(-0.0447256 0.0297139 0)
(-0.0477876 0.0273864 0)
(-0.0506291 0.02489 0)
(-0.0532305 0.0222299 0)
(-0.0555717 0.0194128 0)
(-0.0576329 0.016447 0)
(-0.0593945 0.013343 0)
(-0.0608375 0.0101131 0)
(-0.0619437 0.00677197 0)
(-0.0626966 0.00333601 0)
(-0.0630812 -0.000176082 0)
(-0.0630845 -0.00374366 0)
(-0.0626961 -0.00734424 0)
(-0.0619086 -0.0109536 0)
(-0.0607174 -0.0145463 0)
(-0.0591215 -0.0180954 0)
(-0.0571233 -0.0215734 0)
(-0.0547291 -0.0249524 0)
(-0.0519489 -0.0282041 0)
(-0.0487963 -0.0313007 0)
(-0.045289 -0.0342149 0)
(-0.041448 -0.0369203 0)
(-0.0372979 -0.0393921 0)
(-0.0328668 -0.0416071 0)
(-0.0281857 -0.0435441 0)
(-0.0232884 -0.0451843 0)
(-0.0182112 -0.046509 0)
(-0.0129885 -0.0474627 0)
(-0.00767161 -0.0473978 0)
(-0.00214659 -0.0388217 0)
(-2.67202e-282 -0.000209728 0)
(-0.00320027 0.0439376 0)
(-0.00970635 0.0474727 0)
(-0.0148256 0.0467146 0)
(-0.0194646 0.0455872 0)
(-0.0238335 0.0443198 0)
(-0.0280351 0.042897 0)
(-0.0320984 0.0413006 0)
(-0.036025 0.0395198 0)
(-0.0398043 0.0375489 0)
(-0.0434204 0.0353849 0)
(-0.0468549 0.0330275 0)
(-0.0500878 0.0304777 0)
(-0.0530985 0.0277386 0)
(-0.0558653 0.024815 0)
(-0.0583666 0.0217135 0)
(-0.0605803 0.0184428 0)
(-0.0624846 0.0150139 0)
(-0.064058 0.0114399 0)
(-0.0652802 0.00773656 0)
(-0.0661318 0.00392204 0)
(-0.0665956 1.69706e-05 0)
(-0.0666561 -0.00395564 0)
(-0.066301 -0.00797054 0)
(-0.0655209 -0.0120005 0)
(-0.0643096 -0.0160165 0)
(-0.0626651 -0.0199883 0)
(-0.060589 -0.0238845 0)
(-0.0580871 -0.0276732 0)
(-0.0551695 -0.0313223 0)
(-0.0518504 -0.0348 0)
(-0.0481481 -0.038075 0)
(-0.044085 -0.0411175 0)
(-0.0396875 -0.0438988 0)
(-0.0349853 -0.0463924 0)
(-0.030012 -0.048574 0)
(-0.0248038 -0.0504221 0)
(-0.0194003 -0.0519153 0)
(-0.0138386 -0.052991 0)
(-0.0081742 -0.0529258 0)
(-0.00228632 -0.043353 0)
(-8.71652e-248 1.69683e-165 0)
(-0.00653947 0.0494516 0)
(-0.0114611 0.0528471 0)
(-0.0161834 0.0516182 0)
(-0.0207134 0.0502251 0)
(-0.0251361 0.0487889 0)
(-0.0294604 0.0472293 0)
(-0.0336797 0.045498 0)
(-0.0377792 0.0435715 0)
(-0.0417406 0.0414381 0)
(-0.045544 0.0390924 0)
(-0.0491685 0.0365323 0)
(-0.052592 0.0337582 0)
(-0.0557921 0.0307725 0)
(-0.0587453 0.0275796 0)
(-0.0614278 0.0241858 0)
(-0.0638151 0.0206001 0)
(-0.0658829 0.0168335 0)
(-0.0676069 0.0129002 0)
(-0.0689638 0.00881678 0)
(-0.0699314 0.00460317 0)
(-0.0704893 0.000282047 0)
(-0.0706196 -0.00412104 0)
(-0.0703073 -0.00857784 0)
(-0.0695407 -0.0130577 0)
(-0.0683119 -0.017528 0)
(-0.0666175 -0.0219544 0)
(-0.0644582 -0.0263012 0)
(-0.0618393 -0.0305324 0)
(-0.058771 -0.0346113 0)
(-0.055268 -0.0385017 0)
(-0.0513496 -0.0421683 0)
(-0.0470396 -0.0455767 0)
(-0.0423661 -0.0486946 0)
(-0.0373613 -0.0514915 0)
(-0.0320611 -0.0539398 0)
(-0.0265049 -0.0560146 0)
(-0.0207354 -0.0576917 0)
(-0.0147933 -0.0589009 0)
(-0.00873876 -0.0588374 0)
(-0.00244328 -0.0481993 0)
(-6.78731e-165 0.000860154 0)
(-0.0108481 0.0535563 0)
(-0.0135705 0.05726 0)
(-0.0177184 0.0561937 0)
(-0.02207 0.0548292 0)
(-0.0265298 0.0533565 0)
(-0.0309807 0.0517201 0)
(-0.0353687 0.0498825 0)
(-0.0396575 0.0478245 0)
(-0.0438194 0.0455359 0)
(-0.0478297 0.0430117 0)
(-0.0516646 0.0402497 0)
(-0.0553002 0.03725 0)
(-0.0587119 0.0340144 0)
(-0.0618743 0.0305467 0)
(-0.0647613 0.0268529 0)
(-0.0673459 0.0229416 0)
(-0.0696006 0.0188241 0)
(-0.071498 0.014515 0)
(-0.0730113 0.0100322 0)
(-0.0741148 0.00539687 0)
(-0.0747847 0.000634072 0)
(-0.0749997 -0.00422794 0)
(-0.0747418 -0.00915765 0)
(-0.0739966 -0.0141207 0)
(-0.0727543 -0.0190801 0)
(-0.0710096 -0.0239972 0)
(-0.0687622 -0.0288317 0)
(-0.066017 -0.0335424 0)
(-0.0627842 -0.0380879 0)
(-0.0590791 -0.0424272 0)
(-0.0549221 -0.0465201 0)
(-0.0503386 -0.0503276 0)
(-0.0453588 -0.0538128 0)
(-0.0400172 -0.0569412 0)
(-0.0343527 -0.0596812 0)
(-0.0284081 -0.0620044 0)
(-0.0222298 -0.0638831 0)
(-0.0158622 -0.0652389 0)
(-0.00937096 -0.0651795 0)
(-0.00261906 -0.0533992 0)
(-0.00344062 0.0439887 0)
(-0.0120608 0.060196 0)
(-0.0147262 0.0613136 0)
(-0.0188476 0.0606187 0)
(-0.0232994 0.0594792 0)
(-0.027913 0.0580669 0)
(-0.03255 0.0564002 0)
(-0.0371426 0.0544795 0)
(-0.0416477 0.0523021 0)
(-0.0460335 0.0498649 0)
(-0.050273 0.0471657 0)
(-0.0543408 0.0442032 0)
(-0.0582115 0.0409772 0)
(-0.0618588 0.037489 0)
(-0.0652556 0.0337416 0)
(-0.068373 0.0297403 0)
(-0.0711812 0.025493 0)
(-0.0736494 0.0210109 0)
(-0.0757464 0.0163087 0)
(-0.0774412 0.0114054 0)
(-0.078704 0.00632367 0)
(-0.0795068 0.00109083 0)
(-0.0798243 -0.00426188 0)
(-0.0796349 -0.00969931 0)
(-0.0789212 -0.0151828 0)
(-0.0776707 -0.0206709 0)
(-0.0758763 -0.0261197 0)
(-0.0735364 -0.0314835 0)
(-0.0706555 -0.0367159 0)
(-0.0672438 -0.0417699 0)
(-0.0633173 -0.0465989 0)
(-0.0588977 -0.0511574 0)
(-0.0540123 -0.0554015 0)
(-0.0486934 -0.0592891 0)
(-0.0429783 -0.062781 0)
(-0.0369091 -0.0658414 0)
(-0.0305323 -0.0684377 0)
(-0.0238984 -0.0705385 0)
(-0.0170561 -0.0720559 0)
(-0.0100773 -0.0720037 0)
(-0.00281549 -0.0589954 0)
(-0.00314413 0.0501998 0)
(-0.0098431 0.0645134 0)
(-0.0146149 0.0657867 0)
(-0.0194614 0.0653884 0)
(-0.0243407 0.0643996 0)
(-0.0292522 0.0630261 0)
(-0.0341484 0.0613274 0)
(-0.0389891 0.0593269 0)
(-0.0437414 0.057034 0)
(-0.0483768 0.0544515 0)
(-0.0528693 0.0515797 0)
(-0.0571938 0.048418 0)
(-0.0613241 0.0449658 0)
(-0.0652331 0.0412233 0)
(-0.0688914 0.0371922 0)
(-0.0722679 0.0328766 0)
(-0.0753294 0.0282831 0)
(-0.0780413 0.0234225 0)
(-0.0803678 0.0183092 0)
(-0.0822733 0.0129628 0)
(-0.0837228 0.00740777 0)
(-0.0846832 0.00167353 0)
(-0.0851246 -0.00420532 0)
(-0.0850209 -0.0101896 0)
(-0.0843511 -0.0162358 0)
(-0.0830996 -0.0222971 0)
(-0.0812572 -0.0283239 0)
(-0.0788209 -0.0342645 0)
(-0.0757947 -0.0400661 0)
(-0.0721889 -0.0456757 0)
(-0.0680206 -0.0510406 0)
(-0.0633129 -0.0561094 0)
(-0.0580949 -0.0608323 0)
(-0.0524017 -0.065162 0)
(-0.0462735 -0.0690539 0)
(-0.0397558 -0.0724673 0)
(-0.0328991 -0.0753651 0)
(-0.0257586 -0.0777112 0)
(-0.0183878 -0.0794079 0)
(-0.0108654 -0.0793665 0)
(-0.0030347 -0.0650347 0)
(-0.00272913 0.0568106 0)
(-0.00917491 0.0702319 0)
(-0.0146947 0.0712179 0)
(-0.0200642 0.0707278 0)
(-0.0253527 0.0697173 0)
(-0.0305974 0.0683114 0)
(-0.0357896 0.0665521 0)
(-0.0409099 0.0644613 0)
(-0.0459359 0.06205 0)
(-0.050845 0.0593225 0)
(-0.0556142 0.0562798 0)
(-0.0602195 0.0529206 0)
(-0.0646352 0.0492433 0)
(-0.0688332 0.0452462 0)
(-0.0727827 0.040929 0)
(-0.0764499 0.0362935 0)
(-0.0797981 0.0313448 0)
(-0.0827881 0.0260918 0)
(-0.085379 0.0205489 0)
(-0.0875291 0.0147356 0)
(-0.0891974 0.00867774 0)
(-0.0903449 0.00240747 0)
(-0.0909356 -0.00403708 0)
(-0.0909383 -0.0106121 0)
(-0.0903276 -0.0172686 0)
(-0.0890844 -0.0239537 0)
(-0.0871969 -0.0306109 0)
(-0.0846609 -0.0371817 0)
(-0.0814795 -0.0436064 0)
(-0.0776638 -0.0498249 0)
(-0.0732317 -0.0557779 0)
(-0.0682082 -0.0614071 0)
(-0.0626249 -0.0666567 0)
(-0.0565194 -0.0714733 0)
(-0.0499352 -0.0758065 0)
(-0.0429216 -0.0796101 0)
(-0.0355332 -0.0828417 0)
(-0.0278303 -0.0854602 0)
(-0.0198717 -0.0873563 0)
(-0.011744 -0.0873306 0)
(-0.00327915 -0.0715691 0)
(-0.00260167 0.0623437 0)
(-0.00903846 0.076321 0)
(-0.0149707 0.0771445 0)
(-0.0207441 0.0765225 0)
(-0.026405 0.075428 0)
(-0.0319861 0.0739472 0)
(-0.0374908 0.0721033 0)
(-0.0429105 0.0699102 0)
(-0.048231 0.0673759 0)
(-0.0534349 0.0645032 0)
(-0.0585028 0.0612916 0)
(-0.0634126 0.0577382 0)
(-0.0681397 0.0538388 0)
(-0.0726557 0.049589 0)
(-0.0769284 0.0449854 0)
(-0.0809214 0.0400267 0)
(-0.0845938 0.0347149 0)
(-0.0879014 0.0290568 0)
(-0.0907969 0.0230653 0)
(-0.0932316 0.0167599 0)
(-0.0951569 0.0101675 0)
(-0.0965263 0.00332289 0)
(-0.0972967 -0.00373163 0)
(-0.0974308 -0.0109469 0)
(-0.0968977 -0.0182676 0)
(-0.0956743 -0.0256336 0)
(-0.0937461 -0.0329807 0)
(-0.0911072 -0.0402424 0)
(-0.0877606 -0.047351 0)
(-0.0837177 -0.0542385 0)
(-0.0789982 -0.060838 0)
(-0.0736293 -0.0670841 0)
(-0.0676452 -0.0729141 0)
(-0.0610865 -0.078268 0)
(-0.0540002 -0.0830893 0)
(-0.0464393 -0.0873255 0)
(-0.0384629 -0.0909282 0)
(-0.0301365 -0.0938503 0)
(-0.0215249 -0.0959695 0)
(-0.0127234 -0.0959657 0)
(-0.00355178 -0.0786565 0)
(-0.00260718 0.0678466 0)
(-0.00918476 0.0827273 0)
(-0.0154181 0.0834648 0)
(-0.0215297 0.0827153 0)
(-0.0275313 0.0815167 0)
(-0.0334418 0.0799401 0)
(-0.0392647 0.0779967 0)
(-0.0449959 0.0756931 0)
(-0.050626 0.0730329 0)
(-0.0561421 0.0700161 0)
(-0.0615284 0.0666396 0)
(-0.0667655 0.0628974 0)
(-0.07183 0.0587819 0)
(-0.0766942 0.0542847 0)
(-0.0813245 0.0493979 0)
(-0.0856819 0.0441156 0)
(-0.0897212 0.0384356 0)
(-0.0933919 0.0323613 0)
(-0.0966392 0.0259027 0)
(-0.0994055 0.0190787 0)
(-0.101633 0.0119173 0)
(-0.103266 0.00445601 0)
(-0.104253 -0.00325818 0)
(-0.104548 -0.0111698 0)
(-0.104115 -0.0192159 0)
(-0.102925 -0.0273278 0)
(-0.100962 -0.0354323 0)
(-0.0982176 -0.0434536 0)
(-0.0946946 -0.0513147 0)
(-0.0904059 -0.0589388 0)
(-0.0853733 -0.0662504 0)
(-0.0796267 -0.0731765 0)
(-0.0732036 -0.079647 0)
(-0.0661478 -0.0855949 0)
(-0.0585099 -0.090957 0)
(-0.0503464 -0.095674 0)
(-0.0417209 -0.0996908 0)
(-0.0327042 -0.102953 0)
(-0.0233673 -0.105323 0)
(-0.0138159 -0.105349 0)
(-0.00385609 -0.0863619 0)
(-0.00267588 0.0734658 0)
(-0.00947308 0.0894181 0)
(-0.0159896 0.0901299 0)
(-0.0224153 0.0892738 0)
(-0.028741 0.0879704 0)
(-0.034975 0.086291 0)
(-0.0411181 0.0842413 0)
(-0.0471677 0.0818236 0)
(-0.053118 0.0790378 0)
(-0.0589602 0.0758808 0)
(-0.0646819 0.0723463 0)
(-0.0702672 0.0684243 0)
(-0.0756948 0.0641029 0)
(-0.080938 0.0593681 0)
(-0.0859629 0.0542061 0)
(-0.0907275 0.0486047 0)
(-0.0951819 0.0425553 0)
(-0.0992685 0.036056 0)
(-0.102923 0.029113 0)
(-0.106077 0.0217433 0)
(-0.108661 0.0139755 0)
(-0.110607 0.0058503 0)
(-0.111854 -0.00257969 0)
(-0.112346 -0.0112514 0)
(-0.11204 -0.0200928 0)
(-0.110901 -0.0290249 0)
(-0.10891 -0.0379637 0)
(-0.106057 -0.0468226 0)
(-0.102345 -0.0555137 0)
(-0.09779 -0.0639501 0)
(-0.0924156 -0.0720472 0)
(-0.0862561 -0.0797234 0)
(-0.0793527 -0.0869011 0)
(-0.0717529 -0.0935062 0)
(-0.0635105 -0.0994685 0)
(-0.0546855 -0.104721 0)
(-0.045345 -0.109202 0)
(-0.035565 -0.112847 0)
(-0.0254231 -0.115502 0)
(-0.0150362 -0.115569 0)
(-0.00419634 -0.0947587 0)
(-0.00277705 0.0792999 0)
(-0.0098447 0.0964143 0)
(-0.0166535 0.0971354 0)
(-0.0233898 0.0961886 0)
(-0.0300342 0.0947846 0)
(-0.0365887 0.0930011 0)
(-0.0430524 0.0908432 0)
(-0.0494242 0.0883114 0)
(-0.0557014 0.0854034 0)
(-0.0618795 0.0821135 0)
(-0.0679505 0.0784317 0)
(-0.0739025 0.0743438 0)
(-0.0797176 0.069832 0)
(-0.0853711 0.0648759 0)
(-0.0908294 0.0594533 0)
(-0.0960485 0.0535436 0)
(-0.100973 0.0471294 0)
(-0.105537 0.0402007 0)
(-0.109665 0.032758 0)
(-0.113274 0.0248148 0)
(-0.116279 0.0164 0)
(-0.1186 0.00755814 0)
(-0.120159 -0.00165154 0)
(-0.120891 -0.0111565 0)
(-0.120743 -0.0208734 0)
(-0.119675 -0.0307108 0)
(-0.117664 -0.040572 0)
(-0.114699 -0.0503571 0)
(-0.110784 -0.0599658 0)
(-0.105938 -0.0692997 0)
(-0.10019 -0.0782636 0)
(-0.0935785 -0.0867673 0)
(-0.0861501 -0.0947256 0)
(-0.0779565 -0.102058 0)
(-0.0690542 -0.108687 0)
(-0.0595054 -0.114538 0)
(-0.0493797 -0.119541 0)
(-0.0387572 -0.12362 0)
(-0.0277216 -0.1266 0)
(-0.0164028 -0.126724 0)
(-0.0045779 -0.103931 0)
(-0.00289861 0.0854016 0)
(-0.0102736 0.103744 0)
(-0.0173917 0.104492 0)
(-0.0244448 0.103463 0)
(-0.0314086 0.10196 0)
(-0.0382827 0.100072 0)
(-0.0450663 0.0978061 0)
(-0.0517606 0.0951625 0)
(-0.0583674 0.0921386 0)
(-0.0648871 0.0887265 0)
(-0.0713171 0.0849126 0)
(-0.0776507 0.0806781 0)
(-0.0838752 0.0759987 0)
(-0.0899697 0.0708454 0)
(-0.0959023 0.0651862 0)
(-0.101628 0.0589882 0)
(-0.107086 0.052222 0)
(-0.1122 0.044866 0)
(-0.11688 0.0369116 0)
(-0.121025 0.0283672 0)
(-0.124532 0.0192613 0)
(-0.127299 0.00964282 0)
(-0.129234 -0.000420068 0)
(-0.130257 -0.0108428 0)
(-0.130304 -0.0215281 0)
(-0.129331 -0.0323692 0)
(-0.127309 -0.0432538 0)
(-0.124227 -0.0540663 0)
(-0.120092 -0.0646919 0)
(-0.114926 -0.0750182 0)
(-0.108767 -0.0849389 0)
(-0.101659 -0.0943546 0)
(-0.0936577 -0.103173 0)
(-0.0848179 -0.111308 0)
(-0.0751987 -0.118678 0)
(-0.0648623 -0.1252 0)
(-0.053878 -0.130792 0)
(-0.0423276 -0.135368 0)
(-0.0302999 -0.138725 0)
(-0.0179391 -0.138927 0)
(-0.00500767 -0.113975 0)
(-0.00303626 0.091809 0)
(-0.0107498 0.111435 0)
(-0.018197 0.112217 0)
(-0.0255773 0.111106 0)
(-0.0328641 0.109503 0)
(-0.0400569 0.107507 0)
(-0.0471571 0.105132 0)
(-0.0541705 0.102379 0)
(-0.0611046 0.0992477 0)
(-0.0679662 0.0957273 0)
(-0.0747596 0.0918014 0)
(-0.081485 0.0874462 0)
(-0.0881368 0.0826302 0)
(-0.0947006 0.0773146 0)
(-0.101149 0.0714545 0)
(-0.107439 0.0650013 0)
(-0.113503 0.057908 0)
(-0.119253 0.0501363 0)
(-0.124582 0.0416637 0)
(-0.129363 0.0324908 0)
(-0.133468 0.022645 0)
(-0.136771 0.0121811 0)
(-0.139157 0.00117926 0)
(-0.140531 -0.0102603 0)
(-0.140819 -0.0220222 0)
(-0.139966 -0.0339812 0)
(-0.137941 -0.0460057 0)
(-0.134735 -0.057962 0)
(-0.130357 -0.0697168 0)
(-0.124837 -0.081142 0)
(-0.118221 -0.0921181 0)
(-0.110568 -0.102536 0)
(-0.10194 -0.112299 0)
(-0.0924002 -0.121319 0)
(-0.0820077 -0.129509 0)
(-0.070821 -0.136782 0)
(-0.0589039 -0.143047 0)
(-0.046335 -0.148196 0)
(-0.0332059 -0.151997 0)
(-0.0196766 -0.152309 0)
(-0.00549493 -0.125005 0)
(-0.0031896 0.0985569 0)
(-0.011273 0.119517 0)
(-0.0190713 0.120331 0)
(-0.0267914 0.11913 0)
(-0.0344048 0.117416 0)
(-0.0419131 0.115305 0)
(-0.0493228 0.112817 0)
(-0.0566464 0.109959 0)
(-0.0638994 0.106729 0)
(-0.0710967 0.103117 0)
(-0.078251 0.0991042 0)
(-0.0853712 0.094661 0)
(-0.0924616 0.0897493 0)
(-0.0995183 0.0843196 0)
(-0.106523 0.0783108 0)
(-0.113437 0.0716533 0)
(-0.120191 0.0642754 0)
(-0.126683 0.0561136 0)
(-0.132778 0.0471249 0)
(-0.138321 0.0372974 0)
(-0.143146 0.0266567 0)
(-0.147094 0.0152665 0)
(-0.150023 0.00322375 0)
(-0.151819 -0.00934977 0)
(-0.152395 -0.0223156 0)
(-0.151692 -0.0355255 0)
(-0.149675 -0.0488256 0)
(-0.146333 -0.0620595 0)
(-0.141682 -0.0750722 0)
(-0.135762 -0.0877155 0)
(-0.128634 -0.0998539 0)
(-0.120375 -0.11137 0)
(-0.111063 -0.122164 0)
(-0.100768 -0.13215 0)
(-0.0895501 -0.141246 0)
(-0.0774567 -0.149363 0)
(-0.0645368 -0.156398 0)
(-0.0508565 -0.162221 0)
(-0.0365046 -0.166554 0)
(-0.021658 -0.167026 0)
(-0.00605255 -0.137158 0)
(-0.00336096 0.105682 0)
(-0.0118504 0.128025 0)
(-0.0200256 0.128858 0)
(-0.0280992 0.127547 0)
(-0.0360413 0.125704 0)
(-0.0438577 0.123463 0)
(-0.051563 0.120855 0)
(-0.0591806 0.117891 0)
(-0.0667364 0.114574 0)
(-0.0742554 0.11089 0)
(-0.0817594 0.106819 0)
(-0.0892678 0.102327 0)
(-0.0967977 0.0973716 0)
(-0.104361 0.0918915 0)
(-0.111958 0.0858078 0)
(-0.119561 0.0790225 0)
(-0.127102 0.0714282 0)
(-0.134461 0.0629236 0)
(-0.141474 0.0534336 0)
(-0.147936 0.0429271 0)
(-0.153633 0.0314277 0)
(-0.15836 0.019013 0)
(-0.161942 0.00580546 0)
(-0.164242 -0.00804259 0)
(-0.165163 -0.0223627 0)
(-0.164641 -0.0369792 0)
(-0.162639 -0.0517126 0)
(-0.159145 -0.0663802 0)
(-0.154182 -0.0807994 0)
(-0.147801 -0.0947952 0)
(-0.140089 -0.108212 0)
(-0.131149 -0.120921 0)
(-0.121085 -0.132828 0)
(-0.109983 -0.143859 0)
(-0.097898 -0.153946 0)
(-0.084857 -0.163011 0)
(-0.0708772 -0.170937 0)
(-0.0559954 -0.177567 0)
(-0.0402866 -0.182557 0)
(-0.0239451 -0.183264 0)
(-0.00669918 -0.150604 0)
(-0.0035555 0.11323 0)
(-0.0124976 0.136999 0)
(-0.021082 0.137827 0)
(-0.0295246 0.136372 0)
(-0.0377937 0.134366 0)
(-0.0459027 0.13197 0)
(-0.0538801 0.129227 0)
(-0.0617651 0.126158 0)
(-0.0695986 0.122763 0)
(-0.0774165 0.11903 0)
(-0.0852496 0.114933 0)
(-0.0931269 0.110438 0)
(-0.101081 0.105499 0)
(-0.109149 0.100052 0)
(-0.117361 0.0939951 0)
(-0.125716 0.0871951 0)
(-0.134154 0.0794912 0)
(-0.142541 0.0707237 0)
(-0.150663 0.0607667 0)
(-0.158251 0.0495591 0)
(-0.165016 0.0371227 0)
(-0.170689 0.0235595 0)
(-0.175051 0.00903245 0)
(-0.177946 -0.00626103 0)
(-0.179272 -0.0221131 0)
(-0.178965 -0.0383176 0)
(-0.176986 -0.0546685 0)
(-0.17332 -0.0709535 0)
(-0.16799 -0.086954 0)
(-0.161067 -0.102457 0)
(-0.152669 -0.117276 0)
(-0.142948 -0.131272 0)
(-0.132053 -0.144358 0)
(-0.120095 -0.156494 0)
(-0.107122 -0.167651 0)
(-0.0931241 -0.177773 0)
(-0.0780566 -0.186745 0)
(-0.0618968 -0.194362 0)
(-0.0446843 -0.20019 0)
(-0.0266297 -0.201255 0)
(-0.00746278 -0.165558 0)
(-0.00378218 0.12126 0)
(-0.013242 0.146493 0)
(-0.0222787 0.14727 0)
(-0.0311072 0.145615 0)
(-0.0396944 0.143394 0)
(-0.0480678 0.140803 0)
(-0.0562789 0.137905 0)
(-0.0643917 0.134727 0)
(-0.0724672 0.131269 0)
(-0.0805533 0.12751 0)
(-0.0886856 0.12342 0)
(-0.0968974 0.118967 0)
(-0.105237 0.114114 0)
(-0.113778 0.1088 0)
(-0.122602 0.102911 0)
(-0.131761 0.0962624 0)
(-0.141225 0.0886151 0)
(-0.15084 0.079716 0)
(-0.160329 0.0693566 0)
(-0.169319 0.0574277 0)
(-0.177407 0.0439515 0)
(-0.184232 0.0290743 0)
(-0.189522 0.013028 0)
(-0.193107 -0.00392119 0)
(-0.194897 -0.0215138 0)
(-0.19484 -0.039514 0)
(-0.192895 -0.057696 0)
(-0.189033 -0.0758177 0)
(-0.183267 -0.0936122 0)
(-0.175685 -0.110807 0)
(-0.166457 -0.127165 0)
(-0.155812 -0.142525 0)
(-0.143981 -0.156825 0)
(-0.131124 -0.170087 0)
(-0.117282 -0.182362 0)
(-0.102377 -0.193658 0)
(-0.0862523 -0.203869 0)
(-0.068771 -0.212733 0)
(-0.0498974 -0.219675 0)
(-0.0298531 -0.221298 0)
(-0.00838659 -0.182308 0)
(-0.00405582 0.129856 0)
(-0.014129 0.156579 0)
(-0.023678 0.157232 0)
(-0.0329104 0.155286 0)
(-0.0417942 0.152767 0)
(-0.0503824 0.149922 0)
(-0.0587656 0.14684 0)
(-0.0670479 0.143555 0)
(-0.0753194 0.140053 0)
(-0.0836392 0.136296 0)
(-0.0920363 0.132242 0)
(-0.100533 0.127866 0)
(-0.109185 0.123161 0)
(-0.118115 0.118099 0)
(-0.127499 0.112566 0)
(-0.137491 0.106315 0)
(-0.148122 0.0989844 0)
(-0.15923 0.0901679 0)
(-0.170438 0.0795185 0)
(-0.181209 0.0668473 0)
(-0.190962 0.0521841 0)
(-0.199196 0.0357593 0)
(-0.205574 0.0179248 0)
(-0.209934 -0.000941604 0)
(-0.212234 -0.0205127 0)
(-0.212463 -0.0405367 0)
(-0.210577 -0.060793 0)
(-0.206503 -0.0810183 0)
(-0.200215 -0.100878 0)
(-0.191808 -0.120001 0)
(-0.18153 -0.138054 0)
(-0.169744 -0.154831 0)
(-0.156827 -0.170312 0)
(-0.143035 -0.184638 0)
(-0.128408 -0.198019 0)
(-0.11275 -0.21059 0)
(-0.0957106 -0.222295 0)
(-0.0769347 -0.23279 0)
(-0.0562378 -0.241278 0)
(-0.0338394 -0.243791 0)
(-0.00953931 -0.201253 0)
(-0.00440078 0.139142 0)
(-0.0152334 0.167365 0)
(-0.0253807 0.167769 0)
(-0.0350344 0.165386 0)
(-0.0441696 0.162441 0)
(-0.0528866 0.159256 0)
(-0.0613434 0.155958 0)
(-0.0697105 0.152577 0)
(-0.0781229 0.149069 0)
(-0.0866483 0.145352 0)
(-0.0952863 0.141354 0)
(-0.104011 0.137062 0)
(-0.112854 0.132533 0)
(-0.122004 0.127842 0)
(-0.1318 0.122916 0)
(-0.14259 0.11743 0)
(-0.154542 0.110827 0)
(-0.167498 0.102445 0)
(-0.18093 0.0916965 0)
(-0.19403 0.0782544 0)
(-0.205918 0.0621744 0)
(-0.215877 0.0438489 0)
(-0.223494 0.0238479 0)
(-0.228667 0.00273624 0)
(-0.231486 -0.019068 0)
(-0.232041 -0.0413405 0)
(-0.230276 -0.0639354 0)
(-0.226011 -0.0865978 0)
(-0.219109 -0.108893 0)
(-0.20964 -0.130272 0)
(-0.197964 -0.150217 0)
(-0.184681 -0.168422 0)
(-0.170439 -0.18493 0)
(-0.155681 -0.200102 0)
(-0.14046 -0.21444 0)
(-0.124394 -0.228345 0)
(-0.106784 -0.241878 0)
(-0.086879 -0.254593 0)
(-0.0642043 -0.265326 0)
(-0.0389514 -0.269293 0)
(-0.0110321 -0.222973 0)
(-0.00485765 0.149308 0)
(-0.016679 0.17901 0)
(-0.0275505 0.178954 0)
(-0.0376364 0.175899 0)
(-0.0469345 0.17233 0)
(-0.0556317 0.168685 0)
(-0.0640025 0.165139 0)
(-0.0723293 0.161705 0)
(-0.0808209 0.158271 0)
(-0.0895529 0.154659 0)
(-0.0984526 0.150723 0)
(-0.107365 0.146453 0)
(-0.116217 0.142034 0)
(-0.125266 0.137792 0)
(-0.135145 0.133802 0)
(-0.146578 0.12964 0)
(-0.16 0.12443 0)
(-0.175296 0.117069 0)
(-0.191707 0.106544 0)
(-0.207958 0.092278 0)
(-0.22265 0.0743935 0)
(-0.234717 0.0536012 0)
(-0.243669 0.0308732 0)
(-0.249574 0.00710163 0)
(-0.252831 -0.0171665 0)
(-0.253762 -0.0418448 0)
(-0.252278 -0.0670354 0)
(-0.247942 -0.092565 0)
(-0.240351 -0.117839 0)
(-0.229477 -0.141981 0)
(-0.21584 -0.164109 0)
(-0.200454 -0.18369 0)
(-0.184475 -0.200854 0)
(-0.168709 -0.216356 0)
(-0.153263 -0.231244 0)
(-0.137455 -0.246422 0)
(-0.11999 -0.262227 0)
(-0.099387 -0.278092 0)
(-0.0746144 -0.292235 0)
(-0.0457864 -0.298624 0)
(-0.0130472 -0.248343 0)
(-0.00549536 0.160655 0)
(-0.0186742 0.191757 0)
(-0.0304549 0.190884 0)
(-0.0409638 0.186772 0)
(-0.050257 0.182274 0)
(-0.0586786 0.178001 0)
(-0.0667014 0.174191 0)
(-0.0747963 0.170816 0)
(-0.0833018 0.167629 0)
(-0.0923105 0.164259 0)
(-0.101611 0.16038 0)
(-0.110759 0.155935 0)
(-0.119368 0.151326 0)
(-0.127729 0.147478 0)
(-0.137026 0.144845 0)
(-0.148697 0.142874 0)
(-0.163699 0.140154 0)
(-0.182046 0.134812 0)
(-0.202614 0.125068 0)
(-0.223304 0.109862 0)
(-0.241787 0.0894814 0)
(-0.256417 0.0652676 0)
(-0.266641 0.0389381 0)
(-0.272922 0.0119743 0)
(-0.276332 -0.0148623 0)
(-0.277717 -0.0418802 0)
(-0.276898 -0.069846 0)
(-0.272852 -0.0988238 0)
(-0.264587 -0.127938 0)
(-0.251815 -0.1557 0)
(-0.235275 -0.180516 0)
(-0.216717 -0.201329 0)
(-0.198257 -0.218392 0)
(-0.181391 -0.233175 0)
(-0.166371 -0.247707 0)
(-0.152046 -0.263836 0)
(-0.136106 -0.282485 0)
(-0.115739 -0.303012 0)
(-0.0888305 -0.322559 0)
(-0.0553368 -0.333035 0)
(-0.0158842 -0.278731 0)
(-0.00643423 0.173675 0)
(-0.021576 0.205983 0)
(-0.0345356 0.203677 0)
(-0.0454075 0.197878 0)
(-0.0543852 0.191978 0)
(-0.0620932 0.186848 0)
(-0.0693334 0.182804 0)
(-0.0768897 0.179735 0)
(-0.085334 0.177154 0)
(-0.0948242 0.174329 0)
(-0.104926 0.170529 0)
(-0.114622 0.165481 0)
(-0.122689 0.159847 0)
(-0.129293 0.155984 0)
(-0.136702 0.155241 0)
(-0.147733 0.156844 0)
(-0.164314 0.158456 0)
(-0.186761 0.156865 0)
(-0.213402 0.148896 0)
(-0.240646 0.132488 0)
(-0.264427 0.108326 0)
(-0.282132 0.0790205 0)
(-0.293207 0.0476559 0)
(-0.298912 0.0167893 0)
(-0.301742 -0.0123603 0)
(-0.303735 -0.0410655 0)
(-0.304471 -0.0717537 0)
(-0.3016 -0.105017 0)
(-0.292912 -0.139419 0)
(-0.277541 -0.172345 0)
(-0.256491 -0.200827 0)
(-0.232834 -0.222617 0)
(-0.210521 -0.238137 0)
(-0.192335 -0.250186 0)
(-0.178826 -0.262535 0)
(-0.168146 -0.278736 0)
(-0.156318 -0.30092 0)
(-0.138075 -0.328625 0)
(-0.10916 -0.357076 0)
(-0.069256 -0.374525 0)
(-0.0200342 -0.31633 0)
(-0.00789131 0.1892 0)
(-0.0260104 0.222281 0)
(-0.0405284 0.217459 0)
(-0.0515829 0.208939 0)
(-0.0596812 0.200915 0)
(-0.0659373 0.194618 0)
(-0.0716748 0.190456 0)
(-0.0781775 0.188179 0)
(-0.0864398 0.186926 0)
(-0.0968361 0.185325 0)
(-0.108669 0.181794 0)
(-0.119908 0.175372 0)
(-0.127209 0.166658 0)
(-0.130068 0.161539 0)
(-0.133071 0.163379 0)
(-0.1417 0.170821 0)
(-0.159594 0.179902 0)
(-0.187709 0.185116 0)
(-0.223655 0.180779 0)
(-0.261075 0.16257 0)
(-0.292533 0.132179 0)
(-0.313828 0.0948024 0)
(-0.324602 0.0559542 0)
(-0.327545 0.0201346 0)
(-0.328078 -0.010204 0)
(-0.331023 -0.0385195 0)
(-0.335321 -0.0713434 0)
(-0.335596 -0.110212 0)
(-0.327255 -0.152438 0)
(-0.308319 -0.193391 0)
(-0.279979 -0.227568 0)
(-0.247691 -0.249938 0)
(-0.218994 -0.261236 0)
(-0.198978 -0.266838 0)
(-0.188722 -0.273517 0)
(-0.185394 -0.287774 0)
(-0.182449 -0.31414 0)
(-0.170067 -0.353315 0)
(-0.139562 -0.396996 0)
(-0.0902825 -0.426406 0)
(-0.026287 -0.364717 0)
(-0.010275 0.208686 0)
(-0.0331041 0.241569 0)
(-0.0496643 0.232307 0)
(-0.0604491 0.219385 0)
(-0.0666655 0.208159 0)
(-0.0702536 0.200295 0)
(-0.0733126 0.196274 0)
(-0.0778708 0.195658 0)
(-0.085662 0.197085 0)
(-0.0976711 0.198192 0)
(-0.113133 0.195708 0)
(-0.128605 0.186832 0)
(-0.135382 0.170149 0)
(-0.130652 0.160674 0)
(-0.124405 0.166142 0)
(-0.127303 0.183241 0)
(-0.145686 0.205147 0)
(-0.181772 0.222607 0)
(-0.23265 0.225568 0)
(-0.286709 0.204176 0)
(-0.329663 0.162807 0)
(-0.35492 0.112036 0)
(-0.362887 0.0614106 0)
(-0.358375 0.0187564 0)
(-0.35269 -0.00971011 0)
(-0.357412 -0.0321925 0)
(-0.369746 -0.0655107 0)
(-0.377265 -0.112327 0)
(-0.371067 -0.166877 0)
(-0.347344 -0.221182 0)
(-0.306845 -0.265415 0)
(-0.259346 -0.28779 0)
(-0.219644 -0.28988 0)
(-0.196764 -0.282383 0)
(-0.192429 -0.277014 0)
(-0.20259 -0.285051 0)
(-0.217293 -0.315574 0)
(-0.218181 -0.373709 0)
(-0.186927 -0.444467 0)
(-0.122867 -0.494367 0)
(-0.0358641 -0.429758 0)
(-0.0143937 0.23479 0)
(-0.044946 0.265232 0)
(-0.0639976 0.248066 0)
(-0.073458 0.228078 0)
(-0.0760501 0.212129 0)
(-0.0750428 0.202218 0)
(-0.0735639 0.198793 0)
(-0.0746247 0.201237 0)
(-0.0811608 0.207717 0)
(-0.0956557 0.214632 0)
(-0.118199 0.215677 0)
(-0.144695 0.20386 0)
(-0.152803 0.167383 0)
(-0.132599 0.146316 0)
(-0.107799 0.157645 0)
(-0.0990452 0.191023 0)
(-0.116001 0.234808 0)
(-0.163171 0.274224 0)
(-0.239028 0.292327 0)
(-0.321716 0.264449 0)
(-0.382244 0.202635 0)
(-0.411286 0.129106 0)
(-0.41173 0.0590889 0)
(-0.390112 0.00526815 0)
(-0.369234 -0.0140938 0)
(-0.377788 -0.017161 0)
(-0.408118 -0.0475795 0)
(-0.430905 -0.107147 0)
(-0.43042 -0.181935 0)
(-0.400721 -0.259334 0)
(-0.339503 -0.323353 0)
(-0.264323 -0.344807 0)
(-0.205386 -0.328094 0)
(-0.177834 -0.295898 0)
(-0.183267 -0.26733 0)
(-0.216536 -0.260489 0)
(-0.264992 -0.292323 0)
(-0.294146 -0.382863 0)
(-0.263358 -0.504008 0)
(-0.173944 -0.588608 0)
(-0.0505147 -0.521018 0)
(-0.021918 0.272506 0)
(-0.0654936 0.295121 0)
(-0.0868496 0.263844 0)
(-0.0926187 0.232799 0)
(-0.0886482 0.210222 0)
(-0.0801582 0.197803 0)
(-0.0713619 0.195634 0)
(-0.0662778 0.203071 0)
(-0.0695244 0.218341 0)
(-0.0867977 0.237076 0)
(-0.121603 0.248344 0)
(-0.175921 0.237229 0)
(-0.19177 0.152681 0)
(-0.138852 0.103981 0)
(-0.0776723 0.12735 0)
(-0.0477376 0.188587 0)
(-0.0593383 0.268859 0)
(-0.120609 0.347009 0)
(-0.239819 0.397387 0)
(-0.37424 0.355036 0)
(-0.461342 0.254279 0)
(-0.492163 0.14259 0)
(-0.477513 0.040225 0)
(-0.419487 -0.0361695 0)
(-0.36271 -0.0309882 0)
(-0.380468 0.0176356 0)
(-0.451122 -0.00442676 0)
(-0.503739 -0.0871646 0)
(-0.514904 -0.195232 0)
(-0.479331 -0.312453 0)
(-0.382265 -0.418253 0)
(-0.255671 -0.437105 0)
(-0.163582 -0.382561 0)
(-0.129047 -0.306289 0)
(-0.149277 -0.236366 0)
(-0.219091 -0.198085 0)
(-0.33102 -0.219792 0)
(-0.419592 -0.366913 0)
(-0.389598 -0.585719 0)
(-0.253036 -0.727509 0)
(-0.0722053 -0.653413 0)
(-0.0360747 0.331998 0)
(-0.101427 0.333132 0)
(-0.122158 0.276756 0)
(-0.119083 0.229339 0)
(-0.103809 0.198386 0)
(-0.0838816 0.183313 0)
(-0.0639989 0.183131 0)
(-0.0485426 0.19762 0)
(-0.043805 0.226715 0)
(-0.061343 0.268397 0)
(-0.113178 0.307726 0)
(-0.233796 0.322108 0)
(-0.269607 0.111815 0)
(-0.150105 -0.00203717 0)
(-0.0209916 0.0557335 0)
(0.0425002 0.166494 0)
(0.0432586 0.305898 0)
(-0.0313286 0.452757 0)
(-0.226724 0.582143 0)
(-0.453011 0.503387 0)
(-0.575257 0.320384 0)
(-0.599795 0.145713 0)
(-0.560003 -0.0115507 0)
(-0.428941 -0.146095 0)
(-0.296091 -0.0821984 0)
(-0.337945 0.104343 0)
(-0.49315 0.0956631 0)
(-0.59697 -0.0396882 0)
(-0.626209 -0.202051 0)
(-0.588852 -0.387131 0)
(-0.429398 -0.589065 0)
(-0.214498 -0.599711 0)
(-0.0701025 -0.464786 0)
(-0.028517 -0.312462 0)
(-0.0691795 -0.173729 0)
(-0.189811 -0.0721056 0)
(-0.417943 -0.041949 0)
(-0.624314 -0.294531 0)
(-0.586913 -0.719716 0)
(-0.365723 -0.948773 0)
(-0.100996 -0.849614 0)
(-0.0546015 0.426066 0)
(-0.149152 0.375578 0)
(-0.155238 0.277862 0)
(-0.132064 0.209761 0)
(-0.0982268 0.17075 0)
(-0.0622006 0.15391 0)
(-0.026978 0.156026 0)
(0.00480931 0.177939 0)
(0.0273441 0.224053 0)
(0.0214677 0.301711 0)
(-0.0347312 0.400469 0)
(-0.302072 0.499995 0)
(-0.313416 0.0267532 0)
(-0.109344 -0.218082 0)
(0.120905 -0.0756978 0)
(0.21907 0.113862 0)
(0.242285 0.332429 0)
(0.178575 0.581148 0)
(-0.144335 0.862126 0)
(-0.48681 0.701266 0)
(-0.616104 0.383201 0)
(-0.59589 0.12981 0)
(-0.516989 -0.100014 0)
(-0.242677 -0.3659 0)
(-0.0194612 -0.197806 0)
(-0.142108 0.272497 0)
(-0.426957 0.270189 0)
(-0.58388 0.0407785 0)
(-0.616766 -0.188408 0)
(-0.583549 -0.463806 0)
(-0.309114 -0.858637 0)
(-0.0338229 -0.857987 0)
(0.151592 -0.573405 0)
(0.180249 -0.308992 0)
(0.11362 -0.0769045 0)
(-0.0521549 0.129727 0)
(-0.477795 0.293258 0)
(-0.84683 -0.128333 0)
(-0.727152 -0.934097 0)
(-0.439033 -1.27995 0)
(-0.10708 -1.11523 0)
(0.0603111 0.586102 0)
(0.0170435 0.407863 0)
(0.0831707 0.248026 0)
(0.149507 0.16161 0)
(0.211185 0.120664 0)
(0.266573 0.105261 0)
(0.319057 0.10916 0)
(0.371227 0.135371 0)
(0.422448 0.197948 0)
(0.449752 0.335507 0)
(0.452003 0.595818 0)
(0.105529 1.0775 0)
(0.956055 -0.227285 0)
(0.593775 -0.738938 0)
(0.716348 -0.325233 0)
(0.775103 0.0171134 0)
(0.811293 0.345673 0)
(0.811301 0.797767 0)
(0.43033 1.60408 0)
(0.676185 1.17206 0)
(0.782489 0.422366 0)
(0.930541 0.0526761 0)
(1.08358 -0.306324 0)
(1.50414 -0.916992 0)
(1.18479 -0.483647 0)
(0.766537 0.792023 0)
(0.936465 0.716815 0)
(0.911837 0.155957 0)
(0.948689 -0.174442 0)
(1.0138 -0.599537 0)
(1.39672 -1.40883 0)
(0.976525 -1.31571 0)
(0.895782 -0.731363 0)
(0.803005 -0.291856 0)
(0.69169 0.063001 0)
(0.53752 0.48776 0)
(0.0145207 1.1557 0)
(0.279851 0.260468 0)
(0.696327 -1.45119 0)
(0.180023 -1.78339 0)
(0.161866 -1.41902 0)
(2.15475 0.325543 0)
(2.57117 0.182161 0)
(2.88165 0.0951906 0)
(3.0172 0.0563248 0)
(3.10379 0.0390388 0)
(3.16805 0.0328427 0)
(3.22696 0.0342802 0)
(3.2937 0.0448496 0)
(3.39069 0.0725403 0)
(3.54132 0.135817 0)
(3.97112 0.2714 0)
(4.54633 0.396133 0)
(9.87709 -2.45418e-178 0)
(5.68245 -0.111004 0)
(4.34284 -0.118455 0)
(3.97335 -0.00746574 0)
(4.00153 0.133353 0)
(4.43915 0.358531 0)
(5.15487 0.672891 0)
(9.83464 7.02445e-265 0)
(10 6.43092e-24 0)
(10 -1.24137e-77 0)
(10 -4.90735e-164 0)
(10.002 -7.65773e-265 0)
(7.38704 0.00781698 0)
(6.37895 0.333792 0)
(9.91641 1.01865e-279 0)
(10 3.19273e-232 0)
(10 -1.7139e-217 0)
(10 -1.99175e-231 0)
(9.93231 -1.10758e-216 0)
(6.53974 -0.273575 0)
(4.72082 -0.241198 0)
(4.08681 -0.102803 0)
(3.93457 0.0465729 0)
(4.22379 0.255882 0)
(4.87224 0.493956 0)
(9.87876 7.92421e-219 0)
(9.89473 -1.93563e-163 0)
(5.2852 -0.438052 0)
(2.7813 -0.597535 0)
)
;

boundaryField
{
    movingWall
    {
        type            fixedValue;
        value           uniform (10 0 0);
    }
    fixedWalls
    {
        type            noSlip;
    }
    frontAndBack
    {
        type            empty;
    }
}


// ************************************************************************* //
