/*--------------------------------*- C++ -*----------------------------------*\
| =========                 |                                                 |
| \\      /  F ield         | OpenFOAM: The Open Source CFD Toolbox           |
|  \\    /   O peration     | Version:  4.1                                   |
|   \\  /    A nd           | Web:      www.OpenFOAM.org                      |
|    \\/     M anipulation  |                                                 |
\*---------------------------------------------------------------------------*/
FoamFile
{
    version     2.0;
    format      ascii;
    class       volVectorField;
    location    "0.1062";
    object      U;
}
// * * * * * * * * * * * * * * * * * * * * * * * * * * * * * * * * * * * * * //

dimensions      [0 1 -1 0 0 0 0];

internalField   nonuniform List<vector> 
441
(
(0.00386164 -0.0049244 0)
(0.0101381 -0.00254127 0)
(-0.000635318 -2.22596e-165 0)
(0.00203266 -3.46798e-266 0)
(-0.00837768 -0.00813084 0)
(-0.00203266 -3.14915e-232 0)
(-1.16457e-202 -5.83871e-203 0)
(-1.45964e-203 -7.66796e-228 0)
(-1.77682e-212 -3.34838e-213 0)
(-0.00634462 9.40111e-266 0)
(-0.077842 0.025379 0)
(-0.0975381 0.0132209 0)
(-0.109488 0.00599852 0)
(-0.0957854 0.000326104 0)
(-0.0781608 -0.00177572 0)
(-0.0512865 -0.00313824 0)
(-0.0283199 -0.00220198 0)
(-0.00817516 -0.00156152 0)
(0.00372853 0.000870351 0)
(0.00502806 0.00165505 0)
(0.00468991 0.00310466 0)
(0.00403231 -0.00889297 0)
(-0.000602171 0.00695661 0)
(-0.0278134 0.00877442 0)
(-0.0608481 0.0108869 0)
(-0.110316 0.0112808 0)
(-0.157384 -0.00311317 0)
(-0.201821 -0.000118305 0)
(-0.244657 0.00174569 0)
(-0.282617 0.0137167 0)
(-0.320645 0.069324 0)
(-0.346122 0.0635327 0)
(-0.339511 0.0188695 0)
(-0.322951 -0.00840446 0)
(-0.277952 -0.0324676 0)
(-0.225295 -0.0429459 0)
(-0.159632 -0.0480596 0)
(-0.100645 -0.0407483 0)
(-0.0487618 -0.0317838 0)
(-0.0143024 -0.0135422 0)
(-0.000380005 -0.00333256 0)
(0.00511559 0.00684182 0)
(0.00793655 -0.00885288 0)
(-0.00515351 0.0289175 0)
(-0.0558972 0.0588387 0)
(-0.125293 0.0798385 0)
(-0.210536 0.087184 0)
(-0.298837 0.0872065 0)
(-0.393937 0.0842362 0)
(-0.471624 0.0781773 0)
(-0.547538 0.073064 0)
(-0.584589 0.0682645 0)
(-0.579878 0.0452034 0)
(-0.559977 -0.00863869 0)
(-0.520016 -0.0548612 0)
(-0.450662 -0.0971074 0)
(-0.3683 -0.119107 0)
(-0.269526 -0.128074 0)
(-0.178349 -0.111864 0)
(-0.0956519 -0.0884325 0)
(-0.0380065 -0.0463947 0)
(-0.00762647 -0.0182184 0)
(0.00655496 0.008214 0)
(0.00653856 -0.0120426 0)
(-0.0171324 0.0726185 0)
(-0.101428 0.128837 0)
(-0.201387 0.16807 0)
(-0.319421 0.18519 0)
(-0.438463 0.183158 0)
(-0.55583 0.174483 0)
(-0.657493 0.156313 0)
(-0.740779 0.129281 0)
(-0.789464 0.0988571 0)
(-0.798346 0.038629 0)
(-0.772342 -0.0421711 0)
(-0.718648 -0.117917 0)
(-0.627508 -0.185421 0)
(-0.518502 -0.223952 0)
(-0.387286 -0.239609 0)
(-0.26379 -0.214069 0)
(-0.148117 -0.17385 0)
(-0.0651723 -0.100668 0)
(-0.0158523 -0.0492977 0)
(0.00813736 0.00616136 0)
(7.16992e-165 0.00163464 0)
(-0.0261344 0.136414 0)
(-0.148079 0.24227 0)
(-0.273425 0.296291 0)
(-0.422551 0.323068 0)
(-0.567643 0.321643 0)
(-0.711917 0.301833 0)
(-0.834052 0.261937 0)
(-0.9349 0.204227 0)
(-0.993936 0.126581 0)
(-1.01063 0.0284893 0)
(-0.985637 -0.0880612 0)
(-0.92367 -0.198927 0)
(-0.815839 -0.297634 0)
(-0.682676 -0.358245 0)
(-0.517621 -0.383738 0)
(-0.359436 -0.349525 0)
(-0.203835 -0.28823 0)
(-0.0928162 -0.17691 0)
(-0.0189359 -0.0924394 0)
(0.0147518 0.00128117 0)
(-5.80955e-266 0.00604666 0)
(-0.094034 0.22567 0)
(-0.207082 0.373969 0)
(-0.35766 0.444454 0)
(-0.520946 0.479212 0)
(-0.688072 0.473625 0)
(-0.84918 0.44153 0)
(-0.990949 0.379561 0)
(-1.10719 0.290101 0)
(-1.18378 0.173782 0)
(-1.21806 0.0306379 0)
(-1.20151 -0.130207 0)
(-1.14049 -0.287485 0)
(-1.02137 -0.428131 0)
(-0.86756 -0.521758 0)
(-0.667804 -0.565459 0)
(-0.471103 -0.526813 0)
(-0.269019 -0.443734 0)
(-0.124442 -0.283528 0)
(-0.0220125 -0.160156 0)
(0.016139 0.00337231 0)
(-0.0241866 0.0989972 0)
(-0.131145 0.339756 0)
(-0.261014 0.506248 0)
(-0.426363 0.60819 0)
(-0.609161 0.652552 0)
(-0.795066 0.648282 0)
(-0.976697 0.603783 0)
(-1.13857 0.518925 0)
(-1.27588 0.396766 0)
(-1.37317 0.237189 0)
(-1.42779 0.0467162 0)
(-1.42648 -0.165962 0)
(-1.37358 -0.378071 0)
(-1.25016 -0.571585 0)
(-1.08081 -0.710364 0)
(-0.845906 -0.782221 0)
(-0.608486 -0.746028 0)
(-0.3467 -0.637486 0)
(-0.165874 -0.420588 0)
(-0.00870658 -0.234933 0)
(6.01847e-266 -0.00403476 0)
(-0.0178728 0.163914 0)
(-0.125481 0.463682 0)
(-0.284368 0.669687 0)
(-0.470477 0.793358 0)
(-0.673158 0.848064 0)
(-0.877997 0.841406 0)
(-1.07777 0.785292 0)
(-1.26037 0.67859 0)
(-1.4196 0.525129 0)
(-1.54205 0.325105 0)
(-1.62304 0.0843975 0)
(-1.6451 -0.185529 0)
(-1.61028 -0.463276 0)
(-1.49269 -0.723229 0)
(-1.31627 -0.925358 0)
(-1.05149 -1.04215 0)
(-0.771702 -1.02441 0)
(-0.445496 -0.892932 0)
(-0.214538 -0.616835 0)
(-0.00392762 -0.335749 0)
(2.66598e-24 -1.03806e-24 0)
(-0.0158381 0.23852 0)
(-0.128511 0.604288 0)
(-0.303648 0.849489 0)
(-0.50392 0.994981 0)
(-0.722073 1.05861 0)
(-0.941222 1.05114 0)
(-1.15668 0.985126 0)
(-1.35742 0.859514 0)
(-1.53811 0.678149 0)
(-1.68637 0.43995 0)
(-1.79629 0.150372 0)
(-1.84831 -0.179285 0)
(-1.84096 -0.529006 0)
(-1.74182 -0.866983 0)
(-1.57149 -1.14937 0)
(-1.28769 -1.33023 0)
(-0.971339 -1.34835 0)
(-0.57657 -1.2003 0)
(-0.286306 -0.854185 0)
(-0.0051253 -0.457736 0)
(1.08144e-76 -6.66494e-25 0)
(-0.0136117 0.308793 0)
(-0.12462 0.753219 0)
(-0.30767 1.04575 0)
(-0.514917 1.2123 0)
(-0.741108 1.28569 0)
(-0.968047 1.27589 0)
(-1.19206 1.20166 0)
(-1.40521 1.05956 0)
(-1.60211 0.854256 0)
(-1.77356 0.582559 0)
(-1.91226 0.24671 0)
(-1.99859 -0.142039 0)
(-2.02752 -0.569031 0)
(-1.96096 -0.995399 0)
(-1.81364 -1.37859 0)
(-1.52895 -1.64851 0)
(-1.18802 -1.73402 0)
(-0.728286 -1.58873 0)
(-0.371019 -1.18251 0)
(-0.00746577 -0.637904 0)
(3.00128e-164 -2.70359e-77 0)
(-0.0133795 0.373179 0)
(-0.123589 0.896537 0)
(-0.309453 1.23736 0)
(-0.517088 1.42604 0)
(-0.742504 1.50992 0)
(-0.967741 1.49998 0)
(-1.1896 1.42111 0)
(-1.40452 1.26803 0)
(-1.60689 1.04609 0)
(-1.79295 0.74926 0)
(-1.95392 0.376052 0)
(-2.07414 -0.0643964 0)
(-2.14431 -0.564499 0)
(-2.12477 -1.08179 0)
(-2.02106 -1.57786 0)
(-1.76287 -1.9598 0)
(-1.42283 -2.14397 0)
(-0.91845 -2.02599 0)
(-0.495944 -1.56301 0)
(-0.0828624 -0.842487 0)
(1.80226e-265 0.0134522 0)
(-0.0136058 0.44663 0)
(-0.117877 1.05147 0)
(-0.298183 1.44069 0)
(-0.49617 1.64601 0)
(-0.708843 1.73746 0)
(-0.919702 1.72292 0)
(-1.12511 1.63909 0)
(-1.3272 1.47643 0)
(-1.51963 1.24291 0)
(-1.70603 0.928947 0)
(-1.87685 0.528091 0)
(-2.02345 0.0474421 0)
(-2.13395 -0.517662 0)
(-2.17085 -1.12079 0)
(-2.13025 -1.73912 0)
(-1.92922 -2.25335 0)
(-1.62052 -2.57708 0)
(-1.09212 -2.53032 0)
(-0.592333 -2.01213 0)
(-0.0767784 -1.15401 0)
(0.0538088 -0.0786273 0)
(-0.0165591 0.500259 0)
(-0.118562 1.17815 0)
(-0.294337 1.61273 0)
(-0.47774 1.83338 0)
(-0.666134 1.93166 0)
(-0.848727 1.9137 0)
(-1.01897 1.82771 0)
(-1.18924 1.6611 0)
(-1.34988 1.42477 0)
(-1.5165 1.1061 0)
(-1.67656 0.694368 0)
(-1.83522 0.193297 0)
(-1.97565 -0.414255 0)
(-2.07318 -1.08453 0)
(-2.11051 -1.81382 0)
(-2.00036 -2.47116 0)
(-1.77121 -2.97417 0)
(-1.24527 -3.06321 0)
(-0.718546 -2.57195 0)
(0.0443216 -1.49601 0)
(2.48774e-231 -0.0134522 0)
(-0.0207793 0.584759 0)
(-0.117637 1.33231 0)
(-0.281566 1.8038 0)
(-0.439936 2.01896 0)
(-0.590149 2.11171 0)
(-0.728806 2.07624 0)
(-0.845903 1.98174 0)
(-0.964713 1.80761 0)
(-1.07188 1.57115 0)
(-1.19537 1.25585 0)
(-1.32051 0.846974 0)
(-1.46766 0.346767 0)
(-1.61898 -0.279537 0)
(-1.76732 -0.986158 0)
(-1.8898 -1.81065 0)
(-1.90581 -2.59665 0)
(-1.81454 -3.33026 0)
(-1.39816 -3.60122 0)
(-0.892633 -3.29491 0)
(-0.00285648 -1.91079 0)
(5.84286e-202 4.59266e-184 0)
(-0.036488 0.631842 0)
(-0.146126 1.4329 0)
(-0.308712 1.93141 0)
(-0.440973 2.13662 0)
(-0.536106 2.21918 0)
(-0.613311 2.16626 0)
(-0.651366 2.06364 0)
(-0.695464 1.88613 0)
(-0.721472 1.65623 0)
(-0.776844 1.35578 0)
(-0.837559 0.968293 0)
(-0.948472 0.49459 0)
(-1.0801 -0.1111 0)
(-1.26548 -0.809442 0)
(-1.45601 -1.66702 0)
(-1.63123 -2.54284 0)
(-1.71173 -3.46493 0)
(-1.51565 -3.9935 0)
(-1.10435 -3.94341 0)
(-0.0115359 -2.41917 0)
(1.83706e-183 -1.63629e-184 0)
(-0.0550068 0.775666 0)
(-0.178925 1.60887 0)
(-0.330438 2.1083 0)
(-0.423769 2.24786 0)
(-0.448069 2.29142 0)
(-0.446879 2.1924 0)
(-0.389077 2.06839 0)
(-0.339878 1.87875 0)
(-0.265726 1.65462 0)
(-0.230105 1.37359 0)
(-0.20168 1.01884 0)
(-0.243878 0.591936 0)
(-0.322574 0.0360197 0)
(-0.500898 -0.606636 0)
(-0.73152 -1.44788 0)
(-1.04079 -2.33725 0)
(-1.34499 -3.45034 0)
(-1.47754 -4.21508 0)
(-1.38909 -4.8156 0)
(-0.466839 -3.06244 0)
(4.40373e-254 -4.59266e-184 0)
(-0.120899 0.852171 0)
(-0.312677 1.6953 0)
(-0.455526 2.17141 0)
(-0.499318 2.2447 0)
(-0.404662 2.24176 0)
(-0.291749 2.10245 0)
(-0.0951905 1.95778 0)
(0.0764083 1.76195 0)
(0.280735 1.54825 0)
(0.42858 1.2944 0)
(0.570409 0.984538 0)
(0.614063 0.621666 0)
(0.619601 0.149769 0)
(0.463318 -0.391038 0)
(0.248117 -1.11915 0)
(-0.217516 -1.91837 0)
(-0.678395 -3.00209 0)
(-1.43268 -3.94817 0)
(-1.63458 -4.86292 0)
(-2.07501 -3.88449 0)
(-2.59999e-264 -0.21642 0)
(-0.177676 1.23109 0)
(-0.411984 1.94792 0)
(-0.490887 2.31747 0)
(-0.435191 2.19718 0)
(-0.187202 2.09767 0)
(0.0692939 1.88242 0)
(0.420579 1.70681 0)
(0.730253 1.50292 0)
(1.07099 1.30469 0)
(1.33977 1.08588 0)
(1.59894 0.83304 0)
(1.74399 0.547906 0)
(1.84647 0.183498 0)
(1.76499 -0.225661 0)
(1.60828 -0.778066 0)
(1.15674 -1.39459 0)
(0.613929 -2.2671 0)
(-0.32574 -3.21503 0)
(-1.06826 -4.26418 0)
(-1.83929 -4.54572 0)
(-0.865682 -2.31941 0)
(-0.400721 1.40775 0)
(-0.724484 1.97987 0)
(-0.51341 2.18889 0)
(-0.226242 1.92393 0)
(0.338208 1.73812 0)
(0.810352 1.4865 0)
(1.37317 1.29873 0)
(1.8362 1.10946 0)
(2.31503 0.940791 0)
(2.6894 0.769543 0)
(3.04511 0.582923 0)
(3.26314 0.382972 0)
(3.441 0.132283 0)
(3.40627 -0.137292 0)
(3.3195 -0.50754 0)
(2.88434 -0.902392 0)
(2.40515 -1.52096 0)
(1.37688 -2.2369 0)
(0.467227 -3.35543 0)
(-0.703049 -4.00882 0)
(-0.701853 -2.96457 0)
(-0.257912 2.4183 0)
(-0.106121 2.05525 0)
(0.681948 1.86951 0)
(1.33241 1.33715 0)
(2.15443 1.08091 0)
(2.78876 0.84008 0)
(3.45054 0.686838 0)
(3.97047 0.556662 0)
(4.47591 0.451995 0)
(4.86065 0.35562 0)
(5.21516 0.257946 0)
(5.43197 0.157542 0)
(5.60974 0.037181 0)
(5.59037 -0.0913186 0)
(5.5328 -0.266263 0)
(5.1617 -0.458897 0)
(4.7684 -0.791481 0)
(3.83432 -1.24505 0)
(2.86939 -2.2532 0)
(1.09374 -3.33054 0)
(-0.0466275 -3.79859 0)
(1.66663 1.66896 0)
(2.70042 0.973992 0)
(4.53957 0.748061 0)
(5.37908 0.42401 0)
(6.24908 0.287008 0)
(6.76303 0.178841 0)
(7.24695 0.122017 0)
(7.57427 0.0814439 0)
(7.87518 0.0546669 0)
(8.07918 0.0337348 0)
(8.26126 0.0150646 0)
(8.34927 -0.00239945 0)
(8.41955 -0.023564 0)
(8.35914 -0.0442627 0)
(8.29554 -0.0793472 0)
(8.00638 -0.111981 0)
(7.74947 -0.200767 0)
(6.99502 -0.293022 0)
(6.26176 -0.624701 0)
(4.04554 -0.996941 0)
(2.00476 -1.81744 0)
)
;

boundaryField
{
    movingWall
    {
        type            fixedValue;
        value           uniform (10 0 0);
    }
    fixedWalls
    {
        type            noSlip;
    }
    frontAndBack
    {
        type            empty;
    }
}


// ************************************************************************* //
