/*--------------------------------*- C++ -*----------------------------------*\
| =========                 |                                                 |
| \\      /  F ield         | OpenFOAM: The Open Source CFD Toolbox           |
|  \\    /   O peration     | Version:  4.1                                   |
|   \\  /    A nd           | Web:      www.OpenFOAM.org                      |
|    \\/     M anipulation  |                                                 |
\*---------------------------------------------------------------------------*/
FoamFile
{
    version     2.0;
    format      ascii;
    class       volVectorField;
    location    "0.1066";
    object      U;
}
// * * * * * * * * * * * * * * * * * * * * * * * * * * * * * * * * * * * * * //

dimensions      [0 1 -1 0 0 0 0];

internalField   nonuniform List<vector> 
441
(
(0.00386369 -0.00492593 0)
(0.010144 -0.0025413 0)
(-0.000635324 -2.22622e-165 0)
(0.00203368 -3.47004e-266 0)
(-0.00837806 -0.00813492 0)
(-0.00203368 -3.15051e-232 0)
(-1.16493e-202 -5.842e-203 0)
(-1.46046e-203 -7.67227e-228 0)
(-1.7776e-212 -3.35026e-213 0)
(-0.00634737 9.40509e-266 0)
(-0.0778763 0.02539 0)
(-0.0975774 0.013226 0)
(-0.109527 0.00600015 0)
(-0.0958122 0.000325257 0)
(-0.0781741 -0.00177726 0)
(-0.0512851 -0.0031397 0)
(-0.0283084 -0.00220242 0)
(-0.0081589 -0.00156088 0)
(0.00374333 0.000872205 0)
(0.00503604 0.00165713 0)
(0.0046917 0.00310619 0)
(0.00403529 -0.00889946 0)
(-0.000597418 0.00695856 0)
(-0.0278192 0.00877875 0)
(-0.0608704 0.0108895 0)
(-0.110364 0.0112865 0)
(-0.15746 -0.0031115 0)
(-0.201924 -0.000117895 0)
(-0.244786 0.00174677 0)
(-0.282767 0.013723 0)
(-0.320813 0.0693547 0)
(-0.346297 0.063557 0)
(-0.339674 0.0188693 0)
(-0.323092 -0.00841921 0)
(-0.278058 -0.0324928 0)
(-0.225364 -0.042973 0)
(-0.159663 -0.0480834 0)
(-0.100648 -0.0407629 0)
(-0.048748 -0.031788 0)
(-0.0142844 -0.0135356 0)
(-0.000368859 -0.00332153 0)
(0.00511807 0.00685009 0)
(0.00794146 -0.00886201 0)
(-0.00515313 0.0289262 0)
(-0.0559209 0.0588655 0)
(-0.125356 0.0798796 0)
(-0.210649 0.0872333 0)
(-0.299003 0.0872592 0)
(-0.394159 0.084287 0)
(-0.471894 0.0782229 0)
(-0.547848 0.0731017 0)
(-0.584915 0.0682917 0)
(-0.580192 0.0452091 0)
(-0.560266 -0.00866716 0)
(-0.520266 -0.0549158 0)
(-0.45086 -0.0971799 0)
(-0.368442 -0.119182 0)
(-0.269611 -0.128141 0)
(-0.178388 -0.111909 0)
(-0.0956588 -0.0884534 0)
(-0.0379983 -0.0463901 0)
(-0.00761834 -0.0182008 0)
(0.00655757 0.00822896 0)
(0.00654122 -0.0120549 0)
(-0.0171445 0.0726498 0)
(-0.101487 0.128904 0)
(-0.201507 0.168164 0)
(-0.319614 0.185299 0)
(-0.438729 0.18327 0)
(-0.556166 0.174588 0)
(-0.657888 0.156402 0)
(-0.741216 0.129345 0)
(-0.789918 0.0988905 0)
(-0.798789 0.0386163 0)
(-0.772753 -0.0422354 0)
(-0.719009 -0.118023 0)
(-0.627804 -0.185555 0)
(-0.518726 -0.224092 0)
(-0.387438 -0.239735 0)
(-0.263879 -0.214162 0)
(-0.148157 -0.173901 0)
(-0.0651829 -0.100676 0)
(-0.015852 -0.0492812 0)
(0.00813922 0.00618042 0)
(7.17341e-165 0.00163531 0)
(-0.0261543 0.136484 0)
(-0.148173 0.242405 0)
(-0.273598 0.296465 0)
(-0.422817 0.323262 0)
(-0.567998 0.321839 0)
(-0.712356 0.302012 0)
(-0.834557 0.262082 0)
(-0.93545 0.204323 0)
(-0.994503 0.126615 0)
(-1.01119 0.028452 0)
(-0.986157 -0.0881711 0)
(-0.924134 -0.199096 0)
(-0.81623 -0.297843 0)
(-0.682985 -0.358465 0)
(-0.517843 -0.383941 0)
(-0.359578 -0.349683 0)
(-0.203911 -0.28833 0)
(-0.0928473 -0.176945 0)
(-0.0189433 -0.0924345 0)
(0.0147537 0.0012982 0)
(-5.81235e-266 0.00605003 0)
(-0.0940909 0.225798 0)
(-0.207215 0.374188 0)
(-0.357887 0.444721 0)
(-0.521274 0.479502 0)
(-0.688498 0.473909 0)
(-0.849693 0.441784 0)
(-0.991531 0.379762 0)
(-1.10781 0.290228 0)
(-1.18442 0.17382 0)
(-1.21869 0.0305779 0)
(-1.20212 -0.130362 0)
(-1.14104 -0.28772 0)
(-1.02184 -0.428421 0)
(-0.867945 -0.522068 0)
(-0.668091 -0.565753 0)
(-0.471299 -0.527052 0)
(-0.26913 -0.443898 0)
(-0.124494 -0.283605 0)
(-0.0220293 -0.160173 0)
(0.0161391 0.00338644 0)
(-0.0242001 0.0990561 0)
(-0.131225 0.339958 0)
(-0.261176 0.506553 0)
(-0.426623 0.608558 0)
(-0.609526 0.652944 0)
(-0.795531 0.648661 0)
(-0.97725 0.604117 0)
(-1.13919 0.519184 0)
(-1.27655 0.396926 0)
(-1.37385 0.237232 0)
(-1.42847 0.0466358 0)
(-1.42713 -0.166161 0)
(-1.37418 -0.378371 0)
(-1.25069 -0.571958 0)
(-1.08125 -0.710768 0)
(-0.846247 -0.782615 0)
(-0.608726 -0.746362 0)
(-0.346841 -0.63773 0)
(-0.165941 -0.420717 0)
(-0.00872074 -0.234981 0)
(6.01907e-266 -0.00403476 0)
(-0.0178829 0.164011 0)
(-0.125555 0.463957 0)
(-0.284532 0.670087 0)
(-0.470742 0.793828 0)
(-0.673526 0.848558 0)
(-0.878461 0.841878 0)
(-1.07832 0.785703 0)
(-1.26098 0.678905 0)
(-1.42025 0.525321 0)
(-1.54272 0.325156 0)
(-1.62371 0.0843018 0)
(-1.64575 -0.185765 0)
(-1.61088 -0.463633 0)
(-1.49324 -0.723677 0)
(-1.31674 -0.925854 0)
(-1.05186 -1.04265 0)
(-0.771974 -1.02485 0)
(-0.445657 -0.893271 0)
(-0.214615 -0.617037 0)
(-0.00393061 -0.335834 0)
(2.66673e-24 -1.03769e-24 0)
(-0.0158464 0.23866 0)
(-0.128577 0.604642 0)
(-0.303798 0.849984 0)
(-0.504163 0.995553 0)
(-0.722409 1.0592 0)
(-0.941642 1.0517 0)
(-1.15717 0.985606 0)
(-1.35796 0.859879 0)
(-1.53869 0.67837 0)
(-1.68696 0.440009 0)
(-1.79688 0.150266 0)
(-1.84889 -0.179548 0)
(-1.84151 -0.529407 0)
(-1.74233 -0.867492 0)
(-1.57194 -1.14994 0)
(-1.28806 -1.33082 0)
(-0.971623 -1.3489 0)
(-0.576745 -1.20074 0)
(-0.286394 -0.85447 0)
(-0.00512691 -0.457863 0)
(1.0817e-76 -6.66682e-25 0)
(-0.0136171 0.308965 0)
(-0.12467 0.753637 0)
(-0.307787 1.04633 0)
(-0.515109 1.21296 0)
(-0.741374 1.28636 0)
(-0.968377 1.27652 0)
(-1.19245 1.2022 0)
(-1.40563 1.05996 0)
(-1.60255 0.854498 0)
(-1.77401 0.582625 0)
(-1.91271 0.246598 0)
(-1.99902 -0.142318 0)
(-2.02794 -0.569459 0)
(-1.96137 -0.995946 0)
(-1.81401 -1.37922 0)
(-1.52927 -1.64917 0)
(-1.18829 -1.73466 0)
(-0.72846 -1.58927 0)
(-0.371112 -1.18289 0)
(-0.00746933 -0.63808 0)
(3.00195e-164 -2.70425e-77 0)
(-0.0133823 0.373374 0)
(-0.123617 0.897003 0)
(-0.309523 1.23799 0)
(-0.517205 1.42676 0)
(-0.742667 1.51065 0)
(-0.967943 1.50065 0)
(-1.18982 1.42168 0)
(-1.40477 1.26846 0)
(-1.60714 1.04634 0)
(-1.7932 0.749326 0)
(-1.95416 0.375935 0)
(-2.07438 -0.0646828 0)
(-2.14455 -0.564935 0)
(-2.125 -1.08235 0)
(-2.0213 -1.57851 0)
(-1.7631 -1.9605 0)
(-1.42304 -2.14467 0)
(-0.918604 -2.0266 0)
(-0.496038 -1.56347 0)
(-0.082885 -0.842712 0)
(1.80243e-265 0.0134538 0)
(-0.0136055 0.446833 0)
(-0.117879 1.05196 0)
(-0.298194 1.44136 0)
(-0.496194 1.64676 0)
(-0.708879 1.73822 0)
(-0.919745 1.72362 0)
(-1.12515 1.63967 0)
(-1.32723 1.47685 0)
(-1.51965 1.24316 0)
(-1.70603 0.929005 0)
(-1.87684 0.527968 0)
(-2.02344 0.0471561 0)
(-2.13395 -0.51809 0)
(-2.17086 -1.12134 0)
(-2.1303 -1.73976 0)
(-1.9293 -2.25404 0)
(-1.62062 -2.57779 0)
(-1.09222 -2.53098 0)
(-0.592403 -2.01263 0)
(-0.0767873 -1.15428 0)
(0.0538154 -0.0786504 0)
(-0.0165557 0.500455 0)
(-0.118536 1.17863 0)
(-0.294284 1.61339 0)
(-0.477662 1.83413 0)
(-0.66603 1.9324 0)
(-0.848596 1.91438 0)
(-1.01881 1.82827 0)
(-1.18904 1.6615 0)
(-1.34966 1.42499 0)
(-1.51625 1.10614 0)
(-1.67629 0.694235 0)
(-1.83495 0.193016 0)
(-1.97539 -0.414661 0)
(-2.07296 -1.08504 0)
(-2.11035 -1.8144 0)
(-2.00026 -2.4718 0)
(-1.77119 -2.97485 0)
(-1.24528 -3.06387 0)
(-0.718582 -2.5725 0)
(0.0443377 -1.49631 0)
(2.48807e-231 -0.0134538 0)
(-0.020773 0.584932 0)
(-0.117584 1.33274 0)
(-0.281449 1.80441 0)
(-0.439755 2.01966 0)
(-0.589906 2.11241 0)
(-0.728504 2.07687 0)
(-0.845545 1.98225 0)
(-0.964304 1.80797 0)
(-1.07142 1.57133 0)
(-1.19489 1.25587 0)
(-1.32001 0.84683 0)
(-1.46716 0.346494 0)
(-1.6185 -0.279912 0)
(-1.76688 -0.986605 0)
(-1.88943 -1.81116 0)
(-1.90554 -2.5972 0)
(-1.81438 -3.33085 0)
(-1.39809 -3.60182 0)
(-0.892631 -3.29545 0)
(-0.00285459 -1.9111 0)
(5.84314e-202 4.59276e-184 0)
(-0.0364793 0.631979 0)
(-0.14605 1.43327 0)
(-0.30854 1.93194 0)
(-0.440703 2.13724 0)
(-0.53574 2.2198 0)
(-0.61286 2.16683 0)
(-0.650839 2.06409 0)
(-0.694875 1.88644 0)
(-0.720839 1.65638 0)
(-0.776182 1.35577 0)
(-0.836887 0.968143 0)
(-0.947809 0.49433 0)
(-1.07946 -0.111438 0)
(-1.26489 -0.809827 0)
(-1.4555 -1.66744 0)
(-1.63082 -2.54327 0)
(-1.71144 -3.4654 0)
(-1.51549 -3.99399 0)
(-1.1043 -3.94389 0)
(-0.0115371 -2.41947 0)
(1.83711e-183 -1.63992e-184 0)
(-0.0549968 0.775756 0)
(-0.178834 1.60914 0)
(-0.330229 2.10873 0)
(-0.423438 2.24837 0)
(-0.447617 2.29194 0)
(-0.446322 2.19287 0)
(-0.388432 2.06877 0)
(-0.339168 1.879 0)
(-0.264976 1.65473 0)
(-0.229338 1.37357 0)
(-0.200918 1.01869 0)
(-0.243139 0.5917 0)
(-0.321874 0.0357236 0)
(-0.500253 -0.606959 0)
(-0.730946 -1.44821 0)
(-1.04031 -2.33757 0)
(-1.34462 -3.45068 0)
(-1.47731 -4.21544 0)
(-1.38899 -4.81597 0)
(-0.466852 -3.0627 0)
(4.40377e-254 -4.59276e-184 0)
(-0.12089 0.852208 0)
(-0.312587 1.69547 0)
(-0.455312 2.17171 0)
(-0.498971 2.24507 0)
(-0.404182 2.24216 0)
(-0.291155 2.10282 0)
(-0.0945041 1.95808 0)
(0.0771579 1.76215 0)
(0.281519 1.54835 0)
(0.42937 1.29438 0)
(0.57118 0.984417 0)
(0.614795 0.621469 0)
(0.620282 0.149524 0)
(0.463937 -0.391298 0)
(0.248669 -1.1194 0)
(-0.217045 -1.9186 0)
(-0.678015 -3.00231 0)
(-1.43243 -3.94839 0)
(-1.63445 -4.86316 0)
(-2.07503 -3.8847 0)
(-2.6001e-264 -0.216426 0)
(-0.177671 1.23108 0)
(-0.411916 1.94798 0)
(-0.490713 2.31763 0)
(-0.434894 2.19742 0)
(-0.186778 2.09794 0)
(0.0698308 1.88269 0)
(0.421208 1.70704 0)
(0.730946 1.50308 0)
(1.07172 1.30476 0)
(1.3405 1.08588 0)
(1.59964 0.832954 0)
(1.74464 0.547761 0)
(1.84707 0.183315 0)
(1.76552 -0.225854 0)
(1.60874 -0.778248 0)
(1.15713 -1.39475 0)
(0.614251 -2.26722 0)
(-0.325504 -3.21514 0)
(-1.06812 -4.26428 0)
(-1.83927 -4.54585 0)
(-0.865705 -2.31945 0)
(-0.400723 1.40771 0)
(-0.724461 1.97987 0)
(-0.513321 2.18896 0)
(-0.226063 1.92405 0)
(0.338492 1.73828 0)
(0.810737 1.48667 0)
(1.37365 1.29888 0)
(1.83674 1.10957 0)
(2.31561 0.940848 0)
(2.68999 0.769544 0)
(3.04568 0.582872 0)
(3.26366 0.382881 0)
(3.44147 0.132167 0)
(3.40667 -0.137416 0)
(3.31983 -0.507655 0)
(2.88461 -0.902485 0)
(2.40536 -1.52103 0)
(1.37704 -2.23694 0)
(0.467337 -3.35546 0)
(-0.703003 -4.00886 0)
(-0.701861 -2.96457 0)
(-0.25792 2.41827 0)
(-0.106141 2.05522 0)
(0.681945 1.86952 0)
(1.33245 1.33719 0)
(2.15455 1.08097 0)
(2.78895 0.840154 0)
(3.45082 0.686906 0)
(3.97081 0.556714 0)
(4.47628 0.452023 0)
(4.86104 0.355621 0)
(5.21554 0.257922 0)
(5.43232 0.157499 0)
(5.61004 0.0371266 0)
(5.59061 -0.091375 0)
(5.53298 -0.266313 0)
(5.16183 -0.458933 0)
(4.76848 -0.7915 0)
(3.83437 -1.24506 0)
(2.86942 -2.25319 0)
(1.09376 -3.33054 0)
(-0.046632 -3.79859 0)
(1.66662 1.66896 0)
(2.70039 0.973985 0)
(4.53953 0.748059 0)
(5.37905 0.424013 0)
(6.24909 0.287016 0)
(6.76308 0.17885 0)
(7.24704 0.122025 0)
(7.57439 0.0814491 0)
(7.87532 0.0546681 0)
(8.07933 0.0337319 0)
(8.2614 0.0150583 0)
(8.34939 -0.0024078 0)
(8.41964 -0.0235727 0)
(8.3592 -0.0442702 0)
(8.29557 -0.079352 0)
(8.00639 -0.111982 0)
(7.74947 -0.200765 0)
(6.99501 -0.293018 0)
(6.26175 -0.624695 0)
(4.04553 -0.996936 0)
(2.00476 -1.81743 0)
)
;

boundaryField
{
    movingWall
    {
        type            fixedValue;
        value           uniform (10 0 0);
    }
    fixedWalls
    {
        type            noSlip;
    }
    frontAndBack
    {
        type            empty;
    }
}


// ************************************************************************* //
