/*--------------------------------*- C++ -*----------------------------------*\
| =========                 |                                                 |
| \\      /  F ield         | OpenFOAM: The Open Source CFD Toolbox           |
|  \\    /   O peration     | Version:  4.1                                   |
|   \\  /    A nd           | Web:      www.OpenFOAM.org                      |
|    \\/     M anipulation  |                                                 |
\*---------------------------------------------------------------------------*/
FoamFile
{
    version     2.0;
    format      ascii;
    class       volVectorField;
    location    "0.0487";
    object      U;
}
// * * * * * * * * * * * * * * * * * * * * * * * * * * * * * * * * * * * * * //

dimensions      [0 1 -1 0 0 0 0];

internalField   nonuniform List<vector> 
441
(
(0.00336684 -0.00458096 0)
(0.00858541 -0.00257774 0)
(-0.000644452 -2.18127e-165 0)
(0.001716 -2.80302e-266 0)
(-0.00879802 -0.00686461 0)
(-0.001716 -2.72836e-232 0)
(-1.08639e-202 -4.60942e-203 0)
(-1.15218e-203 -5.90334e-228 0)
(-1.49626e-212 -2.51127e-213 0)
(-0.0053035 7.96915e-266 0)
(-0.0639683 0.0212163 0)
(-0.0809678 0.0113074 0)
(-0.0922531 0.0053834 0)
(-0.0828794 0.000735006 0)
(-0.0705324 -0.00104109 0)
(-0.0498499 -0.00237572 0)
(-0.0314891 -0.00184629 0)
(-0.0138558 -0.00165907 0)
(-0.00186321 0.000221653 0)
(0.00192321 0.000864186 0)
(0.00392636 0.00248312 0)
(0.00324535 -0.00717387 0)
(-0.00218451 0.00655552 0)
(-0.027067 0.00776764 0)
(-0.0559371 0.0105888 0)
(-0.0980067 0.00952399 0)
(-0.136149 -0.00409336 0)
(-0.171136 -0.000389487 0)
(-0.203844 0.00131151 0)
(-0.23234 0.0111524 0)
(-0.261182 0.0567618 0)
(-0.281094 0.0526192 0)
(-0.276368 0.0172978 0)
(-0.265734 -0.00392234 0)
(-0.232831 -0.023137 0)
(-0.194267 -0.0320526 0)
(-0.143729 -0.0378293 0)
(-0.0969035 -0.0339243 0)
(-0.0528969 -0.02916 0)
(-0.0209529 -0.0155254 0)
(-0.00467027 -0.00739727 0)
(0.0040743 0.00358128 0)
(0.0065911 -0.00618492 0)
(-0.00569999 0.0273494 0)
(-0.0506797 0.0523839 0)
(-0.109612 0.0687288 0)
(-0.17977 0.0723018 0)
(-0.251365 0.069438 0)
(-0.326444 0.0652953 0)
(-0.385125 0.0591742 0)
(-0.442477 0.0551265 0)
(-0.468792 0.0527896 0)
(-0.463591 0.0372634 0)
(-0.448477 -0.00296974 0)
(-0.419925 -0.0375081 0)
(-0.368789 -0.0705797 0)
(-0.307893 -0.0892288 0)
(-0.231985 -0.100016 0)
(-0.160258 -0.0915532 0)
(-0.0916881 -0.0780945 0)
(-0.0409684 -0.046938 0)
(-0.0108821 -0.0245722 0)
(0.0054108 0.00233928 0)
(0.00593241 -0.00829652 0)
(-0.0138485 0.0654386 0)
(-0.0855568 0.11174 0)
(-0.168242 0.14182 0)
(-0.264034 0.151614 0)
(-0.35863 0.145083 0)
(-0.449944 0.134804 0)
(-0.527025 0.118102 0)
(-0.589461 0.0968465 0)
(-0.625034 0.0754246 0)
(-0.631026 0.0320639 0)
(-0.611303 -0.0274125 0)
(-0.572343 -0.0837199 0)
(-0.504448 -0.136245 0)
(-0.423162 -0.168646 0)
(-0.322123 -0.186867 0)
(-0.225512 -0.173658 0)
(-0.131179 -0.150033 0)
(-0.0609554 -0.0955054 0)
(-0.016154 -0.0551249 0)
(0.00724725 -0.00152376 0)
(6.26075e-165 0.0014831 0)
(-0.0203675 0.118419 0)
(-0.121477 0.206038 0)
(-0.222941 0.245919 0)
(-0.342319 0.26173 0)
(-0.456366 0.253727 0)
(-0.56816 0.232597 0)
(-0.660851 0.19777 0)
(-0.737034 0.152569 0)
(-0.780863 0.0949948 0)
(-0.793423 0.0239539 0)
(-0.774931 -0.0614197 0)
(-0.729837 -0.14361 0)
(-0.648953 -0.220064 0)
(-0.548914 -0.270475 0)
(-0.42115 -0.298454 0)
(-0.297673 -0.28104 0)
(-0.17179 -0.24368 0)
(-0.0802493 -0.16031 0)
(-0.0162135 -0.0935869 0)
(0.0137801 -0.00574365 0)
(-5.10896e-266 0.00513581 0)
(-0.0780269 0.191281 0)
(-0.168014 0.312552 0)
(-0.288483 0.364388 0)
(-0.4174 0.38498 0)
(-0.548133 0.37196 0)
(-0.672746 0.339885 0)
(-0.781323 0.287224 0)
(-0.870275 0.217634 0)
(-0.929002 0.131078 0)
(-0.956523 0.0263992 0)
(-0.945442 -0.0919592 0)
(-0.901443 -0.209442 0)
(-0.811331 -0.318654 0)
(-0.694438 -0.395956 0)
(-0.538234 -0.440378 0)
(-0.383748 -0.42196 0)
(-0.22031 -0.37042 0)
(-0.102415 -0.249204 0)
(-0.0150248 -0.15227 0)
(0.0160397 -0.00280218 0)
(-0.0205432 0.0826035 0)
(-0.107948 0.2831 0)
(-0.211317 0.416911 0)
(-0.343117 0.493654 0)
(-0.487861 0.520723 0)
(-0.634045 0.507803 0)
(-0.776074 0.465143 0)
(-0.902159 0.39451 0)
(-1.00975 0.300105 0)
(-1.0869 0.18103 0)
(-1.1324 0.040885 0)
(-1.13464 -0.11678 0)
(-1.09747 -0.276739 0)
(-1.00302 -0.427881 0)
(-0.872119 -0.542093 0)
(-0.685087 -0.610777 0)
(-0.496165 -0.596704 0)
(-0.282401 -0.527219 0)
(-0.136009 -0.36248 0)
(-0.00254749 -0.213774 0)
(5.73528e-266 -0.00400993 0)
(-0.0149376 0.135948 0)
(-0.102341 0.383159 0)
(-0.230857 0.548351 0)
(-0.381018 0.641744 0)
(-0.543833 0.676257 0)
(-0.707674 0.660549 0)
(-0.867148 0.608391 0)
(-1.01331 0.520846 0)
(-1.14213 0.402809 0)
(-1.24317 0.253211 0)
(-1.31301 0.0745159 0)
(-1.33614 -0.127918 0)
(-1.31406 -0.34058 0)
(-1.22274 -0.546062 0)
(-1.08276 -0.713161 0)
(-0.866526 -0.820118 0)
(-0.638171 -0.822957 0)
(-0.36794 -0.736471 0)
(-0.178242 -0.524577 0)
(-0.00259138 -0.297416 0)
(2.31343e-24 -1.24821e-24 0)
(-0.0131744 0.196638 0)
(-0.106178 0.497282 0)
(-0.251238 0.694182 0)
(-0.416567 0.804965 0)
(-0.596341 0.846275 0)
(-0.776533 0.829713 0)
(-0.953992 0.770049 0)
(-1.12061 0.66849 0)
(-1.27273 0.529809 0)
(-1.40051 0.351328 0)
(-1.49875 0.134414 0)
(-1.54962 -0.116239 0)
(-1.5509 -0.388782 0)
(-1.47239 -0.660346 0)
(-1.33209 -0.89616 0)
(-1.0916 -1.05818 0)
(-0.823889 -1.09168 0)
(-0.487298 -0.991864 0)
(-0.242801 -0.72062 0)
(-0.00434611 -0.399095 0)
(9.51666e-77 -5.78359e-25 0)
(-0.0116317 0.255986 0)
(-0.106288 0.622899 0)
(-0.263255 0.859597 0)
(-0.44027 0.987521 0)
(-0.633393 1.0368 0)
(-0.827191 1.01828 0)
(-1.0194 0.952825 0)
(-1.20445 0.839251 0)
(-1.37816 0.682918 0)
(-1.53305 0.478534 0)
(-1.66179 0.223872 0)
(-1.74578 -0.0769653 0)
(-1.77873 -0.417294 0)
(-1.72473 -0.767413 0)
(-1.59657 -1.09321 0)
(-1.34348 -1.33386 0)
(-1.04093 -1.42572 0)
(-0.634291 -1.32708 0)
(-0.322138 -1.00219 0)
(-0.00592635 -0.554427 0)
(2.6616e-164 -2.37916e-77 0)
(-0.0121557 0.311354 0)
(-0.11148 0.747222 0)
(-0.279122 1.02604 0)
(-0.465228 1.17299 0)
(-0.667084 1.23167 0)
(-0.869158 1.21384 0)
(-1.0695 1.14633 0)
(-1.26639 1.02587 0)
(-1.4547 0.858023 0)
(-1.63146 0.634101 0)
(-1.78691 0.347631 0)
(-1.90532 0.000216813 0)
(-1.97534 -0.408051 0)
(-1.95888 -0.843461 0)
(-1.86004 -1.2743 0)
(-1.61549 -1.61733 0)
(-1.29561 -1.7961 0)
(-0.828841 -1.71811 0)
(-0.44428 -1.33793 0)
(-0.0722235 -0.733226 0)
(1.68262e-265 0.0124885 0)
(-0.0134173 0.380615 0)
(-0.114567 0.892041 0)
(-0.287925 1.21493 0)
(-0.476716 1.37625 0)
(-0.679094 1.44196 0)
(-0.880401 1.4207 0)
(-1.07811 1.35071 0)
(-1.27544 1.22397 0)
(-1.46589 1.04807 0)
(-1.65274 0.809903 0)
(-1.82463 0.497585 0)
(-1.97159 0.110264 0)
(-2.07899 -0.363506 0)
(-2.10977 -0.885113 0)
(-2.05885 -1.4359 0)
(-1.85036 -1.90477 0)
(-1.5383 -2.21151 0)
(-1.02508 -2.19198 0)
(-0.549563 -1.75328 0)
(-0.0715138 -1.01742 0)
(0.0499539 -0.0681022 0)
(-0.0175324 0.435022 0)
(-0.125553 1.01881 0)
(-0.307945 1.38532 0)
(-0.497043 1.56088 0)
(-0.691079 1.63354 0)
(-0.880159 1.61026 0)
(-1.05859 1.54035 0)
(-1.23889 1.41199 0)
(-1.41064 1.2349 0)
(-1.58809 0.99211 0)
(-1.75633 0.666909 0)
(-1.91831 0.254721 0)
(-2.05404 -0.267663 0)
(-2.13817 -0.863128 0)
(-2.1518 -1.52893 0)
(-2.01404 -2.13987 0)
(-1.75561 -2.6153 0)
(-1.2178 -2.71531 0)
(-0.690987 -2.28494 0)
(0.0373818 -1.33928 0)
(2.30904e-231 -0.0124885 0)
(-0.0229755 0.526596 0)
(-0.135442 1.18552 0)
(-0.320346 1.59025 0)
(-0.500258 1.76046 0)
(-0.672902 1.82816 0)
(-0.834517 1.78847 0)
(-0.975457 1.71127 0)
(-1.11808 1.5759 0)
(-1.24773 1.39777 0)
(-1.39033 1.15528 0)
(-1.52885 0.827355 0)
(-1.68119 0.407588 0)
(-1.8268 -0.144221 0)
(-1.95683 -0.788195 0)
(-2.04683 -1.55975 0)
(-2.01927 -2.30557 0)
(-1.87719 -3.00735 0)
(-1.41784 -3.27454 0)
(-0.884686 -3.0031 0)
(-0.00365136 -1.7442 0)
(5.64948e-202 4.50553e-184 0)
(-0.0396913 0.586339 0)
(-0.173241 1.3101 0)
(-0.369718 1.74622 0)
(-0.53805 1.90788 0)
(-0.671031 1.96612 0)
(-0.785811 1.90931 0)
(-0.860868 1.82353 0)
(-0.939245 1.68287 0)
(-0.99523 1.50743 0)
(-1.07377 1.27368 0)
(-1.14919 0.958758 0)
(-1.26433 0.554827 0)
(-1.38848 0.0107886 0)
(-1.55289 -0.639433 0)
(-1.70782 -1.459 0)
(-1.83251 -2.30666 0)
(-1.85022 -3.20136 0)
(-1.58908 -3.71689 0)
(-1.12328 -3.67664 0)
(-0.0107175 -2.25336 0)
(1.80221e-183 1.70993e-185 0)
(-0.0587669 0.747406 0)
(-0.211764 1.51984 0)
(-0.405998 1.96438 0)
(-0.545965 2.0631 0)
(-0.61947 2.08298 0)
(-0.666275 1.97895 0)
(-0.654113 1.86885 0)
(-0.644953 1.71093 0)
(-0.603481 1.53392 0)
(-0.59056 1.31036 0)
(-0.574017 1.01756 0)
(-0.616262 0.648889 0)
(-0.68379 0.142327 0)
(-0.839106 -0.465704 0)
(-1.03516 -1.28349 0)
(-1.29533 -2.15985 0)
(-1.53738 -3.25609 0)
(-1.59446 -4.00882 0)
(-1.43632 -4.59957 0)
(-0.45928 -2.91414 0)
(4.3608e-254 -4.50553e-184 0)
(-0.124302 0.842726 0)
(-0.344659 1.64415 0)
(-0.532093 2.07509 0)
(-0.626047 2.11158 0)
(-0.585321 2.08558 0)
(-0.524666 1.93897 0)
(-0.377064 1.8031 0)
(-0.246919 1.63118 0)
(-0.0747606 1.45448 0)
(0.0530192 1.24648 0)
(0.187145 0.986436 0)
(0.235962 0.670308 0)
(0.257198 0.237078 0)
(0.126745 -0.278823 0)
(-0.0559362 -0.994794 0)
(-0.477956 -1.79328 0)
(-0.887921 -2.87623 0)
(-1.57002 -3.81715 0)
(-1.70471 -4.72356 0)
(-2.05999 -3.76594 0)
(-2.53891e-264 -0.213111 0)
(-0.179338 1.23761 0)
(-0.434172 1.93191 0)
(-0.550032 2.26798 0)
(-0.538852 2.1166 0)
(-0.341065 1.99544 0)
(-0.134279 1.77042 0)
(0.169768 1.59775 0)
(0.439425 1.40879 0)
(0.749377 1.23607 0)
(0.999728 1.05017 0)
(1.25331 0.833908 0)
(1.40602 0.583621 0)
(1.52699 0.248011 0)
(1.47301 -0.14314 0)
(1.34834 -0.689409 0)
(0.933612 -1.31116 0)
(0.429433 -2.1943 0)
(-0.460393 -3.14798 0)
(-1.14841 -4.19794 0)
(-1.85352 -4.47371 0)
(-0.852445 -2.29833 0)
(-0.399643 1.42175 0)
(-0.729473 1.98612 0)
(-0.538879 2.17391 0)
(-0.281935 1.88585 0)
(0.243755 1.68214 0)
(0.674438 1.42046 0)
(1.19541 1.23154 0)
(1.62127 1.04968 0)
(2.0702 0.896079 0)
(2.42559 0.745379 0)
(2.77441 0.582269 0)
(2.99867 0.405076 0)
(3.19387 0.173321 0)
(3.18583 -0.0845374 0)
(3.12995 -0.451558 0)
(2.72804 -0.851859 0)
(2.27869 -1.48192 0)
(1.28165 -2.20856 0)
(0.402427 -3.33363 0)
(-0.730082 -3.98487 0)
(-0.69785 -2.96 0)
(-0.255083 2.42856 0)
(-0.09675 2.06581 0)
(0.688722 1.87109 0)
(1.32599 1.32641 0)
(2.12456 1.05975 0)
(2.72952 0.812376 0)
(3.3588 0.657429 0)
(3.848 0.530095 0)
(4.3275 0.432305 0)
(4.69489 0.345612 0)
(5.04222 0.259022 0)
(5.26329 0.16922 0)
(5.4553 0.0572717 0)
(5.45848 -0.0665176 0)
(5.42715 -0.241387 0)
(5.08312 -0.438036 0)
(4.71229 -0.778405 0)
(3.7963 -1.23886 0)
(2.84428 -2.25291 0)
(1.0822 -3.32765 0)
(-0.044329 -3.80035 0)
(1.66889 1.67118 0)
(2.71021 0.976539 0)
(4.55438 0.749488 0)
(5.39208 0.423459 0)
(6.25319 0.2847 0)
(6.75332 0.175476 0)
(7.22077 0.118506 0)
(7.53221 0.0785655 0)
(7.81997 0.0530861 0)
(8.01598 0.0337874 0)
(8.19601 0.0168299 0)
(8.28864 0.000749142 0)
(8.3687 -0.0195833 0)
(8.3222 -0.0402947 0)
(8.27303 -0.0761878 0)
(7.99744 -0.110329 0)
(7.74926 -0.201005 0)
(6.99935 -0.294812 0)
(6.26568 -0.627673 0)
(4.04766 -0.999738 0)
(2.00807 -1.82099 0)
)
;

boundaryField
{
    movingWall
    {
        type            fixedValue;
        value           uniform (10 0 0);
    }
    fixedWalls
    {
        type            noSlip;
    }
    frontAndBack
    {
        type            empty;
    }
}


// ************************************************************************* //
