/*--------------------------------*- C++ -*----------------------------------*\
| =========                 |                                                 |
| \\      /  F ield         | OpenFOAM: The Open Source CFD Toolbox           |
|  \\    /   O peration     | Version:  4.1                                   |
|   \\  /    A nd           | Web:      www.OpenFOAM.org                      |
|    \\/     M anipulation  |                                                 |
\*---------------------------------------------------------------------------*/
FoamFile
{
    version     2.0;
    format      ascii;
    class       volVectorField;
    location    "0.0311";
    object      U;
}
// * * * * * * * * * * * * * * * * * * * * * * * * * * * * * * * * * * * * * //

dimensions      [0 1 -1 0 0 0 0];

internalField   nonuniform List<vector> 
441
(
(0.0032772 -0.00460433 0)
(0.00810221 -0.00270589 0)
(-0.000676543 -2.24194e-165 0)
(0.00158895 -2.5027e-266 0)
(-0.00951803 -0.00635637 0)
(-0.00158895 -2.57292e-232 0)
(-1.08213e-202 -3.9898e-203 0)
(-9.97265e-204 -4.96118e-228 0)
(-1.3686e-212 -2.05641e-213 0)
(-0.00482173 7.33161e-266 0)
(-0.0572094 0.0192888 0)
(-0.0727802 0.0104322 0)
(-0.0835355 0.005104 0)
(-0.0763073 0.000992127 0)
(-0.0666668 -0.000616571 0)
(-0.0493559 -0.00189913 0)
(-0.0335193 -0.00162116 0)
(-0.0171985 -0.00166686 0)
(-0.00510151 -0.000126687 0)
(0.00029417 0.000478153 0)
(0.00345589 0.00219091 0)
(0.00297789 -0.00656449 0)
(-0.00326619 0.00665854 0)
(-0.028108 0.00758777 0)
(-0.0559539 0.0109475 0)
(-0.0953718 0.00880758 0)
(-0.129533 -0.00495864 0)
(-0.159853 -0.000612731 0)
(-0.187284 0.00108583 0)
(-0.210474 0.0098719 0)
(-0.234053 0.0506159 0)
(-0.250224 0.0470243 0)
(-0.245499 0.0161656 0)
(-0.237035 -0.00196987 0)
(-0.209971 -0.0184433 0)
(-0.178618 -0.02636 0)
(-0.136284 -0.0322638 0)
(-0.0961067 -0.0303217 0)
(-0.0562675 -0.0278474 0)
(-0.0254423 -0.0169569 0)
(-0.00722154 -0.00976817 0)
(0.00336725 0.00175942 0)
(0.00613681 -0.0049089 0)
(-0.00646042 0.0279888 0)
(-0.0504625 0.0512817 0)
(-0.10599 0.0652525 0)
(-0.170014 0.0662364 0)
(-0.234144 0.0610375 0)
(-0.299312 0.0556563 0)
(-0.347658 0.048913 0)
(-0.394275 0.0449134 0)
(-0.413232 0.0434913 0)
(-0.405434 0.0315309 0)
(-0.390822 -0.00174923 0)
(-0.366572 -0.0298388 0)
(-0.324341 -0.0572682 0)
(-0.274807 -0.0734688 0)
(-0.211899 -0.0846313 0)
(-0.151426 -0.0805934 0)
(-0.0909756 -0.0727385 0)
(-0.0439603 -0.0481548 0)
(-0.0131885 -0.0286766 0)
(0.00452547 -0.00115656 0)
(0.00591139 -0.00641612 0)
(-0.0126435 0.0648111 0)
(-0.080524 0.107239 0)
(-0.156609 0.132477 0)
(-0.242664 0.13726 0)
(-0.325457 0.126709 0)
(-0.402986 0.114109 0)
(-0.465916 0.0967035 0)
(-0.514974 0.0771482 0)
(-0.540405 0.0594952 0)
(-0.540974 0.0243534 0)
(-0.521174 -0.0236624 0)
(-0.487439 -0.0685689 0)
(-0.431132 -0.111167 0)
(-0.365315 -0.138604 0)
(-0.282707 -0.156889 0)
(-0.203028 -0.150729 0)
(-0.122262 -0.136758 0)
(-0.0597987 -0.0940039 0)
(-0.016812 -0.0595333 0)
(0.00644753 -0.0065636 0)
(6.03578e-165 0.00147785 0)
(-0.0179471 0.114026 0)
(-0.111357 0.194522 0)
(-0.20247 0.226205 0)
(-0.307715 0.234211 0)
(-0.405545 0.219888 0)
(-0.498861 0.195168 0)
(-0.573025 0.160123 0)
(-0.631598 0.118938 0)
(-0.661698 0.0701076 0)
(-0.665761 0.0126944 0)
(-0.645407 -0.0550392 0)
(-0.605569 -0.119186 0)
(-0.538471 -0.179606 0)
(-0.458217 -0.220875 0)
(-0.3554 -0.247543 0)
(-0.256119 -0.239662 0)
(-0.151385 -0.21683 0)
(-0.0732505 -0.152043 0)
(-0.0148806 -0.0956215 0)
(0.0127903 -0.0106426 0)
(-4.9899e-266 0.0048734 0)
(-0.0724007 0.180369 0)
(-0.151815 0.290108 0)
(-0.257977 0.330502 0)
(-0.368735 0.340307 0)
(-0.478739 0.31888 0)
(-0.58041 0.282139 0)
(-0.66575 0.229698 0)
(-0.732405 0.16649 0)
(-0.772535 0.0929767 0)
(-0.7868 0.00826229 0)
(-0.770599 -0.0847339 0)
(-0.730399 -0.1753 0)
(-0.655469 -0.25983 0)
(-0.562491 -0.32121 0)
(-0.438617 -0.360968 0)
(-0.317111 -0.353753 0)
(-0.18456 -0.322298 0)
(-0.0873482 -0.228807 0)
(-0.0100401 -0.148506 0)
(0.0158268 -0.00769675 0)
(-0.0194936 0.0770429 0)
(-0.0989909 0.262569 0)
(-0.189204 0.380594 0)
(-0.30343 0.441581 0)
(-0.426259 0.454443 0)
(-0.547522 0.430443 0)
(-0.661904 0.381664 0)
(-0.759595 0.311462 0)
(-0.839187 0.225641 0)
(-0.891818 0.124351 0)
(-0.918207 0.0112143 0)
(-0.910595 -0.111651 0)
(-0.874339 -0.233412 0)
(-0.795257 -0.348139 0)
(-0.691732 -0.436302 0)
(-0.544758 -0.494196 0)
(-0.398822 -0.491554 0)
(-0.228518 -0.448417 0)
(-0.112375 -0.32367 0)
(0.00227623 -0.200346 0)
(5.46496e-266 -0.0039567 0)
(-0.0139228 0.125635 0)
(-0.0920701 0.351142 0)
(-0.204757 0.495242 0)
(-0.334618 0.568408 0)
(-0.47242 0.584848 0)
(-0.607771 0.554995 0)
(-0.735441 0.494682 0)
(-0.848246 0.407037 0)
(-0.943308 0.29916 0)
(-1.01341 0.171572 0)
(-1.05746 0.0273684 0)
(-1.06486 -0.129527 0)
(-1.03929 -0.290255 0)
(-0.961873 -0.444235 0)
(-0.851077 -0.571022 0)
(-0.681592 -0.657113 0)
(-0.505993 -0.668342 0)
(-0.293555 -0.613953 0)
(-0.145323 -0.455398 0)
(-0.00150395 -0.269438 0)
(1.9848e-24 -1.52715e-24 0)
(-0.012042 0.18003 0)
(-0.0950706 0.451713 0)
(-0.22319 0.621903 0)
(-0.366915 0.70772 0)
(-0.520045 0.726681 0)
(-0.669593 0.692256 0)
(-0.812365 0.6216 0)
(-0.94185 0.518534 0)
(-1.05545 0.390766 0)
(-1.1467 0.238076 0)
(-1.21303 0.0632204 0)
(-1.24219 -0.130209 0)
(-1.23471 -0.335165 0)
(-1.1667 -0.537255 0)
(-1.05452 -0.714529 0)
(-0.863941 -0.841418 0)
(-0.65571 -0.876106 0)
(-0.389094 -0.812861 0)
(-0.197594 -0.609284 0)
(-0.00358745 -0.35163 0)
(8.16308e-77 -4.962e-25 0)
(-0.0106024 0.233547 0)
(-0.0958489 0.563949 0)
(-0.236536 0.76807 0)
(-0.392611 0.866052 0)
(-0.559602 0.888281 0)
(-0.7229 0.847589 0)
(-0.880047 0.767493 0)
(-1.02686 0.650016 0)
(-1.16012 0.504366 0)
(-1.27567 0.32865 0)
(-1.36884 0.123106 0)
(-1.42678 -0.1089 0)
(-1.44606 -0.365401 0)
(-1.39752 -0.626692 0)
(-1.29276 -0.873172 0)
(-1.08703 -1.06061 0)
(-0.844463 -1.14167 0)
(-0.514629 -1.08017 0)
(-0.264401 -0.836176 0)
(-0.00500632 -0.479489 0)
(2.27819e-164 -2.04077e-77 0)
(-0.0113452 0.283464 0)
(-0.103195 0.676002 0)
(-0.257454 0.91671 0)
(-0.425823 1.02882 0)
(-0.605012 1.05565 0)
(-0.780072 1.01105 0)
(-0.948826 0.92482 0)
(-1.11073 0.797484 0)
(-1.26147 0.639383 0)
(-1.40109 0.446171 0)
(-1.52209 0.214866 0)
(-1.6139 -0.0533331 0)
(-1.66731 -0.362874 0)
(-1.65044 -0.691323 0)
(-1.56611 -1.02219 0)
(-1.35855 -1.29244 0)
(-1.08906 -1.44386 0)
(-0.694854 -1.39882 0)
(-0.374332 -1.10882 0)
(-0.062912 -0.62611 0)
(1.44472e-265 0.0110014 0)
(-0.0130642 0.349202 0)
(-0.110339 0.812258 0)
(-0.275723 1.09241 0)
(-0.452948 1.21451 0)
(-0.639654 1.24394 0)
(-0.821582 1.19161 0)
(-0.996076 1.09901 0)
(-1.16732 0.962414 0)
(-1.3294 0.794975 0)
(-1.48791 0.588624 0)
(-1.6329 0.335764 0)
(-1.758 0.0351619 0)
(-1.84936 -0.328984 0)
(-1.87422 -0.730251 0)
(-1.82591 -1.16491 0)
(-1.63622 -1.54348 0)
(-1.35433 -1.80485 0)
(-0.896229 -1.80661 0)
(-0.478488 -1.46342 0)
(-0.0632335 -0.87025 0)
(0.0440055 -0.0599116 0)
(-0.0178227 0.402625 0)
(-0.127024 0.935764 0)
(-0.309161 1.25652 0)
(-0.495747 1.38955 0)
(-0.684701 1.42256 0)
(-0.866361 1.36498 0)
(-1.03508 1.26963 0)
(-1.20405 1.12926 0)
(-1.36305 0.9596 0)
(-1.52755 0.748986 0)
(-1.6828 0.485268 0)
(-1.83315 0.16315 0)
(-1.95743 -0.244934 0)
(-2.03201 -0.714545 0)
(-2.03509 -1.25626 0)
(-1.89316 -1.76592 0)
(-1.63411 -2.17836 0)
(-1.12159 -2.2818 0)
(-0.627866 -1.93503 0)
(0.0332859 -1.15403 0)
(2.07339e-231 -0.0110014 0)
(-0.0240916 0.496947 0)
(-0.143875 1.1067 0)
(-0.337941 1.46498 0)
(-0.526624 1.59117 0)
(-0.70758 1.61764 0)
(-0.87709 1.54225 0)
(-1.02565 1.43848 0)
(-1.17581 1.2902 0)
(-1.31257 1.11885 0)
(-1.46168 0.907875 0)
(-1.6049 0.64057 0)
(-1.7591 0.308997 0)
(-1.90086 -0.131425 0)
(-2.02002 -0.654011 0)
(-2.08833 -1.30471 0)
(-2.03248 -1.94943 0)
(-1.85597 -2.57758 0)
(-1.37801 -2.82951 0)
(-0.841284 -2.6143 0)
(-0.00398559 -1.53042 0)
(5.24435e-202 4.28194e-184 0)
(-0.0415869 0.563364 0)
(-0.188417 1.2435 0)
(-0.403565 1.63518 0)
(-0.592448 1.75351 0)
(-0.748038 1.77113 0)
(-0.887069 1.67934 0)
(-0.988116 1.56771 0)
(-1.0936 1.4145 0)
(-1.17685 1.24539 0)
(-1.28106 1.0413 0)
(-1.3783 0.783077 0)
(-1.50827 0.460568 0)
(-1.63672 0.0178536 0)
(-1.79124 -0.524298 0)
(-1.91824 -1.23773 0)
(-1.99707 -1.9964 0)
(-1.95229 -2.81967 0)
(-1.63017 -3.30575 0)
(-1.11525 -3.28834 0)
(-0.00902722 -2.02228 0)
(1.71278e-183 2.00082e-184 0)
(-0.061173 0.734614 0)
(-0.231626 1.47296 0)
(-0.451838 1.87814 0)
(-0.622028 1.93684 0)
(-0.730232 1.91908 0)
(-0.815128 1.78274 0)
(-0.844269 1.64887 0)
(-0.87806 1.47926 0)
(-0.879615 1.30752 0)
(-0.906725 1.10988 0)
(-0.924141 0.866721 0)
(-0.989984 0.56854 0)
(-1.0673 0.14851 0)
(-1.21451 -0.370398 0)
(-1.38174 -1.10342 0)
(-1.58913 -1.91305 0)
(-1.75532 -2.9516 0)
(-1.72004 -3.67477 0)
(-1.47526 -4.25562 0)
(-0.445348 -2.69014 0)
(4.2152e-254 -4.28194e-184 0)
(-0.12649 0.841684 0)
(-0.364272 1.62086 0)
(-0.579829 2.01989 0)
(-0.708125 2.02189 0)
(-0.708359 1.96305 0)
(-0.693267 1.78816 0)
(-0.595577 1.63124 0)
(-0.517194 1.44851 0)
(-0.39681 1.2751 0)
(-0.316631 1.08757 0)
(-0.222498 0.867594 0)
(-0.200711 0.608538 0)
(-0.191016 0.244762 0)
(-0.313145 -0.201621 0)
(-0.468948 -0.856125 0)
(-0.839182 -1.61221 0)
(-1.17851 -2.66421 0)
(-1.7558 -3.58584 0)
(-1.79195 -4.48058 0)
(-2.02758 -3.57212 0)
(-2.45093e-264 -0.207894 0)
(-0.18021 1.24624 0)
(-0.446557 1.93044 0)
(-0.585125 2.24396 0)
(-0.60434 2.06561 0)
(-0.4452 1.91802 0)
(-0.282804 1.66981 0)
(-0.0286584 1.47951 0)
(0.188532 1.28077 0)
(0.445415 1.10901 0)
(0.646746 0.937104 0)
(0.859276 0.749643 0)
(0.984598 0.541155 0)
(1.09482 0.256585 0)
(1.04991 -0.0838523 0)
(0.951797 -0.58833 0)
(0.581826 -1.18679 0)
(0.135418 -2.06382 0)
(-0.674034 -3.01768 0)
(-1.27166 -4.06946 0)
(-1.87118 -4.34585 0)
(-0.831575 -2.2569 0)
(-0.398527 1.43375 0)
(-0.729481 1.99697 0)
(-0.549323 2.17171 0)
(-0.311243 1.86537 0)
(0.186188 1.64286 0)
(0.581422 1.36435 0)
(1.05994 1.16239 0)
(1.43929 0.972917 0)
(1.83972 0.818939 0)
(2.14932 0.676527 0)
(2.45915 0.531461 0)
(2.65719 0.380852 0)
(2.84226 0.181825 0)
(2.84378 -0.0435511 0)
(2.8142 -0.38446 0)
(2.45384 -0.772666 0)
(2.05136 -1.40622 0)
(1.10942 -2.14554 0)
(0.287222 -3.28274 0)
(-0.777854 -3.93705 0)
(-0.692973 -2.94776 0)
(-0.253008 2.43605 0)
(-0.0878747 2.07589 0)
(0.699681 1.87662 0)
(1.33137 1.32313 0)
(2.11523 1.04677 0)
(2.6975 0.790613 0)
(3.2966 0.629016 0)
(3.75081 0.497945 0)
(4.19269 0.400129 0)
(4.52402 0.317671 0)
(4.84071 0.239853 0)
(5.04166 0.162672 0)
(5.22732 0.0656966 0)
(5.24075 -0.0437323 0)
(5.23422 -0.208337 0)
(4.92654 -0.40173 0)
(4.59439 -0.748203 0)
(3.71494 -1.2192 0)
(2.79226 -2.24546 0)
(1.05892 -3.32015 0)
(-0.0418975 -3.80177 0)
(1.67022 1.67252 0)
(2.71739 0.978569 0)
(4.56726 0.75115 0)
(5.40643 0.423824 0)
(6.26342 0.283542 0)
(6.75409 0.173012 0)
(7.20746 0.11519 0)
(7.50195 0.0749641 0)
(7.77157 0.0498786 0)
(7.95086 0.0316408 0)
(8.11784 0.0164125 0)
(8.20399 0.00242365 0)
(8.2854 -0.0157047 0)
(8.24943 -0.0348645 0)
(8.21729 -0.070205 0)
(7.96336 -0.10547 0)
(7.73421 -0.198728 0)
(6.99823 -0.295778 0)
(6.26913 -0.631738 0)
(4.05079 -1.00473 0)
(2.01315 -1.8275 0)
)
;

boundaryField
{
    movingWall
    {
        type            fixedValue;
        value           uniform (10 0 0);
    }
    fixedWalls
    {
        type            noSlip;
    }
    frontAndBack
    {
        type            empty;
    }
}


// ************************************************************************* //
