/*--------------------------------*- C++ -*----------------------------------*\
| =========                 |                                                 |
| \\      /  F ield         | OpenFOAM: The Open Source CFD Toolbox           |
|  \\    /   O peration     | Version:  4.1                                   |
|   \\  /    A nd           | Web:      www.OpenFOAM.org                      |
|    \\/     M anipulation  |                                                 |
\*---------------------------------------------------------------------------*/
FoamFile
{
    version     2.0;
    format      ascii;
    class       volVectorField;
    location    "0.0842";
    object      U;
}
// * * * * * * * * * * * * * * * * * * * * * * * * * * * * * * * * * * * * * //

dimensions      [0 1 -1 0 0 0 0];

internalField   nonuniform List<vector> 
441
(
(0.00370969 -0.00481017 0)
(0.00969123 -0.00253956 0)
(-0.000634889 -2.20619e-165 0)
(0.00195188 -3.30421e-266 0)
(-0.00837654 -0.00780791 0)
(-0.00195188 -3.04144e-232 0)
(-1.13807e-202 -5.5669e-203 0)
(-1.39164e-203 -7.30332e-228 0)
(-1.71292e-212 -3.18654e-213 0)
(-0.00611621 9.07481e-266 0)
(-0.0749513 0.024466 0)
(-0.0941962 0.0128019 0)
(-0.106141 0.00586472 0)
(-0.0934341 0.000400958 0)
(-0.0769349 -0.00164164 0)
(-0.0513016 -0.00300872 0)
(-0.0292041 -0.0021573 0)
(-0.00948429 -0.00160825 0)
(0.00251839 0.000720472 0)
(0.00437048 0.00148338 0)
(0.00454009 0.00297672 0)
(0.00380905 -0.00840504 0)
(-0.000973028 0.00681357 0)
(-0.027407 0.00845558 0)
(-0.0592019 0.0107099 0)
(-0.106657 0.0108326 0)
(-0.151506 -0.00327029 0)
(-0.193763 -0.000158994 0)
(-0.234437 0.00165458 0)
(-0.270563 0.0131814 0)
(-0.306965 0.0667297 0)
(-0.331724 0.0614356 0)
(-0.326022 0.0188119 0)
(-0.311149 -0.00723009 0)
(-0.268977 -0.0303933 0)
(-0.219386 -0.0406769 0)
(-0.156832 -0.0460424 0)
(-0.10024 -0.039485 0)
(-0.0498334 -0.0313947 0)
(-0.0157638 -0.0140547 0)
(-0.00129346 -0.00423003 0)
(0.00490997 0.0061598 0)
(0.00756377 -0.00815358 0)
(-0.0052039 0.028289 0)
(-0.0541568 0.056837 0)
(-0.120605 0.0766976 0)
(-0.201875 0.0833198 0)
(-0.286022 0.0829584 0)
(-0.376517 0.0800367 0)
(-0.450239 0.0743031 0)
(-0.522632 0.0697469 0)
(-0.558145 0.0657507 0)
(-0.5542 0.0444584 0)
(-0.536132 -0.00651676 0)
(-0.499245 -0.0504918 0)
(-0.434121 -0.0911587 0)
(-0.356399 -0.112811 0)
(-0.262311 -0.122442 0)
(-0.174988 -0.107963 0)
(-0.0950135 -0.086608 0)
(-0.0386549 -0.0467111 0)
(-0.00829442 -0.0196388 0)
(0.00633783 0.0069833 0)
(0.00634209 -0.0110942 0)
(-0.0162198 0.0703028 0)
(-0.0969252 0.123818 0)
(-0.192228 0.160871 0)
(-0.30459 0.176617 0)
(-0.417783 0.174149 0)
(-0.529373 0.165797 0)
(-0.626078 0.14869 0)
(-0.705664 0.123573 0)
(-0.752631 0.095571 0)
(-0.762095 0.0391494 0)
(-0.738493 -0.0372894 0)
(-0.68871 -0.109414 0)
(-0.60287 -0.174442 0)
(-0.499732 -0.212335 0)
(-0.374587 -0.229014 0)
(-0.256351 -0.206225 0)
(-0.144788 -0.169427 0)
(-0.0642868 -0.099887 0)
(-0.015879 -0.0506184 0)
(0.00798082 0.0045902 0)
(6.90719e-165 0.00158552 0)
(-0.0246067 0.131098 0)
(-0.140892 0.232046 0)
(-0.260077 0.282887 0)
(-0.401891 0.307741 0)
(-0.539853 0.305855 0)
(-0.677216 0.286977 0)
(-0.793716 0.249462 0)
(-0.89046 0.195543 0)
(-0.947739 0.122901 0)
(-0.965079 0.0307313 0)
(-0.942726 -0.0796388 0)
(-0.885168 -0.185347 0)
(-0.783306 -0.280505 0)
(-0.656928 -0.340007 0)
(-0.499136 -0.366749 0)
(-0.347555 -0.336263 0)
(-0.197561 -0.279827 0)
(-0.0902496 -0.173888 0)
(-0.0183361 -0.0928016 0)
(0.0145918 -0.000126621 0)
(-5.59874e-266 0.00579073 0)
(-0.0896927 0.215997 0)
(-0.196909 0.357247 0)
(-0.340045 0.423734 0)
(-0.495324 0.45624 0)
(-0.654494 0.450556 0)
(-0.808283 0.420292 0)
(-0.944086 0.362191 0)
(-1.05614 0.2785 0)
(-1.13081 0.169393 0)
(-1.16547 0.0344387 0)
(-1.15148 -0.118248 0)
(-1.09486 -0.268592 0)
(-0.981931 -0.404353 0)
(-0.835367 -0.496071 0)
(-0.64375 -0.540934 0)
(-0.454785 -0.506751 0)
(-0.259764 -0.429945 0)
(-0.120132 -0.2771 0)
(-0.0206262 -0.15872 0)
(0.0161355 0.00219558 0)
(-0.0231629 0.0945167 0)
(-0.125058 0.324391 0)
(-0.248524 0.482758 0)
(-0.405995 0.579422 0)
(-0.580366 0.621325 0)
(-0.75807 0.617294 0)
(-0.932237 0.575702 0)
(-1.08813 0.49635 0)
(-1.22125 0.382008 0)
(-1.31652 0.231966 0)
(-1.37127 0.0518878 0)
(-1.37219 -0.150576 0)
(-1.32332 -0.353897 0)
(-1.20582 -0.540983 0)
(-1.04363 -0.676733 0)
(-0.817238 -0.749286 0)
(-0.588312 -0.717966 0)
(-0.334968 -0.617007 0)
(-0.16029 -0.409735 0)
(-0.00752841 -0.23095 0)
(5.96844e-266 -0.00403386 0)
(-0.017096 0.156483 0)
(-0.119755 0.442526 0)
(-0.271548 0.638717 0)
(-0.449586 0.756346 0)
(-0.643875 0.80851 0)
(-0.840734 0.802696 0)
(-1.03343 0.750638 0)
(-1.21041 0.651053 0)
(-1.36573 0.507314 0)
(-1.48619 0.318838 0)
(-1.56703 0.0905335 0)
(-1.5908 -0.1673 0)
(-1.55924 -0.434446 0)
(-1.44672 -0.686329 0)
(-1.27667 -0.883976 0)
(-1.02002 -1.00052 0)
(-0.748755 -0.987393 0)
(-0.431964 -0.864431 0)
(-0.208059 -0.599884 0)
(-0.00367771 -0.328627 0)
(2.60296e-24 -1.06969e-24 0)
(-0.0151844 0.227688 0)
(-0.123293 0.576945 0)
(-0.291724 0.810918 0)
(-0.484548 0.949834 0)
(-0.695072 1.01109 0)
(-0.907143 1.00517 0)
(-1.11645 0.944405 0)
(-1.31242 0.827442 0)
(-1.48985 0.657508 0)
(-1.63645 0.432603 0)
(-1.74611 0.15708 0)
(-1.79928 -0.158931 0)
(-1.79418 -0.496525 0)
(-1.69872 -0.824923 0)
(-1.53315 -1.10126 0)
(-1.25604 -1.28052 0)
(-0.947206 -1.30236 0)
(-0.561698 -1.16319 0)
(-0.278888 -0.830182 0)
(-0.00498999 -0.447061 0)
(1.05913e-76 -6.5074e-25 0)
(-0.0131738 0.29552 0)
(-0.120653 0.720779 0)
(-0.298221 1.00067 0)
(-0.499417 1.16024 0)
(-0.719481 1.23148 0)
(-0.940895 1.22398 0)
(-1.16029 1.15612 0)
(-1.37005 1.02399 0)
(-1.56478 0.831493 0)
(-1.73525 0.574365 0)
(-1.87384 0.253699 0)
(-1.96085 -0.120433 0)
(-1.9909 -0.534319 0)
(-1.92626 -0.950034 0)
(-1.78143 -1.32579 0)
(-1.50096 -1.59257 0)
(-1.16529 -1.68022 0)
(-0.713412 -1.54331 0)
(-0.363039 -1.15089 0)
(-0.00717005 -0.623082 0)
(2.94444e-164 -2.64782e-77 0)
(-0.0131474 0.358026 0)
(-0.121258 0.860217 0)
(-0.30365 1.18732 0)
(-0.507385 1.36877 0)
(-0.728908 1.4508 0)
(-0.950814 1.4439 0)
(-1.17014 1.37241 0)
(-1.38354 1.2304 0)
(-1.58524 1.02227 0)
(-1.77136 0.740801 0)
(-1.93268 0.38329 0)
(-2.05334 -0.0422757 0)
(-2.1236 -0.529058 0)
(-2.10406 -1.03535 0)
(-2.00017 -1.52312 0)
(-1.74286 -1.90056 0)
(-1.40471 -2.08492 0)
(-0.905115 -1.97393 0)
(-0.487911 -1.52459 0)
(-0.0809578 -0.823538 0)
(1.78719e-265 0.0133096 0)
(-0.0136192 0.430811 0)
(-0.117624 1.01345 0)
(-0.297068 1.38826 0)
(-0.493907 1.58617 0)
(-0.705478 1.67603 0)
(-0.915655 1.66514 0)
(-1.12099 1.58947 0)
(-1.32367 1.43863 0)
(-1.51717 1.21949 0)
(-1.70483 0.921105 0)
(-1.87665 0.535792 0)
(-2.02364 0.0695061 0)
(-2.13344 -0.482953 0)
(-2.16862 -1.07567 0)
(-2.12523 -1.68574 0)
(-1.92155 -2.19465 0)
(-1.61076 -2.51671 0)
(-1.08328 -2.47464 0)
(-0.586231 -1.96914 0)
(-0.0760093 -1.13094 0)
(0.0532383 -0.0766925 0)
(-0.0168209 0.48488 0)
(-0.120555 1.14071 0)
(-0.298404 1.56069 0)
(-0.483752 1.77387 0)
(-0.674153 1.87074 0)
(-0.858919 1.85684 0)
(-1.03163 1.77949 0)
(-1.20458 1.62507 0)
(-1.3679 1.40321 0)
(-1.53685 1.09983 0)
(-1.69847 0.702902 0)
(-1.85754 0.215016 0)
(-1.99672 -0.38134 0)
(-2.09128 -1.04269 0)
(-2.12374 -1.76467 0)
(-2.00785 -2.41673 0)
(-1.77262 -2.91645 0)
(-1.24327 -3.00744 0)
(-0.715276 -2.52543 0)
(0.0429858 -1.47026 0)
(2.4592e-231 -0.0133096 0)
(-0.0212833 0.57116 0)
(-0.12186 1.29809 0)
(-0.290821 1.75536 0)
(-0.454268 1.96305 0)
(-0.609586 2.05441 0)
(-0.753154 2.02305 0)
(-0.875007 1.93719 0)
(-0.998178 1.77507 0)
(-1.10912 1.55264 0)
(-1.23549 1.25181 0)
(-1.36232 0.856532 0)
(-1.50964 0.367886 0)
(-1.65929 -0.249161 0)
(-1.80386 -0.948985 0)
(-1.92028 -1.76803 0)
(-1.92838 -2.54988 0)
(-1.82802 -3.27963 0)
(-1.40359 -3.5502 0)
(-0.892589 -3.24884 0)
(-0.00301334 -1.88408 0)
(5.81805e-202 4.58282e-184 0)
(-0.037183 0.621126 0)
(-0.152211 1.4042 0)
(-0.322419 1.88941 0)
(-0.46255 2.08725 0)
(-0.565542 2.16821 0)
(-0.649975 2.11901 0)
(-0.694551 2.02446 0)
(-0.744055 1.85816 0)
(-0.774234 1.64124 0)
(-0.83228 1.35397 0)
(-0.894141 0.978589 0)
(-1.00453 0.514713 0)
(-1.13391 -0.0837177 0)
(-1.31511 -0.777496 0)
(-1.49935 -1.63195 0)
(-1.666 -2.50552 0)
(-1.73607 -3.42456 0)
(-1.52903 -3.95138 0)
(-1.10846 -3.90238 0)
(-0.0114312 -2.39323 0)
(1.83313e-183 -1.32928e-184 0)
(-0.055809 0.768753 0)
(-0.186168 1.58766 0)
(-0.347081 2.07528 0)
(-0.450321 2.20765 0)
(-0.484508 2.24915 0)
(-0.492175 2.15291 0)
(-0.441965 2.0357 0)
(-0.398543 1.85573 0)
(-0.328291 1.64287 0)
(-0.294528 1.37328 0)
(-0.266127 1.02893 0)
(-0.306623 0.610211 0)
(-0.382205 0.0599093 0)
(-0.555957 -0.579989 0)
(-0.780607 -1.42014 0)
(-1.08188 -2.30949 0)
(-1.37625 -3.42119 0)
(-1.4968 -4.18444 0)
(-1.39727 -4.78324 0)
(-0.465763 -3.03978 0)
(4.39991e-254 -4.58282e-184 0)
(-0.121638 0.849382 0)
(-0.319816 1.68242 0)
(-0.472522 2.14862 0)
(-0.526987 2.21508 0)
(-0.443144 2.20947 0)
(-0.339812 2.07162 0)
(-0.151263 1.93192 0)
(0.0146003 1.74361 0)
(0.215499 1.53895 0)
(0.362357 1.29441 0)
(0.505279 0.993088 0)
(0.551846 0.636922 0)
(0.561494 0.169434 0)
(0.410366 -0.369635 0)
(0.200821 -1.09801 0)
(-0.257827 -1.89882 0)
(-0.710893 -2.98352 0)
(-1.45415 -3.92918 0)
(-1.64581 -4.84263 0)
(-2.07299 -3.86679 0)
(-2.59046e-264 -0.215919 0)
(-0.178077 1.23192 0)
(-0.417225 1.94294 0)
(-0.504567 2.30491 0)
(-0.4586 2.17848 0)
(-0.220916 2.0758 0)
(0.0262412 1.86057 0)
(0.369611 1.68787 0)
(0.673632 1.48906 0)
(1.01109 1.29731 0)
(1.27916 1.08542 0)
(1.53987 0.839057 0)
(1.68841 0.559111 0)
(1.79564 0.198107 0)
(1.71976 -0.209802 0)
(1.56876 -0.762878 0)
(1.12319 -1.38153 0)
(0.586265 -2.25651 0)
(-0.34597 -3.20562 0)
(-1.08043 -4.25488 0)
(-1.84158 -4.53524 0)
(-0.863676 -2.31646 0)
(-0.400544 1.4105 0)
(-0.72611 1.98025 0)
(-0.520134 2.18424 0)
(-0.239988 1.91442 0)
(0.31607 1.72553 0)
(0.779971 1.47301 0)
(1.3353 1.28646 0)
(1.79259 1.10006 0)
(2.26775 0.935419 0)
(2.6409 0.768652 0)
(2.99768 0.586357 0)
(3.21887 0.389934 0)
(3.40136 0.141581 0)
(3.3722 -0.127146 0)
(3.29109 -0.497967 0)
(2.86142 -0.894546 0)
(2.3868 -1.51544 0)
(1.3631 -2.23316 0)
(0.457792 -3.35263 0)
(-0.706997 -4.00548 0)
(-0.701203 -2.96401 0)
(-0.257307 2.42053 0)
(-0.104408 2.05718 0)
(0.682471 1.86916 0)
(1.32939 1.33405 0)
(2.14589 1.07584 0)
(2.77391 0.83414 0)
(3.42939 0.681205 0)
(3.94408 0.552259 0)
(4.44582 0.449468 0)
(4.82895 0.355234 0)
(5.18391 0.259627 0)
(5.40312 0.160882 0)
(5.58471 0.0415406 0)
(5.57008 -0.0866944 0)
(5.51732 -0.26214 0)
(5.15067 -0.455801 0)
(4.76073 -0.78981 0)
(3.82916 -1.24444 0)
(2.86593 -2.25339 0)
(1.09212 -3.3302 0)
(-0.0462464 -3.7989 0)
(1.66717 1.66949 0)
(2.70254 0.974525 0)
(4.54247 0.748279 0)
(5.38114 0.423772 0)
(6.2488 0.286423 0)
(6.7596 0.178103 0)
(7.24015 0.121345 0)
(7.56462 0.0809899 0)
(7.86357 0.0545319 0)
(8.06686 0.0339329 0)
(8.24942 0.0155531 0)
(8.33905 -0.00172825 0)
(8.41164 -0.0228396 0)
(8.35393 -0.0436308 0)
(8.29282 -0.0789227 0)
(8.00573 -0.111833 0)
(7.74997 -0.200916 0)
(6.99596 -0.293373 0)
(6.26247 -0.625186 0)
(4.04588 -0.997358 0)
(2.00527 -1.81796 0)
)
;

boundaryField
{
    movingWall
    {
        type            fixedValue;
        value           uniform (10 0 0);
    }
    fixedWalls
    {
        type            noSlip;
    }
    frontAndBack
    {
        type            empty;
    }
}


// ************************************************************************* //
