/*--------------------------------*- C++ -*----------------------------------*\
| =========                 |                                                 |
| \\      /  F ield         | OpenFOAM: The Open Source CFD Toolbox           |
|  \\    /   O peration     | Version:  4.1                                   |
|   \\  /    A nd           | Web:      www.OpenFOAM.org                      |
|    \\/     M anipulation  |                                                 |
\*---------------------------------------------------------------------------*/
FoamFile
{
    version     2.0;
    format      ascii;
    class       volVectorField;
    location    "0.0719";
    object      U;
}
// * * * * * * * * * * * * * * * * * * * * * * * * * * * * * * * * * * * * * //

dimensions      [0 1 -1 0 0 0 0];

internalField   nonuniform List<vector> 
441
(
(0.00359371 -0.00472442 0)
(0.00933738 -0.0025412 0)
(-0.000635303 -2.19179e-165 0)
(0.00188215 -3.16042e-266 0)
(-0.00842901 -0.00752912 0)
(-0.00188215 -2.94836e-232 0)
(-1.11823e-202 -5.31048e-203 0)
(-1.3275e-203 -6.94499e-228 0)
(-1.65366e-212 -3.02081e-213 0)
(-0.0059001 8.77288e-266 0)
(-0.0721279 0.0236021 0)
(-0.0908723 0.0124068 0)
(-0.102743 0.00573968 0)
(-0.090957 0.000480839 0)
(-0.0755409 -0.00150029 0)
(-0.0511381 -0.0028677 0)
(-0.0299308 -0.00209847 0)
(-0.0106751 -0.00164008 0)
(0.00137984 0.000583557 0)
(0.00374242 0.00132078 0)
(0.00439251 0.00285217 0)
(0.00363192 -0.00801815 0)
(-0.00129782 0.00670965 0)
(-0.0271584 0.00821642 0)
(-0.057984 0.0106088 0)
(-0.103776 0.0104457 0)
(-0.146682 -0.00345219 0)
(-0.186937 -0.000208868 0)
(-0.225523 0.00156564 0)
(-0.25977 0.0126596 0)
(-0.294411 0.0641817 0)
(-0.318215 0.0592881 0)
(-0.313109 0.0186088 0)
(-0.299633 -0.00621304 0)
(-0.260044 -0.0284426 0)
(-0.21336 -0.0384702 0)
(-0.153837 -0.0440259 0)
(-0.0996323 -0.0381757 0)
(-0.0507381 -0.0309332 0)
(-0.0171174 -0.0144907 0)
(-0.00215826 -0.00506574 0)
(0.00470929 0.00550627 0)
(0.00726235 -0.00757404 0)
(-0.00528853 0.0278622 0)
(-0.0528776 0.0553058 0)
(-0.116951 0.0741636 0)
(-0.194886 0.080032 0)
(-0.275406 0.0791469 0)
(-0.361674 0.0760803 0)
(-0.431522 0.0704555 0)
(-0.500269 0.0662496 0)
(-0.533874 0.0628796 0)
(-0.530192 0.0432155 0)
(-0.513451 -0.00496838 0)
(-0.479179 -0.0466469 0)
(-0.417922 -0.0856063 0)
(-0.344595 -0.106745 0)
(-0.255057 -0.116884 0)
(-0.171537 -0.104019 0)
(-0.0942867 -0.0846724 0)
(-0.0392432 -0.0468966 0)
(-0.00893296 -0.020947 0)
(0.00612334 0.00580877 0)
(0.00619496 -0.0102917 0)
(-0.0154847 0.0685693 0)
(-0.0933288 0.119871 0)
(-0.184793 0.154973 0)
(-0.292311 0.169264 0)
(-0.400293 0.166031 0)
(-0.506485 0.157569 0)
(-0.598273 0.141037 0)
(-0.673899 0.117384 0)
(-0.718639 0.0914536 0)
(-0.728044 0.0386063 0)
(-0.706207 -0.0335227 0)
(-0.659784 -0.101894 0)
(-0.578822 -0.164198 0)
(-0.481275 -0.201164 0)
(-0.362041 -0.218608 0)
(-0.248988 -0.198384 0)
(-0.141502 -0.164902 0)
(-0.0634298 -0.0989705 0)
(-0.0159154 -0.0518192 0)
(0.00782183 0.00307944 0)
(6.69877e-165 0.00154874 0)
(-0.0233431 0.126938 0)
(-0.135 0.223834 0)
(-0.248986 0.271726 0)
(-0.384436 0.29445 0)
(-0.515916 0.291511 0)
(-0.646696 0.272777 0)
(-0.757475 0.236793 0)
(-0.849706 0.185908 0)
(-0.904566 0.117719 0)
(-0.921794 0.0311975 0)
(-0.901382 -0.0729773 0)
(-0.847661 -0.173265 0)
(-0.751364 -0.26447 0)
(-0.631525 -0.322439 0)
(-0.480872 -0.350066 0)
(-0.33584 -0.323066 0)
(-0.191418 -0.27136 0)
(-0.0877776 -0.170769 0)
(-0.0177753 -0.093077 0)
(0.0144255 -0.00148981 0)
(-5.43436e-266 0.00558489 0)
(-0.0861389 0.208234 0)
(-0.188399 0.343563 0)
(-0.32511 0.406231 0)
(-0.473219 0.436074 0)
(-0.62498 0.429359 0)
(-0.7716 0.399754 0)
(-0.901186 0.3443 0)
(-1.00849 0.265346 0)
(-1.08047 0.162759 0)
(-1.1147 0.0357198 0)
(-1.10257 -0.108682 0)
(-1.04982 -0.251662 0)
(-0.942765 -0.381961 0)
(-0.803294 -0.471203 0)
(-0.619784 -0.516777 0)
(-0.438576 -0.486782 0)
(-0.250634 -0.416123 0)
(-0.115927 -0.27063 0)
(-0.0192805 -0.157252 0)
(0.0161275 0.00103466 0)
(-0.0223395 0.0908634 0)
(-0.119988 0.311817 0)
(-0.237875 0.463175 0)
(-0.388356 0.554737 0)
(-0.554984 0.593513 0)
(-0.724839 0.588442 0)
(-0.891494 0.548175 0)
(-1.04097 0.472755 0)
(-1.16917 0.364959 0)
(-1.26159 0.223674 0)
(-1.31565 0.0537825 0)
(-1.31815 -0.138172 0)
(-1.27289 -0.332068 0)
(-1.1611 -0.511949 0)
(-1.00607 -0.643955 0)
(-0.788298 -0.71667 0)
(-0.568015 -0.689937 0)
(-0.323234 -0.596467 0)
(-0.154756 -0.398868 0)
(-0.00636813 -0.22698 0)
(5.91816e-266 -0.00403188 0)
(-0.0164512 0.150335 0)
(-0.114834 0.424921 0)
(-0.260332 0.612491 0)
(-0.431044 0.724121 0)
(-0.617434 0.772795 0)
(-0.806452 0.766161 0)
(-0.991808 0.716193 0)
(-1.16257 0.621841 0)
(-1.31315 0.486386 0)
(-1.43077 0.308674 0)
(-1.5107 0.0926937 0)
(-1.53561 -0.152535 0)
(-1.50702 -0.408201 0)
(-1.39952 -0.651023 0)
(-1.23597 -0.843316 0)
(-0.987731 -0.958987 0)
(-0.725312 -0.950201 0)
(-0.418216 -0.835723 0)
(-0.20153 -0.582874 0)
(-0.00342953 -0.321521 0)
(2.5395e-24 -1.104e-24 0)
(-0.0146199 0.218596 0)
(-0.118669 0.553854 0)
(-0.281005 0.777787 0)
(-0.466894 0.909994 0)
(-0.670046 0.96761 0)
(-0.874955 0.961205 0)
(-1.07767 0.903378 0)
(-1.26817 0.792934 0)
(-1.44147 0.632897 0)
(-1.58557 0.42056 0)
(-1.69431 0.159197 0)
(-1.74818 -0.142408 0)
(-1.74516 -0.466733 0)
(-1.65347 -0.78433 0)
(-1.49296 -1.05357 0)
(-1.22297 -1.23055 0)
(-0.922119 -1.2558 0)
(-0.546337 -1.12557 0)
(-0.271287 -0.805951 0)
(-0.00485211 -0.436348 0)
(1.03634e-76 -6.34874e-25 0)
(-0.0127741 0.284212 0)
(-0.116991 0.693009 0)
(-0.289426 0.961451 0)
(-0.484818 1.11374 0)
(-0.698776 1.18128 0)
(-0.914399 1.17372 0)
(-1.12864 1.10963 0)
(-1.33427 0.985188 0)
(-1.52602 0.803942 0)
(-1.69479 0.560771 0)
(-1.83273 0.255604 0)
(-1.92012 -0.102891 0)
(-1.95124 -0.502272 0)
(-1.8887 -0.905885 0)
(-1.74672 -1.27298 0)
(-1.471 -1.53583 0)
(-1.14118 -1.62532 0)
(-0.697761 -1.4969 0)
(-0.354734 -1.11873 0)
(-0.00687879 -0.608088 0)
(2.88582e-164 -2.59085e-77 0)
(-0.0129174 0.34495 0)
(-0.11897 0.828759 0)
(-0.297947 1.14331 0)
(-0.497762 1.31707 0)
(-0.715206 1.39548 0)
(-0.9334 1.38902 0)
(-1.14964 1.32212 0)
(-1.36085 1.18881 0)
(-1.56125 0.992973 0)
(-1.74689 0.726388 0)
(-1.9082 0.385098 0)
(-2.02914 -0.0243322 0)
(-2.09954 -0.49617 0)
(-2.08023 -0.989816 0)
(-1.97651 -1.46791 0)
(-1.7206 -1.83993 0)
(-1.3849 -2.02411 0)
(-0.890769 -1.9203 0)
(-0.479402 -1.48517 0)
(-0.0790379 -0.804217 0)
(1.76984e-265 0.0131558 0)
(-0.0136063 0.417006 0)
(-0.117174 0.980209 0)
(-0.295542 1.34173 0)
(-0.490982 1.53169 0)
(-0.701125 1.61805 0)
(-0.910218 1.60809 0)
(-1.11502 1.5377 0)
(-1.31784 1.39631 0)
(-1.51202 1.19011 0)
(-1.70068 0.906972 0)
(-1.87337 0.537896 0)
(-2.02074 0.0873959 0)
(-2.12996 -0.450639 0)
(-2.16364 -1.03118 0)
(-2.11773 -1.63148 0)
(-1.91177 -2.13404 0)
(-1.59933 -2.45399 0)
(-1.07333 -2.41676 0)
(-0.579563 -1.92462 0)
(-0.0751752 -1.10721 0)
(0.052623 -0.0747594 0)
(-0.0170393 0.471356 0)
(-0.122173 1.10775 0)
(-0.301657 1.51422 0)
(-0.488531 1.71935 0)
(-0.680541 1.8129 0)
(-0.867148 1.80033 0)
(-1.04208 1.72878 0)
(-1.21755 1.58425 0)
(-1.3835 1.37553 0)
(-1.55485 1.0872 0)
(-1.71817 0.705877 0)
(-1.8778 0.232673 0)
(-2.01592 -0.350655 0)
(-2.10766 -1.00126 0)
(-2.13537 -1.71442 0)
(-2.0139 -2.36011 0)
(-1.77274 -2.85596 0)
(-1.24033 -2.94896 0)
(-0.711441 -2.47687 0)
(0.0416705 -1.44351 0)
(2.42931e-231 -0.0131558 0)
(-0.0217354 0.559164 0)
(-0.125583 1.26788 0)
(-0.298971 1.71196 0)
(-0.466959 1.91168 0)
(-0.626972 1.99984 0)
(-0.775251 1.97001 0)
(-0.901863 1.8901 0)
(-1.0296 1.73784 0)
(-1.14467 1.52819 0)
(-1.27433 1.24166 0)
(-1.40326 0.860793 0)
(-1.5511 0.385169 0)
(-1.6993 -0.220854 0)
(-1.84021 -0.912153 0)
(-1.95054 -1.72427 0)
(-1.95061 -2.5009 0)
(-1.841 -3.22615 0)
(-1.40851 -3.49625 0)
(-0.892115 -3.20032 0)
(-0.00316709 -1.85611 0)
(5.78989e-202 4.57108e-184 0)
(-0.0378227 0.611722 0)
(-0.15771 1.37893 0)
(-0.33481 1.85184 0)
(-0.482191 2.04192 0)
(-0.592642 2.11971 0)
(-0.684243 2.07191 0)
(-0.735599 1.983 0)
(-0.791056 1.82594 0)
(-0.826112 1.62087 0)
(-0.887579 1.34663 0)
(-0.951252 0.984073 0)
(-1.06161 0.531338 0)
(-1.18905 -0.0582473 0)
(-1.36612 -0.745918 0)
(-1.54392 -1.59593 0)
(-1.7017 -2.46629 0)
(-1.76091 -3.38163 0)
(-1.54252 -3.90649 0)
(-1.11239 -3.85881 0)
(-0.0113122 -2.36585 0)
(1.82843e-183 -1.01409e-184 0)
(-0.0565513 0.762811 0)
(-0.192754 1.56919 0)
(-0.362231 2.04596 0)
(-0.474675 2.17095 0)
(-0.518333 2.20915 0)
(-0.53488 2.11377 0)
(-0.492704 2.00129 0)
(-0.455853 1.82925 0)
(-0.390479 1.62664 0)
(-0.35957 1.36828 0)
(-0.332055 1.03488 0)
(-0.371478 0.625427 0)
(-0.444295 0.0820701 0)
(-0.613548 -0.553777 0)
(-0.832048 -1.39175 0)
(-1.12494 -2.28029 0)
(-1.40892 -3.39003 0)
(-1.51682 -4.15154 0)
(-1.40564 -4.74859 0)
(-0.46459 -3.01568 0)
(4.39485e-254 -4.57108e-184 0)
(-0.122314 0.847197 0)
(-0.326252 1.67153 0)
(-0.487889 2.12873 0)
(-0.552227 2.1884 0)
(-0.478705 2.17927 0)
(-0.384955 2.04142 0)
(-0.204893 1.90503 0)
(-0.0456451 1.72281 0)
(0.150724 1.52626 0)
(0.295464 1.29074 0)
(0.438492 0.998307 0)
(0.487247 0.649642 0)
(0.500585 0.187594 0)
(0.35449 -0.348718 0)
(0.150729 -1.07649 0)
(-0.300582 -1.87832 0)
(-0.745323 -2.9636 0)
(-1.47683 -3.90866 0)
(-1.65756 -4.82069 0)
(-2.07075 -3.84782 0)
(-2.5804e-264 -0.215384 0)
(-0.178423 1.23297 0)
(-0.421803 1.93914 0)
(-0.516649 2.29434 0)
(-0.479536 2.16201 0)
(-0.251543 2.05571 0)
(-0.0135765 1.83955 0)
(0.321542 1.66856 0)
(0.619141 1.47374 0)
(0.952277 1.28769 0)
(1.21852 1.08238 0)
(1.47975 0.842646 0)
(1.63097 0.568396 0)
(1.74246 0.211516 0)
(1.67196 -0.194398 0)
(1.52671 -0.747514 0)
(1.08735 -1.36788 0)
(0.556675 -2.24513 0)
(-0.367596 -3.19535 0)
(-1.09339 -4.24471 0)
(-1.84396 -4.52391 0)
(-0.861536 -2.31323 0)
(-0.400353 1.41316 0)
(-0.727324 1.98108 0)
(-0.52568 2.18068 0)
(-0.251719 1.90634 0)
(0.296673 1.71426 0)
(0.752707 1.46034 0)
(1.30051 1.27427 0)
(1.75158 1.09002 0)
(2.22228 0.928826 0)
(2.59325 0.766243 0)
(2.95014 0.588283 0)
(3.17369 0.395657 0)
(3.36021 0.150076 0)
(3.33634 -0.117325 0)
(3.26083 -0.488302 0)
(2.8368 -0.886344 0)
(2.36699 -1.50946 0)
(1.34819 -2.22899 0)
(0.447602 -3.34946 0)
(-0.711256 -4.00181 0)
(-0.700525 -2.96337 0)
(-0.256749 2.42256 0)
(-0.102685 2.05912 0)
(0.683416 1.86917 0)
(1.32744 1.3316 0)
(2.13909 1.07144 0)
(2.76134 0.828691 0)
(3.41074 0.675741 0)
(3.92004 0.547673 0)
(4.41764 0.446468 0)
(4.79848 0.354214 0)
(5.15313 0.26066 0)
(5.37407 0.16369 0)
(5.55896 0.0455724 0)
(5.54877 -0.0821743 0)
(5.50075 -0.257932 0)
(5.13866 -0.452511 0)
(4.75228 -0.78793 0)
(3.82346 -1.24367 0)
(2.86212 -2.2535 0)
(1.09035 -3.3298 0)
(-0.0458522 -3.79921 0)
(1.66764 1.66994 0)
(2.70448 0.97502 0)
(4.54528 0.748522 0)
(5.38339 0.423611 0)
(6.24912 0.285928 0)
(6.75711 0.177433 0)
(7.23449 0.120692 0)
(7.55611 0.0805031 0)
(7.85291 0.0543252 0)
(8.05514 0.0340442 0)
(8.23781 0.0159652 0)
(8.32872 -0.00110378 0)
(8.40338 -0.0221227 0)
(8.34829 -0.0429719 0)
(8.28967 -0.0784487 0)
(8.00477 -0.111634 0)
(7.75028 -0.201027 0)
(6.99684 -0.293712 0)
(6.26316 -0.625684 0)
(4.04622 -0.9978 0)
(2.00581 -1.81851 0)
)
;

boundaryField
{
    movingWall
    {
        type            fixedValue;
        value           uniform (10 0 0);
    }
    fixedWalls
    {
        type            noSlip;
    }
    frontAndBack
    {
        type            empty;
    }
}


// ************************************************************************* //
