/*--------------------------------*- C++ -*----------------------------------*\
| =========                 |                                                 |
| \\      /  F ield         | OpenFOAM: The Open Source CFD Toolbox           |
|  \\    /   O peration     | Version:  4.1                                   |
|   \\  /    A nd           | Web:      www.OpenFOAM.org                      |
|    \\/     M anipulation  |                                                 |
\*---------------------------------------------------------------------------*/
FoamFile
{
    version     2.0;
    format      ascii;
    class       volVectorField;
    location    "0.0665";
    object      U;
}
// * * * * * * * * * * * * * * * * * * * * * * * * * * * * * * * * * * * * * //

dimensions      [0 1 -1 0 0 0 0];

internalField   nonuniform List<vector> 
441
(
(0.00353893 -0.00468551 0)
(0.00916516 -0.00254426 0)
(-0.00063607 -2.18604e-165 0)
(0.00184626 -3.0852e-266 0)
(-0.0084777 -0.0073856 0)
(-0.00184626 -2.9005e-232 0)
(-1.10937e-202 -5.16985e-203 0)
(-1.29233e-203 -6.74272e-228 0)
(-1.62156e-212 -2.92461e-213 0)
(-0.00578103 8.60927e-266 0)
(-0.0705376 0.023126 0)
(-0.0889744 0.012189 0)
(-0.100773 0.00567061 0)
(-0.0894839 0.000528266 0)
(-0.0746723 -0.0014162 0)
(-0.0509741 -0.00278152 0)
(-0.0302894 -0.00205857 0)
(-0.0113179 -0.00165208 0)
(0.000748115 0.000509693 0)
(0.00339029 0.0012305 0)
(0.00430732 0.00278144 0)
(0.00354498 -0.00782848 0)
(-0.00147162 0.00666406 0)
(-0.027073 0.0081055 0)
(-0.0574348 0.010577 0)
(-0.102396 0.0102467 0)
(-0.144291 -0.00356439 0)
(-0.183469 -0.000240307 0)
(-0.220893 0.00151574 0)
(-0.254051 0.012366 0)
(-0.287633 0.0627412 0)
(-0.310799 0.0580376 0)
(-0.305909 0.0184319 0)
(-0.293117 -0.00569543 0)
(-0.254911 -0.0273734 0)
(-0.209836 -0.0372264 0)
(-0.15203 -0.0428633 0)
(-0.0992027 -0.0374012 0)
(-0.0511988 -0.030637 0)
(-0.0178622 -0.0147135 0)
(-0.00264135 -0.00552552 0)
(0.0045939 0.00513825 0)
(0.00711264 -0.00727905 0)
(-0.00534981 0.0276873 0)
(-0.0522993 0.0545875 0)
(-0.115205 0.0729205 0)
(-0.191449 0.0783539 0)
(-0.27008 0.0771276 0)
(-0.354069 0.0739137 0)
(-0.42174 0.0682722 0)
(-0.488357 0.0641851 0)
(-0.520729 0.0610993 0)
(-0.516997 0.042306 0)
(-0.500812 -0.00431289 0)
(-0.467855 -0.044654 0)
(-0.408677 -0.0825748 0)
(-0.337788 -0.103343 0)
(-0.25083 -0.113703 0)
(-0.169498 -0.101721 0)
(-0.0938318 -0.0835059 0)
(-0.0395651 -0.0469534 0)
(-0.00929433 -0.0216619 0)
(0.00599826 0.00514828 0)
(0.00612727 -0.00987625 0)
(-0.0151206 0.0677713 0)
(-0.0915645 0.117968 0)
(-0.1811 0.152036 0)
(-0.286122 0.165481 0)
(-0.391343 0.16171 0)
(-0.494576 0.153038 0)
(-0.583563 0.136657 0)
(-0.656815 0.113661 0)
(-0.700073 0.0887708 0)
(-0.709179 0.0378688 0)
(-0.68809 -0.0318136 0)
(-0.643372 -0.0979716 0)
(-0.565057 -0.158594 0)
(-0.470638 -0.194892 0)
(-0.35478 -0.212657 0)
(-0.244721 -0.193836 0)
(-0.139605 -0.16223 0)
(-0.0629458 -0.0983846 0)
(-0.0159429 -0.0524702 0)
(0.00772652 0.00222237 0)
(6.59729e-165 0.00153182 0)
(-0.0227024 0.124937 0)
(-0.13204 0.219797 0)
(-0.243359 0.266087 0)
(-0.375472 0.287541 0)
(-0.503454 0.283812 0)
(-0.630562 0.26489 0)
(-0.738012 0.229465 0)
(-0.827472 0.180016 0)
(-0.880656 0.114145 0)
(-0.89749 0.0307391 0)
(-0.877891 -0.0698735 0)
(-0.826137 -0.166921 0)
(-0.7329 -0.255656 0)
(-0.61677 -0.312532 0)
(-0.470245 -0.340498 0)
(-0.329034 -0.31541 0)
(-0.187872 -0.266395 0)
(-0.0863728 -0.168911 0)
(-0.0174658 -0.0932023 0)
(0.0143235 -0.00226886 0)
(-5.35588e-266 0.00548327 0)
(-0.0843552 0.204408 0)
(-0.184047 0.336717 0)
(-0.317395 0.39727 0)
(-0.461655 0.425471 0)
(-0.609329 0.41786 0)
(-0.751852 0.388218 0)
(-0.877731 0.333817 0)
(-0.98203 0.257159 0)
(-1.0521 0.158015 0)
(-1.08571 0.0353959 0)
(-1.07432 -0.10418 0)
(-1.02359 -0.242707 0)
(-0.919815 -0.369563 0)
(-0.784437 -0.457084 0)
(-0.605688 -0.50284 0)
(-0.429065 -0.475151 0)
(-0.24531 -0.408017 0)
(-0.113501 -0.266825 0)
(-0.0185087 -0.156378 0)
(0.0161198 0.00035899 0)
(-0.0219331 0.0890362 0)
(-0.117403 0.30551 0)
(-0.232337 0.453214 0)
(-0.379075 0.541921 0)
(-0.541453 0.578698 0)
(-0.706874 0.572597 0)
(-0.869128 0.532516 0)
(-1.01467 0.45874 0)
(-1.13967 0.354172 0)
(-1.23003 0.217577 0)
(-1.28328 0.0534487 0)
(-1.28637 -0.132305 0)
(-1.243 -0.320432 0)
(-1.13447 -0.495737 0)
(-0.983649 -0.62519 0)
(-0.771039 -0.697713 0)
(-0.555945 -0.67351 0)
(-0.316296 -0.584375 0)
(-0.151512 -0.392481 0)
(-0.00569374 -0.224653 0)
(5.88814e-266 -0.00402995 0)
(-0.0161235 0.147218 0)
(-0.112255 0.415954 0)
(-0.254371 0.598964 0)
(-0.421082 0.707172 0)
(-0.603042 0.753529 0)
(-0.787525 0.745841 0)
(-0.968466 0.696337 0)
(-1.13531 0.60424 0)
(-1.28271 0.472933 0)
(-1.39823 0.301062 0)
(-1.47721 0.0921497 0)
(-1.50249 -0.14554 0)
(-1.47547 -0.3941 0)
(-1.37091 -0.631125 0)
(-1.21128 -0.819822 0)
(-0.968173 -0.934643 0)
(-0.711162 -0.928238 0)
(-0.409963 -0.818718 0)
(-0.197641 -0.572827 0)
(-0.00328409 -0.317341 0)
(2.50173e-24 -1.12566e-24 0)
(-0.0143229 0.213928 0)
(-0.116183 0.541939 0)
(-0.275177 0.760482 0)
(-0.457194 0.888785 0)
(-0.656115 0.94387 0)
(-0.856769 0.936449 0)
(-1.0554 0.879417 0)
(-1.24233 0.77185 0)
(-1.41276 0.616841 0)
(-1.55495 0.411416 0)
(-1.66275 0.158283 0)
(-1.71678 -0.13459 0)
(-1.71488 -0.450604 0)
(-1.62546 -0.76124 0)
(-1.46811 -1.02575 0)
(-1.20258 -1.20098 0)
(-0.906732 -1.22808 0)
(-0.536971 -1.10312 0)
(-0.266689 -0.791537 0)
(-0.0047692 -0.430005 0)
(1.0226e-76 -6.25432e-25 0)
(-0.012554 0.278329 0)
(-0.114957 0.678506 0)
(-0.284507 0.940732 0)
(-0.476573 1.0887 0)
(-0.686929 1.15355 0)
(-0.899 1.14509 0)
(-1.10991 1.08215 0)
(-1.31273 0.96116 0)
(-1.50229 0.785707 0)
(-1.66963 0.550309 0)
(-1.80686 0.25427 0)
(-1.89428 -0.0946209 0)
(-1.92599 -0.484803 0)
(-1.86479 -0.880547 0)
(-1.72473 -1.24188 0)
(-1.45212 -1.50195 0)
(-1.1261 -1.59233 0)
(-0.688057 -1.46897 0)
(-0.349637 -1.09944 0)
(-0.00670935 -0.599137 0)
(2.85015e-164 -2.5565e-77 0)
(-0.0127827 0.338068 0)
(-0.117637 0.812159 0)
(-0.294615 1.11983 0)
(-0.492095 1.28897 0)
(-0.707027 1.36462 0)
(-0.922821 1.35742 0)
(-1.13693 1.29204 0)
(-1.34648 1.16272 0)
(-1.54572 0.973298 0)
(-1.73073 0.715102 0)
(-1.8918 0.383483 0)
(-2.01279 -0.0159073 0)
(-2.08328 -0.478144 0)
(-2.06424 -0.963475 0)
(-1.96085 -1.43511 0)
(-1.7061 -1.8034 0)
(-1.3722 -1.98725 0)
(-0.881698 -1.88774 0)
(-0.474096 -1.46132 0)
(-0.0778948 -0.792594 0)
(1.75827e-265 0.0130583 0)
(-0.0135875 0.409669 0)
(-0.116825 0.962509 0)
(-0.294457 1.31669 0)
(-0.488945 1.50182 0)
(-0.698064 1.58543 0)
(-0.906281 1.57493 0)
(-1.11049 1.50642 0)
(-1.3131 1.36945 0)
(-1.5074 1.17007 0)
(-1.69644 0.895616 0)
(-1.86953 0.536327 0)
(-2.01711 0.0957749 0)
(-2.12603 -0.43286 0)
(-2.15897 -1.00526 0)
(-2.11176 -1.59897 0)
(-1.90471 -2.09721 0)
(-1.59157 -2.41562 0)
(-1.06679 -2.38133 0)
(-0.575289 -1.89745 0)
(-0.0746446 -1.09281 0)
(0.0522333 -0.0736186 0)
(-0.0171496 0.464116 0)
(-0.122968 1.09009 0)
(-0.303222 1.48905 0)
(-0.490792 1.68927 0)
(-0.683535 1.78013 0)
(-0.871017 1.76725 0)
(-1.04706 1.69787 0)
(-1.22387 1.55805 0)
(-1.39127 1.35633 0)
(-1.56401 1.07665 0)
(-1.72836 0.704809 0)
(-1.88841 0.240968 0)
(-2.026 -0.333732 0)
(-2.11619 -0.977026 0)
(-2.1412 -1.68411 0)
(-2.01655 -2.32542 0)
(-1.77202 -2.81866 0)
(-1.23803 -2.91286 0)
(-0.708836 -2.447 0)
(0.0409059 -1.42714 0)
(2.41084e-231 -0.0130583 0)
(-0.0219801 0.552718 0)
(-0.127569 1.25164 0)
(-0.303306 1.68838 0)
(-0.473724 1.88323 0)
(-0.63629 1.96881 0)
(-0.787201 1.9388 0)
(-0.916554 1.86123 0)
(-1.04702 1.71373 0)
(-1.16462 1.51094 0)
(-1.2964 1.23266 0)
(-1.42675 0.860607 0)
(-1.57509 0.393369 0)
(-1.72257 -0.205228 0)
(-1.8614 -0.890551 0)
(-1.96815 -1.69775 0)
(-1.96345 -2.47068 0)
(-1.84833 -3.19291 0)
(-1.41109 -3.46268 0)
(-0.891572 -3.17024 0)
(-0.00325585 -1.83885 0)
(5.77123e-202 4.563e-184 0)
(-0.0381768 0.606682 0)
(-0.160713 1.36535 0)
(-0.341571 1.83142 0)
(-0.492954 2.0168 0)
(-0.607607 2.09209 0)
(-0.703368 2.04417 0)
(-0.758795 1.95751 0)
(-0.817971 1.80496 0)
(-0.856209 1.60627 0)
(-0.920049 1.33956 0)
(-0.985129 0.984857 0)
(-1.09575 0.539341 0)
(-1.22221 -0.0441864 0)
(-1.39692 -0.727402 0)
(-1.57086 -1.57405 0)
(-1.72324 -2.44196 0)
(-1.77582 -3.35475 0)
(-1.55053 -3.87833 0)
(-1.11461 -3.83157 0)
(-0.0112334 -2.34882 0)
(1.8252e-183 -8.23086e-185 0)
(-0.0569651 0.759676 0)
(-0.196375 1.55935 0)
(-0.370564 2.0301 0)
(-0.488143 2.15069 0)
(-0.537201 2.18644 0)
(-0.558977 2.09077 0)
(-0.521715 1.98017 0)
(-0.489085 1.812 0)
(-0.427043 1.6149 0)
(-0.398312 1.36301 0)
(-0.371768 1.0363 0)
(-0.410905 0.632852 0)
(-0.482296 0.094299 0)
(-0.648954 -0.538445 0)
(-0.86374 -1.37451 0)
(-1.15147 -2.26213 0)
(-1.42901 -3.3704 0)
(-1.52908 -4.13075 0)
(-1.41068 -4.72675 0)
(-0.463839 -3.00058 0)
(4.39111e-254 -4.563e-184 0)
(-0.122688 0.846133 0)
(-0.329773 1.66585 0)
(-0.496316 2.1181 0)
(-0.566156 2.17379 0)
(-0.498521 2.16225 0)
(-0.410423 2.0238 0)
(-0.235577 1.88865 0)
(-0.0806322 1.70936 0)
(0.11254 1.51713 0)
(0.255468 1.28678 0)
(0.398046 0.999726 0)
(0.4477 0.655888 0)
(0.462979 0.1976 0)
(0.319785 -0.336525 0)
(0.119508 -1.06347 0)
(-0.327269 -1.86556 0)
(-0.766798 -2.95099 0)
(-1.49094 -3.89559 0)
(-1.66483 -4.80674 0)
(-2.06928 -3.83586 0)
(-2.57414e-264 -0.215048 0)
(-0.178606 1.23366 0)
(-0.424251 1.93733 0)
(-0.523164 2.28885 0)
(-0.490932 2.15314 0)
(-0.268415 2.04454 0)
(-0.0358189 1.82744 0)
(0.294275 1.65697 0)
(0.58773 1.464 0)
(0.917822 1.28094 0)
(1.18244 1.07934 0)
(1.44344 0.843576 0)
(1.59584 0.572943 0)
(1.70957 0.218881 0)
(1.64215 -0.185449 0)
(1.50032 -0.738244 0)
(1.06478 -1.3594 0)
(0.538033 -2.2379 0)
(-0.381212 -3.18875 0)
(-1.10153 -4.23817 0)
(-1.84544 -4.51671 0)
(-0.860192 -2.31115 0)
(-0.400237 1.41468 0)
(-0.727889 1.98173 0)
(-0.52851 2.17899 0)
(-0.257875 1.90213 0)
(0.286275 1.70812 0)
(0.737811 1.45316 0)
(1.28113 1.26708 0)
(1.72832 1.08377 0)
(2.19602 0.924353 0)
(2.56523 0.764094 0)
(2.92171 0.588696 0)
(3.14624 0.398447 0)
(3.33487 0.154735 0)
(3.31398 -0.111626 0)
(3.24177 -0.48247 0)
(2.82118 -0.881237 0)
(2.35439 -1.50562 0)
(1.3387 -2.22626 0)
(0.441126 -3.34736 0)
(-0.71396 -3.99944 0)
(-0.700108 -2.96293 0)
(-0.25644 2.42368 0)
(-0.10167 2.06026 0)
(0.684124 1.86932 0)
(1.32668 1.33039 0)
(2.13575 1.0691 0)
(2.75479 0.825667 0)
(3.40068 0.672576 0)
(3.90672 0.544874 0)
(4.40166 0.444476 0)
(4.78082 0.353313 0)
(5.13494 0.260967 0)
(5.35656 0.165104 0)
(5.54316 0.0478144 0)
(5.53548 -0.079525 0)
(5.49024 -0.255367 0)
(5.13094 -0.450432 0)
(4.7468 -0.786684 0)
(3.81975 -1.24312 0)
(2.85965 -2.25352 0)
(1.08921 -3.32952 0)
(-0.0456114 -3.7994 0)
(1.66788 1.67019 0)
(2.70555 0.975297 0)
(4.54689 0.748674 0)
(5.38478 0.423546 0)
(6.24952 0.285671 0)
(6.75599 0.177064 0)
(7.23159 0.120313 0)
(7.55151 0.0802007 0)
(7.84694 0.054171 0)
(8.04841 0.0340707 0)
(8.23096 0.0161744 0)
(8.32246 -0.000754582 0)
(8.39824 -0.0216988 0)
(8.34466 -0.0425644 0)
(8.28755 -0.0781391 0)
(8.00401 -0.111487 0)
(7.75036 -0.201073 0)
(6.99733 -0.293907 0)
(6.26357 -0.62599 0)
(4.04644 -0.998079 0)
(2.00614 -1.81887 0)
)
;

boundaryField
{
    movingWall
    {
        type            fixedValue;
        value           uniform (10 0 0);
    }
    fixedWalls
    {
        type            noSlip;
    }
    frontAndBack
    {
        type            empty;
    }
}


// ************************************************************************* //
