/*--------------------------------*- C++ -*----------------------------------*\
| =========                 |                                                 |
| \\      /  F ield         | OpenFOAM: The Open Source CFD Toolbox           |
|  \\    /   O peration     | Version:  4.1                                   |
|   \\  /    A nd           | Web:      www.OpenFOAM.org                      |
|    \\/     M anipulation  |                                                 |
\*---------------------------------------------------------------------------*/
FoamFile
{
    version     2.0;
    format      ascii;
    class       volVectorField;
    location    "0.0369";
    object      U;
}
// * * * * * * * * * * * * * * * * * * * * * * * * * * * * * * * * * * * * * //

dimensions      [0 1 -1 0 0 0 0];

internalField   nonuniform List<vector> 
441
(
(0.00328909 -0.00456881 0)
(0.00824341 -0.00264224 0)
(-0.000660603 -2.20739e-165 0)
(0.00162981 -2.60435e-266 0)
(-0.00920111 -0.00651981 0)
(-0.00162981 -2.61968e-232 0)
(-1.08043e-202 -4.19874e-203 0)
(-1.04951e-203 -5.27494e-228 0)
(-1.40905e-212 -2.20224e-213 0)
(-0.00496925 7.528e-266 0)
(-0.0592814 0.0198791 0)
(-0.075224 0.0106897 0)
(-0.0860685 0.00517785 0)
(-0.078072 0.000896937 0)
(-0.0675187 -0.000755089 0)
(-0.049111 -0.00204996 0)
(-0.0325051 -0.00167686 0)
(-0.0158612 -0.00164675 0)
(-0.00390628 6.36571e-06 0)
(0.000841379 0.000606427 0)
(0.00361298 0.00227531 0)
(0.00305997 -0.00675866 0)
(-0.00282547 0.00657768 0)
(-0.0275381 0.0076166 0)
(-0.0556315 0.0107604 0)
(-0.0958794 0.00904121 0)
(-0.131396 -0.0046066 0)
(-0.16332 -0.000526486 0)
(-0.192533 0.00116095 0)
(-0.217482 0.0102741 0)
(-0.24272 0.0524923 0)
(-0.260009 0.0486765 0)
(-0.255138 0.0163774 0)
(-0.245818 -0.00273695 0)
(-0.2167 -0.0200689 0)
(-0.182907 -0.0282375 0)
(-0.137872 -0.0340331 0)
(-0.0956046 -0.0313468 0)
(-0.0545894 -0.0280841 0)
(-0.0236167 -0.0162705 0)
(-0.00628472 -0.00886378 0)
(0.00362066 0.00238532 0)
(0.00627121 -0.00537372 0)
(-0.00612421 0.0275685 0)
(-0.0502449 0.0514224 0)
(-0.106789 0.0662634 0)
(-0.172853 0.0682415 0)
(-0.239517 0.0639185 0)
(-0.308077 0.0589436 0)
(-0.359948 0.0523454 0)
(-0.410133 0.0482207 0)
(-0.431467 0.0463537 0)
(-0.42446 0.0331183 0)
(-0.40952 -0.00247522 0)
(-0.383689 -0.0326498 0)
(-0.338336 -0.0618642 0)
(-0.284936 -0.0787152 0)
(-0.217669 -0.0896 0)
(-0.153532 -0.0838821 0)
(-0.0905655 -0.0740756 0)
(-0.0425517 -0.0472616 0)
(-0.0122951 -0.0270032 0)
(0.00485299 9.66369e-05 0)
(0.00588035 -0.00709999 0)
(-0.0130312 0.0646609 0)
(-0.0819876 0.108382 0)
(-0.160201 0.135398 0)
(-0.249554 0.142082 0)
(-0.336412 0.133025 0)
(-0.418706 0.121191 0)
(-0.486481 0.103905 0)
(-0.540066 0.0836035 0)
(-0.568854 0.0644825 0)
(-0.571192 0.0264808 0)
(-0.5513 -0.0253889 0)
(-0.515709 -0.0740287 0)
(-0.455373 -0.119826 0)
(-0.38427 -0.148694 0)
(-0.295374 -0.166742 0)
(-0.210002 -0.157909 0)
(-0.12476 -0.140563 0)
(-0.0598494 -0.0937645 0)
(-0.0165108 -0.0575754 0)
(0.00674654 -0.00470665 0)
(6.08472e-165 0.00147009 0)
(-0.0187602 0.115031 0)
(-0.114579 0.197866 0)
(-0.209178 0.23261 0)
(-0.319293 0.243553 0)
(-0.422774 0.231551 0)
(-0.522521 0.20802 0)
(-0.603088 0.172878 0)
(-0.667703 0.130101 0)
(-0.702476 0.0780983 0)
(-0.709466 0.0159727 0)
(-0.689743 -0.0577229 0)
(-0.648156 -0.127855 0)
(-0.576326 -0.193555 0)
(-0.489289 -0.237665 0)
(-0.377811 -0.264556 0)
(-0.270155 -0.253082 0)
(-0.158116 -0.225157 0)
(-0.07544 -0.153912 0)
(-0.0153236 -0.0943437 0)
(0.0131644 -0.00881223 0)
(-5.00136e-266 0.00493934 0)
(-0.074064 0.183479 0)
(-0.157076 0.297118 0)
(-0.268143 0.341794 0)
(-0.38528 0.355641 0)
(-0.502569 0.337279 0)
(-0.612306 0.302073 0)
(-0.705764 0.24934 0)
(-0.78022 0.183699 0)
(-0.826877 0.105543 0)
(-0.845936 0.0139775 0)
(-0.831745 -0.0876106 0)
(-0.790543 -0.187214 0)
(-0.710533 -0.280069 0)
(-0.609335 -0.346722 0)
(-0.474019 -0.387966 0)
(-0.34076 -0.376575 0)
(-0.197128 -0.338064 0)
(-0.0925742 -0.234783 0)
(-0.0118886 -0.149185 0)
(0.0158995 -0.00583354 0)
(-0.0197574 0.0786488 0)
(-0.101729 0.268832 0)
(-0.196451 0.392407 0)
(-0.316791 0.459238 0)
(-0.447372 0.477405 0)
(-0.577471 0.457408 0)
(-0.701671 0.410661 0)
(-0.809446 0.340091 0)
(-0.899077 0.251117 0)
(-0.960651 0.14364 0)
(-0.994319 0.0213175 0)
(-0.990849 -0.113354 0)
(-0.955045 -0.248124 0)
(-0.871063 -0.375459 0)
(-0.758098 -0.472721 0)
(-0.596598 -0.534542 0)
(-0.434825 -0.52776 0)
(-0.248308 -0.475317 0)
(-0.120956 -0.336168 0)
(0.000450052 -0.20444 0)
(5.56735e-266 -0.00397487 0)
(-0.0142002 0.128711 0)
(-0.0953377 0.361248 0)
(-0.213429 0.512851 0)
(-0.350383 0.59355 0)
(-0.49709 0.616736 0)
(-0.642646 0.592013 0)
(-0.781795 0.534495 0)
(-0.906736 0.446763 0)
(-1.01432 0.335351 0)
(-1.09624 0.200327 0)
(-1.15067 0.0445324 0)
(-1.16507 -0.127851 0)
(-1.14219 -0.30657 0)
(-1.06076 -0.478914 0)
(-0.939828 -0.620468 0)
(-0.75284 -0.714687 0)
(-0.556998 -0.723181 0)
(-0.322076 -0.657413 0)
(-0.15778 -0.479219 0)
(-0.00191312 -0.278927 0)
(2.1122e-24 -1.40813e-24 0)
(-0.0123794 0.185106 0)
(-0.098684 0.466363 0)
(-0.232623 0.646157 0)
(-0.38397 0.74133 0)
(-0.5467 0.768691 0)
(-0.707426 0.74084 0)
(-0.86304 0.674152 0)
(-1.00652 0.571756 0)
(-1.13507 0.44055 0)
(-1.24106 0.279507 0)
(-1.32104 0.0907143 0)
(-1.36042 -0.122276 0)
(-1.3584 -0.351147 0)
(-1.28803 -0.578832 0)
(-1.16595 -0.778536 0)
(-0.955872 -0.919772 0)
(-0.723668 -0.954975 0)
(-0.428503 -0.878684 0)
(-0.215491 -0.649585 0)
(-0.00388095 -0.368618 0)
(8.70624e-77 -5.28049e-25 0)
(-0.0109237 0.240533 0)
(-0.099327 0.583156 0)
(-0.24569 0.799076 0)
(-0.409288 0.908374 0)
(-0.585905 0.940886 0)
(-0.760665 0.908557 0)
(-0.931298 0.834072 0)
(-1.09324 0.718602 0)
(-1.24313 0.570196 0)
(-1.37563 0.385719 0)
(-1.48509 0.164136 0)
(-1.55605 -0.0916102 0)
(-1.58351 -0.37854 0)
(-1.53483 -0.673747 0)
(-1.4216 -0.951954 0)
(-1.19624 -1.16202 0)
(-0.92792 -1.24901 0)
(-0.565005 -1.17428 0)
(-0.28827 -0.898842 0)
(-0.00526791 -0.507588 0)
(2.43606e-164 -2.17656e-77 0)
(-0.0116106 0.292279 0)
(-0.106048 0.699475 0)
(-0.26512 0.954107 0)
(-0.440085 1.07953 0)
(-0.627963 1.11867 0)
(-0.813677 1.0845 0)
(-0.995305 1.0059 0)
(-1.17202 0.882362 0)
(-1.33943 0.722674 0)
(-1.49643 0.520735 0)
(-1.63455 0.271635 0)
(-1.74063 -0.0242738 0)
(-1.804 -0.370735 0)
(-1.78929 -0.741609 0)
(-1.69938 -1.11419 0)
(-1.47497 -1.41653 0)
(-1.18184 -1.58152 0)
(-0.754107 -1.52489 0)
(-0.404558 -1.19884 0)
(-0.0663604 -0.667751 0)
(1.55707e-265 0.0116714 0)
(-0.0131916 0.359262 0)
(-0.111926 0.838855 0)
(-0.280407 1.13477 0)
(-0.462273 1.27207 0)
(-0.655483 1.31582 0)
(-0.845756 1.27602 0)
(-1.03069 1.19319 0)
(-1.21425 1.06237 0)
(-1.39046 0.894761 0)
(-1.56395 0.680072 0)
(-1.72397 0.408154 0)
(-1.86202 0.0766265 0)
(-1.96324 -0.329881 0)
(-1.99211 -0.780786 0)
(-1.94222 -1.26592 0)
(-1.74187 -1.68571 0)
(-1.44312 -1.96923 0)
(-0.956912 -1.96411 0)
(-0.510981 -1.5815 0)
(-0.0669756 -0.929608 0)
(0.0466855 -0.0627632 0)
(-0.0177446 0.413128 0)
(-0.126748 0.963786 0)
(-0.309417 1.30163 0)
(-0.497603 1.45137 0)
(-0.68948 1.50039 0)
(-0.875422 1.45716 0)
(-1.04996 1.37341 0)
(-1.22612 1.24053 0)
(-1.39368 1.07195 0)
(-1.56742 0.853482 0)
(-1.73221 0.570016 0)
(-1.89111 0.21501 0)
(-2.0228 -0.238771 0)
(-2.10212 -0.762359 0)
(-2.10828 -1.36018 0)
(-1.96447 -1.91763 0)
(-1.70069 -2.36079 0)
(-1.17151 -2.46481 0)
(-0.658783 -2.08209 0)
(0.0344411 -1.23133 0)
(2.17589e-231 -0.0116714 0)
(-0.0237298 0.506644 0)
(-0.141199 1.13361 0)
(-0.332513 1.50946 0)
(-0.518784 1.65322 0)
(-0.697812 1.6967 0)
(-0.865937 1.63674 0)
(-1.01374 1.54566 0)
(-1.16369 1.4059 0)
(-1.30087 1.23644 0)
(-1.4508 1.01811 0)
(-1.59539 0.731126 0)
(-1.75139 0.366532 0)
(-1.89614 -0.119909 0)
(-2.01958 -0.696538 0)
(-2.09512 -1.40403 0)
(-2.04756 -2.09818 0)
(-1.88104 -2.76276 0)
(-1.4052 -3.02336 0)
(-0.864913 -2.78293 0)
(-0.00393204 -1.62224 0)
(5.4409e-202 4.39489e-184 0)
(-0.0409421 0.57087 0)
(-0.183295 1.26646 0)
(-0.3922 1.67518 0)
(-0.574239 1.81103 0)
(-0.722381 1.84572 0)
(-0.853511 1.76944 0)
(-0.946218 1.6706 0)
(-1.04304 1.52606 0)
(-1.11753 1.3591 0)
(-1.21326 1.14814 0)
(-1.30297 0.871195 0)
(-1.42737 0.51746 0)
(-1.55363 0.0316645 0)
(-1.71091 -0.560251 0)
(-1.84758 -1.3255 0)
(-1.943 -2.12945 0)
(-1.9217 -2.98903 0)
(-1.62162 -3.49024 0)
(-1.12399 -3.4619 0)
(-0.00983795 -2.12439 0)
(1.75796e-183 1.29414e-184 0)
(-0.0603226 0.738613 0)
(-0.224663 1.48916 0)
(-0.435751 1.9096 0)
(-0.595195 1.98464 0)
(-0.690941 1.98287 0)
(-0.761989 1.86107 0)
(-0.775928 1.73915 0)
(-0.793558 1.57765 0)
(-0.778403 1.40803 0)
(-0.789207 1.20432 0)
(-0.791849 0.94444 0)
(-0.846252 0.618679 0)
(-0.917233 0.161048 0)
(-1.06537 -0.400013 0)
(-1.24261 -1.1759 0)
(-1.47065 -2.02125 0)
(-1.66816 -3.09039 0)
(-1.67114 -3.82897 0)
(-1.46252 -4.41401 0)
(-0.452049 -2.79185 0)
(4.29251e-254 -4.39489e-184 0)
(-0.125701 0.841496 0)
(-0.35724 1.62864 0)
(-0.562606 2.04016 0)
(-0.678202 2.05631 0)
(-0.663026 2.01147 0)
(-0.630444 1.84931 0)
(-0.51319 1.7029 0)
(-0.4139 1.52732 0)
(-0.271767 1.35596 0)
(-0.170479 1.16355 0)
(-0.0572602 0.929804 0)
(-0.0209098 0.648053 0)
(-0.00276238 0.253667 0)
(-0.125171 -0.226131 0)
(-0.290107 -0.91267 0)
(-0.681537 -1.69294 0)
(-1.05157 -2.76316 0)
(-1.67541 -3.69553 0)
(-1.75547 -4.59572 0)
(-2.04388 -3.66249 0)
(-2.49048e-264 -0.210309 0)
(-0.179905 1.24255 0)
(-0.442126 1.93025 0)
(-0.572318 2.25262 0)
(-0.580003 2.08532 0)
(-0.405883 1.94894 0)
(-0.225877 1.71104 0)
(0.0485402 1.5293 0)
(0.287735 1.33648 0)
(0.56779 1.16667 0)
(0.791722 0.991421 0)
(1.02463 0.793898 0)
(1.16537 0.568591 0)
(1.28419 0.261354 0)
(1.23886 -0.103609 0)
(1.1316 -0.630223 0)
(0.743019 -1.24296 0)
(0.270718 -2.12585 0)
(-0.575806 -3.08112 0)
(-1.21555 -4.13223 0)
(-1.86385 -4.40708 0)
(-0.841235 -2.27728 0)
(-0.398982 1.42891 0)
(-0.729743 1.99229 0)
(-0.545816 2.17212 0)
(-0.300516 1.87323 0)
(0.208051 1.65862 0)
(0.617614 1.38747 0)
(1.11371 1.19164 0)
(1.51291 1.0064 0)
(1.93483 0.85395 0)
(2.26575 0.70952 0)
(2.59499 0.558034 0)
(2.80772 0.396615 0)
(3.00076 0.182972 0)
(3.00124 -0.0581642 0)
(2.96216 -0.413013 0)
(2.58413 -0.809085 0)
(2.1602 -1.44293 0)
(1.19211 -2.17715 0)
(0.342325 -3.30868 0)
(-0.755037 -3.96077 0)
(-0.695032 -2.9543 0)
(-0.253821 2.43309 0)
(-0.0915081 2.07175 0)
(0.694985 1.8742 0)
(1.3287 1.32426 0)
(2.11836 1.05194 0)
(2.70986 0.799562 0)
(3.32154 0.641016 0)
(3.79075 0.511941 0)
(4.24931 0.414704 0)
(4.59737 0.331063 0)
(4.92919 0.250011 0)
(5.14131 0.167605 0)
(5.3323 0.0638685 0)
(5.34344 -0.0526177 0)
(5.32725 -0.222896 0)
(5.00357 -0.418866 0)
(4.65318 -0.763341 0)
(3.75581 -1.22961 0)
(2.8183 -2.24992 0)
(1.07054 -3.32411 0)
(-0.0428286 -3.80138 0)
(1.66972 1.672 0)
(2.71454 0.977749 0)
(4.56203 0.750452 0)
(5.40048 0.423639 0)
(6.25904 0.283982 0)
(6.75352 0.174006 0)
(7.21274 0.116575 0)
(7.51447 0.0765264 0)
(7.79211 0.0513505 0)
(7.97917 0.0327376 0)
(8.15269 0.016819 0)
(8.2428 0.00192067 0)
(8.32476 -0.0172556 0)
(8.28504 -0.0372524 0)
(8.24567 -0.0730344 0)
(7.98177 -0.107939 0)
(7.74322 -0.200084 0)
(6.99995 -0.295563 0)
(6.26802 -0.629942 0)
(4.04944 -1.00234 0)
(2.01084 -1.82436 0)
)
;

boundaryField
{
    movingWall
    {
        type            fixedValue;
        value           uniform (10 0 0);
    }
    fixedWalls
    {
        type            noSlip;
    }
    frontAndBack
    {
        type            empty;
    }
}


// ************************************************************************* //
