/*--------------------------------*- C++ -*----------------------------------*\
| =========                 |                                                 |
| \\      /  F ield         | OpenFOAM: The Open Source CFD Toolbox           |
|  \\    /   O peration     | Version:  4.1                                   |
|   \\  /    A nd           | Web:      www.OpenFOAM.org                      |
|    \\/     M anipulation  |                                                 |
\*---------------------------------------------------------------------------*/
FoamFile
{
    version     2.0;
    format      ascii;
    class       volVectorField;
    location    "0.0663";
    object      U;
}
// * * * * * * * * * * * * * * * * * * * * * * * * * * * * * * * * * * * * * //

dimensions      [0 1 -1 0 0 0 0];

internalField   nonuniform List<vector> 
441
(
(0.00353689 -0.00468409 0)
(0.00915865 -0.00254442 0)
(-0.000636109 -2.18585e-165 0)
(0.00184488 -3.08229e-266 0)
(-0.00847988 -0.00738009 0)
(-0.00184488 -2.89866e-232 0)
(-1.10905e-202 -5.16433e-203 0)
(-1.29094e-203 -6.73469e-228 0)
(-1.6203e-212 -2.92076e-213 0)
(-0.00577634 8.60286e-266 0)
(-0.0704745 0.0231073 0)
(-0.0888987 0.0121804 0)
(-0.100694 0.00566788 0)
(-0.0894243 0.000530178 0)
(-0.0746366 -0.0014128 0)
(-0.0509666 -0.002778 0)
(-0.030303 -0.00205688 0)
(-0.0113431 -0.00165247 0)
(0.000723125 0.000506804 0)
(0.00337631 0.00122693 0)
(0.0043039 0.00277862 0)
(0.00354168 -0.00782129 0)
(-0.00147843 0.00666242 0)
(-0.0270703 0.00810139 0)
(-0.0574148 0.010576 0)
(-0.102344 0.010239 0)
(-0.144201 -0.00356897 0)
(-0.183336 -0.000241596 0)
(-0.220714 0.00151377 0)
(-0.253829 0.0123543 0)
(-0.287368 0.062684 0)
(-0.310507 0.0579874 0)
(-0.305624 0.018424 0)
(-0.292857 -0.00567569 0)
(-0.254706 -0.0273314 0)
(-0.209694 -0.037177 0)
(-0.151957 -0.0428167 0)
(-0.0991844 -0.0373699 0)
(-0.0512165 -0.0306247 0)
(-0.0178916 -0.014722 0)
(-0.00266052 -0.00554365 0)
(0.00458926 0.00512361 0)
(0.00710694 -0.00726771 0)
(-0.00535242 0.0276812 0)
(-0.0522781 0.0545608 0)
(-0.11514 0.0728735 0)
(-0.191318 0.0782895 0)
(-0.269876 0.0770492 0)
(-0.353777 0.0738286 0)
(-0.421361 0.0681854 0)
(-0.487893 0.0641019 0)
(-0.520214 0.0610265 0)
(-0.516477 0.0422669 0)
(-0.500312 -0.00428994 0)
(-0.467405 -0.0445774 0)
(-0.408308 -0.0824558 0)
(-0.337515 -0.103208 0)
(-0.25066 -0.113576 0)
(-0.169415 -0.101628 0)
(-0.0938131 -0.0834584 0)
(-0.0395779 -0.046955 0)
(-0.00930876 -0.0216901 0)
(0.00599321 0.00512201 0)
(0.00612478 -0.00986018 0)
(-0.0151068 0.0677419 0)
(-0.0914977 0.117896 0)
(-0.18096 0.151924 0)
(-0.285885 0.165335 0)
(-0.390999 0.161542 0)
(-0.494116 0.15286 0)
(-0.582991 0.136482 0)
(-0.656147 0.113511 0)
(-0.699343 0.0886593 0)
(-0.708433 0.0378334 0)
(-0.68737 -0.0317516 0)
(-0.642717 -0.0978204 0)
(-0.564506 -0.158374 0)
(-0.470211 -0.194643 0)
(-0.354488 -0.212419 0)
(-0.24455 -0.193653 0)
(-0.139529 -0.162122 0)
(-0.0629265 -0.0983603 0)
(-0.0159442 -0.0524957 0)
(0.00772263 0.00218815 0)
(6.59346e-165 0.0015312 0)
(-0.0226778 0.124862 0)
(-0.131927 0.219644 0)
(-0.243143 0.265871 0)
(-0.375127 0.287274 0)
(-0.502971 0.283512 0)
(-0.629934 0.264579 0)
(-0.73725 0.229171 0)
(-0.826597 0.179776 0)
(-0.87971 0.113994 0)
(-0.896523 0.0307106 0)
(-0.876952 -0.0697596 0)
(-0.825274 -0.166676 0)
(-0.732157 -0.255308 0)
(-0.616175 -0.312138 0)
(-0.469817 -0.340115 0)
(-0.328759 -0.315102 0)
(-0.18773 -0.266195 0)
(-0.0863166 -0.168836 0)
(-0.0174536 -0.0932068 0)
(0.0143193 -0.00230008 0)
(-5.35295e-266 0.00547941 0)
(-0.084287 0.204263 0)
(-0.183879 0.336456 0)
(-0.317097 0.396925 0)
(-0.461206 0.425059 0)
(-0.608719 0.417409 0)
(-0.751078 0.38776 0)
(-0.876806 0.333395 0)
(-0.980981 0.256823 0)
(-1.05097 0.157812 0)
(-1.08455 0.0353677 0)
(-1.07319 -0.104015 0)
(-1.02253 -0.24236 0)
(-0.918886 -0.369073 0)
(-0.783673 -0.45652 0)
(-0.605117 -0.50228 0)
(-0.42868 -0.474682 0)
(-0.245095 -0.407689 0)
(-0.113404 -0.266671 0)
(-0.0184777 -0.156342 0)
(0.0161194 0.000331708 0)
(-0.0219176 0.0889666 0)
(-0.117304 0.305269 0)
(-0.232123 0.452832 0)
(-0.378714 0.541425 0)
(-0.540924 0.57812 0)
(-0.706169 0.571973 0)
(-0.868245 0.531891 0)
(-1.01363 0.458172 0)
(-1.13849 0.353726 0)
(-1.22876 0.217314 0)
(-1.28198 0.0534143 0)
(-1.28508 -0.132089 0)
(-1.24179 -0.31998 0)
(-1.13339 -0.495094 0)
(-0.982735 -0.624438 0)
(-0.770334 -0.696949 0)
(-0.555453 -0.672846 0)
(-0.316014 -0.583885 0)
(-0.151381 -0.392222 0)
(-0.00566652 -0.224559 0)
(5.88691e-266 -0.00402986 0)
(-0.0161109 0.147098 0)
(-0.112155 0.41561 0)
(-0.254138 0.598442 0)
(-0.420691 0.706514 0)
(-0.602475 0.752774 0)
(-0.786775 0.745036 0)
(-0.967536 0.695541 0)
(-1.13422 0.603523 0)
(-1.28149 0.472374 0)
(-1.39691 0.300731 0)
(-1.47584 0.0921008 0)
(-1.50114 -0.145283 0)
(-1.47418 -0.393549 0)
(-1.36973 -0.630333 0)
(-1.21026 -0.818877 0)
(-0.96737 -0.933658 0)
(-0.710581 -0.927346 0)
(-0.409626 -0.818026 0)
(-0.197482 -0.572419 0)
(-0.0032782 -0.317171 0)
(2.50019e-24 -1.12656e-24 0)
(-0.0143114 0.213748 0)
(-0.116085 0.541479 0)
(-0.274948 0.759811 0)
(-0.45681 0.887957 0)
(-0.655562 0.942935 0)
(-0.856043 0.935463 0)
(-1.05451 0.878451 0)
(-1.24129 0.770987 0)
(-1.41159 0.616169 0)
(-1.5537 0.411015 0)
(-1.66145 0.158214 0)
(-1.71549 -0.134303 0)
(-1.71363 -0.449973 0)
(-1.6243 -0.760317 0)
(-1.46708 -1.02463 0)
(-1.20174 -1.19978 0)
(-0.906096 -1.22695 0)
(-0.536585 -1.1022 0)
(-0.2665 -0.79095 0)
(-0.00476581 -0.429747 0)
(1.02203e-76 -6.25047e-25 0)
(-0.0125453 0.278101 0)
(-0.114876 0.677943 0)
(-0.284311 0.939925 0)
(-0.476244 1.08772 0)
(-0.686454 1.15245 0)
(-0.898378 1.14394 0)
(-1.10915 1.08103 0)
(-1.31185 0.96017 0)
(-1.50131 0.784938 0)
(-1.66858 0.549848 0)
(-1.80578 0.254178 0)
(-1.8932 -0.0943185 0)
(-1.92493 -0.484118 0)
(-1.86379 -0.879531 0)
(-1.72381 -1.24062 0)
(-1.45133 -1.50057 0)
(-1.12548 -1.59098 0)
(-0.687655 -1.46783 0)
(-0.349426 -1.09865 0)
(-0.00670251 -0.598772 0)
(2.84868e-164 -2.55509e-77 0)
(-0.0127772 0.337801 0)
(-0.117583 0.811512 0)
(-0.294481 1.11891 0)
(-0.491866 1.28786 0)
(-0.706694 1.36339 0)
(-0.922387 1.35615 0)
(-1.1364 1.29081 0)
(-1.34588 1.16164 0)
(-1.54506 0.972464 0)
(-1.73005 0.714601 0)
(-1.8911 0.383375 0)
(-2.01209 -0.0156005 0)
(-2.08258 -0.477435 0)
(-2.06356 -0.962415 0)
(-1.96019 -1.43377 0)
(-1.70549 -1.80191 0)
(-1.37166 -1.98573 0)
(-0.881318 -1.8864 0)
(-0.473876 -1.46034 0)
(-0.0778482 -0.792118 0)
(1.75777e-265 0.0130542 0)
(-0.0135866 0.409382 0)
(-0.11681 0.961817 0)
(-0.294411 1.31571 0)
(-0.488858 1.50064 0)
(-0.697933 1.58413 0)
(-0.90611 1.57359 0)
(-1.11029 1.50514 0)
(-1.31288 1.36833 0)
(-1.50719 1.16922 0)
(-1.69624 0.895108 0)
(-1.86934 0.536218 0)
(-2.01693 0.0960792 0)
(-2.12584 -0.43216 0)
(-2.15875 -1.00422 0)
(-2.11149 -1.59765 0)
(-1.9044 -2.09569 0)
(-1.59123 -2.41404 0)
(-1.06652 -2.37986 0)
(-0.575109 -1.89633 0)
(-0.0746223 -1.09221 0)
(0.052217 -0.0735722 0)
(-0.0171538 0.463832 0)
(-0.122998 1.0894 0)
(-0.303281 1.48806 0)
(-0.490876 1.68807 0)
(-0.683645 1.77882 0)
(-0.871159 1.76591 0)
(-1.04724 1.6966 0)
(-1.2241 1.55696 0)
(-1.39156 1.35551 0)
(-1.56435 1.07617 0)
(-1.72875 0.70472 0)
(-1.88882 0.24127 0)
(-2.02638 -0.333065 0)
(-2.11652 -0.976045 0)
(-2.14142 -1.68286 0)
(-2.01664 -2.32399 0)
(-1.77198 -2.81711 0)
(-1.23793 -2.91137 0)
(-0.708724 -2.44577 0)
(0.040875 -1.42646 0)
(2.41007e-231 -0.0130542 0)
(-0.0219897 0.552465 0)
(-0.127646 1.251 0)
(-0.303475 1.68745 0)
(-0.473988 1.8821 0)
(-0.636655 1.96756 0)
(-0.78767 1.93754 0)
(-0.917133 1.86004 0)
(-1.0477 1.71271 0)
(-1.16541 1.5102 0)
(-1.29728 1.23225 0)
(-1.42769 0.860555 0)
(-1.57605 0.393668 0)
(-1.72351 -0.204612 0)
(-1.86225 -0.889676 0)
(-1.96886 -1.69666 0)
(-1.96397 -2.46943 0)
(-1.84862 -3.19153 0)
(-1.41119 -3.46128 0)
(-0.891545 -3.16899 0)
(-0.00325942 -1.83814 0)
(5.77044e-202 4.56265e-184 0)
(-0.0381909 0.606485 0)
(-0.160831 1.36482 0)
(-0.341837 1.83062 0)
(-0.493379 2.0158 0)
(-0.608199 2.09098 0)
(-0.704129 2.04304 0)
(-0.759721 1.95646 0)
(-0.819052 1.80408 0)
(-0.857423 1.60564 0)
(-0.921365 1.33923 0)
(-0.986507 0.984849 0)
(-1.09714 0.539636 0)
(-1.22357 -0.0436316 0)
(-1.39818 -0.726652 0)
(-1.57196 -1.57315 0)
(-1.72412 -2.44095 0)
(-1.77643 -3.35363 0)
(-1.55086 -3.87716 0)
(-1.11469 -3.83044 0)
(-0.01123 -2.34811 0)
(1.82506e-183 -8.1524e-185 0)
(-0.0569815 0.759553 0)
(-0.196518 1.55897 0)
(-0.370894 2.02948 0)
(-0.488677 2.14988 0)
(-0.537951 2.18553 0)
(-0.55994 2.08984 0)
(-0.52288 1.97929 0)
(-0.490427 1.81128 0)
(-0.428527 1.61439 0)
(-0.399891 1.36276 0)
(-0.373395 1.03632 0)
(-0.412525 0.633127 0)
(-0.483862 0.0947815 0)
(-0.650417 -0.537824 0)
(-0.865051 -1.3738 0)
(-1.15257 -2.26137 0)
(-1.42984 -3.36958 0)
(-1.52959 -4.12988 0)
(-1.41089 -4.72583 0)
(-0.463808 -2.99995 0)
(4.39095e-254 -4.56265e-184 0)
(-0.122703 0.846093 0)
(-0.329912 1.66563 0)
(-0.496649 2.11769 0)
(-0.566708 2.17321 0)
(-0.499309 2.16157 0)
(-0.411441 2.02308 0)
(-0.23681 1.88797 0)
(-0.082046 1.70879 0)
(0.110988 1.51673 0)
(0.253833 1.28658 0)
(0.396385 0.999756 0)
(0.446068 0.656121 0)
(0.461423 0.197994 0)
(0.318344 -0.336032 0)
(0.11821 -1.06293 0)
(-0.328379 -1.86503 0)
(-0.767691 -2.95046 0)
(-1.49153 -3.89504 0)
(-1.66513 -4.80616 0)
(-2.06922 -3.83536 0)
(-2.57388e-264 -0.215034 0)
(-0.178614 1.23369 0)
(-0.424347 1.93726 0)
(-0.52342 2.28864 0)
(-0.491382 2.15279 0)
(-0.269084 2.0441 0)
(-0.0367049 1.82695 0)
(0.293182 1.65649 0)
(0.586463 1.46359 0)
(0.916424 1.28064 0)
(1.18096 1.07919 0)
(1.44195 0.843594 0)
(1.59439 0.573112 0)
(1.70821 0.219171 0)
(1.64091 -0.185088 0)
(1.49922 -0.737863 0)
(1.06384 -1.35905 0)
(0.537254 -2.2376 0)
(-0.38178 -3.18847 0)
(-1.10187 -4.23789 0)
(-1.8455 -4.5164 0)
(-0.860136 -2.31106 0)
(-0.400232 1.41474 0)
(-0.72791 1.98176 0)
(-0.528619 2.17892 0)
(-0.258115 1.90196 0)
(0.285867 1.70787 0)
(0.737223 1.45288 0)
(1.28036 1.26679 0)
(1.72739 1.08351 0)
(2.19496 0.924162 0)
(2.56409 0.763995 0)
(2.92055 0.588701 0)
(3.14511 0.398551 0)
(3.33382 0.154919 0)
(3.31305 -0.111396 0)
(3.24097 -0.48223 0)
(2.82053 -0.881024 0)
(2.35386 -1.50546 0)
(1.33831 -2.22615 0)
(0.440855 -3.34727 0)
(-0.714073 -3.99934 0)
(-0.70009 -2.96291 0)
(-0.256427 2.42373 0)
(-0.101629 2.06031 0)
(0.684155 1.86933 0)
(1.32666 1.33035 0)
(2.13562 1.06901 0)
(2.75454 0.825547 0)
(3.40029 0.672448 0)
(3.90619 0.544759 0)
(4.40102 0.444391 0)
(4.78011 0.353272 0)
(5.1342 0.260974 0)
(5.35584 0.165158 0)
(5.54251 0.0479034 0)
(5.53492 -0.0794175 0)
(5.4898 -0.255261 0)
(5.13061 -0.450345 0)
(4.74657 -0.786631 0)
(3.81959 -1.2431 0)
(2.85955 -2.25352 0)
(1.08916 -3.32951 0)
(-0.0456015 -3.7994 0)
(1.66789 1.6702 0)
(2.70559 0.975308 0)
(4.54695 0.748681 0)
(5.38484 0.423543 0)
(6.24954 0.285661 0)
(6.75595 0.177049 0)
(7.23148 0.120298 0)
(7.55133 0.0801882 0)
(7.84671 0.0541642 0)
(8.04813 0.0340711 0)
(8.23068 0.0161823 0)
(8.3222 -0.000740687 0)
(8.39803 -0.0216815 0)
(8.34451 -0.0425475 0)
(8.28746 -0.078126 0)
(8.00398 -0.11148 0)
(7.75036 -0.201075 0)
(6.99735 -0.293915 0)
(6.26358 -0.626002 0)
(4.04644 -0.99809 0)
(2.00616 -1.81888 0)
)
;

boundaryField
{
    movingWall
    {
        type            fixedValue;
        value           uniform (10 0 0);
    }
    fixedWalls
    {
        type            noSlip;
    }
    frontAndBack
    {
        type            empty;
    }
}


// ************************************************************************* //
