/*--------------------------------*- C++ -*----------------------------------*\
| =========                 |                                                 |
| \\      /  F ield         | OpenFOAM: The Open Source CFD Toolbox           |
|  \\    /   O peration     | Version:  4.1                                   |
|   \\  /    A nd           | Web:      www.OpenFOAM.org                      |
|    \\/     M anipulation  |                                                 |
\*---------------------------------------------------------------------------*/
FoamFile
{
    version     2.0;
    format      ascii;
    class       volVectorField;
    location    "0.0219";
    object      U;
}
// * * * * * * * * * * * * * * * * * * * * * * * * * * * * * * * * * * * * * //

dimensions      [0 1 -1 0 0 0 0];

internalField   nonuniform List<vector> 
441
(
(0.00332733 -0.00478839 0)
(0.0079104 -0.00291942 0)
(-0.000730036 -2.37102e-165 0)
(0.00152621 -2.3213e-266 0)
(-0.0103934 -0.0061054 0)
(-0.00152621 -2.51827e-232 0)
(-1.10013e-202 -3.63527e-203 0)
(-9.08614e-204 -4.44695e-228 0)
(-1.31419e-212 -1.83843e-213 0)
(-0.00464562 7.0973e-266 0)
(-0.05465 0.0185835 0)
(-0.0700529 0.0101816 0)
(-0.0810573 0.00508432 0)
(-0.0753413 0.00120767 0)
(-0.0673621 -0.000373948 0)
(-0.051867 -0.0016629 0)
(-0.0371452 -0.00159724 0)
(-0.0209274 -0.00179754 0)
(-0.00806193 -0.000469623 0)
(-0.000919034 0.00018901 0)
(0.00318057 0.00205887 0)
(0.00284912 -0.00622346 0)
(-0.00443786 0.00701025 0)
(-0.0300999 0.00764217 0)
(-0.0578493 0.0115503 0)
(-0.0960247 0.00843389 0)
(-0.127749 -0.0058333 0)
(-0.155189 -0.000802835 0)
(-0.179568 0.000963672 0)
(-0.199884 0.00933239 0)
(-0.221089 0.048321 0)
(-0.235911 0.0452369 0)
(-0.231942 0.0165118 0)
(-0.225464 -0.000180154 0)
(-0.202303 -0.0153954 0)
(-0.175352 -0.0231294 0)
(-0.137605 -0.0294626 0)
(-0.10066 -0.0291676 0)
(-0.0620303 -0.0283211 0)
(-0.0304607 -0.0192009 0)
(-0.00951744 -0.0121648 0)
(0.00286334 0.000390609 0)
(0.00596715 -0.00386056 0)
(-0.00740147 0.0296206 0)
(-0.0520038 0.0519196 0)
(-0.106115 0.0640258 0)
(-0.166507 0.062819 0)
(-0.226059 0.0558283 0)
(-0.285151 0.0498814 0)
(-0.327287 0.0431768 0)
(-0.368047 0.0398174 0)
(-0.383341 0.0396841 0)
(-0.374526 0.0301845 0)
(-0.361142 0.000740512 0)
(-0.34028 -0.0240283 0)
(-0.304048 -0.0487107 0)
(-0.261561 -0.0643073 0)
(-0.206228 -0.0765116 0)
(-0.15172 -0.0761937 0)
(-0.0947306 -0.072329 0)
(-0.0483529 -0.0519969 0)
(-0.0154015 -0.0334227 0)
(0.00389226 -0.0040329 0)
(0.00613222 -0.0049274 0)
(-0.0119646 0.0665373 0)
(-0.0786837 0.106525 0)
(-0.15117 0.127954 0)
(-0.231145 0.128649 0)
(-0.306357 0.115142 0)
(-0.375136 0.101492 0)
(-0.429491 0.084468 0)
(-0.470888 0.066917 0)
(-0.491056 0.0525991 0)
(-0.489208 0.0227399 0)
(-0.470486 -0.0186356 0)
(-0.440868 -0.0574262 0)
(-0.392377 -0.0949791 0)
(-0.336209 -0.120797 0)
(-0.264599 -0.140431 0)
(-0.194392 -0.140216 0)
(-0.120472 -0.133033 0)
(-0.0612111 -0.0978706 0)
(-0.0176433 -0.0656444 0)
(0.00593117 -0.0107957 0)
(6.06407e-165 0.00153305 0)
(-0.0164603 0.114047 0)
(-0.106218 0.190386 0)
(-0.19094 0.215349 0)
(-0.286991 0.217169 0)
(-0.374133 0.198428 0)
(-0.455598 0.172134 0)
(-0.518406 0.13824 0)
(-0.566756 0.100952 0)
(-0.589505 0.0586422 0)
(-0.589441 0.00997199 0)
(-0.56928 -0.0473132 0)
(-0.533644 -0.101507 0)
(-0.475812 -0.153498 0)
(-0.407838 -0.191143 0)
(-0.320125 -0.218823 0)
(-0.234843 -0.219034 0)
(-0.141784 -0.206239 0)
(-0.0704799 -0.15334 0)
(-0.0139821 -0.101173 0)
(0.0122195 -0.0148121 0)
(-5.09938e-266 0.00486014 0)
(-0.0704897 0.176963 0)
(-0.143292 0.279369 0)
(-0.240337 0.310397 0)
(-0.338786 0.311823 0)
(-0.435024 0.284792 0)
(-0.521832 0.246279 0)
(-0.592892 0.195901 0)
(-0.646402 0.138612 0)
(-0.676262 0.0746439 0)
(-0.683522 0.00264895 0)
(-0.66544 -0.0752397 0)
(-0.628301 -0.150763 0)
(-0.563288 -0.221958 0)
(-0.484935 -0.276096 0)
(-0.38085 -0.315199 0)
(-0.279004 -0.317674 0)
(-0.164589 -0.299851 0)
(-0.0789728 -0.224132 0)
(-0.00614477 -0.151146 0)
(0.015925 -0.0117499 0)
(-0.0194405 0.07539 0)
(-0.0955138 0.253996 0)
(-0.177555 0.360824 0)
(-0.280335 0.409333 0)
(-0.388333 0.411401 0)
(-0.493021 0.380432 0)
(-0.589495 0.329545 0)
(-0.669582 0.262229 0)
(-0.732289 0.184244 0)
(-0.770635 0.0956607 0)
(-0.785802 -0.000454056 0)
(-0.772603 -0.102676 0)
(-0.73663 -0.202854 0)
(-0.666842 -0.297341 0)
(-0.579658 -0.372264 0)
(-0.457741 -0.425762 0)
(-0.3386 -0.43327 0)
(-0.195728 -0.407802 0)
(-0.0981533 -0.309084 0)
(0.00618822 -0.19748 0)
(5.31657e-266 -0.00398126 0)
(-0.0137684 0.122104 0)
(-0.0874916 0.336124 0)
(-0.190719 0.464934 0)
(-0.307508 0.522066 0)
(-0.428489 0.525016 0)
(-0.544884 0.486494 0)
(-0.651732 0.423341 0)
(-0.743334 0.338818 0)
(-0.817045 0.24009 0)
(-0.867595 0.127797 0)
(-0.894504 0.00486821 0)
(-0.890558 -0.125246 0)
(-0.860323 -0.256263 0)
(-0.789692 -0.380523 0)
(-0.695754 -0.484633 0)
(-0.556726 -0.559083 0)
(-0.41644 -0.578179 0)
(-0.244026 -0.54498 0)
(-0.123964 -0.422104 0)
(-0.000683209 -0.257435 0)
(1.74379e-24 -1.80327e-24 0)
(-0.0117224 0.17375 0)
(-0.08983 0.429248 0)
(-0.207889 0.5797 0)
(-0.337629 0.645641 0)
(-0.472703 0.647964 0)
(-0.601453 0.60257 0)
(-0.720754 0.527536 0)
(-0.825307 0.426854 0)
(-0.912519 0.308493 0)
(-0.977907 0.172785 0)
(-1.01963 0.0229985 0)
(-1.0297 -0.137146 0)
(-1.01028 -0.302646 0)
(-0.944207 -0.462594 0)
(-0.847401 -0.603348 0)
(-0.691669 -0.706711 0)
(-0.527569 -0.742701 0)
(-0.315471 -0.703318 0)
(-0.164648 -0.546633 0)
(-0.00305991 -0.326547 0)
(7.08329e-77 -4.35948e-25 0)
(-0.0102624 0.224535 0)
(-0.0906632 0.533953 0)
(-0.22146 0.713805 0)
(-0.363561 0.787751 0)
(-0.512173 0.789705 0)
(-0.653684 0.734944 0)
(-0.785396 0.647849 0)
(-0.903995 0.530618 0)
(-1.00598 0.393102 0)
(-1.08911 0.234556 0)
(-1.1496 0.0568642 0)
(-1.17952 -0.135522 0)
(-1.17796 -0.341587 0)
(-1.12432 -0.545391 0)
(-1.03112 -0.736782 0)
(-0.862241 -0.882896 0)
(-0.671446 -0.953056 0)
(-0.411052 -0.914805 0)
(-0.216435 -0.730458 0)
(-0.00508144 -0.433055 0)
(1.94876e-164 -1.77082e-77 0)
(-0.0110448 0.271746 0)
(-0.098771 0.638802 0)
(-0.244282 0.850734 0)
(-0.399824 0.934471 0)
(-0.561607 0.936881 0)
(-0.715252 0.87428 0)
(-0.858051 0.77723 0)
(-0.989931 0.646485 0)
(-1.10605 0.493529 0)
(-1.20819 0.31597 0)
(-1.28979 0.113931 0)
(-1.34559 -0.108963 0)
(-1.36947 -0.356479 0)
(-1.3395 -0.60995 0)
(-1.26031 -0.86289 0)
(-1.08758 -1.06836 0)
(-0.872343 -1.18942 0)
(-0.558549 -1.16284 0)
(-0.306841 -0.943356 0)
(-0.0578341 -0.551424 0)
(1.13598e-265 0.00929461 0)
(-0.0129253 0.335554 0)
(-0.107578 0.769422 0)
(-0.266578 1.01667 0)
(-0.433629 1.10609 0)
(-0.60571 1.10669 0)
(-0.768743 1.03177 0)
(-0.919305 0.923561 0)
(-1.06173 0.778591 0)
(-1.18937 0.611787 0)
(-1.30937 0.41791 0)
(-1.41257 0.194169 0)
(-1.49779 -0.0567633 0)
(-1.55431 -0.347993 0)
(-1.55924 -0.656654 0)
(-1.50827 -0.988984 0)
(-1.34548 -1.27581 0)
(-1.11242 -1.48188 0)
(-0.734977 -1.48997 0)
(-0.39555 -1.22759 0)
(-0.05368 -0.753665 0)
(0.0371784 -0.0567564 0)
(-0.0179356 0.388052 0)
(-0.126836 0.889564 0)
(-0.306311 1.17403 0)
(-0.487192 1.27046 0)
(-0.666677 1.27035 0)
(-0.834965 1.1855 0)
(-0.985577 1.06942 0)
(-1.13165 0.915199 0)
(-1.26221 0.740957 0)
(-1.39394 0.538733 0)
(-1.51264 0.30275 0)
(-1.6269 0.033006 0)
(-1.71779 -0.293529 0)
(-1.76988 -0.655642 0)
(-1.76243 -1.07332 0)
(-1.63411 -1.46553 0)
(-1.40581 -1.79475 0)
(-0.960407 -1.88508 0)
(-0.535912 -1.61775 0)
(0.0337486 -0.988419 0)
(1.82578e-231 -0.00929461 0)
(-0.0246143 0.483268 0)
(-0.147351 1.06096 0)
(-0.343992 1.38094 0)
(-0.53352 1.46767 0)
(-0.712938 1.45764 0)
(-0.878212 1.35106 0)
(-1.01907 1.22215 0)
(-1.158 1.0552 0)
(-1.27933 0.874593 0)
(-1.40966 0.668033 0)
(-1.53081 0.426395 0)
(-1.66216 0.14771 0)
(-1.78073 -0.206618 0)
(-1.88086 -0.613511 0)
(-1.93304 -1.12662 0)
(-1.87242 -1.63712 0)
(-1.69772 -2.15781 0)
(-1.25081 -2.37425 0)
(-0.755221 -2.21874 0)
(-0.00360134 -1.31798 0)
(4.64846e-202 3.90888e-184 0)
(-0.0425685 0.552734 0)
(-0.196101 1.20281 0)
(-0.420121 1.55604 0)
(-0.618125 1.63369 0)
(-0.782625 1.61307 0)
(-0.929864 1.48788 0)
(-1.03785 1.3485 0)
(-1.14887 1.17373 0)
(-1.23583 0.992467 0)
(-1.34215 0.790143 0)
(-1.43944 0.555466 0)
(-1.56742 0.284197 0)
(-1.69036 -0.0735165 0)
(-1.83522 -0.501022 0)
(-1.94472 -1.07701 0)
(-2.00027 -1.69944 0)
(-1.9232 -2.40535 0)
(-1.58148 -2.83576 0)
(-1.05672 -2.84595 0)
(-0.00674898 -1.76698 0)
(1.56355e-183 3.06536e-184 0)
(-0.0626048 0.729523 0)
(-0.243322 1.44282 0)
(-0.478754 1.81203 0)
(-0.666893 1.83134 0)
(-0.795452 1.77611 0)
(-0.902395 1.60663 0)
(-0.954814 1.4449 0)
(-1.01285 1.25338 0)
(-1.03934 1.0689 0)
(-1.09154 0.871945 0)
(-1.13307 0.650247 0)
(-1.2198 0.399212 0)
(-1.31139 0.0573556 0)
(-1.4616 -0.358015 0)
(-1.61456 -0.967567 0)
(-1.78636 -1.65745 0)
(-1.89203 -2.58597 0)
(-1.7845 -3.24913 0)
(-1.47001 -3.81528 0)
(-0.424256 -2.41514 0)
(3.92724e-254 -3.90888e-184 0)
(-0.127937 0.84397 0)
(-0.37729 1.60556 0)
(-0.612057 1.97365 0)
(-0.764864 1.94016 0)
(-0.794812 1.84711 0)
(-0.813346 1.64178 0)
(-0.752956 1.45926 0)
(-0.714801 1.25661 0)
(-0.637419 1.07183 0)
(-0.601397 0.885161 0)
(-0.550957 0.68435 0)
(-0.567744 0.466468 0)
(-0.587652 0.169478 0)
(-0.722156 -0.190915 0)
(-0.869405 -0.74705 0)
(-1.19852 -1.41263 0)
(-1.46799 -2.38576 0)
(-1.93182 -3.25865 0)
(-1.86052 -4.13223 0)
(-1.96895 -3.30701 0)
(-2.34437e-264 -0.200804 0)
(-0.180829 1.25536 0)
(-0.455662 1.93097 0)
(-0.612007 2.22136 0)
(-0.656497 2.01427 0)
(-0.530291 1.83829 0)
(-0.406719 1.56461 0)
(-0.197192 1.35302 0)
(-0.029124 1.1381 0)
(0.174478 0.957453 0)
(0.320879 0.786797 0)
(0.479323 0.615013 0)
(0.557181 0.439235 0)
(0.631614 0.206345 0)
(0.570645 -0.0690731 0)
(0.479682 -0.503377 0)
(0.146717 -1.04336 0)
(-0.235046 -1.88129 0)
(-0.942462 -2.81481 0)
(-1.42023 -3.86202 0)
(-1.88305 -4.15009 0)
(-0.803214 -2.18717 0)
(-0.397501 1.44556 0)
(-0.7289 2.00781 0)
(-0.557928 2.16835 0)
(-0.337938 1.84187 0)
(0.13175 1.59873 0)
(0.491409 1.30161 0)
(0.926574 1.0843 0)
(1.25666 0.883617 0)
(1.6027 0.723921 0)
(1.85601 0.583076 0)
(2.11075 0.44937 0)
(2.26133 0.321385 0)
(2.41198 0.157231 0)
(2.4004 -0.0251115 0)
(2.3813 -0.320823 0)
(2.05869 -0.674905 0)
(1.71265 -1.29346 0)
(0.848381 -2.03779 0)
(0.114049 -3.18715 0)
(-0.849136 -3.85156 0)
(-0.688244 -2.9188 0)
(-0.251059 2.44353 0)
(-0.0791041 2.08602 0)
(0.710378 1.88151 0)
(1.33547 1.31813 0)
(2.10274 1.03101 0)
(2.65956 0.76519 0)
(3.22489 0.595962 0)
(3.63913 0.459783 0)
(4.03637 0.359918 0)
(4.32161 0.279232 0)
(4.59423 0.20785 0)
(4.75854 0.142342 0)
(4.92038 0.0621464 0)
(4.92889 -0.027328 0)
(4.93909 -0.172555 0)
(4.66986 -0.352753 0)
(4.38961 -0.698509 0)
(3.56731 -1.18004 0)
(2.69709 -2.22368 0)
(1.0159 -3.30258 0)
(-0.0410994 -3.79899 0)
(1.6715 1.6739 0)
(2.72465 0.980699 0)
(4.58022 0.752841 0)
(5.42028 0.424089 0)
(6.27197 0.282161 0)
(6.75144 0.170249 0)
(7.18856 0.111488 0)
(7.46333 0.0708368 0)
(7.71115 0.0459062 0)
(7.86873 0.0284444 0)
(8.01631 0.0147284 0)
(8.08847 0.00288386 0)
(8.16396 -0.0124838 0)
(8.13323 -0.029025 0)
(8.11738 -0.0622956 0)
(7.89017 -0.0975356 0)
(7.69043 -0.193053 0)
(6.98069 -0.294618 0)
(6.26564 -0.635956 0)
(4.0521 -1.01196 0)
(2.01925 -1.83733 0)
)
;

boundaryField
{
    movingWall
    {
        type            fixedValue;
        value           uniform (10 0 0);
    }
    fixedWalls
    {
        type            noSlip;
    }
    frontAndBack
    {
        type            empty;
    }
}


// ************************************************************************* //
