/*--------------------------------*- C++ -*----------------------------------*\
| =========                 |                                                 |
| \\      /  F ield         | OpenFOAM: The Open Source CFD Toolbox           |
|  \\    /   O peration     | Version:  4.1                                   |
|   \\  /    A nd           | Web:      www.OpenFOAM.org                      |
|    \\/     M anipulation  |                                                 |
\*---------------------------------------------------------------------------*/
FoamFile
{
    version     2.0;
    format      ascii;
    class       volVectorField;
    location    "0.0012";
    object      U;
}
// * * * * * * * * * * * * * * * * * * * * * * * * * * * * * * * * * * * * * //

dimensions      [0 1 -1 0 0 0 0];

internalField   nonuniform List<vector> 
441
(
(0.000468821 -0.00285803 0)
(-0.00149919 -0.00386482 0)
(-0.000957911 -3.89114e-165 0)
(0.00086154 -1.27853e-268 0)
(-0.0154054 -0.00347788 0)
(-0.00086154 -2.56119e-232 0)
(-1.77945e-202 -2.30102e-203 0)
(-5.75265e-204 -2.17253e-228 0)
(-1.8019e-212 -1.58127e-214 0)
(-0.00456292 9.56479e-266 0)
(-0.0440789 0.0183722 0)
(-0.0536313 0.00893563 0)
(-0.0615671 0.0037295 0)
(-0.0590505 0.000286511 0)
(-0.0559233 -0.00129154 0)
(-0.0486424 -0.00241086 0)
(-0.0414718 -0.0028304 0)
(-0.0321606 -0.00336946 0)
(-0.0230612 -0.00332567 0)
(-0.0131966 -0.00369988 0)
(-0.00280663 -0.00300508 0)
(-0.000940686 0.00408584 0)
(-0.012687 0.00561933 0)
(-0.0280526 0.00107001 0)
(-0.0392863 0.0129365 0)
(-0.054232 0.00466364 0)
(-0.0657762 -0.00992888 0)
(-0.07513 -0.001277 0)
(-0.0833809 0.000860553 0)
(-0.0892027 0.00819335 0)
(-0.0966122 0.0357364 0)
(-0.0963311 0.028634 0)
(-0.0890959 0.0090857 0)
(-0.0869787 0.00115555 0)
(-0.0797517 -0.00583814 0)
(-0.0732726 -0.00915286 0)
(-0.0630197 -0.0122225 0)
(-0.0531614 -0.0134522 0)
(-0.04076 -0.0154292 0)
(-0.0289111 -0.0153649 0)
(-0.0161643 -0.017031 0)
(-0.00281511 -0.0128448 0)
(0.00148172 0.00940991 0)
(-0.00947714 0.0225236 0)
(-0.0319994 0.0242439 0)
(-0.0472873 0.0255287 0)
(-0.0589793 0.02213 0)
(-0.0777773 0.0177227 0)
(-0.0951405 0.0162328 0)
(-0.104397 0.0135667 0)
(-0.11586 0.012699 0)
(-0.113857 0.0127563 0)
(-0.10097 0.0119132 0)
(-0.0957393 0.00130424 0)
(-0.0912677 -0.00528205 0)
(-0.0842437 -0.012894 0)
(-0.0769677 -0.0177046 0)
(-0.0659467 -0.0224783 0)
(-0.0553845 -0.0246292 0)
(-0.0416234 -0.027811 0)
(-0.0292591 -0.0273607 0)
(-0.0156349 -0.0299983 0)
(-0.00167419 -0.0214663 0)
(0.00684811 0.0125922 0)
(-0.000985548 0.0406239 0)
(-0.0310312 0.0399339 0)
(-0.0501211 0.0407546 0)
(-0.0675358 0.0356129 0)
(-0.0839517 0.0285089 0)
(-0.0973904 0.0258717 0)
(-0.107572 0.0217892 0)
(-0.114512 0.0182354 0)
(-0.116873 0.0175845 0)
(-0.112794 0.00947777 0)
(-0.107216 -0.00160742 0)
(-0.101348 -0.0109047 0)
(-0.0922627 -0.0206025 0)
(-0.0830654 -0.0275324 0)
(-0.0699498 -0.0343214 0)
(-0.0577886 -0.0375035 0)
(-0.0415136 -0.0423292 0)
(-0.0280607 -0.0409076 0)
(-0.0122288 -0.0455448 0)
(0.00121257 -0.0300389 0)
(6.13965e-165 0.00171203 0)
(-0.00170945 0.0602295 0)
(-0.0375577 0.0729518 0)
(-0.0558302 0.0614205 0)
(-0.0752627 0.0556922 0)
(-0.0919653 0.0467106 0)
(-0.106658 0.0395218 0)
(-0.116891 0.03069 0)
(-0.124364 0.0220347 0)
(-0.126001 0.0124198 0)
(-0.122455 0.00265999 0)
(-0.117504 -0.00936239 0)
(-0.110597 -0.0198946 0)
(-0.100621 -0.0309469 0)
(-0.0901342 -0.039581 0)
(-0.0750503 -0.047938 0)
(-0.0617387 -0.0523567 0)
(-0.0419378 -0.0580376 0)
(-0.0277781 -0.0556203 0)
(-0.00677293 -0.0598138 0)
(0.00700089 -0.0315827 0)
(-9.1923e-266 0.0055897 0)
(-0.0474034 0.08232 0)
(-0.0485225 0.0924159 0)
(-0.071235 0.0797101 0)
(-0.0846687 0.0718014 0)
(-0.10202 0.0607241 0)
(-0.11489 0.0510553 0)
(-0.125956 0.0395313 0)
(-0.132931 0.027421 0)
(-0.136228 0.0147838 0)
(-0.135094 0.00062621 0)
(-0.130451 -0.0141192 0)
(-0.123204 -0.0280486 0)
(-0.111872 -0.0416878 0)
(-0.0997135 -0.0530149 0)
(-0.0821257 -0.0636613 0)
(-0.066547 -0.0699746 0)
(-0.0420151 -0.0779638 0)
(-0.024736 -0.0747437 0)
(0.00892256 -0.0828744 0)
(0.0163798 -0.0294759 0)
(-0.0223588 0.0577068 0)
(-0.0535769 0.103358 0)
(-0.0607687 0.0995851 0)
(-0.0799233 0.0959978 0)
(-0.0956656 0.0870686 0)
(-0.113109 0.0763226 0)
(-0.127268 0.0635842 0)
(-0.138906 0.0486619 0)
(-0.14662 0.0324666 0)
(-0.15025 0.0149302 0)
(-0.149535 -0.00285975 0)
(-0.144928 -0.0210365 0)
(-0.137134 -0.0381754 0)
(-0.124728 -0.0545443 0)
(-0.111319 -0.0688002 0)
(-0.0912288 -0.0816543 0)
(-0.074726 -0.0913989 0)
(-0.0446097 -0.101026 0)
(-0.0302911 -0.104627 0)
(0.0203457 -0.102731 0)
(6.18492e-266 -0.00409496 0)
(-0.0160563 0.0844091 0)
(-0.042458 0.12091 0)
(-0.0628531 0.119734 0)
(-0.086697 0.114982 0)
(-0.10567 0.105578 0)
(-0.125188 0.0926447 0)
(-0.140352 0.0772413 0)
(-0.153149 0.0589324 0)
(-0.161439 0.0389051 0)
(-0.165907 0.0174079 0)
(-0.165856 -0.00479442 0)
(-0.161356 -0.0269751 0)
(-0.153161 -0.0483649 0)
(-0.13982 -0.0682472 0)
(-0.12483 -0.0863196 0)
(-0.103131 -0.101698 0)
(-0.0842798 -0.115425 0)
(-0.0542791 -0.125598 0)
(-0.0368579 -0.135572 0)
(0.00248682 -0.121346 0)
(1.14095e-24 -4.36919e-24 0)
(-0.0135285 0.115114 0)
(-0.0429492 0.148284 0)
(-0.0698565 0.14438 0)
(-0.0963108 0.137771 0)
(-0.118813 0.125912 0)
(-0.139918 0.110534 0)
(-0.156628 0.0917698 0)
(-0.170261 0.0696221 0)
(-0.179156 0.0454122 0)
(-0.184014 0.0193856 0)
(-0.184167 -0.00724008 0)
(-0.17977 -0.0337709 0)
(-0.171255 -0.0594925 0)
(-0.157363 -0.0831632 0)
(-0.141154 -0.104935 0)
(-0.11797 -0.122965 0)
(-0.0971086 -0.138821 0)
(-0.0652349 -0.150171 0)
(-0.0452792 -0.158358 0)
(-0.00239208 -0.143252 0)
(3.89287e-77 -2.85238e-25 0)
(-0.0124964 0.142268 0)
(-0.0438918 0.178176 0)
(-0.0761789 0.174623 0)
(-0.106215 0.164564 0)
(-0.132265 0.150323 0)
(-0.155631 0.130876 0)
(-0.173734 0.108327 0)
(-0.188292 0.0816494 0)
(-0.197554 0.0530031 0)
(-0.202845 0.0223378 0)
(-0.203228 -0.00904817 0)
(-0.199163 -0.0402594 0)
(-0.190583 -0.0709928 0)
(-0.176456 -0.0991431 0)
(-0.159057 -0.12587 0)
(-0.134131 -0.147294 0)
(-0.110494 -0.16775 0)
(-0.0756346 -0.180485 0)
(-0.052808 -0.196564 0)
(-0.00904728 -0.172828 0)
(8.94233e-165 -9.73217e-78 0)
(-0.0135242 0.170264 0)
(-0.049572 0.210743 0)
(-0.0872216 0.206576 0)
(-0.121017 0.192876 0)
(-0.15015 0.175507 0)
(-0.175223 0.151447 0)
(-0.193925 0.124694 0)
(-0.208629 0.0932131 0)
(-0.217526 0.060173 0)
(-0.222819 0.024987 0)
(-0.223222 -0.0108287 0)
(-0.219889 -0.046492 0)
(-0.211838 -0.0821293 0)
(-0.198756 -0.114894 0)
(-0.181125 -0.146848 0)
(-0.156391 -0.172066 0)
(-0.13015 -0.195704 0)
(-0.0972474 -0.209331 0)
(-0.0691176 -0.220113 0)
(-0.0543998 -0.200343 0)
(-4.98092e-266 0.00248586 0)
(-0.0155658 0.207232 0)
(-0.056422 0.253669 0)
(-0.0997616 0.248599 0)
(-0.137558 0.228689 0)
(-0.169329 0.206628 0)
(-0.195753 0.175407 0)
(-0.214162 0.143133 0)
(-0.228407 0.105648 0)
(-0.236235 0.0678614 0)
(-0.24128 0.0280972 0)
(-0.241617 -0.0119868 0)
(-0.239431 -0.0519405 0)
(-0.232527 -0.0927257 0)
(-0.221408 -0.130625 0)
(-0.204464 -0.169257 0)
(-0.179273 -0.19974 0)
(-0.150095 -0.228025 0)
(-0.106403 -0.243875 0)
(-0.0709607 -0.241418 0)
(-0.0149737 -0.243303 0)
(0.00994344 -0.0663428 0)
(-0.0198012 0.239877 0)
(-0.0690188 0.292696 0)
(-0.120656 0.286881 0)
(-0.163324 0.260536 0)
(-0.196335 0.23368 0)
(-0.222579 0.195097 0)
(-0.238175 0.157631 0)
(-0.250177 0.114724 0)
(-0.255199 0.0732702 0)
(-0.259184 0.0302135 0)
(-0.259031 -0.0126657 0)
(-0.258589 -0.055468 0)
(-0.253754 -0.10032 0)
(-0.246758 -0.142637 0)
(-0.232406 -0.189034 0)
(-0.209451 -0.226047 0)
(-0.17882 -0.267813 0)
(-0.121407 -0.288511 0)
(-0.0805745 -0.309362 0)
(0.0448419 -0.282191 0)
(1.04512e-231 -0.00248586 0)
(-0.0254352 0.300309 0)
(-0.0831855 0.357998 0)
(-0.143311 0.348182 0)
(-0.190275 0.306474 0)
(-0.223031 0.270039 0)
(-0.2478 0.218421 0)
(-0.258975 0.173321 0)
(-0.267833 0.123247 0)
(-0.269197 0.0780287 0)
(-0.271871 0.0321189 0)
(-0.271034 -0.0126592 0)
(-0.272729 -0.0573456 0)
(-0.270444 -0.10588 0)
(-0.269389 -0.152547 0)
(-0.259307 -0.20918 0)
(-0.244618 -0.254883 0)
(-0.214741 -0.319007 0)
(-0.164286 -0.346555 0)
(-0.110152 -0.405135 0)
(0.00243632 -0.338633 0)
(9.04782e-203 6.41132e-185 0)
(-0.0384726 0.343078 0)
(-0.113644 0.405064 0)
(-0.186363 0.391811 0)
(-0.23788 0.335807 0)
(-0.264444 0.290845 0)
(-0.283756 0.228275 0)
(-0.28484 0.177923 0)
(-0.287571 0.12358 0)
(-0.282465 0.0775238 0)
(-0.282754 0.0317422 0)
(-0.280493 -0.0118794 0)
(-0.28498 -0.0554245 0)
(-0.285967 -0.104074 0)
(-0.29413 -0.152091 0)
(-0.290515 -0.214364 0)
(-0.291669 -0.267863 0)
(-0.264496 -0.347942 0)
(-0.227592 -0.390338 0)
(-0.153877 -0.473187 0)
(-0.00673893 -0.393766 0)
(2.56453e-184 -1.62629e-183 0)
(-0.0534434 0.462936 0)
(-0.144406 0.512327 0)
(-0.226039 0.484107 0)
(-0.278535 0.387674 0)
(-0.295894 0.324042 0)
(-0.308398 0.240092 0)
(-0.299128 0.181613 0)
(-0.296444 0.121325 0)
(-0.285641 0.0750165 0)
(-0.284226 0.0303749 0)
(-0.280675 -0.0106755 0)
(-0.287498 -0.0515804 0)
(-0.291087 -0.0992771 0)
(-0.307198 -0.147579 0)
(-0.310795 -0.217759 0)
(-0.328556 -0.280525 0)
(-0.312547 -0.394508 0)
(-0.303373 -0.457871 0)
(-0.230058 -0.64097 0)
(-0.129521 -0.501332 0)
(-1.82866e-255 -6.41132e-185 0)
(-0.10006 0.527986 0)
(-0.231817 0.564596 0)
(-0.316922 0.521423 0)
(-0.365365 0.395995 0)
(-0.352821 0.319931 0)
(-0.350568 0.225721 0)
(-0.320331 0.166196 0)
(-0.308795 0.107263 0)
(-0.288858 0.0654919 0)
(-0.284983 0.0261725 0)
(-0.279397 -0.00876742 0)
(-0.289411 -0.0434945 0)
(-0.295916 -0.0850058 0)
(-0.324638 -0.128118 0)
(-0.336899 -0.193982 0)
(-0.389202 -0.258012 0)
(-0.385019 -0.372885 0)
(-0.464305 -0.46091 0)
(-0.368007 -0.63775 0)
(-0.512529 -0.61591 0)
(-1.28703e-264 -0.0746205 0)
(-0.140189 0.822202 0)
(-0.298234 0.739192 0)
(-0.369397 0.643257 0)
(-0.405572 0.426168 0)
(-0.367538 0.323799 0)
(-0.355674 0.207533 0)
(-0.313597 0.146636 0)
(-0.299446 0.0893688 0)
(-0.275871 0.0536229 0)
(-0.272196 0.0209294 0)
(-0.265714 -0.00672051 0)
(-0.277069 -0.0340958 0)
(-0.283922 -0.0679847 0)
(-0.316628 -0.104125 0)
(-0.333688 -0.163912 0)
(-0.397053 -0.22699 0)
(-0.415187 -0.345636 0)
(-0.508764 -0.460457 0)
(-0.487206 -0.658668 0)
(-0.549292 -0.814344 0)
(-0.298482 -0.642269 0)
(-0.310201 0.933305 0)
(-0.55015 0.764673 0)
(-0.508627 0.62107 0)
(-0.508492 0.375407 0)
(-0.387934 0.269292 0)
(-0.354946 0.161516 0)
(-0.283893 0.110459 0)
(-0.263692 0.0647964 0)
(-0.23227 0.0385128 0)
(-0.228041 0.0150134 0)
(-0.219963 -0.00416938 0)
(-0.233639 -0.0228114 0)
(-0.241313 -0.0464662 0)
(-0.282986 -0.0709243 0)
(-0.305257 -0.11539 0)
(-0.398136 -0.16068 0)
(-0.432714 -0.262819 0)
(-0.598596 -0.359809 0)
(-0.59646 -0.594669 0)
(-0.689885 -0.760628 0)
(-0.411441 -0.904128 0)
(-0.215879 1.75948 0)
(-0.300658 0.942065 0)
(-0.117862 0.653017 0)
(-0.0798949 0.299739 0)
(0.0626477 0.191613 0)
(0.0943762 0.0984918 0)
(0.164648 0.0635704 0)
(0.180063 0.0350563 0)
(0.209545 0.0205262 0)
(0.211661 0.00806959 0)
(0.220072 -0.00181298 0)
(0.207257 -0.0110803 0)
(0.203483 -0.0232721 0)
(0.166538 -0.0354753 0)
(0.154401 -0.0616242 0)
(0.0716256 -0.0903775 0)
(0.0538537 -0.177086 0)
(-0.109852 -0.282955 0)
(-0.117184 -0.638303 0)
(-0.333541 -0.993473 0)
(-0.201378 -1.84318 0)
(1.45143 1.33678 0)
(1.9221 0.598906 0)
(2.87367 0.391289 0)
(3.03756 0.164384 0)
(3.30047 0.0972845 0)
(3.34751 0.0454056 0)
(3.43018 0.0269238 0)
(3.44492 0.0139793 0)
(3.47371 0.0077739 0)
(3.47529 0.00327321 0)
(3.48388 -0.000179048 0)
(3.47281 -0.0033156 0)
(3.47182 -0.00774436 0)
(3.43833 -0.0126484 0)
(3.43118 -0.0245946 0)
(3.3427 -0.0382848 0)
(3.32052 -0.0859893 0)
(3.05608 -0.139659 0)
(2.94096 -0.359018 0)
(1.99212 -0.571713 0)
(1.4823 -1.31211 0)
)
;

boundaryField
{
    movingWall
    {
        type            fixedValue;
        value           uniform (10 0 0);
    }
    fixedWalls
    {
        type            noSlip;
    }
    frontAndBack
    {
        type            empty;
    }
}


// ************************************************************************* //
