/*--------------------------------*- C++ -*----------------------------------*\
| =========                 |                                                 |
| \\      /  F ield         | OpenFOAM: The Open Source CFD Toolbox           |
|  \\    /   O peration     | Version:  4.1                                   |
|   \\  /    A nd           | Web:      www.OpenFOAM.org                      |
|    \\/     M anipulation  |                                                 |
\*---------------------------------------------------------------------------*/
FoamFile
{
    version     2.0;
    format      ascii;
    class       volVectorField;
    location    "0.0239";
    object      U;
}
// * * * * * * * * * * * * * * * * * * * * * * * * * * * * * * * * * * * * * //

dimensions      [0 1 -1 0 0 0 0];

internalField   nonuniform List<vector> 
441
(
(0.00330715 -0.00472912 0)
(0.00795219 -0.00285462 0)
(-0.000713802 -2.33098e-165 0)
(0.00153973 -2.36445e-266 0)
(-0.0101463 -0.00615945 0)
(-0.00153973 -2.5272e-232 0)
(-1.09374e-202 -3.71571e-203 0)
(-9.2873e-204 -4.56133e-228 0)
(-1.32428e-212 -1.88438e-213 0)
(-0.00467472 7.13522e-266 0)
(-0.0550976 0.0187002 0)
(-0.0704826 0.0102125 0)
(-0.0813854 0.00507521 0)
(-0.0753074 0.00115209 0)
(-0.0669359 -0.000431094 0)
(-0.0510256 -0.00171658 0)
(-0.0360566 -0.00159678 0)
(-0.0198567 -0.00175636 0)
(-0.00722884 -0.000373888 0)
(-0.000579468 0.000270351 0)
(0.00324831 0.00209277 0)
(0.00287934 -0.00630873 0)
(-0.00410373 0.00689923 0)
(-0.0294985 0.00761918 0)
(-0.0572354 0.011374 0)
(-0.0956812 0.00851662 0)
(-0.127986 -0.00559485 0)
(-0.156103 -0.000753983 0)
(-0.18118 0.000990519 0)
(-0.202136 0.00943451 0)
(-0.22383 0.0487194 0)
(-0.238902 0.0455122 0)
(-0.234719 0.0163548 0)
(-0.227742 -0.000634453 0)
(-0.203657 -0.016117 0)
(-0.175667 -0.0238775 0)
(-0.136854 -0.0300977 0)
(-0.0991715 -0.0293868 0)
(-0.0603266 -0.0281206 0)
(-0.0290315 -0.0185472 0)
(-0.0088714 -0.0114784 0)
(0.00299155 0.000766943 0)
(0.00599975 -0.00414549 0)
(-0.00713426 0.0291202 0)
(-0.0515008 0.0516665 0)
(-0.105917 0.064258 0)
(-0.167187 0.0636152 0)
(-0.227835 0.0570652 0)
(-0.288361 0.0512226 0)
(-0.331946 0.0444714 0)
(-0.374018 0.0409168 0)
(-0.390115 0.0404318 0)
(-0.381518 0.030348 0)
(-0.367798 5.51172e-05 0)
(-0.346097 -0.0254456 0)
(-0.308423 -0.0507408 0)
(-0.264254 -0.0664522 0)
(-0.207137 -0.0783861 0)
(-0.151242 -0.07713 0)
(-0.0935102 -0.072247 0)
(-0.047083 -0.0508367 0)
(-0.014788 -0.0320544 0)
(0.00404721 -0.00324048 0)
(0.00605838 -0.00532196 0)
(-0.0121317 0.0659516 0)
(-0.0790483 0.106558 0)
(-0.152391 0.128977 0)
(-0.233855 0.130713 0)
(-0.310913 0.117916 0)
(-0.38179 0.104456 0)
(-0.438155 0.087265 0)
(-0.481304 0.0691719 0)
(-0.502631 0.054003 0)
(-0.501281 0.0229073 0)
(-0.482218 -0.0199822 0)
(-0.451551 -0.0601514 0)
(-0.401152 -0.0988481 0)
(-0.342671 -0.124998 0)
(-0.268467 -0.144266 0)
(-0.196062 -0.142547 0)
(-0.120621 -0.133647 0)
(-0.0607098 -0.0965896 0)
(-0.0174098 -0.0638518 0)
(0.00604593 -0.00964722 0)
(6.04264e-165 0.0015146 0)
(-0.016824 0.113836 0)
(-0.107388 0.191191 0)
(-0.193676 0.217915 0)
(-0.291994 0.221294 0)
(-0.381752 0.203592 0)
(-0.466062 0.17757 0)
(-0.531533 0.143275 0)
(-0.582215 0.104957 0)
(-0.606573 0.0610376 0)
(-0.607347 0.0103018 0)
(-0.586979 -0.0494018 0)
(-0.550213 -0.105865 0)
(-0.490084 -0.159772 0)
(-0.419168 -0.198175 0)
(-0.327918 -0.225522 0)
(-0.239426 -0.223666 0)
(-0.143775 -0.20836 0)
(-0.071006 -0.152544 0)
(-0.0142164 -0.0994398 0)
(0.0123297 -0.0136859 0)
(-5.05572e-266 0.00484915 0)
(-0.070806 0.177536 0)
(-0.145221 0.281774 0)
(-0.244497 0.315249 0)
(-0.345999 0.318768 0)
(-0.445594 0.293021 0)
(-0.535964 0.25476 0)
(-0.610348 0.203689 0)
(-0.666837 0.144825 0)
(-0.698917 0.0784843 0)
(-0.707596 0.00346496 0)
(-0.689697 -0.0779423 0)
(-0.651617 -0.156896 0)
(-0.584106 -0.2311 0)
(-0.502269 -0.286754 0)
(-0.393604 -0.32583 0)
(-0.287324 -0.325777 0)
(-0.168914 -0.304574 0)
(-0.080807 -0.224567 0)
(-0.00714948 -0.150018 0)
(0.0158581 -0.0106892 0)
(-0.0193966 0.0756243 0)
(-0.0961507 0.255741 0)
(-0.180155 0.365446 0)
(-0.285732 0.417178 0)
(-0.397377 0.421918 0)
(-0.506081 0.392498 0)
(-0.60681 0.341855 0)
(-0.690961 0.273551 0)
(-0.75746 0.193448 0)
(-0.798879 0.101682 0)
(-0.816352 0.00149409 0)
(-0.804098 -0.105542 0)
(-0.76776 -0.210624 0)
(-0.695581 -0.309633 0)
(-0.604542 -0.387329 0)
(-0.476887 -0.441539 0)
(-0.351766 -0.446293 0)
(-0.202852 -0.416477 0)
(-0.101256 -0.311561 0)
(0.00517271 -0.197546 0)
(5.34239e-266 -0.00396453 0)
(-0.0137567 0.12268 0)
(-0.0884024 0.339344 0)
(-0.19385 0.472085 0)
(-0.313795 0.53335 0)
(-0.438875 0.53961 0)
(-0.559825 0.502975 0)
(-0.671585 0.440135 0)
(-0.76805 0.354446 0)
(-0.846541 0.253175 0)
(-0.901317 0.137 0)
(-0.931834 0.00895698 0)
(-0.930103 -0.127393 0)
(-0.900624 -0.26512 0)
(-0.828188 -0.395963 0)
(-0.730335 -0.504848 0)
(-0.58438 -0.581528 0)
(-0.436219 -0.598261 0)
(-0.254874 -0.559889 0)
(-0.128619 -0.428584 0)
(-0.00088853 -0.259503 0)
(1.79999e-24 -1.73136e-24 0)
(-0.0117568 0.174862 0)
(-0.0908972 0.434141 0)
(-0.211293 0.589675 0)
(-0.344394 0.660728 0)
(-0.483846 0.667111 0)
(-0.617576 0.62408 0)
(-0.742402 0.549606 0)
(-0.85268 0.447796 0)
(-0.945837 0.326702 0)
(-1.01691 0.186619 0)
(-1.06399 0.0307912 0)
(-1.07811 -0.137067 0)
(-1.06122 -0.311423 0)
(-0.99458 -0.480659 0)
(-0.894328 -0.629205 0)
(-0.73068 -0.737408 0)
(-0.556625 -0.772465 0)
(-0.332058 -0.727292 0)
(-0.172029 -0.559594 0)
(-0.00317875 -0.331472 0)
(7.33946e-77 -4.49997e-25 0)
(-0.0103068 0.226193 0)
(-0.0917353 0.54054 0)
(-0.224835 0.726632 0)
(-0.370308 0.806752 0)
(-0.523396 0.813632 0)
(-0.670155 0.761902 0)
(-0.807902 0.675871 0)
(-0.933064 0.557883 0)
(-1.04223 0.41781 0)
(-1.13271 0.254767 0)
(-1.20062 0.070377 0)
(-1.23693 -0.131114 0)
(-1.24029 -0.348433 0)
(-1.18802 -0.564918 0)
(-1.09248 -0.768296 0)
(-0.915183 -0.923385 0)
(-0.712365 -0.995494 0)
(-0.435462 -0.951679 0)
(-0.227643 -0.753229 0)
(-0.0049778 -0.442866 0)
(2.02854e-164 -1.83487e-77 0)
(-0.0110866 0.273956 0)
(-0.0997032 0.647027 0)
(-0.247295 0.866363 0)
(-0.406001 0.957389 0)
(-0.572108 0.965726 0)
(-0.731023 0.907042 0)
(-0.88013 0.811872 0)
(-1.0192 0.681135 0)
(-1.14356 0.526252 0)
(-1.25461 0.344542 0)
(-1.34569 0.135549 0)
(-1.4103 -0.0976167 0)
(-1.44178 -0.358913 0)
(-1.41558 -0.629053 0)
(-1.33588 -0.899427 0)
(-1.15503 -1.11969 0)
(-0.92657 -1.24766 0)
(-0.592516 -1.21686 0)
(-0.323505 -0.980621 0)
(-0.0587542 -0.567956 0)
(1.22093e-265 0.0097501 0)
(-0.0129394 0.338164 0)
(-0.108195 0.778972 0)
(-0.268812 1.03472 0)
(-0.438514 1.13256 0)
(-0.614412 1.14017 0)
(-0.782321 1.07026 0)
(-0.938995 0.965044 0)
(-1.08871 0.821243 0)
(-1.22506 0.653605 0)
(-1.35484 0.456439 0)
(-1.46887 0.225975 0)
(-1.56471 -0.0360089 0)
(-1.63096 -0.343422 0)
(-1.642 -0.672992 0)
(-1.59269 -1.02902 0)
(-1.42334 -1.33787 0)
(-1.17739 -1.55771 0)
(-0.778074 -1.56493 0)
(-0.417469 -1.28309 0)
(-0.0562286 -0.780855 0)
(0.0390004 -0.0571188 0)
(-0.0179068 0.390884 0)
(-0.126956 0.90001 0)
(-0.3073 1.19392 0)
(-0.489928 1.29983 0)
(-0.672212 1.30787 0)
(-0.844349 1.22922 0)
(-1.00008 1.11743 0)
(-1.15255 0.965798 0)
(-1.29107 0.792137 0)
(-1.43203 0.587854 0)
(-1.56125 0.345792 0)
(-1.68621 0.0646431 0)
(-1.78738 -0.280071 0)
(-1.8468 -0.667034 0)
(-1.84305 -1.11461 0)
(-1.71088 -1.53649 0)
(-1.47296 -1.88767 0)
(-1.00722 -1.98262 0)
(-0.561992 -1.69557 0)
(0.0332256 -1.029 0)
(1.89069e-231 -0.0097501 0)
(-0.0245059 0.485955 0)
(-0.146718 1.07151 0)
(-0.343113 1.40158 0)
(-0.532978 1.49865 0)
(-0.713503 1.49774 0)
(-0.880724 1.39848 0)
(-1.02461 1.27512 0)
(-1.16765 1.11216 0)
(-1.29444 0.933557 0)
(-1.43134 0.726248 0)
(-1.56023 0.479375 0)
(-1.69971 0.189377 0)
(-1.82653 -0.184386 0)
(-1.93329 -0.618838 0)
(-1.99036 -1.1666 0)
(-1.92984 -1.71278 0)
(-1.75189 -2.26336 0)
(-1.2923 -2.49095 0)
(-0.781646 -2.3203 0)
(-0.00377133 -1.37229 0)
(4.8212e-202 4.02077e-184 0)
(-0.0423648 0.554835 0)
(-0.194536 1.21249 0)
(-0.416865 1.57603 0)
(-0.613274 1.66451 0)
(-0.776448 1.65366 0)
(-0.922764 1.53657 0)
(-1.03043 1.40366 0)
(-1.14176 1.2339 0)
(-1.22978 1.05568 0)
(-1.3378 0.853567 0)
(-1.43748 0.614388 0)
(-1.56833 0.332208 0)
(-1.69476 -0.0450813 0)
(-1.84339 -0.500837 0)
(-1.95758 -1.11299 0)
(-2.01759 -1.77349 0)
(-1.94588 -2.51366 0)
(-1.60448 -2.96146 0)
(-1.07754 -2.96466 0)
(-0.00737914 -1.83504 0)
(1.60831e-183 2.88019e-184 0)
(-0.062288 0.730452 0)
(-0.240734 1.45031 0)
(-0.472837 1.82939 0)
(-0.657086 1.8594 0)
(-0.781361 1.81397 0)
(-0.883818 1.65281 0)
(-0.931727 1.49786 0)
(-0.985242 1.31172 0)
(-1.00723 1.13065 0)
(-1.05494 0.934285 0)
(-1.09215 0.708541 0)
(-1.17501 0.447324 0)
(-1.26391 0.0870111 0)
(-1.41354 -0.354687 0)
(-1.56962 -0.998033 0)
(-1.74909 -1.72302 0)
(-1.8684 -2.68524 0)
(-1.77647 -3.36775 0)
(-1.47717 -3.93886 0)
(-0.43054 -2.49149 0)
(4.01784e-254 -4.02077e-184 0)
(-0.127597 0.843214 0)
(-0.374193 1.60966 0)
(-0.604357 1.98649 0)
(-0.751253 1.96286 0)
(-0.774112 1.87899 0)
(-0.784726 1.68154 0)
(-0.715698 1.50546 0)
(-0.668298 1.30784 0)
(-0.581025 1.12614 0)
(-0.534688 0.93987 0)
(-0.473727 0.73523 0)
(-0.480759 0.508128 0)
(-0.492546 0.194935 0)
(-0.62278 -0.18787 0)
(-0.770869 -0.771744 0)
(-1.10946 -1.46501 0)
(-1.3964 -2.46389 0)
(-1.88968 -3.35338 0)
(-1.84624 -4.23417 0)
(-1.98749 -3.38375 0)
(-2.37412e-264 -0.202869 0)
(-0.180667 1.25291 0)
(-0.453289 1.93112 0)
(-0.604989 2.22826 0)
(-0.642831 2.02934 0)
(-0.508045 1.86117 0)
(-0.374448 1.59424 0)
(-0.153532 1.38813 0)
(0.0270202 1.17733 0)
(0.244189 0.999026 0)
(0.40476 0.828364 0)
(0.577529 0.65314 0)
(0.668547 0.46967 0)
(0.753748 0.223887 0)
(0.698849 -0.0687748 0)
(0.607897 -0.523153 0)
(0.266417 -1.08155 0)
(-0.132394 -1.93355 0)
(-0.868188 -2.87546 0)
(-1.37986 -3.92527 0)
(-1.88115 -4.20921 0)
(-0.811477 -2.20881 0)
(-0.397763 1.44233 0)
(-0.728943 2.0051 0)
(-0.555284 2.16996 0)
(-0.330089 1.84935 0)
(0.147429 1.61201 0)
(0.51699 1.31992 0)
(0.964041 1.10661 0)
(1.30752 0.908771 0)
(1.66828 0.750511 0)
(1.93691 0.609324 0)
(2.2069 0.47288 0)
(2.3711 0.339295 0)
(2.5324 0.16617 0)
(2.52611 -0.0278037 0)
(2.50597 -0.336593 0)
(2.17433 -0.701585 0)
(1.81305 -1.3263 0)
(0.926359 -2.07083 0)
(0.16574 -3.21765 0)
(-0.827939 -3.87887 0)
(-0.689475 -2.9288 0)
(-0.251597 2.4414 0)
(-0.0814634 2.08328 0)
(0.707723 1.88046 0)
(1.33505 1.32004 0)
(2.10742 1.03599 0)
(2.67178 0.772817 0)
(3.24686 0.605586 0)
(3.67243 0.470682 0)
(4.08219 0.371287 0)
(4.38033 0.29011 0)
(4.66539 0.217083 0)
(4.84036 0.148577 0)
(5.00964 0.0639692 0)
(5.02069 -0.0309979 0)
(5.02742 -0.181942 0)
(4.74827 -0.366529 0)
(4.45347 -0.713364 0)
(3.6142 -1.19245 0)
(2.7276 -2.23125 0)
(1.02981 -3.30869 0)
(-0.0410417 -3.8005 0)
(1.67112 1.67348 0)
(2.72258 0.980088 0)
(4.57664 0.752391 0)
(5.41669 0.424068 0)
(6.27017 0.28261 0)
(6.75309 0.171072 0)
(7.195 0.112548 0)
(7.47545 0.071991 0)
(7.72943 0.0470048 0)
(7.89313 0.0293342 0)
(8.04621 0.0152277 0)
(8.12251 0.00282836 0)
(8.20004 -0.0132759 0)
(8.16839 -0.0305574 0)
(8.14844 -0.0644877 0)
(7.91395 -0.0998633 0)
(7.70562 -0.194881 0)
(6.98774 -0.295195 0)
(6.26784 -0.634905 0)
(4.05225 -1.00987 0)
(2.01761 -1.83441 0)
)
;

boundaryField
{
    movingWall
    {
        type            fixedValue;
        value           uniform (10 0 0);
    }
    fixedWalls
    {
        type            noSlip;
    }
    frontAndBack
    {
        type            empty;
    }
}


// ************************************************************************* //
