/*--------------------------------*- C++ -*----------------------------------*\
| =========                 |                                                 |
| \\      /  F ield         | OpenFOAM: The Open Source CFD Toolbox           |
|  \\    /   O peration     | Version:  4.1                                   |
|   \\  /    A nd           | Web:      www.OpenFOAM.org                      |
|    \\/     M anipulation  |                                                 |
\*---------------------------------------------------------------------------*/
FoamFile
{
    version     2.0;
    format      ascii;
    class       volVectorField;
    location    "0.0337";
    object      U;
}
// * * * * * * * * * * * * * * * * * * * * * * * * * * * * * * * * * * * * * //

dimensions      [0 1 -1 0 0 0 0];

internalField   nonuniform List<vector> 
441
(
(0.00327944 -0.00458327 0)
(0.00816289 -0.00267321 0)
(-0.000668357 -2.22367e-165 0)
(0.00160713 -2.54889e-266 0)
(-0.00936115 -0.00642909 0)
(-0.00160713 -2.59309e-232 0)
(-1.0808e-202 -4.08438e-203 0)
(-1.02091e-203 -5.10238e-228 0)
(-1.3864e-212 -2.121e-213 0)
(-0.0048856 7.41686e-266 0)
(-0.0581076 0.0195444 0)
(-0.0738253 0.0105412 0)
(-0.0846019 0.00513298 0)
(-0.0770155 0.000946904 0)
(-0.0669587 -0.00067891 0)
(-0.0491572 -0.00196558 0)
(-0.0329869 -0.00164236 0)
(-0.0165434 -0.00165357 0)
(-0.00453374 -6.25033e-05 0)
(0.000545529 0.00053715 0)
(0.00352637 0.00222704 0)
(0.00301395 -0.0066512 0)
(-0.00305181 0.00661352 0)
(-0.0278099 0.00759561 0)
(-0.0557519 0.010851 0)
(-0.0955358 0.00891215 0)
(-0.130314 -0.00478828 0)
(-0.161367 -0.00057179 0)
(-0.189605 0.00111964 0)
(-0.213585 0.0100481 0)
(-0.237893 0.0514279 0)
(-0.254542 0.0477269 0)
(-0.249721 0.0162271 0)
(-0.240842 -0.0023414 0)
(-0.212827 -0.0191916 0)
(-0.180363 -0.0272064 0)
(-0.136815 -0.0330468 0)
(-0.0957193 -0.0307505 0)
(-0.0553928 -0.0279123 0)
(-0.0245482 -0.0166029 0)
(-0.00677796 -0.00933231 0)
(0.00348414 0.002048 0)
(0.00619464 -0.00512702 0)
(-0.00629364 0.0277615 0)
(-0.0503134 0.051306 0)
(-0.106282 0.0656845 0)
(-0.171228 0.06714 0)
(-0.236511 0.0623524 0)
(-0.303226 0.0571517 0)
(-0.353175 0.0504614 0)
(-0.401395 0.0463842 0)
(-0.421406 0.0447342 0)
(-0.413943 0.0321805 0)
(-0.399146 -0.00214415 0)
(-0.374145 -0.0311637 0)
(-0.33047 -0.0593794 0)
(-0.279174 -0.0758401 0)
(-0.214299 -0.086843 0)
(-0.152196 -0.0820051 0)
(-0.0906565 -0.0732482 0)
(-0.0432431 -0.0476508 0)
(-0.0127607 -0.0278534 0)
(0.00467722 -0.000570285 0)
(0.00589052 -0.00673614 0)
(-0.0128172 0.06468 0)
(-0.0811503 0.107695 0)
(-0.158188 0.133767 0)
(-0.245744 0.139448 0)
(-0.330396 0.129595 0)
(-0.410104 0.117334 0)
(-0.475238 0.0999581 0)
(-0.52634 0.0800298 0)
(-0.553266 0.0616711 0)
(-0.554605 0.0252123 0)
(-0.534721 -0.0245511 0)
(-0.500106 -0.0711287 0)
(-0.44194 -0.115142 0)
(-0.373714 -0.143173 0)
(-0.28826 -0.161297 0)
(-0.206028 -0.153864 0)
(-0.123278 -0.138335 0)
(-0.0597555 -0.093741 0)
(-0.0166626 -0.0585448 0)
(0.00658512 -0.00569086 0)
(6.05322e-165 0.00147263 0)
(-0.0183164 0.114401 0)
(-0.112789 0.195951 0)
(-0.205485 0.229077 0)
(-0.312959 0.238465 0)
(-0.413382 0.22522 0)
(-0.509642 0.201026 0)
(-0.58672 0.165896 0)
(-0.648025 0.123936 0)
(-0.680215 0.0736162 0)
(-0.685571 0.0140366 0)
(-0.665458 -0.0564039 0)
(-0.624791 -0.123236 0)
(-0.555516 -0.186003 0)
(-0.472177 -0.228486 0)
(-0.365431 -0.255184 0)
(-0.262372 -0.245592 0)
(-0.154355 -0.220414 0)
(-0.0741988 -0.152688 0)
(-0.0150831 -0.0949143 0)
(0.0129615 -0.00978043 0)
(-4.98998e-266 0.00489924 0)
(-0.0731134 0.181684 0)
(-0.154166 0.2932 0)
(-0.262567 0.335611 0)
(-0.37626 0.347313 0)
(-0.48961 0.327301 0)
(-0.594976 0.291231 0)
(-0.684011 0.238597 0)
(-0.7542 0.174212 0)
(-0.797263 0.0985261 0)
(-0.813675 0.0106691 0)
(-0.798353 -0.0862259 0)
(-0.757682 -0.180852 0)
(-0.680433 -0.269098 0)
(-0.583727 -0.332781 0)
(-0.454651 -0.373135 0)
(-0.327812 -0.363929 0)
(-0.190232 -0.329233 0)
(-0.0897033 -0.231277 0)
(-0.0109039 -0.148672 0)
(0.0158557 -0.00682028 0)
(-0.019597 0.0777233 0)
(-0.10018 0.265297 0)
(-0.192446 0.385884 0)
(-0.309472 0.449613 0)
(-0.435868 0.464957 0)
(-0.56119 0.442793 0)
(-0.680069 0.394895 0)
(-0.782355 0.324444 0)
(-0.86651 0.237101 0)
(-0.923193 0.132929 0)
(-0.952891 0.0155922 0)
(-0.94717 -0.112621 0)
(-0.911156 -0.240233 0)
(-0.829875 -0.360616 0)
(-0.722088 -0.452824 0)
(-0.568485 -0.512436 0)
(-0.415308 -0.507822 0)
(-0.237563 -0.460417 0)
(-0.11629 -0.32908 0)
(0.00141912 -0.202058 0)
(5.51185e-266 -0.00396391 0)
(-0.0140361 0.126956 0)
(-0.093509 0.355601 0)
(-0.208648 0.503175 0)
(-0.341753 0.579875 0)
(-0.48365 0.599464 0)
(-0.623689 0.571956 0)
(-0.756625 0.512857 0)
(-0.87498 0.425076 0)
(-0.975774 0.315496 0)
(-1.05129 0.184466 0)
(-1.10014 0.0349893 0)
(-1.11083 -0.128906 0)
(-1.08662 -0.297739 0)
(-1.00749 -0.460011 0)
(-0.892134 -0.593467 0)
(-0.714611 -0.683249 0)
(-0.529654 -0.693181 0)
(-0.306763 -0.633587 0)
(-0.151073 -0.466 0)
(-0.00169458 -0.273626 0)
(2.04434e-24 -1.46963e-24 0)
(-0.0121853 0.18223 0)
(-0.0966717 0.458216 0)
(-0.22743 0.632864 0)
(-0.374644 0.723071 0)
(-0.532192 0.74595 0)
(-0.686888 0.714531 0)
(-0.835577 0.645621 0)
(-0.971511 0.542767 0)
(-1.09203 0.413359 0)
(-1.19014 0.256847 0)
(-1.26291 0.0756954 0)
(-1.297 -0.126552 0)
(-1.29231 -0.342318 0)
(-1.22344 -0.556059 0)
(-1.10684 -0.743618 0)
(-0.907209 -0.877177 0)
(-0.687731 -0.912151 0)
(-0.407631 -0.84295 0)
(-0.205982 -0.627565 0)
(-0.00372393 -0.359296 0)
(8.41975e-77 -5.11084e-25 0)
(-0.0107409 0.236593 0)
(-0.0973991 0.572507 0)
(-0.240667 0.78211 0)
(-0.400197 0.885407 0)
(-0.571638 0.912436 0)
(-0.74025 0.875583 0)
(-0.903668 0.798002 0)
(-1.05755 0.681383 0)
(-1.19862 0.534462 0)
(-1.32223 0.354815 0)
(-1.42326 0.142093 0)
(-1.48765 -0.100597 0)
(-1.51117 -0.370918 0)
(-1.46291 -0.647805 0)
(-1.35439 -0.909056 0)
(-1.1394 -1.10722 0)
(-0.884505 -1.19123 0)
(-0.538747 -1.12372 0)
(-0.275767 -0.865046 0)
(-0.00510941 -0.492403 0)
(2.35348e-164 -2.10494e-77 0)
(-0.0114612 0.287326 0)
(-0.104477 0.686493 0)
(-0.260943 0.933681 0)
(-0.43237 1.05206 0)
(-0.615619 1.08465 0)
(-0.795682 1.04487 0)
(-0.970517 0.962134 0)
(-1.13947 0.836552 0)
(-1.29823 0.67782 0)
(-1.44633 0.480816 0)
(-1.57584 0.241632 0)
(-1.67491 -0.0390342 0)
(-1.73358 -0.365463 0)
(-1.71816 -0.713653 0)
(-1.63137 -1.06425 0)
(-1.41565 -1.34996 0)
(-1.13452 -1.50814 0)
(-0.723761 -1.4579 0)
(-0.388975 -1.15093 0)
(-0.0644856 -0.645516 0)
(1.50093e-265 0.0113317 0)
(-0.0131209 0.353626 0)
(-0.111069 0.824184 0)
(-0.277906 1.11169 0)
(-0.457332 1.24096 0)
(-0.647148 1.27713 0)
(-0.833094 1.23065 0)
(-1.01266 1.14261 0)
(-1.18995 1.0088 0)
(-1.35907 0.841526 0)
(-1.52517 0.631715 0)
(-1.67792 0.370505 0)
(-1.80986 0.0559602 0)
(-1.90656 -0.32774 0)
(-1.93375 -0.75241 0)
(-1.88476 -1.21132 0)
(-1.68961 -1.61006 0)
(-1.39898 -1.88254 0)
(-0.926538 -1.88138 0)
(-0.494567 -1.51943 0)
(-0.0650799 -0.898317 0)
(0.0453268 -0.0611763 0)
(-0.0177899 0.407262 0)
(-0.126931 0.948378 0)
(-0.309381 1.27713 0)
(-0.496812 1.41808 0)
(-0.68728 1.45867 0)
(-0.871156 1.40786 0)
(-1.04291 1.31804 0)
(-1.21567 1.18139 0)
(-1.37926 1.01264 0)
(-1.5488 0.798934 0)
(-1.70934 0.526626 0)
(-1.86452 0.189613 0)
(-1.99296 -0.239791 0)
(-2.07012 -0.735208 0)
(-2.0746 -1.3043 0)
(-1.93122 -1.8377 0)
(-1.66902 -2.26564 0)
(-1.14737 -2.36978 0)
(-0.64355 -2.00565 0)
(0.033739 -1.19108 0)
(2.12336e-231 -0.0113317 0)
(-0.0239318 0.50124 0)
(-0.142704 1.11887 0)
(-0.335596 1.48541 0)
(-0.523302 1.61996 0)
(-0.70356 1.65454 0)
(-0.872696 1.58652 0)
(-1.02127 1.4889 0)
(-1.17181 1.34496 0)
(-1.30937 1.17503 0)
(-1.45954 0.961293 0)
(-1.6041 0.685448 0)
(-1.75978 0.338817 0)
(-1.90341 -0.12332 0)
(-2.02475 -0.672105 0)
(-2.09632 -1.35094 0)
(-2.04383 -2.02058 0)
(-1.87125 -2.66727 0)
(-1.39317 -2.92386 0)
(-0.853706 -2.6963 0)
(-0.00397586 -1.57493 0)
(5.34393e-202 4.34001e-184 0)
(-0.0412978 0.566688 0)
(-0.186124 1.25393 0)
(-0.39849 1.65367 0)
(-0.584336 1.78038 0)
(-0.736651 1.8062 0)
(-0.872244 1.72189 0)
(-0.969717 1.61655 0)
(-1.07153 1.46783 0)
(-1.15111 1.30033 0)
(-1.25178 1.09372 0)
(-1.34586 0.827349 0)
(-1.47347 0.490483 0)
(-1.60098 0.0272207 0)
(-1.75671 -0.539368 0)
(-1.88805 -1.27884 0)
(-1.97433 -2.0607 0)
(-1.94024 -2.90267 0)
(-1.62792 -3.39664 0)
(-1.12057 -3.37377 0)
(-0.00943505 -2.07235 0)
(1.736e-183 1.67444e-184 0)
(-0.0607858 0.736355 0)
(-0.22846 1.48034 0)
(-0.444521 1.89278 0)
(-0.60981 1.95934 0)
(-0.71233 1.9493 0)
(-0.790906 1.82004 0)
(-0.813115 1.69209 0)
(-0.839518 1.52673 0)
(-0.833388 1.35655 0)
(-0.852909 1.15669 0)
(-0.863322 0.906198 0)
(-0.923577 0.595232 0)
(-0.997592 0.157106 0)
(-1.14488 -0.382716 0)
(-1.31654 -1.13757 0)
(-1.53353 -1.96581 0)
(-1.71459 -3.02037 0)
(-1.69749 -3.75162 0)
(-1.46996 -4.33455 0)
(-0.448747 -2.74057 0)
(4.2557e-254 -4.34001e-184 0)
(-0.126127 0.841508 0)
(-0.361037 1.62439 0)
(-0.57189 2.02939 0)
(-0.694288 2.03822 0)
(-0.687343 1.98618 0)
(-0.664077 1.81751 0)
(-0.557214 1.66582 0)
(-0.46897 1.48683 0)
(-0.338229 1.31484 0)
(-0.247848 1.1255 0)
(-0.144294 0.899421 0)
(-0.115073 0.629757 0)
(-0.100753 0.251149 0)
(-0.222456 -0.211926 0)
(-0.382226 -0.882913 0)
(-0.762498 -1.65185 0)
(-1.11674 -2.71371 0)
(-1.71684 -3.64111 0)
(-1.77455 -4.53864 0)
(-2.036 -3.61743 0)
(-2.47049e-264 -0.209102 0)
(-0.18007 1.24444 0)
(-0.444506 1.93027 0)
(-0.579161 2.24804 0)
(-0.592946 2.07504 0)
(-0.426719 1.93291 0)
(-0.255956 1.68974 0)
(0.0078614 1.50369 0)
(0.235623 1.30801 0)
(0.503748 1.13749 0)
(0.716205 0.96433 0)
(0.938976 0.772354 0)
(1.07232 0.555942 0)
(1.18736 0.260334 0)
(1.14287 -0.0923977 0)
(1.04077 -0.608325 0)
(0.661926 -1.21452 0)
(0.202782 -2.09507 0)
(-0.62514 -3.04998 0)
(-1.24384 -4.10151 0)
(-1.8677 -4.3769 0)
(-0.836409 -2.26735 0)
(-0.398745 1.43142 0)
(-0.729633 1.9947 0)
(-0.547706 2.17189 0)
(-0.306187 1.86916 0)
(0.196578 1.65051 0)
(0.598707 1.3756 0)
(1.08571 1.17667 0)
(1.47472 0.989354 0)
(1.88568 0.836279 0)
(2.20586 0.693089 0)
(2.5255 0.545104 0)
(2.7312 0.389363 0)
(2.92074 0.183186 0)
(2.9223 -0.0501126 0)
(2.88846 -0.398254 0)
(2.51959 -0.790779 0)
(2.10647 -1.42485 0)
(1.15135 -2.16181 0)
(0.315133 -3.29621 0)
(-0.766304 -3.94927 0)
(-0.693966 -2.95123 0)
(-0.253396 2.43463 0)
(-0.0896259 2.07389 0)
(0.697405 1.87545 0)
(1.33007 1.32369 0)
(2.11674 1.04929 0)
(2.70349 0.794981 0)
(3.30872 0.634887 0)
(3.77026 0.504826 0)
(4.22036 0.407355 0)
(4.56002 0.324401 0)
(4.88436 0.245088 0)
(5.09113 0.165404 0)
(5.27981 0.0651037 0)
(5.29249 -0.0478904 0)
(5.28146 -0.215469 0)
(4.96595 -0.410335 0)
(4.62465 -0.755975 0)
(3.73605 -1.22466 0)
(2.80571 -2.2479 0)
(1.06493 -3.32225 0)
(-0.0423209 -3.80164 0)
(1.66998 1.67227 0)
(2.71602 0.978173 0)
(4.56474 0.750812 0)
(5.40356 0.423734 0)
(6.26132 0.283755 0)
(6.75385 0.173495 0)
(7.21007 0.115865 0)
(7.50811 0.07573 0)
(7.78168 0.050609 0)
(7.96485 0.0321988 0)
(8.13515 0.0166427 0)
(8.2234 0.00221189 0)
(8.30526 -0.0164394 0)
(8.2676 -0.0360326 0)
(8.23197 -0.0716237 0)
(7.97308 -0.106739 0)
(7.73913 -0.19946 0)
(6.99935 -0.295716 0)
(6.26869 -0.630859 0)
(4.05015 -1.00352 0)
(2.012 -1.82591 0)
)
;

boundaryField
{
    movingWall
    {
        type            fixedValue;
        value           uniform (10 0 0);
    }
    fixedWalls
    {
        type            noSlip;
    }
    frontAndBack
    {
        type            empty;
    }
}


// ************************************************************************* //
