/*--------------------------------*- C++ -*----------------------------------*\
| =========                 |                                                 |
| \\      /  F ield         | OpenFOAM: The Open Source CFD Toolbox           |
|  \\    /   O peration     | Version:  4.1                                   |
|   \\  /    A nd           | Web:      www.OpenFOAM.org                      |
|    \\/     M anipulation  |                                                 |
\*---------------------------------------------------------------------------*/
FoamFile
{
    version     2.0;
    format      ascii;
    class       volVectorField;
    location    "0.1034";
    object      U;
}
// * * * * * * * * * * * * * * * * * * * * * * * * * * * * * * * * * * * * * //

dimensions      [0 1 -1 0 0 0 0];

internalField   nonuniform List<vector> 
441
(
(0.00384662 -0.00491316 0)
(0.0100946 -0.00254109 0)
(-0.000635272 -2.22407e-165 0)
(0.00202512 -3.45279e-266 0)
(-0.00837515 -0.00810072 0)
(-0.00202512 -3.13912e-232 0)
(-1.16198e-202 -5.81438e-203 0)
(-1.45355e-203 -7.63592e-228 0)
(-1.77105e-212 -3.33444e-213 0)
(-0.00632417 9.37162e-266 0)
(-0.0775871 0.0252973 0)
(-0.0972459 0.0131833 0)
(-0.109198 0.00598644 0)
(-0.0955855 0.000332418 0)
(-0.0780609 -0.0017643 0)
(-0.0512957 -0.00312736 0)
(-0.0284044 -0.00219863 0)
(-0.00829526 -0.00156622 0)
(0.0036191 0.000856656 0)
(0.00496902 0.0016396 0)
(0.00467661 0.00309328 0)
(0.00401051 -0.00884534 0)
(-0.000637141 0.00694237 0)
(-0.0277709 0.00874275 0)
(-0.0606847 0.0108679 0)
(-0.10996 0.011239 0)
(-0.156823 -0.0031257 0)
(-0.201063 -0.000121402 0)
(-0.243707 0.00173766 0)
(-0.28151 0.0136694 0)
(-0.319402 0.0690958 0)
(-0.344826 0.0633519 0)
(-0.338308 0.0188704 0)
(-0.321907 -0.00829551 0)
(-0.277164 -0.0322813 0)
(-0.224783 -0.0427448 0)
(-0.159395 -0.047883 0)
(-0.100618 -0.0406395 0)
(-0.0488634 -0.0317528 0)
(-0.0144357 -0.0135905 0)
(-0.000462464 -0.00341408 0)
(0.00509724 0.00678062 0)
(0.00790048 -0.00878574 0)
(-0.00515648 0.0288533 0)
(-0.0557234 0.0586418 0)
(-0.124835 0.0795362 0)
(-0.209701 0.0868208 0)
(-0.297616 0.086817 0)
(-0.392298 0.0838601 0)
(-0.469636 0.0778391 0)
(-0.545249 0.0727829 0)
(-0.582182 0.0680606 0)
(-0.577559 0.0451593 0)
(-0.557838 -0.00842972 0)
(-0.518165 -0.0544579 0)
(-0.449196 -0.0965708 0)
(-0.367251 -0.118546 0)
(-0.268894 -0.127577 0)
(-0.178058 -0.111523 0)
(-0.0955998 -0.0882771 0)
(-0.0380664 -0.0464283 0)
(-0.00768665 -0.0183482 0)
(0.00653565 0.00810328 0)
(0.00651906 -0.0119523 0)
(-0.017044 0.0723887 0)
(-0.100991 0.128348 0)
(-0.200504 0.167381 0)
(-0.318004 0.184386 0)
(-0.436506 0.182333 0)
(-0.553352 0.173707 0)
(-0.654581 0.15565 0)
(-0.737555 0.128804 0)
(-0.786111 0.0986058 0)
(-0.79507 0.0387189 0)
(-0.769302 -0.0416985 0)
(-0.715973 -0.117133 0)
(-0.625315 -0.184429 0)
(-0.516836 -0.222915 0)
(-0.386161 -0.238671 0)
(-0.263132 -0.21338 0)
(-0.147822 -0.173465 0)
(-0.0650934 -0.100605 0)
(-0.0158544 -0.0494191 0)
(0.00812357 0.00602032 0)
(7.14436e-165 0.00162977 0)
(-0.0259877 0.135894 0)
(-0.147387 0.241281 0)
(-0.272148 0.295015 0)
(-0.42059 0.321636 0)
(-0.565028 0.320201 0)
(-0.708684 0.300508 0)
(-0.830329 0.260858 0)
(-0.930835 0.20351 0)
(-0.989744 0.126322 0)
(-1.00653 0.0287586 0)
(-0.981791 -0.0872524 0)
(-0.920233 -0.197677 0)
(-0.812944 -0.296088 0)
(-0.680388 -0.356616 0)
(-0.515979 -0.382232 0)
(-0.358379 -0.348356 0)
(-0.203276 -0.287493 0)
(-0.092586 -0.176648 0)
(-0.0188815 -0.092475 0)
(0.0147378 0.00115508 0)
(-5.78894e-266 0.00602186 0)
(-0.0936158 0.224732 0)
(-0.20611 0.372362 0)
(-0.355987 0.442491 0)
(-0.518533 0.477074 0)
(-0.684936 0.471525 0)
(-0.845395 0.439644 0)
(-0.98665 0.378066 0)
(-1.10254 0.289152 0)
(-1.179 0.173491 0)
(-1.21334 0.0310729 0)
(-1.19705 -0.129063 0)
(-1.13643 -0.285749 0)
(-1.01787 -0.425986 0)
(-0.864705 -0.519465 0)
(-0.665671 -0.563284 0)
(-0.469654 -0.525041 0)
(-0.268195 -0.442519 0)
(-0.124057 -0.282963 0)
(-0.0218884 -0.16003 0)
(0.0161388 0.00326763 0)
(-0.0240874 0.0985651 0)
(-0.130562 0.338277 0)
(-0.259829 0.504005 0)
(-0.424443 0.60548 0)
(-0.606469 0.649662 0)
(-0.791637 0.645474 0)
(-0.972612 0.601301 0)
(-1.13397 0.516992 0)
(-1.27095 0.395569 0)
(-1.36809 0.236855 0)
(-1.42275 0.0473001 0)
(-1.42166 -0.164494 0)
(-1.36913 -0.375854 0)
(-1.24625 -0.568831 0)
(-1.07753 -0.707367 0)
(-0.843374 -0.779303 0)
(-0.606702 -0.743549 0)
(-0.345661 -0.635679 0)
(-0.165378 -0.419629 0)
(-0.00860168 -0.234581 0)
(6.01404e-266 -0.00403471 0)
(-0.0177984 0.1632 0)
(-0.124939 0.461657 0)
(-0.283164 0.666746 0)
(-0.468527 0.789889 0)
(-0.670445 0.844421 0)
(-0.874573 0.837916 0)
(-1.07373 0.782245 0)
(-1.25585 0.676245 0)
(-1.41477 0.523693 0)
(-1.53708 0.32471 0)
(-1.61808 0.0850916 0)
(-1.64032 -0.183792 0)
(-1.60579 -0.460639 0)
(-1.48866 -0.719915 0)
(-1.3128 -0.921678 0)
(-1.04873 -1.03847 0)
(-0.769684 -1.02115 0)
(-0.444304 -0.890419 0)
(-0.213966 -0.615338 0)
(-0.00390543 -0.335118 0)
(2.66041e-24 -1.04076e-24 0)
(-0.0157763 0.237486 0)
(-0.128022 0.601685 0)
(-0.302538 0.845845 0)
(-0.502129 0.99077 0)
(-0.719595 1.05425 0)
(-0.93812 1.04702 0)
(-1.15305 0.981562 0)
(-1.35339 0.856796 0)
(-1.53383 0.676494 0)
(-1.68197 0.439487 0)
(-1.79189 0.151138 0)
(-1.84403 -0.177347 0)
(-1.83688 -0.52604 0)
(-1.73807 -0.863215 0)
(-1.56815 -1.1451 0)
(-1.28493 -1.32584 0)
(-0.969231 -1.3443 0)
(-0.575268 -1.19703 0)
(-0.285655 -0.852068 0)
(-0.0051134 -0.456792 0)
(1.07947e-76 -6.65102e-25 0)
(-0.0135712 0.307533 0)
(-0.124255 0.750145 0)
(-0.306802 1.04151 0)
(-0.513502 1.20746 0)
(-0.739147 1.28074 0)
(-0.965605 1.27125 0)
(-1.18923 1.19769 0)
(-1.4021 1.05656 0)
(-1.59884 0.852442 0)
(-1.77023 0.582045 0)
(-1.90893 0.247518 0)
(-1.99533 -0.139981 0)
(-2.02436 -0.565868 0)
(-1.95798 -0.991345 0)
(-1.81086 -1.37392 0)
(-1.52653 -1.64359 0)
(-1.18605 -1.7293 0)
(-0.726993 -1.58475 0)
(-0.370322 -1.17973 0)
(-0.00743943 -0.636597 0)
(2.9963e-164 -2.69869e-77 0)
(-0.0133588 0.371747 0)
(-0.123379 0.89311 0)
(-0.308931 1.23267 0)
(-0.516219 1.42074 0)
(-0.741294 1.50454 0)
(-0.966247 1.49498 0)
(-1.18789 1.41688 0)
(-1.40271 1.26488 0)
(-1.60503 1.0442 0)
(-1.79112 0.748741 0)
(-1.95213 0.376894 0)
(-2.0724 -0.0622884 0)
(-2.14258 -0.561273 0)
(-2.12303 -1.07764 0)
(-2.0193 -1.57303 0)
(-1.76117 -1.9546 0)
(-1.42128 -2.1388 0)
(-0.917301 -2.02143 0)
(-0.495248 -1.55964 0)
(-0.0826941 -0.840821 0)
(1.801e-265 0.0134399 0)
(-0.013608 0.445141 0)
(-0.117861 1.04789 0)
(-0.298098 1.4358 0)
(-0.49599 1.64049 0)
(-0.708574 1.73189 0)
(-0.919384 1.71779 0)
(-1.1248 1.6348 0)
(-1.32695 1.47327 0)
(-1.51949 1.24108 0)
(-1.706 0.928493 0)
(-1.87692 0.52898 0)
(-2.02355 0.0495464 0)
(-2.13399 -0.514504 0)
(-2.17073 -1.11678 0)
(-2.12988 -1.73442 0)
(-1.9286 -2.24821 0)
(-1.6197 -2.57181 0)
(-1.09137 -2.52546 0)
(-0.59181 -2.00837 0)
(-0.0767124 -1.15199 0)
(0.0537597 -0.0784558 0)
(-0.016584 0.498814 0)
(-0.118753 1.17464 0)
(-0.294728 1.60788 0)
(-0.478317 1.8279 0)
(-0.6669 1.92614 0)
(-0.849693 1.90866 0)
(-1.02016 1.82355 0)
(-1.19067 1.65811 0)
(-1.35155 1.4231 0)
(-1.51837 1.10579 0)
(-1.67856 0.69533 0)
(-1.83725 0.195369 0)
(-1.97756 -0.411259 0)
(-2.07483 -1.08081 0)
(-2.11173 -1.8095 0)
(-2.00106 -2.46641 0)
(-1.77138 -2.96915 0)
(-1.24512 -3.05836 0)
(-0.718274 -2.5679 0)
(0.0442027 -1.49376 0)
(2.48525e-231 -0.0134399 0)
(-0.020826 0.583482 0)
(-0.118032 1.3291 0)
(-0.28243 1.79929 0)
(-0.441269 2.01381 0)
(-0.591947 2.10652 0)
(-0.731041 2.07153 0)
(-0.848554 1.9779 0)
(-0.967738 1.80492 0)
(-1.07522 1.56974 0)
(-1.19895 1.25573 0)
(-1.32423 0.848018 0)
(-1.47138 0.348779 0)
(-1.62255 -0.276769 0)
(-1.77055 -0.982848 0)
(-1.8925 -1.80691 0)
(-1.90781 -2.59258 0)
(-1.81575 -3.32587 0)
(-1.39865 -3.5968 0)
(-0.892642 -3.29091 0)
(-0.00287046 -1.90846 0)
(5.84077e-202 4.59184e-184 0)
(-0.0365519 0.630832 0)
(-0.14669 1.4302 0)
(-0.30998 1.92749 0)
(-0.442963 2.13207 0)
(-0.538805 2.21456 0)
(-0.616649 2.16207 0)
(-0.655267 2.06026 0)
(-0.699819 1.88382 0)
(-0.726168 1.65511 0)
(-0.781748 1.35583 0)
(-0.842541 0.969386 0)
(-0.953391 0.496504 0)
(-1.08481 -0.1086 0)
(-1.26982 -0.806591 0)
(-1.4598 -1.66394 0)
(-1.63428 -2.53959 0)
(-1.71387 -3.46144 0)
(-1.51683 -3.98986 0)
(-1.10472 -3.93986 0)
(-0.0115271 -2.41692 0)
(1.83674e-183 -1.60935e-184 0)
(-0.0550805 0.775008 0)
(-0.179595 1.60686 0)
(-0.331977 2.10521 0)
(-0.426215 2.24414 0)
(-0.451406 2.28758 0)
(-0.450998 2.18888 0)
(-0.393848 2.06557 0)
(-0.345127 1.87684 0)
(-0.271282 1.65375 0)
(-0.235788 1.37375 0)
(-0.207334 1.01989 0)
(-0.249359 0.593672 0)
(-0.327769 0.0382057 0)
(-0.505687 -0.604251 0)
(-0.735788 -1.44544 0)
(-1.04436 -2.33483 0)
(-1.34771 -3.44782 0)
(-1.47922 -4.21244 0)
(-1.38981 -4.8128 0)
(-0.466747 -3.06048 0)
(4.40343e-254 -4.59184e-184 0)
(-0.120968 0.851894 0)
(-0.313341 1.69406 0)
(-0.457104 2.16926 0)
(-0.501877 2.24194 0)
(-0.408199 2.2388 0)
(-0.296134 2.09969 0)
(-0.100265 1.95553 0)
(0.0708616 1.76042 0)
(0.274928 1.54756 0)
(0.422728 1.29454 0)
(0.56469 0.985424 0)
(0.608628 0.623117 0)
(0.614545 0.151573 0)
(0.458723 -0.389115 0)
(0.244018 -1.11728 0)
(-0.221007 -1.91666 0)
(-0.681211 -3.00049 0)
(-1.43454 -3.94653 0)
(-1.63556 -4.86118 0)
(-2.07484 -3.88296 0)
(-2.59916e-264 -0.216377 0)
(-0.177715 1.23115 0)
(-0.412479 1.94742 0)
(-0.492173 2.31626 0)
(-0.437378 2.19542 0)
(-0.190329 2.09565 0)
(0.0653325 1.88045 0)
(0.41593 1.70514 0)
(0.725135 1.50175 0)
(1.06562 1.30412 0)
(1.33439 1.08594 0)
(1.59373 0.833668 0)
(1.73911 0.548976 0)
(1.84203 0.184843 0)
(1.76106 -0.224231 0)
(1.60486 -0.776718 0)
(1.15384 -1.39345 0)
(0.611539 -2.26618 0)
(-0.327488 -3.21422 0)
(-1.06931 -4.26338 0)
(-1.83949 -4.54482 0)
(-0.865508 -2.31916 0)
(-0.400706 1.40799 0)
(-0.724648 1.97988 0)
(-0.514062 2.18843 0)
(-0.227554 1.92302 0)
(0.336119 1.73694 0)
(0.807515 1.48527 0)
(1.36967 1.29764 0)
(1.83221 1.10865 0)
(2.31074 0.940364 0)
(2.68504 0.769524 0)
(3.04088 0.583287 0)
(3.25923 0.383639 0)
(3.43752 0.133142 0)
(3.4033 -0.136375 0)
(3.31704 -0.506689 0)
(2.88236 -0.901705 0)
(2.40357 -1.52049 0)
(1.37569 -2.23658 0)
(0.466415 -3.35519 0)
(-0.703389 -4.00853 0)
(-0.701796 -2.96452 0)
(-0.257857 2.41851 0)
(-0.10597 2.05542 0)
(0.681973 1.86946 0)
(1.33209 1.33684 0)
(2.15359 1.08043 0)
(2.78734 0.839531 0)
(3.44855 0.68633 0)
(3.96802 0.556279 0)
(4.47315 0.45179 0)
(4.85777 0.355612 0)
(5.21235 0.258121 0)
(5.4294 0.15786 0)
(5.60753 0.0375821 0)
(5.5886 -0.0909022 0)
(5.53146 -0.265898 0)
(5.16076 -0.458627 0)
(4.76774 -0.791339 0)
(3.83388 -1.245 0)
(2.86909 -2.25322 0)
(1.0936 -3.33051 0)
(-0.0465942 -3.79862 0)
(1.66668 1.66901 0)
(2.70062 0.974041 0)
(4.53983 0.748079 0)
(5.37925 0.423985 0)
(6.24902 0.286952 0)
(6.76268 0.178772 0)
(7.24629 0.121957 0)
(7.57336 0.081405 0)
(7.8741 0.054658 0)
(8.07805 0.033756 0)
(8.26019 0.0151112 0)
(8.34836 -0.00233785 0)
(8.41885 -0.0234991 0)
(8.35869 -0.0442074 0)
(8.29531 -0.0793111 0)
(8.00633 -0.111969 0)
(7.74952 -0.200781 0)
(6.9951 -0.293054 0)
(6.26183 -0.624744 0)
(4.04557 -0.996977 0)
(2.00481 -1.81749 0)
)
;

boundaryField
{
    movingWall
    {
        type            fixedValue;
        value           uniform (10 0 0);
    }
    fixedWalls
    {
        type            noSlip;
    }
    frontAndBack
    {
        type            empty;
    }
}


// ************************************************************************* //
