/*--------------------------------*- C++ -*----------------------------------*\
| =========                 |                                                 |
| \\      /  F ield         | OpenFOAM: The Open Source CFD Toolbox           |
|  \\    /   O peration     | Version:  4.1                                   |
|   \\  /    A nd           | Web:      www.OpenFOAM.org                      |
|    \\/     M anipulation  |                                                 |
\*---------------------------------------------------------------------------*/
FoamFile
{
    version     2.0;
    format      ascii;
    class       volVectorField;
    location    "0.055";
    object      U;
}
// * * * * * * * * * * * * * * * * * * * * * * * * * * * * * * * * * * * * * //

dimensions      [0 1 -1 0 0 0 0];

internalField   nonuniform List<vector> 
441
(
(0.00342382 -0.00461093 0)
(0.00878718 -0.00256034 0)
(-0.000640096 -2.17923e-165 0)
(0.00176302 -2.90677e-266 0)
(-0.00865351 -0.00705269 0)
(-0.00176302 -2.79e-232 0)
(-1.09293e-202 -4.82047e-203 0)
(-1.20495e-203 -6.22454e-228 0)
(-1.54291e-212 -2.67129e-213 0)
(-0.00548331 8.20768e-266 0)
(-0.0664708 0.0219355 0)
(-0.0840438 0.0116412 0)
(-0.0955603 0.00549409 0)
(-0.0854785 0.000654819 0)
(-0.0721975 -0.00118838 0)
(-0.0503456 -0.00253919 0)
(-0.0310703 -0.00193514 0)
(-0.0128998 -0.00166386 0)
(-0.000860632 0.000329065 0)
(0.00248572 0.00100251 0)
(0.00407816 0.00259765 0)
(0.00335114 -0.00740568 0)
(-0.00190675 0.00658236 0)
(-0.0270045 0.0078778 0)
(-0.0563779 0.0105594 0)
(-0.0994713 0.00978509 0)
(-0.138987 -0.00387798 0)
(-0.175538 -0.00032904 0)
(-0.210034 0.00138911 0)
(-0.240335 0.0116153 0)
(-0.271039 0.0590435 0)
(-0.292287 0.0547224 0)
(-0.287613 0.0177939 0)
(-0.276263 -0.00453886 0)
(-0.241402 -0.024724 0)
(-0.200373 -0.0340327 0)
(-0.147025 -0.0397906 0)
(-0.0978514 -0.035296 0)
(-0.0522643 -0.0297641 0)
(-0.0197546 -0.0152267 0)
(-0.00388487 -0.00668348 0)
(0.00428297 0.0041842 0)
(0.00677573 -0.00658867 0)
(-0.00554656 0.0274099 0)
(-0.0511701 0.0531024 0)
(-0.111492 0.0701858 0)
(-0.183846 0.074485 0)
(-0.25802 0.0722833 0)
(-0.336434 0.0685399 0)
(-0.398552 0.0626593 0)
(-0.459517 0.0586623 0)
(-0.488296 0.0561043 0)
(-0.483864 0.0393871 0)
(-0.468543 -0.00326481 0)
(-0.438483 -0.0400591 0)
(-0.384361 -0.0750762 0)
(-0.319651 -0.0946343 0)
(-0.239436 -0.105344 0)
(-0.163924 -0.0955519 0)
(-0.0925351 -0.0802592 0)
(-0.0403991 -0.0469716 0)
(-0.0102499 -0.0234565 0)
(0.00565236 0.00343292 0)
(0.00599227 -0.00888587 0)
(-0.0143012 0.0661692 0)
(-0.087658 0.113865 0)
(-0.172798 0.145438 0)
(-0.271967 0.15666 0)
(-0.37052 0.151267 0)
(-0.46636 0.141708 0)
(-0.548057 0.125265 0)
(-0.614803 0.103495 0)
(-0.653581 0.0808805 0)
(-0.661095 0.0347281 0)
(-0.641157 -0.0286548 0)
(-0.600229 -0.0888402 0)
(-0.528434 -0.144662 0)
(-0.44207 -0.178756 0)
(-0.33517 -0.196963 0)
(-0.233183 -0.181631 0)
(-0.134512 -0.154905 0)
(-0.061703 -0.0966682 0)
(-0.0160492 -0.0540982 0)
(0.00745098 -4.09681e-05 0)
(6.37597e-165 0.00149807 0)
(-0.0212174 0.120632 0)
(-0.125273 0.21085 0)
(-0.230344 0.25317 0)
(-0.354457 0.271213 0)
(-0.473782 0.265001 0)
(-0.59149 0.244929 0)
(-0.69002 0.210133 0)
(-0.77162 0.163578 0)
(-0.819479 0.10305 0)
(-0.834178 0.0273835 0)
(-0.8157 -0.0638944 0)
(-0.768352 -0.152022 0)
(-0.682793 -0.233558 0)
(-0.576427 -0.286813 0)
(-0.441102 -0.315058 0)
(-0.310401 -0.294739 0)
(-0.178263 -0.252805 0)
(-0.0826606 -0.16376 0)
(-0.0166866 -0.0934472 0)
(0.0140174 -0.00435256 0)
(-5.19034e-266 0.00525708 0)
(-0.0802881 0.195887 0)
(-0.17387 0.32118 0)
(-0.29914 0.376375 0)
(-0.433883 0.400023 0)
(-0.571158 0.389343 0)
(-0.702842 0.358553 0)
(-0.818434 0.305645 0)
(-0.913835 0.23376 0)
(-0.977597 0.142687 0)
(-1.00817 0.0312277 0)
(-0.997563 -0.0954629 0)
(-0.951342 -0.221488 0)
(-0.855989 -0.338121 0)
(-0.73168 -0.419962 0)
(-0.566195 -0.465331 0)
(-0.4025 -0.443409 0)
(-0.230581 -0.385679 0)
(-0.106907 -0.256328 0)
(-0.0164292 -0.153933 0)
(0.0160823 -0.00150384 0)
(-0.0210283 0.0848914 0)
(-0.111383 0.291124 0)
(-0.219111 0.430101 0)
(-0.356591 0.511489 0)
(-0.508159 0.542529 0)
(-0.661934 0.532638 0)
(-0.81214 0.491511 0)
(-0.946331 0.420292 0)
(-1.06146 0.322569 0)
(-1.14465 0.197157 0)
(-1.1941 0.0478414 0)
(-1.19743 -0.121017 0)
(-1.1583 -0.292605 0)
(-1.05836 -0.45408 0)
(-0.919284 -0.575129 0)
(-0.721473 -0.645959 0)
(-0.521418 -0.628083 0)
(-0.296627 -0.550695 0)
(-0.142444 -0.374746 0)
(-0.0038378 -0.218211 0)
(5.80093e-266 -0.00402057 0)
(-0.0153649 0.140016 0)
(-0.106037 0.395089 0)
(-0.239741 0.566996 0)
(-0.396303 0.666226 0)
(-0.566673 0.705682 0)
(-0.738844 0.69367 0)
(-0.907229 0.643315 0)
(-1.06226 0.55488 0)
(-1.19939 0.432506 0)
(-1.30727 0.27479 0)
(-1.38184 0.0843934 0)
(-1.40671 -0.132316 0)
(-1.3832 -0.360059 0)
(-1.28662 -0.579256 0)
(-1.13836 -0.756134 0)
(-0.910501 -0.867117 0)
(-0.669653 -0.866578 0)
(-0.385956 -0.770708 0)
(-0.186475 -0.544582 0)
(-0.00287845 -0.305649 0)
(2.39339e-24 -1.19314e-24 0)
(-0.0136031 0.20296 0)
(-0.109992 0.513736 0)
(-0.26046 0.718905 0)
(-0.43237 0.836703 0)
(-0.619865 0.883902 0)
(-0.80853 0.871723 0)
(-0.995039 0.814141 0)
(-1.17067 0.711398 0)
(-1.33127 0.567375 0)
(-1.46611 0.378986 0)
(-1.56943 0.147852 0)
(-1.62254 -0.120185 0)
(-1.62308 -0.411319 0)
(-1.54013 -0.700156 0)
(-1.39238 -0.949094 0)
(-1.14071 -1.11762 0)
(-0.860382 -1.14901 0)
(-0.50903 -1.03881 0)
(-0.253149 -0.750437 0)
(-0.00452767 -0.412033 0)
(9.82313e-77 -5.98347e-25 0)
(-0.0119896 0.264263 0)
(-0.109682 0.64363 0)
(-0.271636 0.890191 0)
(-0.454725 1.02627 0)
(-0.65498 1.08237 0)
(-0.85658 1.06887 0)
(-1.05707 1.00576 0)
(-1.25034 0.890731 0)
(-1.43175 0.728129 0)
(-1.59305 0.512226 0)
(-1.7265 0.241079 0)
(-1.81282 -0.0798851 0)
(-1.84574 -0.44192 0)
(-1.78869 -0.812547 0)
(-1.65503 -1.15477 0)
(-1.39282 -1.40483 0)
(-1.07931 -1.49673 0)
(-0.658311 -1.38776 0)
(-0.334271 -1.04363 0)
(-0.00624416 -0.573397 0)
(2.74401e-164 -2.45578e-77 0)
(-0.0124106 0.321365 0)
(-0.113977 0.771682 0)
(-0.285437 1.06177 0)
(-0.476286 1.21788 0)
(-0.683758 1.28417 0)
(-0.891956 1.27188 0)
(-1.09873 1.20686 0)
(-1.30187 1.08462 0)
(-1.49591 0.909657 0)
(-1.67734 0.672861 0)
(-1.83624 0.368135 0)
(-1.9565 -0.0014209 0)
(-2.02705 -0.43361 0)
(-2.00934 -0.891842 0)
(-1.90798 -1.34177 0)
(-1.65811 -1.69699 0)
(-1.33113 -1.8787 0)
(-0.853003 -1.79162 0)
(-0.457692 -1.39123 0)
(-0.0746217 -0.758714 0)
(1.7188e-265 0.0127494 0)
(-0.0135006 0.391614 0)
(-0.115594 0.918828 0)
(-0.290848 1.25405 0)
(-0.482206 1.42533 0)
(-0.687736 1.49923 0)
(-0.892465 1.48382 0)
(-1.09365 1.4163 0)
(-1.29414 1.28741 0)
(-1.48725 1.10368 0)
(-1.67604 0.851723 0)
(-1.84928 0.520141 0)
(-1.99702 0.109772 0)
(-2.10521 -0.388747 0)
(-2.13663 -0.93399 0)
(-2.08668 -1.50516 0)
(-1.87787 -1.98823 0)
(-1.56428 -2.30088 0)
(-1.04489 -2.27509 0)
(-0.561491 -1.81636 0)
(-0.0729525 -1.05019 0)
(0.0509977 -0.070402 0)
(-0.0173989 0.446122 0)
(-0.12469 1.0461 0)
(-0.306466 1.4255 0)
(-0.495263 1.61148 0)
(-0.689201 1.69261 0)
(-0.87817 1.67519 0)
(-1.05628 1.60752 0)
(-1.23585 1.47659 0)
(-1.40651 1.29117 0)
(-1.58259 1.0342 0)
(-1.74962 0.68963 0)
(-1.91096 0.254745 0)
(-2.0474 -0.291645 0)
(-2.13377 -0.909793 0)
(-2.15176 -1.59554 0)
(-2.01889 -2.22131 0)
(-1.76563 -2.70543 0)
(-1.22845 -2.80306 0)
(-0.699695 -2.35665 0)
(0.0388098 -1.37796 0)
(2.35447e-231 -0.0127494 0)
(-0.022594 0.536609 0)
(-0.132462 1.21096 0)
(-0.313932 1.62846 0)
(-0.490301 1.80915 0)
(-0.659189 1.88524 0)
(-0.816784 1.85118 0)
(-0.953311 1.77586 0)
(-1.09119 1.63759 0)
(-1.21602 1.45101 0)
(-1.35413 1.19463 0)
(-1.48911 0.848192 0)
(-1.63951 0.407308 0)
(-1.78561 -0.166318 0)
(-1.91902 -0.830324 0)
(-2.01585 -1.6195 0)
(-1.99772 -2.37883 0)
(-1.86687 -3.09056 0)
(-1.41647 -3.35909 0)
(-0.888607 -3.07792 0)
(-0.00349484 -1.78632 0)
(5.70787e-202 4.53398e-184 0)
(-0.0390953 0.594122 0)
(-0.168367 1.33136 0)
(-0.358781 1.77947 0)
(-0.52048 1.95122 0)
(-0.646199 2.01747 0)
(-0.753297 1.96587 0)
(-0.820246 1.88163 0)
(-0.890468 1.738 0)
(-0.938674 1.55451 0)
(-1.0105 1.30788 0)
(-1.08093 0.976165 0)
(-1.19351 0.553576 0)
(-1.31809 -0.00913058 0)
(-1.4865 -0.675709 0)
(-1.6494 -1.50911 0)
(-1.78596 -2.36724 0)
(-1.81881 -3.27089 0)
(-1.57315 -3.79026 0)
(-1.1202 -3.7468 0)
(-0.010965 -2.2963 0)
(1.81359e-183 -2.59585e-185 0)
(-0.0580504 0.752021 0)
(-0.205713 1.53495 0)
(-0.392061 1.98996 0)
(-0.523116 2.09793 0)
(-0.586721 2.12518 0)
(-0.623143 2.02593 0)
(-0.600281 1.91726 0)
(-0.580769 1.75677 0)
(-0.529857 1.57278 0)
(-0.509273 1.33814 0)
(-0.487439 1.031 0)
(-0.527393 0.646664 0)
(-0.595825 0.12485 0)
(-0.755557 -0.495705 0)
(-0.959559 -1.32325 0)
(-1.2318 -2.20596 0)
(-1.48963 -3.30842 0)
(-1.56582 -4.06483 0)
(-1.42538 -4.65781 0)
(-0.461408 -2.95343 0)
(4.37648e-254 -4.53398e-184 0)
(-0.123662 0.843842 0)
(-0.338813 1.65223 0)
(-0.518011 2.09164 0)
(-0.602322 2.13617 0)
(-0.550622 2.11672 0)
(-0.478472 1.9745 0)
(-0.319102 1.84021 0)
(-0.177821 1.66658 0)
(0.00423261 1.48453 0)
(0.139669 1.26783 0)
(0.278685 0.996397 0)
(0.32902 0.66782 0)
(0.348582 0.222628 0)
(0.213147 -0.302625 0)
(0.0229871 -1.02482 0)
(-0.410001 -1.826 0)
(-0.833317 -2.91077 0)
(-1.53448 -3.85358 0)
(-1.68696 -4.76209 0)
(-2.06442 -3.79802 0)
(-2.5548e-264 -0.213995 0)
(-0.179059 1.23585 0)
(-0.430355 1.9336 0)
(-0.539598 2.27574 0)
(-0.520052 2.13081 0)
(-0.312216 2.01518 0)
(-0.0946432 1.79409 0)
(0.220648 1.62323 0)
(0.501006 1.43358 0)
(0.820487 1.25739 0)
(1.07814 1.06545 0)
(1.33621 0.841028 0)
(1.49 0.581665 0)
(1.60879 0.237295 0)
(1.54955 -0.160617 0)
(1.41761 -0.710778 0)
(0.993643 -1.33306 0)
(0.479187 -2.21461 0)
(-0.424145 -3.16716 0)
(-1.12704 -4.21683 0)
(-1.84992 -4.49363 0)
(-0.855979 -2.30435 0)
(-0.399897 1.41884 0)
(-0.729009 1.98406 0)
(-0.535112 2.1755 0)
(-0.272848 1.89196 0)
(0.260222 1.69239 0)
(0.699494 1.43385 0)
(1.22998 1.24663 0)
(1.66528 1.06477 0)
(2.12294 0.909302 0)
(2.48523 0.754972 0)
(2.83849 0.586771 0)
(3.06397 0.403804 0)
(3.25723 0.166415 0)
(3.24419 -0.0957825 0)
(3.1814 -0.465143 0)
(2.77121 -0.865275 0)
(2.31388 -1.49309 0)
(1.30818 -2.21706 0)
(0.420375 -3.34025 0)
(-0.722612 -3.99172 0)
(-0.698848 -2.96143 0)
(-0.255627 2.42661 0)
(-0.0988144 2.06348 0)
(0.686593 1.87017 0)
(1.32576 1.32776 0)
(2.12839 1.06333 0)
(2.73901 0.817722 0)
(3.3752 0.66377 0)
(3.87169 0.536553 0)
(4.35819 0.43793 0)
(4.73128 0.349538 0)
(5.08234 0.260564 0)
(5.30449 0.168084 0)
(5.49486 0.0536114 0)
(5.49376 -0.0720189 0)
(5.45652 -0.247616 0)
(5.10567 -0.443786 0)
(4.72868 -0.782417 0)
(3.80744 -1.24103 0)
(2.85155 -2.25334 0)
(1.08549 -3.32856 0)
(-0.0448907 -3.79994 0)
(1.6685 1.6708 0)
(2.70834 0.976036 0)
(4.55129 0.749133 0)
(5.38892 0.423455 0)
(6.25136 0.285059 0)
(6.75397 0.176107 0)
(7.22475 0.11926 0)
(7.53981 0.0792858 0)
(7.83101 0.053609 0)
(8.02966 0.0339903 0)
(8.21116 0.0166296 0)
(8.30369 0.000158444 0)
(8.38221 -0.0204846 0)
(8.33278 -0.0413134 0)
(8.28014 -0.0771099 0)
(8.0009 -0.110918 0)
(7.75009 -0.201103 0)
(6.9986 -0.294443 0)
(6.26476 -0.626919 0)
(4.0471 -0.998968 0)
(2.00719 -1.82 0)
)
;

boundaryField
{
    movingWall
    {
        type            fixedValue;
        value           uniform (10 0 0);
    }
    fixedWalls
    {
        type            noSlip;
    }
    frontAndBack
    {
        type            empty;
    }
}


// ************************************************************************* //
