/*--------------------------------*- C++ -*----------------------------------*\
| =========                 |                                                 |
| \\      /  F ield         | OpenFOAM: The Open Source CFD Toolbox           |
|  \\    /   O peration     | Version:  4.1                                   |
|   \\  /    A nd           | Web:      www.OpenFOAM.org                      |
|    \\/     M anipulation  |                                                 |
\*---------------------------------------------------------------------------*/
FoamFile
{
    version     2.0;
    format      ascii;
    class       volVectorField;
    location    "0.0026";
    object      U;
}
// * * * * * * * * * * * * * * * * * * * * * * * * * * * * * * * * * * * * * //

dimensions      [0 1 -1 0 0 0 0];

internalField   nonuniform List<vector> 
441
(
(0.00194741 -0.00491275 0)
(0.00158043 -0.00490196 0)
(-0.00122443 -3.8503e-165 0)
(0.00117648 -8.52229e-267 0)
(-0.0168771 -0.00471588 0)
(-0.00117648 -2.58745e-232 0)
(-1.52112e-202 -2.48105e-203 0)
(-6.1943e-204 -2.78051e-228 0)
(-1.56974e-212 -9.39356e-214 0)
(-0.00534001 8.82559e-266 0)
(-0.0554293 0.0213631 0)
(-0.0704022 0.0116533 0)
(-0.0817168 0.0054342 0)
(-0.0788093 0.00120112 0)
(-0.0747596 -0.000805049 0)
(-0.06449 -0.00224203 0)
(-0.054577 -0.00273831 0)
(-0.0413211 -0.00345114 0)
(-0.0284472 -0.00330796 0)
(-0.0148545 -0.003632 0)
(-0.0013206 -0.0020018 0)
(5.97995e-05 0.00168912 0)
(-0.0155266 0.00842869 0)
(-0.0392282 0.00338968 0)
(-0.0572087 0.0152888 0)
(-0.0815453 0.00643145 0)
(-0.0985085 -0.0116692 0)
(-0.112589 -0.00146144 0)
(-0.125345 0.000699876 0)
(-0.134628 0.00961374 0)
(-0.146892 0.0478086 0)
(-0.152272 0.0418092 0)
(-0.144979 0.015026 0)
(-0.142323 0.00249375 0)
(-0.130733 -0.0083038 0)
(-0.119879 -0.013505 0)
(-0.102321 -0.0183965 0)
(-0.0855794 -0.020182 0)
(-0.0643107 -0.0233587 0)
(-0.04391 -0.0228302 0)
(-0.0225169 -0.0242511 0)
(-0.00170274 -0.0139555 0)
(0.00361916 0.00915254 0)
(-0.0119163 0.0336169 0)
(-0.0477882 0.039324 0)
(-0.0754935 0.0411229 0)
(-0.0996129 0.0356116 0)
(-0.129182 0.0277257 0)
(-0.157453 0.0253781 0)
(-0.173233 0.0212044 0)
(-0.192272 0.0204399 0)
(-0.192087 0.0225824 0)
(-0.175388 0.0204453 0)
(-0.166359 0.00323588 0)
(-0.158285 -0.00835047 0)
(-0.1454 -0.0207883 0)
(-0.132262 -0.0286804 0)
(-0.11236 -0.0365298 0)
(-0.0934814 -0.0400237 0)
(-0.0688967 -0.0453236 0)
(-0.0464763 -0.0442577 0)
(-0.0225019 -0.0460448 0)
(-8.21482e-05 -0.0254304 0)
(0.00807763 0.0103352 0)
(-0.00231621 0.0615818 0)
(-0.0488408 0.0678391 0)
(-0.0823445 0.0684715 0)
(-0.11363 0.0605596 0)
(-0.142439 0.0484993 0)
(-0.166662 0.0432755 0)
(-0.184853 0.035817 0)
(-0.197804 0.0295186 0)
(-0.202172 0.0280688 0)
(-0.195842 0.0154059 0)
(-0.186279 -0.00305953 0)
(-0.176179 -0.0188748 0)
(-0.160009 -0.0349839 0)
(-0.143816 -0.0465659 0)
(-0.120298 -0.0579713 0)
(-0.0986042 -0.0633436 0)
(-0.0697593 -0.0714417 0)
(-0.0451851 -0.0687453 0)
(-0.017646 -0.0718569 0)
(0.00351927 -0.0363371 0)
(6.67526e-165 0.00201941 0)
(-0.00425463 0.0900764 0)
(-0.0596321 0.118677 0)
(-0.0927966 0.104943 0)
(-0.127712 0.0952133 0)
(-0.157177 0.0795932 0)
(-0.18371 0.0672861 0)
(-0.202126 0.0520591 0)
(-0.216031 0.0375909 0)
(-0.219638 0.0217364 0)
(-0.214258 0.00493569 0)
(-0.205419 -0.0157758 0)
(-0.193488 -0.0341546 0)
(-0.175473 -0.0529501 0)
(-0.156875 -0.0677331 0)
(-0.129669 -0.081899 0)
(-0.105625 -0.0895944 0)
(-0.0706294 -0.0991863 0)
(-0.0440998 -0.0951039 0)
(-0.00871695 -0.095232 0)
(0.0111034 -0.0384363 0)
(-8.34759e-266 0.00648526 0)
(-0.0653503 0.125871 0)
(-0.0801738 0.154792 0)
(-0.117715 0.138203 0)
(-0.144138 0.125108 0)
(-0.174581 0.105536 0)
(-0.198326 0.0886891 0)
(-0.218381 0.0682989 0)
(-0.231415 0.0473756 0)
(-0.237672 0.0254756 0)
(-0.236031 0.00101645 0)
(-0.227944 -0.0245613 0)
(-0.215484 -0.0489924 0)
(-0.195208 -0.0724253 0)
(-0.173768 -0.0922721 0)
(-0.142198 -0.110459 0)
(-0.114169 -0.121785 0)
(-0.0714646 -0.134957 0)
(-0.0398446 -0.129406 0)
(0.0115289 -0.129863 0)
(0.0199635 -0.0336491 0)
(-0.0259411 0.0741451 0)
(-0.0795789 0.164992 0)
(-0.100301 0.173121 0)
(-0.134121 0.167031 0)
(-0.163744 0.152299 0)
(-0.194752 0.132808 0)
(-0.220758 0.110992 0)
(-0.241989 0.0847776 0)
(-0.256413 0.0569205 0)
(-0.263525 0.0265137 0)
(-0.262741 -0.00451548 0)
(-0.254833 -0.0361392 0)
(-0.241319 -0.0664173 0)
(-0.219049 -0.0946732 0)
(-0.195198 -0.119921 0)
(-0.158999 -0.141851 0)
(-0.128786 -0.15891 0)
(-0.0768427 -0.174405 0)
(-0.0479704 -0.175892 0)
(0.0256098 -0.156439 0)
(6.09116e-266 -0.00499088 0)
(-0.0197144 0.114804 0)
(-0.0651562 0.201029 0)
(-0.103614 0.210605 0)
(-0.144978 0.202486 0)
(-0.180089 0.186631 0)
(-0.21498 0.163135 0)
(-0.242856 0.136586 0)
(-0.266555 0.10412 0)
(-0.282051 0.0692587 0)
(-0.291046 0.0315147 0)
(-0.291487 -0.00768625 0)
(-0.284138 -0.0465478 0)
(-0.269925 -0.0849244 0)
(-0.246162 -0.119515 0)
(-0.219522 -0.15226 0)
(-0.18028 -0.178644 0)
(-0.146114 -0.202977 0)
(-0.0927887 -0.219335 0)
(-0.0597105 -0.228083 0)
(0.00310746 -0.186147 0)
(1.12625e-24 -3.72154e-24 0)
(-0.0164917 0.156864 0)
(-0.0651786 0.246579 0)
(-0.114502 0.252745 0)
(-0.161374 0.241893 0)
(-0.202997 0.222141 0)
(-0.241304 0.194563 0)
(-0.272249 0.162477 0)
(-0.297948 0.123462 0)
(-0.314758 0.0814612 0)
(-0.324975 0.0358371 0)
(-0.325876 -0.0112067 0)
(-0.319111 -0.0576398 0)
(-0.304186 -0.10394 0)
(-0.279528 -0.14505 0)
(-0.25042 -0.18485 0)
(-0.208026 -0.215566 0)
(-0.169938 -0.244459 0)
(-0.111515 -0.261993 0)
(-0.0740687 -0.268246 0)
(-0.00189759 -0.219107 0)
(4.21056e-77 -2.81562e-25 0)
(-0.0151764 0.198099 0)
(-0.0658403 0.300618 0)
(-0.124001 0.308739 0)
(-0.176954 0.292055 0)
(-0.224671 0.268128 0)
(-0.267226 0.233068 0)
(-0.3008 0.194321 0)
(-0.328801 0.146934 0)
(-0.346504 0.09682 0)
(-0.358251 0.0425622 0)
(-0.359688 -0.0135788 0)
(-0.354126 -0.0686984 0)
(-0.338993 -0.124966 0)
(-0.314273 -0.174291 0)
(-0.282857 -0.224343 0)
(-0.237468 -0.261067 0)
(-0.194374 -0.299591 0)
(-0.130105 -0.318861 0)
(-0.0876517 -0.33628 0)
(-0.00940864 -0.267197 0)
(1.0133e-164 -1.05264e-77 0)
(-0.0162814 0.23552 0)
(-0.0741018 0.35339 0)
(-0.14238 0.362805 0)
(-0.202427 0.340702 0)
(-0.256188 0.311894 0)
(-0.302493 0.269364 0)
(-0.337673 0.223867 0)
(-0.366862 0.168449 0)
(-0.384263 0.11092 0)
(-0.396938 0.0488482 0)
(-0.398437 -0.0151958 0)
(-0.394936 -0.0780977 0)
(-0.380406 -0.143437 0)
(-0.357943 -0.200725 0)
(-0.32546 -0.260706 0)
(-0.279941 -0.303712 0)
(-0.231562 -0.349432 0)
(-0.167116 -0.369323 0)
(-0.116236 -0.383101 0)
(-0.0662708 -0.310515 0)
(-3.29595e-266 0.00298159 0)
(-0.0188457 0.290687 0)
(-0.0834249 0.429182 0)
(-0.161314 0.440149 0)
(-0.228037 0.407481 0)
(-0.28666 0.370858 0)
(-0.335899 0.315552 0)
(-0.371162 0.260522 0)
(-0.400601 0.194054 0)
(-0.416552 0.127737 0)
(-0.429825 0.05686 0)
(-0.431253 -0.015772 0)
(-0.430592 -0.0870362 0)
(-0.417793 -0.163133 0)
(-0.399331 -0.230146 0)
(-0.367449 -0.304298 0)
(-0.321508 -0.356828 0)
(-0.266663 -0.41469 0)
(-0.185755 -0.437382 0)
(-0.118871 -0.439908 0)
(-0.0189814 -0.386439 0)
(0.0119263 -0.0769084 0)
(-0.0243094 0.334039 0)
(-0.102234 0.492588 0)
(-0.195785 0.505426 0)
(-0.271913 0.462989 0)
(-0.334208 0.418835 0)
(-0.384648 0.351712 0)
(-0.416041 0.288275 0)
(-0.442999 0.212729 0)
(-0.454318 0.140102 0)
(-0.466939 0.0634117 0)
(-0.467257 -0.0144026 0)
(-0.470841 -0.0908139 0)
(-0.461114 -0.174549 0)
(-0.450996 -0.249563 0)
(-0.422531 -0.337894 0)
(-0.380981 -0.402562 0)
(-0.320748 -0.483342 0)
(-0.217395 -0.515542 0)
(-0.133562 -0.546418 0)
(0.0589504 -0.440638 0)
(1.02594e-231 -0.00298159 0)
(-0.031369 0.421647 0)
(-0.12201 0.604627 0)
(-0.229806 0.615624 0)
(-0.313566 0.548279 0)
(-0.37675 0.488377 0)
(-0.425942 0.398749 0)
(-0.450883 0.321966 0)
(-0.47359 0.233071 0)
(-0.478799 0.152968 0)
(-0.489971 0.0701413 0)
(-0.488749 -0.0123772 0)
(-0.496846 -0.0931823 0)
(-0.491312 -0.185376 0)
(-0.492466 -0.269268 0)
(-0.471776 -0.378626 0)
(-0.44484 -0.460371 0)
(-0.386588 -0.583433 0)
(-0.291341 -0.629635 0)
(-0.184911 -0.716428 0)
(0.00211134 -0.535439 0)
(9.22303e-203 8.7317e-185 0)
(-0.0483966 0.480407 0)
(-0.167031 0.684408 0)
(-0.299389 0.693469 0)
(-0.393849 0.604225 0)
(-0.450318 0.529835 0)
(-0.492889 0.422091 0)
(-0.501923 0.335571 0)
(-0.515434 0.238827 0)
(-0.508995 0.156412 0)
(-0.516903 0.0733007 0)
(-0.512268 -0.0076315 0)
(-0.526737 -0.0865776 0)
(-0.526368 -0.179043 0)
(-0.546148 -0.265613 0)
(-0.536757 -0.385188 0)
(-0.539607 -0.482691 0)
(-0.485735 -0.634774 0)
(-0.40987 -0.712218 0)
(-0.266005 -0.834052 0)
(-0.00142857 -0.624845 0)
(3.49268e-184 -1.06957e-183 0)
(-0.0666988 0.64691 0)
(-0.210927 0.861793 0)
(-0.360213 0.854223 0)
(-0.459201 0.702223 0)
(-0.503668 0.596112 0)
(-0.536246 0.451765 0)
(-0.528542 0.349527 0)
(-0.532683 0.240836 0)
(-0.51547 0.15629 0)
(-0.51999 0.0739283 0)
(-0.511804 -0.00355167 0)
(-0.530417 -0.078482 0)
(-0.534216 -0.170271 0)
(-0.569039 -0.258163 0)
(-0.574619 -0.394055 0)
(-0.60891 -0.510865 0)
(-0.581952 -0.728333 0)
(-0.55311 -0.850582 0)
(-0.421452 -1.14489 0)
(-0.192213 -0.81275 0)
(3.60527e-255 -8.7317e-185 0)
(-0.126336 0.743277 0)
(-0.337814 0.963931 0)
(-0.505105 0.935865 0)
(-0.604846 0.737076 0)
(-0.607103 0.605244 0)
(-0.616903 0.440594 0)
(-0.573864 0.331783 0)
(-0.562168 0.222831 0)
(-0.527003 0.143662 0)
(-0.526853 0.0696276 0)
(-0.513228 0.00250697 0)
(-0.538724 -0.0611607 0)
(-0.54701 -0.140925 0)
(-0.60775 -0.218509 0)
(-0.630421 -0.345377 0)
(-0.73216 -0.464229 0)
(-0.734314 -0.687225 0)
(-0.866317 -0.858984 0)
(-0.714264 -1.17596 0)
(-0.85552 -1.04487 0)
(-1.49723e-264 -0.111113 0)
(-0.174213 1.13501 0)
(-0.432047 1.24825 0)
(-0.58416 1.1461 0)
(-0.666052 0.806318 0)
(-0.626055 0.623208 0)
(-0.614599 0.418668 0)
(-0.547467 0.302089 0)
(-0.526251 0.193856 0)
(-0.481046 0.123275 0)
(-0.478278 0.0605958 0)
(-0.460332 0.00668405 0)
(-0.486624 -0.043216 0)
(-0.49386 -0.107691 0)
(-0.561398 -0.17164 0)
(-0.593814 -0.284461 0)
(-0.719415 -0.400569 0)
(-0.769238 -0.62656 0)
(-0.946056 -0.853597 0)
(-0.929013 -1.23238 0)
(-0.983193 -1.46273 0)
(-0.444451 -1.00037 0)
(-0.38071 1.31344 0)
(-0.746684 1.34412 0)
(-0.73067 1.16143 0)
(-0.734072 0.760492 0)
(-0.553923 0.552787 0)
(-0.491747 0.352137 0)
(-0.367278 0.243786 0)
(-0.327328 0.152144 0)
(-0.2628 0.0957444 0)
(-0.255638 0.0488611 0)
(-0.231501 0.0102029 0)
(-0.261077 -0.0233101 0)
(-0.267335 -0.0675788 0)
(-0.350712 -0.108098 0)
(-0.389798 -0.18924 0)
(-0.564651 -0.268695 0)
(-0.640856 -0.461307 0)
(-0.93153 -0.664651 0)
(-0.954843 -1.1339 0)
(-1.07177 -1.47739 0)
(-0.558805 -1.51992 0)
(-0.235166 2.32635 0)
(-0.228223 1.59659 0)
(0.145062 1.18439 0)
(0.304292 0.623674 0)
(0.57637 0.402766 0)
(0.679481 0.2275 0)
(0.822954 0.146152 0)
(0.870746 0.0871459 0)
(0.939519 0.0537619 0)
(0.949713 0.0292623 0)
(0.979146 0.00997299 0)
(0.956461 -0.00503502 0)
(0.963261 -0.025637 0)
(0.896323 -0.0436935 0)
(0.885282 -0.0881949 0)
(0.739664 -0.139505 0)
(0.702336 -0.298079 0)
(0.407315 -0.523534 0)
(0.315376 -1.16767 0)
(-0.168941 -1.8491 0)
(-0.159984 -2.73033 0)
(1.68468 1.66643 0)
(2.58603 0.898604 0)
(4.04394 0.625032 0)
(4.47268 0.303324 0)
(4.93392 0.182198 0)
(5.08227 0.093829 0)
(5.24194 0.0556523 0)
(5.29203 0.0308981 0)
(5.35483 0.0177978 0)
(5.36565 0.00920357 0)
(5.39248 0.00258479 0)
(5.37691 -0.00267033 0)
(5.38773 -0.0102694 0)
(5.33594 -0.0178209 0)
(5.33448 -0.0371906 0)
(5.19904 -0.0584197 0)
(5.15531 -0.13154 0)
(4.74483 -0.217118 0)
(4.45875 -0.533774 0)
(2.97708 -0.872888 0)
(1.83079 -1.70458 0)
)
;

boundaryField
{
    movingWall
    {
        type            fixedValue;
        value           uniform (10 0 0);
    }
    fixedWalls
    {
        type            noSlip;
    }
    frontAndBack
    {
        type            empty;
    }
}


// ************************************************************************* //
