/*--------------------------------*- C++ -*----------------------------------*\
| =========                 |                                                 |
| \\      /  F ield         | OpenFOAM: The Open Source CFD Toolbox           |
|  \\    /   O peration     | Version:  4.1                                   |
|   \\  /    A nd           | Web:      www.OpenFOAM.org                      |
|    \\/     M anipulation  |                                                 |
\*---------------------------------------------------------------------------*/
FoamFile
{
    version     2.0;
    format      ascii;
    class       volVectorField;
    location    "0.0015";
    object      U;
}
// * * * * * * * * * * * * * * * * * * * * * * * * * * * * * * * * * * * * * //

dimensions      [0 1 -1 0 0 0 0];

internalField   nonuniform List<vector> 
441
(
(0.00081199 -0.00347968 0)
(-0.000832492 -0.00427252 0)
(-0.00106249 -3.90628e-165 0)
(0.000964684 -2.48082e-267 0)
(-0.0162172 -0.00388207 0)
(-0.000964684 -2.5717e-232 0)
(-1.70555e-202 -2.31437e-203 0)
(-5.78182e-204 -2.31984e-228 0)
(-1.73673e-212 -3.95859e-214 0)
(-0.00492662 9.42739e-266 0)
(-0.0482004 0.01978 0)
(-0.0595154 0.0100435 0)
(-0.068523 0.00432552 0)
(-0.0658489 0.000542957 0)
(-0.0624271 -0.00122062 0)
(-0.0541851 -0.0024762 0)
(-0.0461596 -0.00293102 0)
(-0.0356015 -0.00354551 0)
(-0.0253158 -0.00347244 0)
(-0.0142398 -0.00387171 0)
(-0.00260119 -0.00294294 0)
(-0.000759029 0.00373226 0)
(-0.0139499 0.00648918 0)
(-0.0316863 0.00151343 0)
(-0.0447353 0.0139684 0)
(-0.0623308 0.00524364 0)
(-0.0754048 -0.0108094 0)
(-0.0860516 -0.00137796 0)
(-0.095612 0.000800461 0)
(-0.102323 0.00878565 0)
(-0.111126 0.0400131 0)
(-0.112126 0.0327891 0)
(-0.104441 0.010756 0)
(-0.102107 0.00149358 0)
(-0.093615 -0.00662859 0)
(-0.0860133 -0.0104497 0)
(-0.0738001 -0.014065 0)
(-0.062181 -0.0154161 0)
(-0.0474418 -0.0177814 0)
(-0.033372 -0.0175776 0)
(-0.0183322 -0.0194057 0)
(-0.00268283 -0.013715 0)
(0.00208562 0.0098399 0)
(-0.010365 0.0259094 0)
(-0.0366764 0.0284191 0)
(-0.0550886 0.0298366 0)
(-0.0696777 0.0258806 0)
(-0.0914614 0.0205033 0)
(-0.111823 0.0188288 0)
(-0.122713 0.0156884 0)
(-0.136309 0.0148046 0)
(-0.134452 0.0152825 0)
(-0.11998 0.0141578 0)
(-0.113705 0.00171133 0)
(-0.10831 -0.00611593 0)
(-0.0998296 -0.0150499 0)
(-0.0911641 -0.0206416 0)
(-0.0779069 -0.0262926 0)
(-0.0653551 -0.0287416 0)
(-0.048869 -0.0325722 0)
(-0.0340483 -0.0319337 0)
(-0.0178254 -0.0347804 0)
(-0.00134248 -0.0233589 0)
(0.00739942 0.0124743 0)
(-0.00110239 0.0468511 0)
(-0.0359388 0.0472345 0)
(-0.0587023 0.0479686 0)
(-0.0795085 0.042062 0)
(-0.0990747 0.033624 0)
(-0.11514 0.0304313 0)
(-0.12733 0.0255016 0)
(-0.135723 0.0212526 0)
(-0.138583 0.0205056 0)
(-0.133854 0.0111118 0)
(-0.127224 -0.00193199 0)
(-0.120328 -0.0128928 0)
(-0.109423 -0.0243194 0)
(-0.0985517 -0.0324166 0)
(-0.0827893 -0.0404927 0)
(-0.06835 -0.0441441 0)
(-0.048895 -0.0499699 0)
(-0.0327517 -0.048137 0)
(-0.0139475 -0.0531325 0)
(0.00185738 -0.0327275 0)
(6.34378e-165 0.00184986 0)
(-0.00212958 0.0689758 0)
(-0.0435967 0.0855352 0)
(-0.0655403 0.0726783 0)
(-0.08883 0.0659396 0)
(-0.10872 0.0551808 0)
(-0.126356 0.0467206 0)
(-0.138575 0.0362014 0)
(-0.147635 0.0260423 0)
(-0.149671 0.0147346 0)
(-0.145559 0.00320859 0)
(-0.139612 -0.0110651 0)
(-0.131455 -0.0235248 0)
(-0.119443 -0.0366146 0)
(-0.107032 -0.0467568 0)
(-0.0888697 -0.0566926 0)
(-0.0730596 -0.0618348 0)
(-0.0493688 -0.0686816 0)
(-0.0323007 -0.0657754 0)
(-0.0074672 -0.0699394 0)
(0.00841025 -0.0344848 0)
(-9.06626e-266 0.00602445 0)
(-0.0535061 0.0947687 0)
(-0.0570263 0.109001 0)
(-0.0836649 0.0945788 0)
(-0.099991 0.0853195 0)
(-0.120684 0.0720303 0)
(-0.136108 0.0605996 0)
(-0.14941 0.0468358 0)
(-0.157813 0.0325044 0)
(-0.161824 0.0175292 0)
(-0.160547 0.000759313 0)
(-0.155001 -0.0167398 0)
(-0.14648 -0.0332782 0)
(-0.13285 -0.0494524 0)
(-0.118476 -0.0628659 0)
(-0.0973163 -0.0755249 0)
(-0.0788134 -0.0829718 0)
(-0.0495739 -0.0925257 0)
(-0.0288557 -0.0886851 0)
(0.00994736 -0.0964917 0)
(0.0179439 -0.0314345 0)
(-0.0240978 0.063485 0)
(-0.0615892 0.120562 0)
(-0.0714135 0.118342 0)
(-0.0941992 0.11394 0)
(-0.113195 0.103475 0)
(-0.134021 0.090562 0)
(-0.151033 0.0755336 0)
(-0.165008 0.0577433 0)
(-0.174321 0.0385978 0)
(-0.178737 0.0177633 0)
(-0.177958 -0.00333498 0)
(-0.172455 -0.0249306 0)
(-0.163257 -0.0453061 0)
(-0.148316 -0.0647148 0)
(-0.132443 -0.0816538 0)
(-0.108226 -0.0968803 0)
(-0.088604 -0.108381 0)
(-0.0527184 -0.119773 0)
(-0.0352116 -0.123264 0)
(0.0225573 -0.118458 0)
(6.21599e-266 -0.00448596 0)
(-0.0177251 0.0945817 0)
(-0.049129 0.142456 0)
(-0.0737759 0.142696 0)
(-0.10208 0.136875 0)
(-0.124878 0.125839 0)
(-0.148255 0.110257 0)
(-0.16644 0.0920695 0)
(-0.181904 0.0701905 0)
(-0.191885 0.0464464 0)
(-0.19739 0.0208529 0)
(-0.197413 -0.00557832 0)
(-0.192099 -0.0319527 0)
(-0.182418 -0.0575173 0)
(-0.16638 -0.081104 0)
(-0.14861 -0.102761 0)
(-0.122438 -0.12094 0)
(-0.100047 -0.137314 0)
(-0.0640486 -0.149271 0)
(-0.0431263 -0.159858 0)
(0.00281415 -0.139993 0)
(1.14296e-24 -4.1928e-24 0)
(-0.0148604 0.128911 0)
(-0.0495086 0.17454 0)
(-0.0819285 0.171643 0)
(-0.113488 0.163766 0)
(-0.14059 0.149872 0)
(-0.165933 0.131449 0)
(-0.186032 0.109335 0)
(-0.202555 0.0829198 0)
(-0.213286 0.0542494 0)
(-0.219323 0.023267 0)
(-0.219576 -0.00842443 0)
(-0.214442 -0.0399517 0)
(-0.204334 -0.0707175 0)
(-0.187656 -0.0987423 0)
(-0.168377 -0.124899 0)
(-0.14035 -0.146102 0)
(-0.115529 -0.16516 0)
(-0.0769571 -0.178298 0)
(-0.0531032 -0.186912 0)
(-0.00226691 -0.165078 0)
(4.01169e-77 -2.85739e-25 0)
(-0.0137306 0.160471 0)
(-0.0503967 0.210683 0)
(-0.0891668 0.208405 0)
(-0.124939 0.196314 0)
(-0.156244 0.179619 0)
(-0.184347 0.156197 0)
(-0.206127 0.129591 0)
(-0.223894 0.0976559 0)
(-0.235087 0.063653 0)
(-0.24179 0.0270483 0)
(-0.242315 -0.0104452 0)
(-0.237686 -0.0476119 0)
(-0.227443 -0.0845704 0)
(-0.210543 -0.11794 0)
(-0.189763 -0.150322 0)
(-0.159672 -0.17548 0)
(-0.131508 -0.200413 0)
(-0.0892581 -0.214967 0)
(-0.0620798 -0.23278 0)
(-0.00916693 -0.199574 0)
(9.3509e-165 -1.00292e-77 0)
(-0.014824 0.1914 0)
(-0.0569154 0.248399 0)
(-0.102288 0.245755 0)
(-0.14262 0.229487 0)
(-0.177725 0.209247 0)
(-0.207976 0.180452 0)
(-0.230532 0.149022 0)
(-0.248616 0.11144 0)
(-0.259378 0.0723068 0)
(-0.266231 0.0303505 0)
(-0.266727 -0.0124102 0)
(-0.263112 -0.0548295 0)
(-0.253389 -0.097696 0)
(-0.237844 -0.13644 0)
(-0.216622 -0.175186 0)
(-0.186751 -0.204635 0)
(-0.155346 -0.23371 0)
(-0.114918 -0.248942 0)
(-0.081735 -0.261836 0)
(-0.0593092 -0.23131 0)
(-4.5314e-266 0.00267632 0)
(-0.0170946 0.234318 0)
(-0.0645297 0.300228 0)
(-0.116624 0.296976 0)
(-0.161612 0.273127 0)
(-0.199905 0.247394 0)
(-0.231882 0.209852 0)
(-0.254188 0.171878 0)
(-0.271954 0.126937 0)
(-0.281491 0.0820649 0)
(-0.288268 0.0344691 0)
(-0.28864 -0.0135849 0)
(-0.286563 -0.0612574 0)
(-0.278069 -0.1106 0)
(-0.264983 -0.15552 0)
(-0.244366 -0.202729 0)
(-0.214069 -0.238345 0)
(-0.178852 -0.273748 0)
(-0.126163 -0.29119 0)
(-0.083566 -0.290672 0)
(-0.0164759 -0.283167 0)
(0.0107053 -0.0709173 0)
(-0.0218562 0.270099 0)
(-0.079099 0.345176 0)
(-0.141451 0.341574 0)
(-0.192413 0.310319 0)
(-0.23243 0.279183 0)
(-0.264452 0.233095 0)
(-0.283485 0.189195 0)
(-0.298817 0.137895 0)
(-0.304942 0.0887693 0)
(-0.310671 0.0372786 0)
(-0.310317 -0.0140981 0)
(-0.31057 -0.0651189 0)
(-0.304344 -0.11936 0)
(-0.296451 -0.169439 0)
(-0.278599 -0.225962 0)
(-0.251127 -0.26922 0)
(-0.213562 -0.320549 0)
(-0.144745 -0.343667 0)
(-0.0943104 -0.368982 0)
(0.0504733 -0.325936 0)
(1.03785e-231 -0.00267632 0)
(-0.0280872 0.339814 0)
(-0.0949326 0.423599 0)
(-0.167249 0.416014 0)
(-0.22325 0.366388 0)
(-0.263192 0.324038 0)
(-0.293718 0.262177 0)
(-0.307702 0.209184 0)
(-0.319592 0.149026 0)
(-0.321383 0.0952479 0)
(-0.325787 0.0400766 0)
(-0.324485 -0.0138407 0)
(-0.327483 -0.0673141 0)
(-0.324103 -0.126391 0)
(-0.323475 -0.181807 0)
(-0.310547 -0.251278 0)
(-0.29302 -0.304967 0)
(-0.256274 -0.383875 0)
(-0.195383 -0.415025 0)
(-0.129191 -0.48429 0)
(0.00254849 -0.392451 0)
(8.53522e-203 6.70397e-185 0)
(-0.0427345 0.387003 0)
(-0.130065 0.478199 0)
(-0.218168 0.467181 0)
(-0.280126 0.401145 0)
(-0.313316 0.348907 0)
(-0.337849 0.27429 0)
(-0.339874 0.215121 0)
(-0.344728 0.149888 0)
(-0.338547 0.0950902 0)
(-0.340313 0.0400436 0)
(-0.33701 -0.0124949 0)
(-0.343721 -0.0645671 0)
(-0.343983 -0.123723 0)
(-0.355001 -0.180685 0)
(-0.349481 -0.256757 0)
(-0.351462 -0.31986 0)
(-0.317385 -0.417495 0)
(-0.271954 -0.46699 0)
(-0.181487 -0.563295 0)
(-0.00487078 -0.455417 0)
(2.68159e-184 -1.47522e-183 0)
(-0.0590364 0.523255 0)
(-0.164634 0.60561 0)
(-0.263491 0.578204 0)
(-0.32695 0.464752 0)
(-0.349884 0.390425 0)
(-0.366669 0.290096 0)
(-0.35662 0.220988 0)
(-0.355187 0.148224 0)
(-0.342086 0.0928324 0)
(-0.341912 0.0388511 0)
(-0.336791 -0.0108495 0)
(-0.34639 -0.0599331 0)
(-0.349517 -0.118267 0)
(-0.370164 -0.175747 0)
(-0.373333 -0.261992 0)
(-0.395283 -0.336568 0)
(-0.375396 -0.476271 0)
(-0.362549 -0.551657 0)
(-0.274679 -0.768201 0)
(-0.146641 -0.583237 0)
(-6.47109e-256 -6.70397e-185 0)
(-0.110684 0.596903 0)
(-0.264821 0.668967 0)
(-0.370628 0.624382 0)
(-0.430764 0.47725 0)
(-0.419565 0.387485 0)
(-0.419302 0.274745 0)
(-0.384086 0.203699 0)
(-0.372085 0.132251 0)
(-0.347484 0.0819249 0)
(-0.344432 0.034191 0)
(-0.336411 -0.00823302 0)
(-0.350282 -0.0498746 0)
(-0.35663 -0.100588 0)
(-0.393421 -0.151728 0)
(-0.406872 -0.232401 0)
(-0.471835 -0.308491 0)
(-0.466502 -0.449163 0)
(-0.560741 -0.554695 0)
(-0.44778 -0.767412 0)
(-0.602228 -0.722957 0)
(-1.34443e-264 -0.0851593 0)
(-0.153707 0.925479 0)
(-0.339884 0.875166 0)
(-0.43107 0.770005 0)
(-0.477318 0.516279 0)
(-0.4364 0.394078 0)
(-0.424113 0.254636 0)
(-0.374471 0.181055 0)
(-0.358827 0.111225 0)
(-0.329446 0.0677743 0)
(-0.326399 0.0279103 0)
(-0.316897 -0.00576439 0)
(-0.332243 -0.0385539 0)
(-0.338664 -0.0799419 0)
(-0.380092 -0.122762 0)
(-0.399374 -0.19585 0)
(-0.477766 -0.271173 0)
(-0.500425 -0.415955 0)
(-0.613843 -0.555285 0)
(-0.590844 -0.796364 0)
(-0.656124 -0.973696 0)
(-0.340637 -0.736256 0)
(-0.338142 1.0561 0)
(-0.618576 0.916826 0)
(-0.583933 0.753682 0)
(-0.585602 0.463658 0)
(-0.447486 0.33334 0)
(-0.408309 0.20235 0)
(-0.322886 0.13884 0)
(-0.299041 0.0823564 0)
(-0.259279 0.049713 0)
(-0.255294 0.0207789 0)
(-0.243329 -0.00279057 0)
(-0.261715 -0.0250642 0)
(-0.268833 -0.0539266 0)
(-0.321753 -0.0824954 0)
(-0.347152 -0.136592 0)
(-0.461682 -0.189953 0)
(-0.504041 -0.314333 0)
(-0.702378 -0.433024 0)
(-0.70256 -0.721605 0)
(-0.801541 -0.926399 0)
(-0.461085 -1.06248 0)
(-0.225362 1.95509 0)
(-0.296146 1.12403 0)
(-0.0719772 0.788577 0)
(-0.0116726 0.374121 0)
(0.160413 0.238614 0)
(0.204732 0.125137 0)
(0.291659 0.080358 0)
(0.311949 0.0449949 0)
(0.35021 0.026664 0)
(0.352454 0.0115351 0)
(0.365426 -0.000429007 0)
(0.348778 -0.0111252 0)
(0.347287 -0.0255644 0)
(0.301301 -0.0393924 0)
(0.289657 -0.0705895 0)
(0.189173 -0.104857 0)
(0.168481 -0.209806 0)
(-0.0284401 -0.342839 0)
(-0.0474719 -0.770832 0)
(-0.320047 -1.20907 0)
(-0.196524 -2.09898 0)
(1.54828 1.46379 0)
(2.14899 0.696228 0)
(3.24644 0.460841 0)
(3.47232 0.201741 0)
(3.78533 0.119464 0)
(3.85267 0.0573026 0)
(3.95371 0.0339305 0)
(3.97433 0.017956 0)
(4.01113 0.0100841 0)
(4.01326 0.00455644 0)
(4.02612 0.000279204 0)
(4.01237 -0.00343895 0)
(4.01418 -0.00882605 0)
(3.97388 -0.0145519 0)
(3.96817 -0.0289133 0)
(3.86402 -0.0449649 0)
(3.83681 -0.10095 0)
(3.52881 -0.164165 0)
(3.37309 -0.414764 0)
(2.27599 -0.664894 0)
(1.60262 -1.44581 0)
)
;

boundaryField
{
    movingWall
    {
        type            fixedValue;
        value           uniform (10 0 0);
    }
    fixedWalls
    {
        type            noSlip;
    }
    frontAndBack
    {
        type            empty;
    }
}


// ************************************************************************* //
