/*--------------------------------*- C++ -*----------------------------------*\
| =========                 |                                                 |
| \\      /  F ield         | OpenFOAM: The Open Source CFD Toolbox           |
|  \\    /   O peration     | Version:  4.1                                   |
|   \\  /    A nd           | Web:      www.OpenFOAM.org                      |
|    \\/     M anipulation  |                                                 |
\*---------------------------------------------------------------------------*/
FoamFile
{
    version     2.0;
    format      ascii;
    class       volScalarField;
    location    "0.136056";
    object      p;
}
// * * * * * * * * * * * * * * * * * * * * * * * * * * * * * * * * * * * * * //

dimensions      [1 -1 -2 0 0 0 0];

internalField   nonuniform List<scalar> 
441
(
100000
100000
99999.9
99999.9
99999.9
99999.9
99999.9
100000
100000
100000
100000
100000
100000
100000
100000
100000
100000
100000
100000
100000
100000
100000
100000
100000
100000
100000
100000
100000
100000
100000
100000
100000
100000
100000
100000
100000
100000
100000
100000
100000
100000
100000
100000
100000
100000
100000
100000
100000
100000
100000
100000
100000
100000
100000
100000
100000
100000
100000
100000
100000
100000
100000
100000
100000
100000
100000
100000
100000
100000
100000
100000
100000
100000
100000
100000
100000
100000
100000
100000
100000
100000
100000
100000
100000
100000
100000
100000
100000
100000
100000
100000
100000
100000
100000
100000
100000
100000
100000
100000
100000
100000
100000
100000
100000
100000
100000
100000
100000
100000
99999.9
99999.9
100000
100000
100000
100000
100000
100000
100000
100000
100000
100000
100000
100000
100000
100000
100000
100000
100000
99999.9
99999.9
99999.9
99999.9
99999.9
99999.9
100000
100000
100000
100000
100000
100000
100000
100000
100000
100000
100000
100000
100000
100000
99999.9
99999.9
99999.8
99999.8
99999.8
99999.8
99999.8
99999.9
99999.9
100000
100000
100000
100000
100000
100000
100000
100000
100000
100000
100000
99999.9
99999.8
99999.8
99999.7
99999.7
99999.7
99999.7
99999.7
99999.8
99999.8
99999.9
100000
100000
100000
100000
100000
100000
100000
100000
100000
100000
99999.8
99999.7
99999.6
99999.6
99999.6
99999.6
99999.6
99999.6
99999.6
99999.7
99999.8
99999.9
100000
100000
100000
100000
100000
100000
100000
100000
100000
99999.6
99999.5
99999.5
99999.4
99999.4
99999.4
99999.4
99999.4
99999.5
99999.5
99999.6
99999.7
99999.8
100000
100000
100000
100000
100001
100001
100000
100000
99999.4
99999.3
99999.2
99999.2
99999.2
99999.2
99999.2
99999.2
99999.3
99999.3
99999.4
99999.5
99999.7
99999.9
100000
100000
100001
100001
100001
100001
100000
99999.1
99999
99999
99998.9
99998.9
99999
99999
99999
99999
99999.1
99999.2
99999.3
99999.5
99999.7
100000
100000
100001
100001
100001
100001
100001
99998.8
99998.7
99998.6
99998.7
99998.7
99998.7
99998.7
99998.8
99998.8
99998.9
99999
99999.1
99999.3
99999.6
99999.9
100000
100001
100001
100001
100001
100001
99998.4
99998.2
99998.2
99998.3
99998.4
99998.4
99998.5
99998.5
99998.6
99998.6
99998.7
99998.9
99999.1
99999.4
99999.8
100000
100001
100001
100002
100002
100002
99997.8
99997.8
99997.8
99998
99998.1
99998.2
99998.3
99998.3
99998.4
99998.5
99998.6
99998.7
99999
99999.3
99999.8
100000
100001
100002
100002
100003
100003
99996.9
99997.1
99997.2
99997.6
99997.8
99998
99998.1
99998.2
99998.3
99998.3
99998.5
99998.6
99998.9
99999.3
99999.8
100000
100001
100002
100003
100004
100004
99995.9
99996.5
99996.7
99997.3
99997.6
99997.9
99998
99998.2
99998.2
99998.3
99998.5
99998.6
99998.9
99999.3
99999.9
100001
100002
100003
100004
100005
100006
99993
99995.1
99995.7
99996.9
99997.4
99997.9
99998.1
99998.3
99998.4
99998.4
99998.6
99998.8
99999.1
99999.5
100000
100001
100002
100004
100006
100008
100011
99990.8
99994.7
99995.6
99997.1
99997.6
99998.1
99998.3
99998.5
99998.5
99998.6
99998.7
99998.9
99999.2
99999.6
100000
100001
100003
100004
100007
100010
100015
99977.6
99991.6
99994.4
99997.3
99998.1
99998.7
99998.8
99998.9
99998.9
99998.9
99998.9
99999
99999.3
99999.6
100000
100001
100003
100005
100009
100014
100030
)
;

boundaryField
{
    movingWall
    {
        type            zeroGradient;
    }
    fixedWalls
    {
        type            zeroGradient;
    }
    frontAndBack
    {
        type            empty;
    }
}


// ************************************************************************* //
