/*--------------------------------*- C++ -*----------------------------------*\
| =========                 |                                                 |
| \\      /  F ield         | OpenFOAM: The Open Source CFD Toolbox           |
|  \\    /   O peration     | Version:  4.1                                   |
|   \\  /    A nd           | Web:      www.OpenFOAM.org                      |
|    \\/     M anipulation  |                                                 |
\*---------------------------------------------------------------------------*/
FoamFile
{
    version     2.0;
    format      ascii;
    class       volVectorField;
    location    "0.0185";
    object      U;
}
// * * * * * * * * * * * * * * * * * * * * * * * * * * * * * * * * * * * * * //

dimensions      [0 1 -1 0 0 0 0];

internalField   nonuniform List<vector> 
441
(
(0.00337513 -0.00492347 0)
(0.0078244 -0.00306647 0)
(-0.000766877 -2.46275e-165 0)
(0.00150286 -2.23919e-266 0)
(-0.0109175 -0.006012 0)
(-0.00150286 -2.50833e-232 0)
(-1.11584e-202 -3.49278e-203 0)
(-8.72979e-204 -4.24801e-228 0)
(-1.3009e-212 -1.76212e-213 0)
(-0.00461453 7.06032e-266 0)
(-0.0540951 0.0184585 0)
(-0.0696123 0.0101731 0)
(-0.0808514 0.00512053 0)
(-0.075779 0.00131272 0)
(-0.0685035 -0.000271657 0)
(-0.0537519 -0.0015657 0)
(-0.0394904 -0.00160125 0)
(-0.0232171 -0.001884 0)
(-0.0098589 -0.000669919 0)
(-0.00167654 8.24636e-06 0)
(0.00304084 0.00197992 0)
(0.00278691 -0.00604061 0)
(-0.00517182 0.00726349 0)
(-0.0314359 0.00768938 0)
(-0.059233 0.0119283 0)
(-0.0969126 0.00828718 0)
(-0.127539 -0.00632724 0)
(-0.153729 -0.000898068 0)
(-0.176861 0.000917931 0)
(-0.196055 0.00918864 0)
(-0.216462 0.0478305 0)
(-0.230904 0.044959 0)
(-0.227333 0.0168858 0)
(-0.221761 0.000657758 0)
(-0.200249 -0.0141088 0)
(-0.175186 -0.0217904 0)
(-0.139397 -0.0283061 0)
(-0.103854 -0.0287778 0)
(-0.0656212 -0.0287575 0)
(-0.0334873 -0.0205674 0)
(-0.0109148 -0.0136506 0)
(0.00260354 -0.000432748 0)
(0.00591347 -0.00324463 0)
(-0.00797066 0.0307327 0)
(-0.0531232 0.0525084 0)
(-0.106643 0.0636247 0)
(-0.1653 0.061316 0)
(-0.222753 0.0535116 0)
(-0.279179 0.047442 0)
(-0.318667 0.0408853 0)
(-0.357112 0.0379425 0)
(-0.37099 0.0385087 0)
(-0.361752 0.0300582 0)
(-0.348992 0.00205145 0)
(-0.329664 -0.0214625 0)
(-0.296075 -0.0450444 0)
(-0.256701 -0.0603924 0)
(-0.204705 -0.0730222 0)
(-0.152853 -0.0744273 0)
(-0.0972879 -0.072546 0)
(-0.0509962 -0.0544013 0)
(-0.0166901 -0.0363444 0)
(0.00359483 -0.00573492 0)
(0.00630434 -0.00410197 0)
(-0.0116179 0.0678704 0)
(-0.0780232 0.106559 0)
(-0.148812 0.125979 0)
(-0.225842 0.124658 0)
(-0.297483 0.10988 0)
(-0.362302 0.0960228 0)
(-0.412957 0.0794421 0)
(-0.451195 0.062979 0)
(-0.469329 0.0502906 0)
(-0.466627 0.02264 0)
(-0.448601 -0.0160752 0)
(-0.420973 -0.0524331 0)
(-0.376046 -0.0878918 0)
(-0.324206 -0.113033 0)
(-0.257454 -0.133229 0)
(-0.19141 -0.135781 0)
(-0.120344 -0.131919 0)
(-0.0622946 -0.100544 0)
(-0.0181258 -0.0694639 0)
(0.00573407 -0.0132114 0)
(6.12638e-165 0.00157608 0)
(-0.0157418 0.114672 0)
(-0.104005 0.18895 0)
(-0.185619 0.210323 0)
(-0.277211 0.209163 0)
(-0.3593 0.188611 0)
(-0.435401 0.162057 0)
(-0.493309 0.129129 0)
(-0.537474 0.0938919 0)
(-0.557431 0.0545993 0)
(-0.555991 0.00966916 0)
(-0.536405 -0.0432861 0)
(-0.503018 -0.0934184 0)
(-0.449555 -0.141894 0)
(-0.387104 -0.17808 0)
(-0.30596 -0.206253 0)
(-0.226623 -0.210294 0)
(-0.138281 -0.202332 0)
(-0.0696137 -0.155167 0)
(-0.0135013 -0.104944 0)
(0.0120678 -0.0171642 0)
(-5.21208e-266 0.00490499 0)
(-0.070111 0.176121 0)
(-0.139748 0.274797 0)
(-0.232424 0.300867 0)
(-0.324885 0.298323 0)
(-0.414684 0.26913 0)
(-0.494805 0.230531 0)
(-0.559794 0.181801 0)
(-0.608 0.127666 0)
(-0.634074 0.0681865 0)
(-0.639058 0.00171463 0)
(-0.621011 -0.06982 0)
(-0.585925 -0.139189 0)
(-0.525759 -0.204915 0)
(-0.453937 -0.256284 0)
(-0.358252 -0.29539 0)
(-0.264417 -0.302636 0)
(-0.157047 -0.291296 0)
(-0.0757541 -0.223857 0)
(-0.00413353 -0.153904 0)
(0.0161388 -0.0139058 0)
(-0.01962 0.0752001 0)
(-0.0946221 0.251009 0)
(-0.172892 0.351915 0)
(-0.27024 0.393957 0)
(-0.371161 0.391003 0)
(-0.468212 0.357518 0)
(-0.556765 0.306728 0)
(-0.629494 0.241775 0)
(-0.685516 0.168088 0)
(-0.718673 0.0855811 0)
(-0.730138 -0.00303077 0)
(-0.715804 -0.0965205 0)
(-0.681031 -0.187916 0)
(-0.616046 -0.274285 0)
(-0.536094 -0.34433 0)
(-0.42458 -0.396666 0)
(-0.316015 -0.409553 0)
(-0.183592 -0.392401 0)
(-0.0928616 -0.30547 0)
(0.0082358 -0.198189 0)
(5.29083e-266 -0.00403471 0)
(-0.0138784 0.121454 0)
(-0.0860769 0.330437 0)
(-0.185136 0.451186 0)
(-0.295865 0.500051 0)
(-0.408968 0.496829 0)
(-0.516771 0.455305 0)
(-0.614535 0.392324 0)
(-0.6974 0.310706 0)
(-0.762739 0.217252 0)
(-0.80618 0.112478 0)
(-0.827243 -0.000944607 0)
(-0.820121 -0.119714 0)
(-0.78929 -0.23875 0)
(-0.722586 -0.351346 0)
(-0.636025 -0.447259 0)
(-0.509454 -0.518117 0)
(-0.382894 -0.542209 0)
(-0.225839 -0.518911 0)
(-0.116213 -0.411858 0)
(-0.000280804 -0.254752 0)
(1.6438e-24 -1.94685e-24 0)
(-0.0117357 0.17229 0)
(-0.0881275 0.42055 0)
(-0.201839 0.560608 0)
(-0.325154 0.616347 0)
(-0.451849 0.611135 0)
(-0.571229 0.562018 0)
(-0.680349 0.486922 0)
(-0.774644 0.389331 0)
(-0.851461 0.27685 0)
(-0.907245 0.149786 0)
(-0.940171 0.0113546 0)
(-0.943977 -0.134713 0)
(-0.920957 -0.28446 0)
(-0.856754 -0.428128 0)
(-0.766485 -0.555683 0)
(-0.624918 -0.651212 0)
(-0.47806 -0.690038 0)
(-0.287493 -0.661809 0)
(-0.152271 -0.525533 0)
(-0.00285304 -0.319136 0)
(6.62486e-77 -4.10949e-25 0)
(-0.0102506 0.222232 0)
(-0.0889294 0.522209 0)
(-0.215429 0.689328 0)
(-0.351048 0.750971 0)
(-0.491055 0.743819 0)
(-0.622655 0.684259 0)
(-0.743202 0.596428 0)
(-0.84999 0.48191 0)
(-0.939323 0.350271 0)
(-1.00989 0.200888 0)
(-1.05788 0.0359526 0)
(-1.07741 -0.139777 0)
(-1.06796 -0.325905 0)
(-1.01266 -0.507675 0)
(-0.92386 -0.678836 0)
(-0.769985 -0.810205 0)
(-0.600139 -0.87847 0)
(-0.368773 -0.851075 0)
(-0.197149 -0.692797 0)
(-0.00542165 -0.417332 0)
(1.80434e-164 -1.65621e-77 0)
(-0.0110296 0.268571 0)
(-0.0972431 0.624081 0)
(-0.23879 0.8209 0)
(-0.388131 0.89012 0)
(-0.541453 0.881582 0)
(-0.684988 0.812702 0)
(-0.815939 0.713677 0)
(-0.934658 0.584564 0)
(-1.03597 0.436684 0)
(-1.1225 0.267975 0)
(-1.18761 0.0793682 0)
(-1.22826 -0.124737 0)
(-1.23897 -0.347968 0)
(-1.20248 -0.572619 0)
(-1.12394 -0.795986 0)
(-0.965626 -0.976569 0)
(-0.773895 -1.08693 0)
(-0.497114 -1.06869 0)
(-0.276832 -0.880036 0)
(-0.0567974 -0.523999 0)
(9.63687e-266 0.00839739 0)
(-0.0129474 0.33175 0)
(-0.106519 0.752223 0)
(-0.262256 0.982087 0)
(-0.423855 1.05471 0)
(-0.588162 1.0423 0)
(-0.741489 0.959207 0)
(-0.880164 0.8472 0)
(-1.00877 0.702015 0)
(-1.12018 0.538591 0)
(-1.22225 0.352239 0)
(-1.30564 0.141621 0)
(-1.37141 -0.0892257 0)
(-1.40963 -0.352116 0)
(-1.40266 -0.624657 0)
(-1.34749 -0.916196 0)
(-1.19627 -1.16475 0)
(-0.987167 -1.34701 0)
(-0.65188 -1.35679 0)
(-0.353425 -1.13021 0)
(-0.0486732 -0.706509 0)
(0.0335896 -0.0568986 0)
(-0.0180104 0.383856 0)
(-0.126511 0.870499 0)
(-0.303879 1.1355 0)
(-0.480692 1.21292 0)
(-0.65391 1.19761 0)
(-0.813895 1.10239 0)
(-0.953798 0.980211 0)
(-1.08685 0.823313 0)
(-1.20153 0.65 0)
(-1.31506 0.453096 0)
(-1.41298 0.228942 0)
(-1.5059 -0.0203912 0)
(-1.5756 -0.315327 0)
(-1.61184 -0.634283 0)
(-1.59534 -0.999325 0)
(-1.47385 -1.33784 0)
(-1.26515 -1.62634 0)
(-0.862626 -1.70685 0)
(-0.482044 -1.47639 0)
(0.035489 -0.914671 0)
(1.69908e-231 -0.00839739 0)
(-0.0248018 0.47925 0)
(-0.148194 1.04129 0)
(-0.344532 1.34023 0)
(-0.532294 1.40602 0)
(-0.70815 1.37875 0)
(-0.868045 1.25957 0)
(-1.00127 1.12214 0)
(-1.13034 0.949838 0)
(-1.2391 0.767409 0)
(-1.35456 0.56352 0)
(-1.45822 0.331787 0)
(-1.571 0.0728525 0)
(-1.67019 -0.24786 0)
(-1.75426 -0.606291 0)
(-1.79445 -1.05642 0)
(-1.73393 -1.49929 0)
(-1.56886 -1.96085 0)
(-1.15428 -2.15291 0)
(-0.695991 -2.02575 0)
(-0.00312212 -1.21491 0)
(4.2755e-202 3.65878e-184 0)
(-0.0428958 0.549553 0)
(-0.198486 1.18409 0)
(-0.424723 1.51543 0)
(-0.624375 1.57081 0)
(-0.789561 1.53138 0)
(-0.936328 1.39176 0)
(-1.04226 1.24181 0)
(-1.14968 1.05945 0)
(-1.2312 0.874085 0)
(-1.33055 0.672207 0)
(-1.41907 0.445588 0)
(-1.53712 0.192904 0)
(-1.64874 -0.130899 0)
(-1.7825 -0.507712 0)
(-1.88063 -1.01546 0)
(-1.92872 -1.56198 0)
(-1.84613 -2.19597 0)
(-1.51354 -2.58685 0)
(-1.00362 -2.60944 0)
(-0.00546825 -1.63172 0)
(1.46351e-183 3.21066e-184 0)
(-0.0631396 0.728214 0)
(-0.247672 1.42746 0)
(-0.488535 1.77519 0)
(-0.682845 1.77206 0)
(-0.817836 1.69744 0)
(-0.931122 1.51263 0)
(-0.989382 1.33924 0)
(-1.05286 1.13898 0)
(-1.0843 0.9493 0)
(-1.14118 0.751676 0)
(-1.18688 0.536896 0)
(-1.27698 0.303024 0)
(-1.37005 -0.00652613 0)
(-1.51884 -0.37352 0)
(-1.66476 -0.916806 0)
(-1.82351 -1.53303 0)
(-1.90685 -2.38651 0)
(-1.77709 -3.00345 0)
(-1.44118 -3.55607 0)
(-0.410115 -2.2562 0)
(3.71423e-254 -3.65878e-184 0)
(-0.128551 0.845589 0)
(-0.382982 1.59604 0)
(-0.626225 1.94451 0)
(-0.7899 1.88979 0)
(-0.832588 1.77806 0)
(-0.865055 1.55774 0)
(-0.819461 1.36372 0)
(-0.796904 1.15259 0)
(-0.736037 0.962918 0)
(-0.717265 0.775876 0)
(-0.684607 0.58175 0)
(-0.718251 0.379726 0)
(-0.752772 0.111668 0)
(-0.895614 -0.206595 0)
(-1.04238 -0.706557 0)
(-1.3549 -1.31121 0)
(-1.59224 -2.22301 0)
(-2.00039 -3.05357 0)
(-1.87712 -3.90764 0)
(-1.92424 -3.13916 0)
(-2.28142e-264 -0.196209 0)
(-0.181176 1.26025 0)
(-0.460638 1.92912 0)
(-0.626582 2.20377 0)
(-0.684739 1.97855 0)
(-0.575809 1.78623 0)
(-0.472087 1.49932 0)
(-0.284672 1.27771 0)
(-0.140548 1.05578 0)
(0.0372677 0.871539 0)
(0.156734 0.701429 0)
(0.287679 0.536098 0)
(0.339608 0.374147 0)
(0.391674 0.164903 0)
(0.316396 -0.0775128 0)
(0.222333 -0.470506 0)
(-0.0963064 -0.968691 0)
(-0.444881 -1.77008 0)
(-1.09377 -2.67852 0)
(-1.50031 -3.71565 0)
(-1.88262 -4.01383 0)
(-0.784838 -2.13593 0)
(-0.397003 1.45238 0)
(-0.729356 2.01242 0)
(-0.564894 2.16234 0)
(-0.356934 1.8224 0)
(0.0952849 1.56675 0)
(0.433402 1.25953 0)
(0.843344 1.03478 0)
(1.14555 0.829308 0)
(1.46143 0.66765 0)
(1.6836 0.528105 0)
(1.90728 0.399937 0)
(2.02956 0.282572 0)
(2.15695 0.135453 0)
(2.13183 -0.0240972 0)
(2.11133 -0.292514 0)
(1.80418 -0.621466 0)
(1.48834 -1.22245 0)
(0.672411 -1.96152 0)
(-0.00264959 -3.11275 0)
(-0.896663 -3.784 0)
(-0.685734 -2.89193 0)
(-0.249893 2.44833 0)
(-0.0743259 2.09159 0)
(0.714824 1.88256 0)
(1.33362 1.31219 0)
(2.08825 1.01829 0)
(2.62736 0.747076 0)
(3.17069 0.574122 0)
(3.56008 0.435879 0)
(3.93055 0.335588 0)
(4.18863 0.256274 0)
(4.43523 0.18832 0)
(4.57696 0.128682 0)
(4.72224 0.0570589 0)
(4.72355 -0.0214219 0)
(4.73857 -0.15448 0)
(4.48792 -0.324216 0)
(4.2377 -0.665578 0)
(3.45298 -1.15053 0)
(2.62155 -2.20363 0)
(0.98098 -3.28587 0)
(-0.0420247 -3.79328 0)
(1.67243 1.67494 0)
(2.72936 0.98208 0)
(4.58778 0.753724 0)
(5.42702 0.42394 0)
(6.27374 0.280975 0)
(6.74474 0.168313 0)
(7.17076 0.109139 0)
(7.43291 0.068387 0)
(7.66743 0.0436471 0)
(7.81209 0.0266482 0)
(7.94813 0.0137085 0)
(8.01146 0.00292929 0)
(8.0822 -0.0110118 0)
(8.05246 -0.0260576 0)
(8.04414 -0.057845 0)
(7.8315 -0.0925327 0)
(7.65021 -0.188722 0)
(6.95927 -0.292757 0)
(6.25679 -0.637737 0)
(4.04978 -1.01645 0)
(2.02241 -1.84379 0)
)
;

boundaryField
{
    movingWall
    {
        type            fixedValue;
        value           uniform (10 0 0);
    }
    fixedWalls
    {
        type            noSlip;
    }
    frontAndBack
    {
        type            empty;
    }
}


// ************************************************************************* //
