/*--------------------------------*- C++ -*----------------------------------*\
| =========                 |                                                 |
| \\      /  F ield         | OpenFOAM: The Open Source CFD Toolbox           |
|  \\    /   O peration     | Version:  4.1                                   |
|   \\  /    A nd           | Web:      www.OpenFOAM.org                      |
|    \\/     M anipulation  |                                                 |
\*---------------------------------------------------------------------------*/
FoamFile
{
    version     2.0;
    format      ascii;
    class       volVectorField;
    location    "0.0336";
    object      U;
}
// * * * * * * * * * * * * * * * * * * * * * * * * * * * * * * * * * * * * * //

dimensions      [0 1 -1 0 0 0 0];

internalField   nonuniform List<vector> 
441
(
(0.00327925 -0.00458391 0)
(0.00816047 -0.00267432 0)
(-0.000668637 -2.22428e-165 0)
(0.00160643 -2.54714e-266 0)
(-0.00936669 -0.00642628 0)
(-0.00160643 -2.59229e-232 0)
(-1.08084e-202 -4.08077e-203 0)
(-1.02001e-203 -5.09697e-228 0)
(-1.38571e-212 -2.1185e-213 0)
(-0.00488307 7.41349e-266 0)
(-0.0580721 0.0195343 0)
(-0.0737834 0.0105368 0)
(-0.0845586 0.00513173 0)
(-0.0769855 0.000948555 0)
(-0.0669445 -0.000676528 0)
(-0.0491619 -0.00196299 0)
(-0.0330047 -0.00164143 0)
(-0.0165666 -0.00165394 0)
(-0.00455443 -6.48125e-05 0)
(0.000536114 0.000534945 0)
(0.00352367 0.0022256 0)
(0.00301254 -0.00664786 0)
(-0.00305948 0.00661496 0)
(-0.0278199 0.00759515 0)
(-0.0557577 0.0108543 0)
(-0.0955274 0.00890813 0)
(-0.130283 -0.00479442 0)
(-0.161307 -0.000573289 0)
(-0.189515 0.00111835 0)
(-0.213464 0.0100412 0)
(-0.237744 0.0513957 0)
(-0.254374 0.0476987 0)
(-0.249556 0.0162237 0)
(-0.240691 -0.00232803 0)
(-0.212712 -0.0191635 0)
(-0.18029 -0.0271741 0)
(-0.136789 -0.0330164 0)
(-0.0957288 -0.0307331 0)
(-0.0554223 -0.0279084 0)
(-0.02458 -0.016615 0)
(-0.00679417 -0.009348 0)
(0.00347975 0.00203721 0)
(0.00619234 -0.00511897 0)
(-0.00629952 0.027769 0)
(-0.0503175 0.0513038 0)
(-0.106268 0.0656672 0)
(-0.17118 0.0671054 0)
(-0.236419 0.0623026 0)
(-0.303075 0.0570949 0)
(-0.352963 0.0504022 0)
(-0.401121 0.0463273 0)
(-0.421091 0.0446851 0)
(-0.413616 0.0321535 0)
(-0.398824 -0.00213122 0)
(-0.37385 -0.0311149 0)
(-0.33023 -0.0593 0)
(-0.279 -0.0757497 0)
(-0.2142 -0.0867576 0)
(-0.152161 -0.0819488 0)
(-0.0906642 -0.0732257 0)
(-0.0432678 -0.0476667 0)
(-0.0127762 -0.0278825 0)
(0.00467154 -0.000591944 0)
(0.00589109 -0.0067243 0)
(-0.0128105 0.064683 0)
(-0.0811253 0.107676 0)
(-0.158126 0.133717 0)
(-0.245626 0.139364 0)
(-0.330207 0.129486 0)
(-0.409833 0.117212 0)
(-0.474883 0.0998339 0)
(-0.525907 0.0799187 0)
(-0.552775 0.0615855 0)
(-0.554084 0.0251762 0)
(-0.534201 -0.0245207 0)
(-0.499619 -0.0710341 0)
(-0.441523 -0.114993 0)
(-0.373388 -0.142999 0)
(-0.288043 -0.161128 0)
(-0.205908 -0.153741 0)
(-0.123236 -0.13827 0)
(-0.059755 -0.093746 0)
(-0.0166679 -0.058579 0)
(0.00657993 -0.00572301 0)
(6.0524e-165 0.00147277 0)
(-0.0183024 0.114384 0)
(-0.112733 0.195894 0)
(-0.20537 0.228966 0)
(-0.31276 0.238303 0)
(-0.413085 0.225018 0)
(-0.509233 0.200804 0)
(-0.586201 0.165676 0)
(-0.647401 0.123744 0)
(-0.679511 0.0734789 0)
(-0.684817 0.0139808 0)
(-0.664692 -0.0563569 0)
(-0.624056 -0.123086 0)
(-0.554863 -0.185762 0)
(-0.47164 -0.228196 0)
(-0.365044 -0.254891 0)
(-0.262129 -0.245361 0)
(-0.154239 -0.220271 0)
(-0.0741612 -0.152656 0)
(-0.0150755 -0.0949369 0)
(0.012955 -0.00981215 0)
(-4.98981e-266 0.00489812 0)
(-0.0730849 0.181631 0)
(-0.154075 0.293079 0)
(-0.262392 0.335416 0)
(-0.375975 0.347048 0)
(-0.489199 0.326983 0)
(-0.594425 0.290887 0)
(-0.68332 0.238257 0)
(-0.753374 0.173915 0)
(-0.796324 0.0983098 0)
(-0.812653 0.0105711 0)
(-0.797296 -0.0861756 0)
(-0.756642 -0.180646 0)
(-0.67948 -0.268749 0)
(-0.582917 -0.332341 0)
(-0.454039 -0.372669 0)
(-0.327403 -0.363536 0)
(-0.190014 -0.328962 0)
(-0.089613 -0.231175 0)
(-0.0108719 -0.14866 0)
(0.0158544 -0.00685262 0)
(-0.0195925 0.0776958 0)
(-0.100133 0.265189 0)
(-0.192322 0.385681 0)
(-0.309241 0.449308 0)
(-0.435503 0.46456 0)
(-0.560672 0.442327 0)
(-0.679381 0.394394 0)
(-0.781494 0.323949 0)
(-0.865474 0.236661 0)
(-0.922002 0.132597 0)
(-0.951574 0.015418 0)
(-0.94578 -0.112592 0)
(-0.909758 -0.239979 0)
(-0.828561 -0.360145 0)
(-0.720936 -0.452195 0)
(-0.567586 -0.511739 0)
(-0.414683 -0.507196 0)
(-0.23722 -0.459953 0)
(-0.116142 -0.328865 0)
(0.00145081 -0.201987 0)
(5.51006e-266 -0.0039636 0)
(-0.0140314 0.126903 0)
(-0.0934528 0.355428 0)
(-0.208498 0.502872 0)
(-0.341481 0.579441 0)
(-0.483224 0.598913 0)
(-0.623086 0.571316 0)
(-0.755823 0.512169 0)
(-0.873968 0.424389 0)
(-0.974545 0.314871 0)
(-1.04985 0.183969 0)
(-1.09853 0.0346919 0)
(-1.10909 -0.128936 0)
(-1.08484 -0.297459 0)
(-1.00577 -0.459413 0)
(-0.89059 -0.592613 0)
(-0.713371 -0.682253 0)
(-0.528766 -0.692232 0)
(-0.306267 -0.632834 0)
(-0.150856 -0.465588 0)
(-0.00168748 -0.273462 0)
(2.04212e-24 -1.47171e-24 0)
(-0.0121796 0.182143 0)
(-0.0966094 0.457964 0)
(-0.227267 0.632446 0)
(-0.374349 0.72249 0)
(-0.531731 0.745224 0)
(-0.686234 0.71369 0)
(-0.834699 0.644712 0)
(-0.97039 0.541846 0)
(-1.09065 0.412497 0)
(-1.18851 0.256129 0)
(-1.26104 0.075217 0)
(-1.29494 -0.126693 0)
(-1.29016 -0.342045 0)
(-1.22132 -0.555342 0)
(-1.10489 -0.742511 0)
(-0.905605 -0.87582 0)
(-0.686545 -0.910783 0)
(-0.406944 -0.841807 0)
(-0.20567 -0.626866 0)
(-0.00371882 -0.359002 0)
(8.41028e-77 -5.1053e-25 0)
(-0.0107354 0.236473 0)
(-0.0973392 0.572176 0)
(-0.240509 0.781575 0)
(-0.399909 0.884675 0)
(-0.571183 0.911526 0)
(-0.739596 0.874528 0)
(-0.902779 0.796849 0)
(-1.05639 0.680195 0)
(-1.19718 0.53332 0)
(-1.32049 0.353823 0)
(-1.42124 0.141377 0)
(-1.48539 -0.100903 0)
(-1.50877 -0.370698 0)
(-1.46051 -0.646994 0)
(-1.35214 -0.907692 0)
(-1.13749 -1.10546 0)
(-0.883045 -1.18936 0)
(-0.537866 -1.12208 0)
(-0.27535 -0.863957 0)
(-0.00510492 -0.491915 0)
(2.35073e-164 -2.10257e-77 0)
(-0.0114566 0.287174 0)
(-0.104428 0.686088 0)
(-0.26081 0.933036 0)
(-0.432123 1.05118 0)
(-0.615221 1.08356 0)
(-0.795099 1.0436 0)
(-0.969709 0.960728 0)
(-1.1384 0.835079 0)
(-1.29688 0.676372 0)
(-1.44466 0.479517 0)
(-1.57387 0.240639 0)
(-1.67269 -0.0395493 0)
(-1.73119 -0.365337 0)
(-1.71572 -0.712787 0)
(-1.62904 -1.06265 0)
(-1.41361 -1.3478 0)
(-1.13289 -1.50574 0)
(-0.722723 -1.4557 0)
(-0.388446 -1.14936 0)
(-0.0644257 -0.644791 0)
(1.49896e-265 0.01132 0)
(-0.0131187 0.353453 0)
(-0.111042 0.823725 0)
(-0.277825 1.11096 0)
(-0.45717 1.23997 0)
(-0.646872 1.27588 0)
(-0.832673 1.22918 0)
(-1.01205 1.14098 0)
(-1.18913 1.00706 0)
(-1.358 0.839788 0)
(-1.52384 0.630117 0)
(-1.67632 0.369234 0)
(-1.80803 0.0552251 0)
(-1.90455 -0.327738 0)
(-1.93167 -0.751541 0)
(-1.88272 -1.20956 0)
(-1.68775 -1.60759 0)
(-1.39742 -1.87967 0)
(-0.925473 -1.87863 0)
(-0.493997 -1.51736 0)
(-0.0650143 -0.897281 0)
(0.0452798 -0.0611269 0)
(-0.0177912 0.407081 0)
(-0.126936 0.947895 0)
(-0.309375 1.27635 0)
(-0.496779 1.41701 0)
(-0.687195 1.45732 0)
(-0.870996 1.40626 0)
(-1.04264 1.31623 0)
(-1.21528 1.17945 0)
(-1.37872 1.01068 0)
(-1.54809 0.797105 0)
(-1.70846 0.525137 0)
(-1.86349 0.188693 0)
(-1.99179 -0.239913 0)
(-2.06888 -0.734386 0)
(-2.0733 -1.30249 0)
(-1.92996 -1.83505 0)
(-1.66785 -2.26245 0)
(-1.1465 -2.36658 0)
(-0.643007 -2.00308 0)
(0.0337192 -1.18973 0)
(2.12157e-231 -0.01132 0)
(-0.023938 0.501073 0)
(-0.14275 1.11841 0)
(-0.33569 1.48464 0)
(-0.523436 1.61889 0)
(-0.703727 1.65317 0)
(-0.872886 1.58488 0)
(-1.02147 1.48703 0)
(-1.17201 1.34294 0)
(-1.30956 1.17297 0)
(-1.45971 0.95936 0)
(-1.60425 0.683854 0)
(-1.7599 0.337797 0)
(-1.90348 -0.123536 0)
(-2.02474 -0.671374 0)
(-2.09618 -1.34921 0)
(-2.04355 -2.01798 0)
(-1.87081 -2.66403 0)
(-1.39269 -2.92047 0)
(-0.85329 -2.69335 0)
(-0.00397674 -1.57332 0)
(5.34048e-202 4.33803e-184 0)
(-0.0413089 0.566558 0)
(-0.186212 1.25353 0)
(-0.398686 1.65298 0)
(-0.584651 1.77938 0)
(-0.737094 1.8049 0)
(-0.872823 1.72033 0)
(-0.97044 1.61476 0)
(-1.0724 1.46589 0)
(-1.15214 1.29834 0)
(-1.25295 1.09185 0)
(-1.34716 0.825796 0)
(-1.47486 0.489474 0)
(-1.60242 0.0269654 0)
(-1.7581 -0.538749 0)
(-1.88927 -1.27731 0)
(-1.97527 -2.05837 0)
(-1.94077 -2.89971 0)
(-1.62807 -3.39341 0)
(-1.12042 -3.37073 0)
(-0.00942081 -2.07056 0)
(1.73521e-183 1.68676e-184 0)
(-0.0608005 0.736287 0)
(-0.22858 1.48006 0)
(-0.444799 1.89223 0)
(-0.610274 1.95851 0)
(-0.71301 1.94819 0)
(-0.791827 1.81867 0)
(-0.8143 1.69052 0)
(-0.840984 1.52501 0)
(-0.835144 1.35479 0)
(-0.85495 1.15504 0)
(-0.865623 0.904828 0)
(-0.92608 0.594342 0)
(-1.00021 0.156876 0)
(-1.14748 -0.382206 0)
(-1.31897 -1.1363 0)
(-1.5356 -1.96392 0)
(-1.71611 -3.01793 0)
(-1.69835 -3.74892 0)
(-1.47018 -4.33177 0)
(-0.44863 -2.73879 0)
(4.25434e-254 -4.33803e-184 0)
(-0.12614 0.841512 0)
(-0.361159 1.62425 0)
(-0.572188 2.02904 0)
(-0.694807 2.03763 0)
(-0.68813 1.98534 0)
(-0.665167 1.81645 0)
(-0.558645 1.66457 0)
(-0.470766 1.48545 0)
(-0.340405 1.31343 0)
(-0.250394 1.12417 0)
(-0.147176 0.898325 0)
(-0.118212 0.629056 0)
(-0.104043 0.250984 0)
(-0.225744 -0.211503 0)
(-0.385356 -0.881925 0)
(-0.765258 -1.65044 0)
(-1.11896 -2.71198 0)
(-1.71825 -3.63919 0)
(-1.77519 -4.53662 0)
(-2.03572 -3.61584 0)
(-2.46979e-264 -0.20906 0)
(-0.180075 1.24451 0)
(-0.444583 1.93027 0)
(-0.579383 2.24789 0)
(-0.593368 2.0747 0)
(-0.427402 1.93237 0)
(-0.256945 1.68902 0)
(0.00651912 1.50283 0)
(0.233896 1.30704 0)
(0.501616 1.13648 0)
(0.713676 0.963376 0)
(0.936089 0.771574 0)
(1.06916 0.555455 0)
(1.18404 0.260244 0)
(1.13956 -0.092056 0)
(1.03762 -0.607593 0)
(0.659101 -1.21354 0)
(0.200411 -2.09399 0)
(-0.626862 -3.04887 0)
(-1.24483 -4.1004 0)
(-1.86783 -4.37582 0)
(-0.83624 -2.26699 0)
(-0.398737 1.4315 0)
(-0.729628 1.99478 0)
(-0.547766 2.17189 0)
(-0.306373 1.86903 0)
(0.196199 1.65023 0)
(0.598079 1.37519 0)
(1.08478 1.17616 0)
(1.47343 0.988769 0)
(1.88402 0.835665 0)
(2.20383 0.69251 0)
(2.52313 0.544636 0)
(2.72857 0.389084 0)
(2.91796 0.183163 0)
(2.91954 -0.0498591 0)
(2.88587 -0.397754 0)
(2.51731 -0.790141 0)
(2.10456 -1.42421 0)
(1.1499 -2.16125 0)
(0.314167 -3.29575 0)
(-0.766704 -3.94885 0)
(-0.69393 -2.95112 0)
(-0.253382 2.43468 0)
(-0.0895625 2.07397 0)
(0.697487 1.8755 0)
(1.33012 1.32367 0)
(2.11668 1.0492 0)
(2.70327 0.794825 0)
(3.30829 0.634678 0)
(3.76956 0.504582 0)
(4.21937 0.4071 0)
(4.55874 0.324166 0)
(4.88282 0.244909 0)
(5.08939 0.165316 0)
(5.27797 0.0651344 0)
(5.29069 -0.0477357 0)
(5.27982 -0.215214 0)
(4.96459 -0.410035 0)
(4.62362 -0.755709 0)
(3.73534 -1.22447 0)
(2.80525 -2.24782 0)
(1.06473 -3.32218 0)
(-0.0423046 -3.80165 0)
(1.66999 1.67228 0)
(2.71607 0.978187 0)
(4.56483 0.750824 0)
(5.40366 0.423737 0)
(6.2614 0.283747 0)
(6.75386 0.173477 0)
(7.20998 0.115841 0)
(7.50789 0.0757027 0)
(7.78132 0.0505832 0)
(7.96435 0.0321795 0)
(8.13454 0.0166355 0)
(8.22272 0.00222051 0)
(8.30457 -0.0164124 0)
(8.26698 -0.0359909 0)
(8.23147 -0.0715741 0)
(7.97275 -0.106695 0)
(7.73897 -0.199436 0)
(6.99932 -0.295719 0)
(6.26871 -0.63089 0)
(4.05017 -1.00356 0)
(2.01204 -1.82596 0)
)
;

boundaryField
{
    movingWall
    {
        type            fixedValue;
        value           uniform (10 0 0);
    }
    fixedWalls
    {
        type            noSlip;
    }
    frontAndBack
    {
        type            empty;
    }
}


// ************************************************************************* //
