/*--------------------------------*- C++ -*----------------------------------*\
| =========                 |                                                 |
| \\      /  F ield         | OpenFOAM: The Open Source CFD Toolbox           |
|  \\    /   O peration     | Version:  4.1                                   |
|   \\  /    A nd           | Web:      www.OpenFOAM.org                      |
|    \\/     M anipulation  |                                                 |
\*---------------------------------------------------------------------------*/
FoamFile
{
    version     2.0;
    format      ascii;
    class       volVectorField;
    location    "0.0802";
    object      U;
}
// * * * * * * * * * * * * * * * * * * * * * * * * * * * * * * * * * * * * * //

dimensions      [0 1 -1 0 0 0 0];

internalField   nonuniform List<vector> 
441
(
(0.00367391 -0.0047834 0)
(0.00958343 -0.00253958 0)
(-0.000634895 -2.20156e-165 0)
(0.0019312 -3.26185e-266 0)
(-0.00838655 -0.00772523 0)
(-0.0019312 -3.01383e-232 0)
(-1.13185e-202 -5.4931e-203 0)
(-1.37318e-203 -7.20161e-228 0)
(-1.69576e-212 -3.14014e-213 0)
(-0.00605411 8.98737e-266 0)
(-0.0741487 0.0242178 0)
(-0.0932573 0.0126883 0)
(-0.105188 0.00582872 0)
(-0.0927481 0.00042303 0)
(-0.0765581 -0.00160252 0)
(-0.0512723 -0.00297016 0)
(-0.0294233 -0.00214213 0)
(-0.00983027 -0.00161868 0)
(0.0021916 0.000680713 0)
(0.00419113 0.00143677 0)
(0.00449846 0.00294138 0)
(0.00375523 -0.00828741 0)
(-0.00106816 0.00678073 0)
(-0.0273225 0.00838127 0)
(-0.0588204 0.0106747 0)
(-0.105775 0.0107179 0)
(-0.150051 -0.00331945 0)
(-0.191726 -0.000172283 0)
(-0.231804 0.00162927 0)
(-0.267403 0.013033 0)
(-0.303321 0.0660066 0)
(-0.327834 0.0608349 0)
(-0.32233 0.0187689 0)
(-0.307879 -0.00692797 0)
(-0.266458 -0.0298316 0)
(-0.217701 -0.0400493 0)
(-0.156008 -0.0454748 0)
(-0.100088 -0.039121 0)
(-0.0501032 -0.0312718 0)
(-0.0161542 -0.0141845 0)
(-0.001541 -0.00447079 0)
(0.00485321 0.00597348 0)
(0.0074727 -0.00798017 0)
(-0.00522457 0.0281507 0)
(-0.0537558 0.056364 0)
(-0.119484 0.0759292 0)
(-0.199757 0.0823405 0)
(-0.282834 0.0818429 0)
(-0.372102 0.0788972 0)
(-0.444722 0.0732142 0)
(-0.516097 0.0687767 0)
(-0.551107 0.0649746 0)
(-0.547284 0.0441556 0)
(-0.529639 -0.00602478 0)
(-0.493534 -0.0493574 0)
(-0.429533 -0.0895563 0)
(-0.353072 -0.111081 0)
(-0.260276 -0.120871 0)
(-0.174027 -0.106858 0)
(-0.0948174 -0.0860745 0)
(-0.0388254 -0.0467755 0)
(-0.00847634 -0.020017 0)
(0.00627749 0.00664808 0)
(0.00629629 -0.0108559 0)
(-0.0159974 0.0697632 0)
(-0.0958332 0.122611 0)
(-0.189983 0.159093 0)
(-0.300906 0.174434 0)
(-0.412572 0.171778 0)
(-0.522606 0.163433 0)
(-0.617921 0.146533 0)
(-0.696416 0.121872 0)
(-0.742804 0.0944889 0)
(-0.752313 0.0390985 0)
(-0.729271 -0.03612 0)
(-0.680488 -0.1072 0)
(-0.596061 -0.171487 0)
(-0.494521 -0.209149 0)
(-0.371052 -0.22607 0)
(-0.254277 -0.204021 0)
(-0.143861 -0.168166 0)
(-0.0640431 -0.0996423 0)
(-0.015888 -0.050967 0)
(0.0079366 0.00416045 0)
(6.84373e-165 0.00157407 0)
(-0.0242282 0.129825 0)
(-0.13912 0.229556 0)
(-0.256757 0.279543 0)
(-0.396695 0.303812 0)
(-0.532773 0.301679 0)
(-0.668253 0.282911 0)
(-0.783149 0.245907 0)
(-0.878663 0.192916 0)
(-0.935326 0.121584 0)
(-0.952709 0.0310348 0)
(-0.930973 -0.077591 0)
(-0.874551 -0.1818 0)
(-0.774292 -0.275887 0)
(-0.649774 -0.335003 0)
(-0.493996 -0.362032 0)
(-0.344256 -0.332551 0)
(-0.195826 -0.277457 0)
(-0.0895469 -0.173022 0)
(-0.0181748 -0.0928873 0)
(0.014546 -0.000513262 0)
(-5.54832e-266 0.0057284 0)
(-0.0886238 0.213644 0)
(-0.194369 0.353127 0)
(-0.335609 0.41852 0)
(-0.488796 0.450307 0)
(-0.645832 0.444413 0)
(-0.797591 0.41444 0)
(-0.931671 0.357199 0)
(-1.04245 0.274943 0)
(-1.11644 0.167742 0)
(-1.15106 0.0350467 0)
(-1.13767 -0.11532 0)
(-1.08219 -0.263636 0)
(-0.970936 -0.397923 0)
(-0.826375 -0.489005 0)
(-0.637031 -0.534117 0)
(-0.450236 -0.501139 0)
(-0.257195 -0.426072 0)
(-0.118943 -0.27529 0)
(-0.020245 -0.158312 0)
(0.0161338 0.00186877 0)
(-0.0229136 0.0934162 0)
(-0.123543 0.320608 0)
(-0.245369 0.476903 0)
(-0.400797 0.572111 0)
(-0.572931 0.613187 0)
(-0.748398 0.608975 0)
(-0.920461 0.5679 0)
(-1.07459 0.489805 0)
(-1.2064 0.377432 0)
(-1.30097 0.229935 0)
(-1.35561 0.052747 0)
(-1.35704 -0.14679 0)
(-1.30923 -0.347528 0)
(-1.19334 -0.532673 0)
(-1.03316 -0.66745 0)
(-0.809171 -0.740107 0)
(-0.582647 -0.710106 0)
(-0.331684 -0.611257 0)
(-0.158736 -0.406691 0)
(-0.00720158 -0.229836 0)
(5.95442e-266 -0.00403345 0)
(-0.0169031 0.154641 0)
(-0.118301 0.437263 0)
(-0.268256 0.630922 0)
(-0.444171 0.746854 0)
(-0.636199 0.798115 0)
(-0.830846 0.792217 0)
(-1.02151 0.74093 0)
(-1.19681 0.642998 0)
(-1.35088 0.501735 0)
(-1.47064 0.31637 0)
(-1.55131 0.0915423 0)
(-1.57546 -0.1628 0)
(-1.54477 -0.426814 0)
(-1.43366 -0.676261 0)
(-1.2654 -0.872502 0)
(-1.01107 -0.988867 0)
(-0.742252 -0.976992 0)
(-0.428142 -0.856412 0)
(-0.206238 -0.595127 0)
(-0.00360804 -0.326635 0)
(2.58525e-24 -1.07901e-24 0)
(-0.015018 0.224979 0)
(-0.121942 0.57008 0)
(-0.288609 0.801123 0)
(-0.479443 0.938159 0)
(-0.687879 0.998499 0)
(-0.897953 0.992626 0)
(-1.10546 0.932905 0)
(-1.29998 0.817983 0)
(-1.47633 0.650989 0)
(-1.62232 0.429695 0)
(-1.7318 0.158145 0)
(-1.78522 -0.153898 0)
(-1.78072 -0.487889 0)
(-1.6863 -0.81339 0)
(-1.52212 -1.08785 0)
(-1.24695 -1.26656 0)
(-0.940294 -1.28938 0)
(-0.557455 -1.15271 0)
(-0.276781 -0.823423 0)
(-0.00495169 -0.444066 0)
(1.0528e-76 -6.46312e-25 0)
(-0.0130583 0.292169 0)
(-0.119599 0.712565 0)
(-0.295698 0.989129 0)
(-0.495247 1.14668 0)
(-0.713602 1.21701 0)
(-0.933424 1.20971 0)
(-1.15144 1.14316 0)
(-1.36012 1.01341 0)
(-1.5541 0.82424 0)
(-1.72418 0.571101 0)
(-1.86265 0.25476 0)
(-1.9498 -0.115089 0)
(-1.98016 -0.525056 0)
(-1.91608 -0.937535 0)
(-1.772 -1.311 0)
(-1.4928 -1.57677 0)
(-1.1587 -1.66497 0)
(-0.70912 -1.53043 0)
(-0.360752 -1.14195 0)
(-0.00708804 -0.618905 0)
(2.92824e-164 -2.63201e-77 0)
(-0.0130828 0.354171 0)
(-0.120615 0.850953 0)
(-0.302047 1.17443 0)
(-0.504689 1.35376 0)
(-0.725092 1.43493 0)
(-0.946002 1.42839 0)
(-1.16453 1.35845 0)
(-1.37739 1.21913 0)
(-1.5788 1.01461 0)
(-1.76484 0.737372 0)
(-1.92621 0.384364 0)
(-2.04696 -0.0368062 0)
(-2.11726 -0.519573 0)
(-2.09775 -1.0225 0)
(-1.99386 -1.50771 0)
(-1.73689 -1.88374 0)
(-1.39936 -2.06809 0)
(-0.901215 -1.9591 0)
(-0.485583 -1.51367 0)
(-0.0804223 -0.818172 0)
(1.78259e-265 0.0132678 0)
(-0.0136182 0.426758 0)
(-0.117518 1.0037 0)
(-0.296684 1.37468 0)
(-0.493159 1.5704 0)
(-0.704368 1.65945 0)
(-0.914288 1.64908 0)
(-1.11953 1.57516 0)
(-1.3223 1.42721 0)
(-1.51604 1.21186 0)
(-1.70401 0.917795 0)
(-1.8761 0.536969 0)
(-2.02319 0.0749601 0)
(-2.13282 -0.473648 0)
(-2.16755 -1.06315 0)
(-2.12342 -1.67065 0)
(-1.91906 -2.17789 0)
(-1.60776 -2.49942 0)
(-1.08062 -2.45869 0)
(-0.584429 -1.95685 0)
(-0.0757832 -1.12437 0)
(0.0530712 -0.0761513 0)
(-0.0168863 0.480921 0)
(-0.121045 1.13107 0)
(-0.299396 1.54716 0)
(-0.485216 1.75813 0)
(-0.676111 1.85424 0)
(-0.861434 1.84097 0)
(-1.0348 1.76552 0)
(-1.20848 1.61411 0)
(-1.37255 1.39608 0)
(-1.54217 1.09695 0)
(-1.70426 0.70432 0)
(-1.86346 0.220392 0)
(-2.00232 -0.372512 0)
(-2.09607 -1.03105 0)
(-2.12719 -1.75073 0)
(-2.00971 -2.40113 0)
(-1.7728 -2.89983 0)
(-1.24256 -2.99138 0)
(-0.714268 -2.51207 0)
(0.0426154 -1.46288 0)
(2.45099e-231 -0.0132678 0)
(-0.0214149 0.567654 0)
(-0.122951 1.28927 0)
(-0.293211 1.74274 0)
(-0.457984 1.94824 0)
(-0.614662 2.03887 0)
(-0.759575 2.00818 0)
(-0.882768 1.92425 0)
(-1.0072 1.76512 0)
(-1.11927 1.5464 0)
(-1.24652 1.2496 0)
(-1.3739 0.858282 0)
(-1.52133 0.373131 0)
(-1.67054 -0.241018 0)
(-1.81407 -0.938645 0)
(-1.92879 -1.75591 0)
(-1.93465 -2.53642 0)
(-1.83172 -3.26498 0)
(-1.40503 -3.53544 0)
(-0.892506 -3.23554 0)
(-0.00305674 -1.87639 0)
(5.81055e-202 4.57976e-184 0)
(-0.0373674 0.618374 0)
(-0.153806 1.39681 0)
(-0.326014 1.87848 0)
(-0.468236 2.07418 0)
(-0.573359 2.1544 0)
(-0.65981 2.10581 0)
(-0.706263 2.01308 0)
(-0.757384 1.84957 0)
(-0.788859 1.63609 0)
(-0.847786 1.35249 0)
(-0.910083 0.98063 0)
(-1.02041 0.519735 0)
(-1.14921 -0.0763898 0)
(-1.32924 -0.768628 0)
(-1.51169 -1.62199 0)
(-1.6759 -2.49476 0)
(-1.74298 -3.41284 0)
(-1.5328 -3.93913 0)
(-1.10958 -3.89048 0)
(-0.0113995 -2.38573 0)
(1.8319e-183 -1.24201e-184 0)
(-0.0560224 0.767001 0)
(-0.188073 1.58224 0)
(-0.351463 2.06673 0)
(-0.457347 2.19705 0)
(-0.494227 2.23774 0)
(-0.50438 2.14193 0)
(-0.456379 2.02624 0)
(-0.414719 1.84867 0)
(-0.345734 1.63879 0)
(-0.312666 1.37237 0)
(-0.28442 1.03103 0)
(-0.324547 0.614789 0)
(-0.399316 0.0662884 0)
(-0.571798 -0.572617 0)
(-0.794745 -1.41228 0)
(-1.09371 -2.30149 0)
(-1.38524 -3.4127 0)
(-1.50231 -4.17549 0)
(-1.39959 -4.77381 0)
(-0.465446 -3.0332 0)
(4.39863e-254 -4.57976e-184 0)
(-0.121833 0.848716 0)
(-0.321683 1.67919 0)
(-0.476974 2.14279 0)
(-0.534278 2.20734 0)
(-0.453371 2.20083 0)
(-0.352722 2.06311 0)
(-0.166503 1.9245 0)
(-0.00240351 1.73804 0)
(0.197339 1.53575 0)
(0.343723 1.29376 0)
(0.486779 0.994894 0)
(0.534037 0.640744 0)
(0.544764 0.174667 0)
(0.395058 -0.363741 0)
(0.187118 -1.09204 0)
(-0.269516 -1.8932 0)
(-0.72031 -2.9781 0)
(-1.46036 -3.92362 0)
(-1.64904 -4.83667 0)
(-2.07239 -3.86163 0)
(-2.58771e-264 -0.215773 0)
(-0.178179 1.2322 0)
(-0.418567 1.94177 0)
(-0.508095 2.30177 0)
(-0.464686 2.17367 0)
(-0.229772 2.07001 0)
(0.0147986 1.85461 0)
(0.355892 1.6825 0)
(0.658192 1.48492 0)
(0.994544 1.29484 0)
(1.26222 1.08483 0)
(1.52318 0.840311 0)
(1.67256 0.561906 0)
(1.78104 0.201978 0)
(1.70668 -0.205454 0)
(1.55728 -0.758609 0)
(1.11342 -1.37778 0)
(0.578205 -2.25342 0)
(-0.351862 -3.20285 0)
(-1.08397 -4.25213 0)
(-1.84224 -4.53217 0)
(-0.863092 -2.31559 0)
(-0.400491 1.41126 0)
(-0.726486 1.98045 0)
(-0.521792 2.18314 0)
(-0.243454 1.91203 0)
(0.310392 1.72226 0)
(0.772056 1.46939 0)
(1.32528 1.28304 0)
(1.78088 1.09732 0)
(2.25487 0.933698 0)
(2.62751 0.768132 0)
(2.98442 0.58705 0)
(3.20636 0.39166 0)
(3.39003 0.144036 0)
(3.36239 -0.124372 0)
(3.28284 -0.495281 0)
(2.85473 -0.892297 0)
(2.38143 -1.51382 0)
(1.35906 -2.23204 0)
(0.455027 -3.35178 0)
(-0.708153 -4.00449 0)
(-0.701017 -2.96384 0)
(-0.257146 2.42111 0)
(-0.103925 2.05772 0)
(0.682699 1.86913 0)
(1.32875 1.33331 0)
(2.14383 1.07454 0)
(2.77019 0.83257 0)
(3.42395 0.679661 0)
(3.93714 0.550994 0)
(4.43777 0.448676 0)
(4.82033 0.355013 0)
(5.17528 0.259981 0)
(5.39504 0.16172 0)
(5.57761 0.0426999 0)
(5.56425 -0.0854223 0)
(5.51281 -0.260975 0)
(5.14743 -0.454905 0)
(4.75846 -0.789309 0)
(3.82763 -1.24425 0)
(2.8649 -2.25343 0)
(1.09165 -3.3301 0)
(-0.0461376 -3.79899 0)
(1.66731 1.66962 0)
(2.7031 0.974667 0)
(4.54327 0.748345 0)
(5.38175 0.42372 0)
(6.24884 0.286276 0)
(6.75882 0.17791 0)
(7.23846 0.121161 0)
(7.56214 0.0808569 0)
(7.86051 0.0544811 0)
(8.06353 0.0339726 0)
(8.24616 0.0156759 0)
(8.33618 -0.00154908 0)
(8.40937 -0.0226387 0)
(8.35241 -0.0434498 0)
(8.29199 -0.0787957 0)
(8.0055 -0.111783 0)
(7.75007 -0.200951 0)
(6.99622 -0.293469 0)
(6.26266 -0.625324 0)
(4.04597 -0.997478 0)
(2.00542 -1.81811 0)
)
;

boundaryField
{
    movingWall
    {
        type            fixedValue;
        value           uniform (10 0 0);
    }
    fixedWalls
    {
        type            noSlip;
    }
    frontAndBack
    {
        type            empty;
    }
}


// ************************************************************************* //
