/*--------------------------------*- C++ -*----------------------------------*\
| =========                 |                                                 |
| \\      /  F ield         | OpenFOAM: The Open Source CFD Toolbox           |
|  \\    /   O peration     | Version:  4.1                                   |
|   \\  /    A nd           | Web:      www.OpenFOAM.org                      |
|    \\/     M anipulation  |                                                 |
\*---------------------------------------------------------------------------*/
FoamFile
{
    version     2.0;
    format      ascii;
    class       volVectorField;
    location    "0.0873";
    object      U;
}
// * * * * * * * * * * * * * * * * * * * * * * * * * * * * * * * * * * * * * //

dimensions      [0 1 -1 0 0 0 0];

internalField   nonuniform List<vector> 
441
(
(0.00373583 -0.00482981 0)
(0.00976929 -0.00253971 0)
(-0.000634928 -2.20963e-165 0)
(0.00196655 -3.33414e-266 0)
(-0.00837214 -0.00786658 0)
(-0.00196655 -3.06102e-232 0)
(-1.14264e-202 -5.61818e-203 0)
(-1.40447e-203 -7.37329e-228 0)
(-1.72488e-212 -3.21814e-213 0)
(-0.00615932 9.13584e-266 0)
(-0.0755043 0.0246383 0)
(-0.0948402 0.0128808 0)
(-0.106792 0.00588979 0)
(-0.0938983 0.000386072 0)
(-0.0771852 -0.0016681 0)
(-0.0513135 -0.0030346 0)
(-0.0290468 -0.00216703 0)
(-0.00924197 -0.00160042 0)
(0.00274542 0.000748293 0)
(0.00449464 0.00151571 0)
(0.0045687 0.00300108 0)
(0.003848 -0.00849017 0)
(-0.000905835 0.00683786 0)
(-0.0274721 0.00851009 0)
(-0.0594829 0.0107375 0)
(-0.107296 0.0109141 0)
(-0.152551 -0.00323773 0)
(-0.195214 -0.000150306 0)
(-0.2363 0.00167202 0)
(-0.272785 0.0132837 0)
(-0.309512 0.0672271 0)
(-0.33443 0.0618448 0)
(-0.328578 0.0188347 0)
(-0.313402 -0.00744429 0)
(-0.270704 -0.0307838 0)
(-0.220535 -0.0411096 0)
(-0.157388 -0.0464313 0)
(-0.100335 -0.0397322 0)
(-0.0496411 -0.0314755 0)
(-0.0154916 -0.0139623 0)
(-0.00112174 -0.00406234 0)
(0.00494905 0.00628869 0)
(0.00762937 -0.00827773 0)
(-0.00519133 0.0283929 0)
(-0.0544524 0.0571825 0)
(-0.121419 0.0772515 0)
(-0.203401 0.084017 0)
(-0.288306 0.0837427 0)
(-0.379659 0.0808285 0)
(-0.454141 0.0750503 0)
(-0.527225 0.0704033 0)
(-0.563066 0.066266 0)
(-0.559013 0.0446429 0)
(-0.540632 -0.0068802 0)
(-0.503189 -0.051293 0)
(-0.437278 -0.0922745 0)
(-0.358682 -0.114006 0)
(-0.263703 -0.123521 0)
(-0.175642 -0.108718 0)
(-0.0951438 -0.0869684 0)
(-0.0385354 -0.0466611 0)
(-0.00816851 -0.0193747 0)
(0.00637926 0.0072154 0)
(0.00637569 -0.011264 0)
(-0.0163801 0.0706989 0)
(-0.0977142 0.124693 0)
(-0.193844 0.162148 0)
(-0.307229 0.178168 0)
(-0.421496 0.175814 0)
(-0.53417 0.167438 0)
(-0.631829 0.150166 0)
(-0.712152 0.124716 0)
(-0.759492 0.096274 0)
(-0.768894 0.0391353 0)
(-0.744881 -0.0381418 0)
(-0.694387 -0.110976 0)
(-0.60756 -0.1765 0)
(-0.503315 -0.214537 0)
(-0.377015 -0.231039 0)
(-0.257774 -0.207735 0)
(-0.145424 -0.170287 0)
(-0.064455 -0.100048 0)
(-0.0158733 -0.0503743 0)
(0.00801098 0.00488721 0)
(6.95311e-165 0.00159392 0)
(-0.0248778 0.132022 0)
(-0.142163 0.233843 0)
(-0.262453 0.285279 0)
(-0.405595 0.310525 0)
(-0.544877 0.308782 0)
(-0.683546 0.289792 0)
(-0.801139 0.251889 0)
(-0.898708 0.197298 0)
(-0.956378 0.123733 0)
(-0.973653 0.0304417 0)
(-0.950846 -0.0811225 0)
(-0.892483 -0.187846 0)
(-0.789505 -0.283717 0)
(-0.661843 -0.343465 0)
(-0.502666 -0.369993 0)
(-0.349822 -0.338808 0)
(-0.198755 -0.281447 0)
(-0.090735 -0.174477 0)
(-0.0184484 -0.0927391 0)
(0.0146229 0.000140143 0)
(-5.63538e-266 0.00583568 0)
(-0.0904603 0.217695 0)
(-0.198723 0.360206 0)
(-0.343205 0.427452 0)
(-0.499954 0.460431 0)
(-0.66061 0.45485 0)
(-0.815795 0.424334 0)
(-0.952767 0.365587 0)
(-1.06568 0.280865 0)
(-1.14078 0.17042 0)
(-1.17542 0.0339064 0)
(-1.16099 -0.120364 0)
(-1.10356 -0.272076 0)
(-0.989471 -0.40882 0)
(-0.841528 -0.500946 0)
(-0.648353 -0.545619 0)
(-0.457905 -0.510598 0)
(-0.261529 -0.432595 0)
(-0.12095 -0.278338 0)
(-0.0208891 -0.158998 0)
(0.0161364 0.00242006 0)
(-0.0233427 0.0953078 0)
(-0.126141 0.327108 0)
(-0.250768 0.486945 0)
(-0.409678 0.584615 0)
(-0.585612 0.627054 0)
(-0.764863 0.62309 0)
(-0.940469 0.581072 0)
(-1.09754 0.500787 0)
(-1.23152 0.385038 0)
(-1.32725 0.233216 0)
(-1.38203 0.0511487 0)
(-1.38257 -0.153306 0)
(-1.33296 -0.358367 0)
(-1.21434 -0.546745 0)
(-1.05078 -0.683129 0)
(-0.822749 -0.755586 0)
(-0.592186 -0.72335 0)
(-0.337215 -0.620941 0)
(-0.161357 -0.411818 0)
(-0.007753 -0.231713 0)
(5.97803e-266 -0.0040341 0)
(-0.0172341 0.157802 0)
(-0.120786 0.446291 0)
(-0.273874 0.644271 0)
(-0.453399 0.763063 0)
(-0.649258 0.815804 0)
(-0.847638 0.809971 0)
(-1.04171 0.757297 0)
(-1.21982 0.656493 0)
(-1.37595 0.510992 0)
(-1.49686 0.32035 0)
(-1.57778 0.0896601 0)
(-1.60126 -0.17054 0)
(-1.5691 -0.43979 0)
(-1.45561 -0.693296 0)
(-1.28433 -0.891865 0)
(-1.0261 -1.0085 0)
(-0.753185 -0.994507 0)
(-0.434571 -0.869912 0)
(-0.209304 -0.603139 0)
(-0.00372549 -0.329991 0)
(2.61506e-24 -1.06344e-24 0)
(-0.0153024 0.229621 0)
(-0.124244 0.581838 0)
(-0.29391 0.817871 0)
(-0.48812 0.958069 0)
(-0.700086 1.01989 0)
(-0.91352 1.01385 0)
(-1.12404 0.952267 0)
(-1.32098 0.833808 0)
(-1.49909 0.661792 0)
(-1.64607 0.434379 0)
(-1.75583 0.156141 0)
(-1.80881 -0.162553 0)
(-1.80329 -0.502561 0)
(-1.70712 -0.832887 0)
(-1.54062 -1.11045 0)
(-1.2622 -1.29008 0)
(-0.951894 -1.31122 0)
(-0.564581 -1.17034 0)
(-0.280322 -0.834799 0)
(-0.00501609 -0.449109 0)
(1.06343e-76 -6.53766e-25 0)
(-0.0132546 0.297902 0)
(-0.121388 0.726615 0)
(-0.299977 1.00883 0)
(-0.502312 1.16978 0)
(-0.723546 1.24157 0)
(-0.946038 1.23382 0)
(-1.16636 1.16495 0)
(-1.37682 1.03108 0)
(-1.57202 0.836241 0)
(-1.74273 0.576352 0)
(-1.88138 0.25274 0)
(-1.96828 -0.124278 0)
(-1.99812 -0.540784 0)
(-1.9331 -0.958646 0)
(-1.78777 -1.33591 0)
(-1.50645 -1.60335 0)
(-1.16974 -1.69062 0)
(-0.716315 -1.55208 0)
(-0.364591 -1.15699 0)
(-0.00722641 -0.625934 0)
(2.95545e-164 -2.65858e-77 0)
(-0.0131916 0.36076 0)
(-0.121701 0.866779 0)
(-0.304752 1.19642 0)
(-0.509233 1.37931 0)
(-0.731513 1.46185 0)
(-0.954083 1.45457 0)
(-1.17393 1.38189 0)
(-1.38767 1.23794 0)
(-1.58954 1.02727 0)
(-1.77568 0.742877 0)
(-1.93696 0.382307 0)
(-2.05755 -0.0462114 0)
(-2.12779 -0.535669 0)
(-2.10824 -1.04418 0)
(-2.00436 -1.53364 0)
(-1.74685 -1.91201 0)
(-1.40829 -2.09636 0)
(-0.907738 -1.98402 0)
(-0.489482 -1.53202 0)
(-0.0813238 -0.827195 0)
(1.79023e-265 0.0133377 0)
(-0.0136187 0.433677 0)
(-0.117687 1.02035 0)
(-0.297312 1.39783 0)
(-0.494387 1.59721 0)
(-0.706191 1.68754 0)
(-0.916524 1.67618 0)
(-1.1219 1.59916 0)
(-1.3245 1.44623 0)
(-1.51781 1.22444 0)
(-1.70525 0.923084 0)
(-1.87689 0.534731 0)
(-2.0238 0.0655816 0)
(-2.13373 -0.489433 0)
(-2.16923 -1.08428 0)
(-2.12635 -1.69603 0)
(-1.92316 -2.20603 0)
(-1.61274 -2.52844 0)
(-1.08505 -2.48547 0)
(-0.587439 -1.97748 0)
(-0.0761611 -1.13541 0)
(0.0533507 -0.0770631 0)
(-0.0167741 0.487673 0)
(-0.120202 1.14752 0)
(-0.297687 1.57021 0)
(-0.482693 1.78487 0)
(-0.672735 1.88217 0)
(-0.857105 1.86772 0)
(-1.02936 1.78893 0)
(-1.2018 1.63235 0)
(-1.3646 1.40782 0)
(-1.5331 1.10151 0)
(-1.69441 0.701678 0)
(-1.85338 0.211151 0)
(-1.9928 -0.387485 0)
(-2.08792 -1.05067 0)
(-2.1213 -1.77417 0)
(-2.00651 -2.42732 0)
(-1.77243 -2.9277 0)
(-1.24371 -3.01831 0)
(-0.715941 -2.53449 0)
(0.0432404 -1.47526 0)
(2.46476e-231 -0.0133377 0)
(-0.0211908 0.573632 0)
(-0.12109 1.30432 0)
(-0.289134 1.76422 0)
(-0.451648 1.97339 0)
(-0.606016 2.06517 0)
(-0.748653 2.03324 0)
(-0.869589 1.94593 0)
(-0.991903 1.78168 0)
(-1.10209 1.55664 0)
(-1.22788 1.25304 0)
(-1.35435 0.855093 0)
(-1.50162 0.364121 0)
(-1.65157 -0.254828 0)
(-1.79686 -0.956078 0)
(-1.91445 -1.77627 0)
(-1.92407 -2.55899 0)
(-1.82547 -3.28952 0)
(-1.40259 -3.56018 0)
(-0.892626 -3.25784 0)
(-0.00298347 -1.88928 0)
(5.82303e-202 4.58484e-184 0)
(-0.0370543 0.623069 0)
(-0.151092 1.40942 0)
(-0.319898 1.89709 0)
(-0.458568 2.09637 0)
(-0.560083 2.17777 0)
(-0.643132 2.12805 0)
(-0.686433 2.03214 0)
(-0.734856 1.86385 0)
(-0.76418 1.64452 0)
(-0.821656 1.35473 0)
(-0.88325 0.976974 0)
(-0.993701 0.511116 0)
(-1.1235 -0.0888206 0)
(-1.30549 -0.783584 0)
(-1.49095 -1.63873 0)
(-1.65927 -2.5128 0)
(-1.73137 -3.43247 0)
(-1.52646 -3.95964 0)
(-1.10768 -3.91042 0)
(-0.0114522 -2.3983 0)
(1.83393e-183 -1.38866e-184 0)
(-0.0556602 0.769995 0)
(-0.184834 1.59149 0)
(-0.344014 2.0813 0)
(-0.445411 2.21506 0)
(-0.477735 2.25706 0)
(-0.483701 2.16045 0)
(-0.431999 2.0421 0)
(-0.387407 1.8604 0)
(-0.316332 1.64546 0)
(-0.282138 1.3737 0)
(-0.253669 1.0273 0)
(-0.294447 0.606938 0)
(-0.370603 0.0554644 0)
(-0.545227 -0.585054 0)
(-0.771036 -1.4255 0)
(-1.07387 -2.3149 0)
(-1.37016 -3.42691 0)
(-1.49305 -4.19046 0)
(-1.39569 -4.7896 0)
(-0.465976 -3.04422 0)
(4.40072e-254 -4.58484e-184 0)
(-0.121502 0.849864 0)
(-0.318507 1.68472 0)
(-0.4694 2.15275 0)
(-0.521886 2.22051 0)
(-0.43601 2.21549 0)
(-0.330842 2.07748 0)
(-0.14072 1.93695 0)
(0.0263119 1.74732 0)
(0.227952 1.54099 0)
(0.375084 1.29469 0)
(0.517869 0.991701 0)
(0.56393 0.634191 0)
(0.57282 0.165783 0)
(0.420713 -0.373692 0)
(0.210075 -1.10207 0)
(-0.249936 -1.90263 0)
(-0.704534 -2.98716 0)
(-1.44996 -3.93292 0)
(-1.64362 -4.84663 0)
(-2.07339 -3.87027 0)
(-2.59232e-264 -0.216017 0)
(-0.178005 1.23174 0)
(-0.416277 1.94379 0)
(-0.502081 2.30715 0)
(-0.454322 2.18188 0)
(-0.214714 2.07984 0)
(0.0342201 1.86469 0)
(0.379133 1.69152 0)
(0.684297 1.49183 0)
(1.02246 1.29889 0)
(1.29076 1.0857 0)
(1.55125 0.838089 0)
(1.69917 0.557112 0)
(1.80553 0.195403 0)
(1.72859 -0.212799 0)
(1.5765 -0.765791 0)
(1.12977 -1.38407 0)
(0.591695 -2.25859 0)
(-0.342 -3.20748 0)
(-1.07804 -4.25672 0)
(-1.84113 -4.53731 0)
(-0.864069 -2.31705 0)
(-0.400579 1.40998 0)
(-0.725834 1.98014 0)
(-0.518946 2.18504 0)
(-0.237526 1.91612 0)
(0.32008 1.72783 0)
(0.785529 1.47553 0)
(1.3423 1.2888 0)
(1.80072 1.10191 0)
(2.27664 0.936543 0)
(2.6501 0.768939 0)
(3.00675 0.585815 0)
(3.2274 0.388696 0)
(3.40904 0.139864 0)
(3.37884 -0.12906 0)
(3.29665 -0.499801 0)
(2.86593 -0.89607 0)
(2.39042 -1.51652 0)
(1.36582 -2.23391 0)
(0.459651 -3.35319 0)
(-0.70622 -4.00614 0)
(-0.70133 -2.96413 0)
(-0.257419 2.42012 0)
(-0.104737 2.05681 0)
(0.682333 1.86919 0)
(1.32988 1.33459 0)
(2.14737 1.07675 0)
(2.77656 0.835237 0)
(3.43323 0.68227 0)
(3.94893 0.553116 0)
(4.45142 0.449989 0)
(4.83491 0.355358 0)
(5.18984 0.259355 0)
(5.40865 0.160284 0)
(5.58954 0.0407323 0)
(5.57403 -0.0875696 0)
(5.52035 -0.262933 0)
(5.15285 -0.456406 0)
(4.76225 -0.790144 0)
(3.83019 -1.24457 0)
(2.86662 -2.25336 0)
(1.09244 -3.33027 0)
(-0.0463203 -3.79884 0)
(1.66707 1.66939 0)
(2.70215 0.974426 0)
(4.54192 0.748235 0)
(5.38073 0.423811 0)
(6.24881 0.286528 0)
(6.76018 0.178239 0)
(7.24136 0.121472 0)
(7.56637 0.0810795 0)
(7.86571 0.0545635 0)
(8.06916 0.0339018 0)
(8.25166 0.0154655 0)
(8.34101 -0.00185299 0)
(8.41317 -0.0229774 0)
(8.35496 -0.0437535 0)
(8.29337 -0.0790073 0)
(8.00588 -0.111865 0)
(7.74989 -0.20089 0)
(6.99579 -0.293307 0)
(6.26233 -0.625092 0)
(4.04581 -0.997277 0)
(2.00517 -1.81786 0)
)
;

boundaryField
{
    movingWall
    {
        type            fixedValue;
        value           uniform (10 0 0);
    }
    fixedWalls
    {
        type            noSlip;
    }
    frontAndBack
    {
        type            empty;
    }
}


// ************************************************************************* //
