/*--------------------------------*- C++ -*----------------------------------*\
| =========                 |                                                 |
| \\      /  F ield         | OpenFOAM: The Open Source CFD Toolbox           |
|  \\    /   O peration     | Version:  4.1                                   |
|   \\  /    A nd           | Web:      www.OpenFOAM.org                      |
|    \\/     M anipulation  |                                                 |
\*---------------------------------------------------------------------------*/
FoamFile
{
    version     2.0;
    format      ascii;
    class       volVectorField;
    location    "0.0633";
    object      U;
}
// * * * * * * * * * * * * * * * * * * * * * * * * * * * * * * * * * * * * * //

dimensions      [0 1 -1 0 0 0 0];

internalField   nonuniform List<vector> 
441
(
(0.00350626 -0.00466313 0)
(0.00906046 -0.0025472 0)
(-0.000636806 -2.1832e-165 0)
(0.00182382 -3.03767e-266 0)
(-0.00851613 -0.00729585 0)
(-0.00182382 -2.87061e-232 0)
(-1.10435e-202 -5.07883e-203 0)
(-1.26956e-203 -6.60975e-228 0)
(-1.60091e-212 -2.86046e-213 0)
(-0.00570371 8.50399e-266 0)
(-0.0694929 0.0228168 0)
(-0.0877178 0.0120473 0)
(-0.0994568 0.00562542 0)
(-0.0884864 0.00056017 0)
(-0.07407 -0.00135933 0)
(-0.0508399 -0.00272225 0)
(-0.0305073 -0.00202972 0)
(-0.0117316 -0.00165767 0)
(0.000334857 0.000462255 0)
(0.00315875 0.00117157 0)
(0.00425018 0.00273464 0)
(0.00349175 -0.00771244 0)
(-0.00158381 0.00663851 0)
(-0.0270357 0.0080401 0)
(-0.0571191 0.0105643 0)
(-0.101569 0.0101222 0)
(-0.142828 -0.00364135 0)
(-0.181315 -0.000262028 0)
(-0.217981 0.00148308 0)
(-0.250414 0.0121731 0)
(-0.283279 0.061793 0)
(-0.305988 0.0572011 0)
(-0.301197 0.0182923 0)
(-0.288816 -0.00537624 0)
(-0.251494 -0.0266818 0)
(-0.207466 -0.0364081 0)
(-0.150796 -0.0420878 0)
(-0.0988881 -0.0368772 0)
(-0.0514857 -0.0304282 0)
(-0.018348 -0.0148521 0)
(-0.00295887 -0.00582473 0)
(0.00451654 0.00489539 0)
(0.0070205 -0.00709443 0)
(-0.0053949 0.0275941 0)
(-0.0519652 0.0541621 0)
(-0.114158 0.0721632 0)
(-0.189349 0.0773082 0)
(-0.26679 0.075844 0)
(-0.349317 0.0725126 0)
(-0.415559 0.0668339 0)
(-0.480751 0.062797 0)
(-0.512257 0.0598726 0)
(-0.50842 0.0416328 0)
(-0.492531 -0.00396181 0)
(-0.460379 -0.0434082 0)
(-0.402533 -0.0806164 0)
(-0.333236 -0.10111 0)
(-0.247987 -0.111588 0)
(-0.168116 -0.100177 0)
(-0.0935157 -0.0827079 0)
(-0.0397758 -0.0469739 0)
(-0.00953437 -0.0221259 0)
(0.00591352 0.00471237 0)
(0.00608775 -0.00961383 0)
(-0.0148967 0.0673045 0)
(-0.090487 0.116819 0)
(-0.178829 0.150229 0)
(-0.282283 0.163111 0)
(-0.385745 0.158954 0)
(-0.48706 0.150097 0)
(-0.574193 0.133755 0)
(-0.645833 0.111134 0)
(-0.688032 0.0868776 0)
(-0.69684 0.0372262 0)
(-0.676149 -0.0308431 0)
(-0.632481 -0.0955087 0)
(-0.555872 -0.154967 0)
(-0.46351 -0.190767 0)
(-0.349902 -0.208697 0)
(-0.241852 -0.190784 0)
(-0.138332 -0.160418 0)
(-0.0626267 -0.0979724 0)
(-0.0159647 -0.0528912 0)
(0.00766071 0.00165291 0)
(6.53568e-165 0.00152194 0)
(-0.0223028 0.123731 0)
(-0.130205 0.217329 0)
(-0.239851 0.262587 0)
(-0.369848 0.283186 0)
(-0.495574 0.278876 0)
(-0.620276 0.259742 0)
(-0.725492 0.22458 0)
(-0.81304 0.175975 0)
(-0.865 0.111554 0)
(-0.881442 0.0301677 0)
(-0.862263 -0.0680771 0)
(-0.811729 -0.162921 0)
(-0.720481 -0.249929 0)
(-0.606814 -0.305992 0)
(-0.463065 -0.334112 0)
(-0.324439 -0.310263 0)
(-0.185489 -0.263036 0)
(-0.0854385 -0.167645 0)
(-0.0172642 -0.0932741 0)
(0.0142519 -0.00278924 0)
(-5.30891e-266 0.005421 0)
(-0.0832504 0.202065 0)
(-0.18132 0.332488 0)
(-0.312534 0.391661 0)
(-0.454316 0.418738 0)
(-0.599321 0.410436 0)
(-0.739117 0.380633 0)
(-0.862469 0.32677 0)
(-0.964655 0.251483 0)
(-1.03331 0.154511 0)
(-1.06635 0.0347791 0)
(-1.05532 -0.101562 0)
(-1.00584 -0.237035 0)
(-0.904221 -0.361467 0)
(-0.771593 -0.447713 0)
(-0.596083 -0.493493 0)
(-0.422594 -0.467301 0)
(-0.241702 -0.402522 0)
(-0.11187 -0.264242 0)
(-0.0179917 -0.15578 0)
(0.016113 -9.81293e-05 0)
(-0.021684 0.0879072 0)
(-0.115787 0.301604 0)
(-0.228832 0.446996 0)
(-0.373161 0.53383 0)
(-0.532766 0.569216 0)
(-0.695249 0.562289 0)
(-0.854528 0.522136 0)
(-0.997342 0.449232 0)
(-1.12005 0.346612 0)
(-1.20884 0.213001 0)
(-1.26138 0.0526689 0)
(-1.26472 -0.128891 0)
(-1.22253 -0.313026 0)
(-1.11617 -0.485088 0)
(-0.968216 -0.612659 0)
(-0.759157 -0.684926 0)
(-0.547652 -0.662367 0)
(-0.311548 -0.576147 0)
(-0.149305 -0.38814 0)
(-0.00523785 -0.223073 0)
(5.8674e-266 -0.00402824 0)
(-0.015919 0.145275 0)
(-0.110616 0.410349 0)
(-0.250549 0.590446 0)
(-0.414654 0.696385 0)
(-0.593686 0.7411 0)
(-0.775117 0.732514 0)
(-0.953022 0.68306 0)
(-1.1171 0.592184 0)
(-1.26218 0.463402 0)
(-1.37607 0.295278 0)
(-1.45422 0.0910617 0)
(-1.47961 -0.141482 0)
(-1.45358 -0.38508 0)
(-1.35099 -0.617972 0)
(-1.19408 -0.804026 0)
(-0.954562 -0.918114 0)
(-0.701337 -0.913249 0)
(-0.404254 -0.807086 0)
(-0.194965 -0.565967 0)
(-0.00318521 -0.314493 0)
(2.47576e-24 -1.14111e-24 0)
(-0.0141336 0.210996 0)
(-0.114578 0.534431 0)
(-0.27139 0.749501 0)
(-0.450851 0.875184 0)
(-0.646935 0.928435 0)
(-0.844677 0.920079 0)
(-1.04045 0.863253 0)
(-1.2248 0.757272 0)
(-1.39308 0.605347 0)
(-1.53376 0.404392 0)
(-1.64073 0.156778 0)
(-1.69474 -0.130079 0)
(-1.69354 -0.440239 0)
(-1.60569 -0.745878 0)
(-1.45057 -1.00692 0)
(-1.18823 -1.18078 0)
(-0.89593 -1.20904 0)
(-0.530423 -1.08767 0)
(-0.263492 -0.781641 0)
(-0.0047118 -0.425663 0)
(1.01306e-76 -6.18939e-25 0)
(-0.0124099 0.274603 0)
(-0.113618 0.669299 0)
(-0.281256 0.927491 0)
(-0.471093 1.07254 0)
(-0.678992 1.13539 0)
(-0.888583 1.126 0)
(-1.09711 1.06344 0)
(-1.29783 0.94439 0)
(-1.48568 0.772519 0)
(-1.65185 0.542191 0)
(-1.78842 0.252326 0)
(-1.87575 -0.0898853 0)
(-1.90784 -0.473531 0)
(-1.8476 -0.863584 0)
(-1.70895 -1.22069 0)
(-1.43863 -1.47864 0)
(-1.11539 -1.56953 0)
(-0.681196 -1.44965 0)
(-0.346058 -1.08612 0)
(-0.0065948 -0.592972 0)
(2.82524e-164 -2.53266e-77 0)
(-0.0126913 0.33368 0)
(-0.116735 0.801553 0)
(-0.292359 1.10473 0)
(-0.488236 1.2707 0)
(-0.701409 1.34427 0)
(-0.915473 1.3362 0)
(-1.12799 1.2714 0)
(-1.33622 1.14436 0)
(-1.53448 0.958927 0)
(-1.71889 0.706245 0)
(-1.87966 0.381223 0)
(-2.0006 -0.0111214 0)
(-2.07115 -0.466472 0)
(-2.05236 -0.94574 0)
(-1.94931 -1.4126 0)
(-1.6955 -1.7781 0)
(-1.36301 -1.9616 0)
(-0.875198 -1.86507 0)
(-0.470332 -1.44474 0)
(-0.077109 -0.784544 0)
(1.7497e-265 0.0129884 0)
(-0.0135706 0.40496 0)
(-0.116556 0.951138 0)
(-0.29365 1.30051 0)
(-0.487435 1.48229 0)
(-0.695778 1.56379 0)
(-0.903289 1.55252 0)
(-1.10695 1.4848 0)
(-1.30927 1.35038 0)
(-1.50351 1.15529 0)
(-1.6927 0.886578 0)
(-1.86597 0.534016 0)
(-2.01367 0.100507 0)
(-2.12241 -0.42132 0)
(-2.1549 -0.987731 0)
(-2.10689 -1.57655 0)
(-1.89922 -2.07153 0)
(-1.58574 -2.38876 0)
(-1.06199 -2.3565 0)
(-0.5722 -1.87844 0)
(-0.074263 -1.08277 0)
(0.0519537 -0.0728392 0)
(-0.0172178 0.459448 0)
(-0.123451 1.0787 0)
(-0.304156 1.47271 0)
(-0.492119 1.66952 0)
(-0.685268 1.7583 0)
(-0.873248 1.74477 0)
(-1.04994 1.67639 0)
(-1.22758 1.53932 0)
(-1.3959 1.34202 0)
(-1.56954 1.0681 0)
(-1.73459 0.702816 0)
(-1.89495 0.245657 0)
(-2.03222 -0.322733 0)
(-2.12142 -0.960571 0)
(-2.14464 -1.66309 0)
(-2.01788 -2.3011 0)
(-1.77112 -2.79238 0)
(-1.23616 -2.88742 0)
(-0.706885 -2.426 0)
(0.0403893 -1.41566 0)
(2.39781e-231 -0.0129884 0)
(-0.0221386 0.548553 0)
(-0.128844 1.24113 0)
(-0.306085 1.67303 0)
(-0.478062 1.8645 0)
(-0.642278 1.94806 0)
(-0.794914 1.91753 0)
(-0.92609 1.84107 0)
(-1.0584 1.69637 0)
(-1.17776 1.49795 0)
(-1.31103 1.22519 0)
(-1.44244 0.859257 0)
(-1.59119 0.398043 0)
(-1.73825 -0.195064 0)
(-1.8757 -0.875856 0)
(-1.98002 -1.67929 0)
(-1.97206 -2.44938 0)
(-1.85314 -3.16936 0)
(-1.41267 -3.43888 0)
(-0.891065 -3.14896 0)
(-0.00331544 -1.82669 0)
(5.75746e-202 4.55688e-184 0)
(-0.0384097 0.603429 0)
(-0.162671 1.35658 0)
(-0.345978 1.81813 0)
(-0.499986 2.00025 0)
(-0.617424 2.07361 0)
(-0.71599 2.02522 0)
(-0.774211 1.93967 0)
(-0.835999 1.7898 0)
(-0.876527 1.59518 0)
(-0.942132 1.33351 0)
(-1.00832 0.984278 0)
(-1.11925 0.543971 0)
(-1.24513 -0.0350353 0)
(-1.41825 -0.714802 0)
(-1.58954 -1.55878 0)
(-1.73817 -2.42475 0)
(-1.78611 -3.3356 0)
(-1.55601 -3.85826 0)
(-1.11606 -3.81219 0)
(-0.0111751 -2.33675 0)
(1.82275e-183 -6.90138e-185 0)
(-0.0572384 0.757671 0)
(-0.198748 1.55302 0)
(-0.376027 2.0198 0)
(-0.496999 2.13736 0)
(-0.549669 2.17125 0)
(-0.575009 2.07508 0)
(-0.541167 1.96539 0)
(-0.511557 1.79952 0)
(-0.451981 1.60593 0)
(-0.42495 1.35837 0)
(-0.399274 1.03632 0)
(-0.438378 0.637207 0)
(-0.508898 0.102261 0)
(-0.673819 -0.528022 0)
(-0.886033 -1.36247 0)
(-1.17015 -2.24925 0)
(-1.44312 -3.35635 0)
(-1.53767 -4.11585 0)
(-1.41418 -4.71112 0)
(-0.463296 -2.98983 0)
(4.38818e-254 -4.55688e-184 0)
(-0.122934 0.845488 0)
(-0.332075 1.66226 0)
(-0.501833 2.11125 0)
(-0.575311 2.16423 0)
(-0.511619 2.15091 0)
(-0.427382 2.01182 0)
(-0.256183 1.87723 0)
(-0.104344 1.69966 0)
(0.0864208 1.51017 0)
(0.227862 1.28326 0)
(0.369898 0.999946 0)
(0.41998 0.65958 0)
(0.436471 0.204113 0)
(0.295219 -0.328249 0)
(0.0973542 -1.05439 0)
(-0.346225 -1.85651 0)
(-0.782046 -2.94193 0)
(-1.50095 -3.88617 0)
(-1.66995 -4.79671 0)
(-2.06821 -3.82729 0)
(-2.56971e-264 -0.214808 0)
(-0.178724 1.23416 0)
(-0.42583 1.93626 0)
(-0.527388 2.28538 0)
(-0.498365 2.1474 0)
(-0.279498 2.03717 0)
(-0.0505532 1.81927 0)
(0.276042 1.64895 0)
(0.566515 1.45704 0)
(0.894314 1.27585 0)
(1.15757 1.07671 0)
(1.41819 0.84368 0)
(1.57119 0.575631 0)
(1.68633 0.223671 0)
(1.62097 -0.179384 0)
(1.48151 -0.73179 0)
(1.04865 -1.35338 0)
(0.524698 -2.23269 0)
(-0.390947 -3.18396 0)
(-1.10733 -4.23342 0)
(-1.84647 -4.51152 0)
(-0.859234 -2.30964 0)
(-0.400156 1.41571 0)
(-0.72822 1.98223 0)
(-0.530282 2.17798 0)
(-0.261801 1.89945 0)
(0.279555 1.70411 0)
(0.728071 1.44838 0)
(1.26831 1.26216 0)
(1.71275 1.07936 0)
(2.17823 0.921044 0)
(2.54604 0.762307 0)
(2.90203 0.588659 0)
(3.12705 0.400094 0)
(3.31697 0.157765 0)
(3.29807 -0.107763 0)
(3.22812 -0.478407 0)
(2.80995 -0.877603 0)
(2.34531 -1.50284 0)
(1.33186 -2.22426 0)
(0.436466 -3.34582 0)
(-0.715905 -3.99773 0)
(-0.699814 -2.96261 0)
(-0.256235 2.42442 0)
(-0.100978 2.06104 0)
(0.684663 1.86947 0)
(1.3263 1.32966 0)
(2.13371 1.0676 0)
(2.75063 0.82367 0)
(3.39415 0.670431 0)
(3.89793 0.54292 0)
(4.39095 0.443018 0)
(4.76883 0.352569 0)
(5.12242 0.261044 0)
(5.34437 0.165965 0)
(5.53202 0.0492898 0)
(5.526 -0.0777155 0)
(5.48268 -0.253567 0)
(5.12534 -0.448938 0)
(4.74281 -0.785763 0)
(3.81704 -1.24269 0)
(2.85786 -2.25351 0)
(1.08838 -3.32931 0)
(-0.0454428 -3.79952 0)
(1.66804 1.67035 0)
(2.70626 0.975482 0)
(4.54797 0.748782 0)
(5.38576 0.423512 0)
(6.24988 0.285509 0)
(6.75536 0.176822 0)
(7.22976 0.120056 0)
(7.54852 0.0799877 0)
(7.84298 0.0540521 0)
(8.04385 0.0340723 0)
(8.22625 0.0163029 0)
(8.31809 -0.000523823 0)
(8.39459 -0.0214078 0)
(8.34203 -0.0422763 0)
(8.28597 -0.0779125 0)
(8.00341 -0.111371 0)
(7.75037 -0.201095 0)
(6.99766 -0.294039 0)
(6.26385 -0.626204 0)
(4.04659 -0.998278 0)
(2.00638 -1.81912 0)
)
;

boundaryField
{
    movingWall
    {
        type            fixedValue;
        value           uniform (10 0 0);
    }
    fixedWalls
    {
        type            noSlip;
    }
    frontAndBack
    {
        type            empty;
    }
}


// ************************************************************************* //
