/*--------------------------------*- C++ -*----------------------------------*\
| =========                 |                                                 |
| \\      /  F ield         | OpenFOAM: The Open Source CFD Toolbox           |
|  \\    /   O peration     | Version:  4.1                                   |
|   \\  /    A nd           | Web:      www.OpenFOAM.org                      |
|    \\/     M anipulation  |                                                 |
\*---------------------------------------------------------------------------*/
FoamFile
{
    version     2.0;
    format      ascii;
    class       volVectorField;
    location    "0.0323";
    object      U;
}
// * * * * * * * * * * * * * * * * * * * * * * * * * * * * * * * * * * * * * //

dimensions      [0 1 -1 0 0 0 0];

internalField   nonuniform List<vector> 
441
(
(0.00327753 -0.00459341 0)
(0.00812968 -0.00268982 0)
(-0.000672518 -2.23285e-165 0)
(0.00159732 -2.52418e-266 0)
(-0.00944216 -0.00638982 0)
(-0.00159732 -2.58205e-232 0)
(-1.08139e-202 -4.03367e-203 0)
(-1.00824e-203 -5.0265e-228 0)
(-1.37674e-212 -2.08606e-213 0)
(-0.00485068 7.3703e-266 0)
(-0.057617 0.0194047 0)
(-0.0732511 0.010481 0)
(-0.084012 0.0051164 0)
(-0.0766152 0.000970626 0)
(-0.0667807 -0.000645469 0)
(-0.0492433 -0.0019296 0)
(-0.0332548 -0.00163012 0)
(-0.0168823 -0.00165971 0)
(-0.00483118 -9.5925e-05 0)
(0.000412118 0.000505872 0)
(0.00348847 0.00220728 0)
(0.0029944 -0.00660452 0)
(-0.0031632 0.00663571 0)
(-0.0279604 0.00759026 0)
(-0.0558474 0.0109 0)
(-0.095433 0.00885582 0)
(-0.129882 -0.00487708 0)
(-0.160543 -0.000593311 0)
(-0.188348 0.00110147 0)
(-0.211903 0.00995232 0)
(-0.235816 0.050984 0)
(-0.252202 0.04734 0)
(-0.247427 0.0161865 0)
(-0.238764 -0.00214772 0)
(-0.211254 -0.0187934 0)
(-0.179383 -0.0267524 0)
(-0.136488 -0.0326235 0)
(-0.0958899 -0.0305131 0)
(-0.0558345 -0.0278679 0)
(-0.025011 -0.0167825 0)
(-0.00701065 -0.00955924 0)
(0.00342199 0.00189494 0)
(0.00616298 -0.005012 0)
(-0.00637968 0.0278749 0)
(-0.0503819 0.0512841 0)
(-0.10611 0.0654473 0)
(-0.170562 0.0666548 0)
(-0.235228 0.06165 0)
(-0.301116 0.0563517 0)
(-0.350208 0.0496301 0)
(-0.397565 0.04559 0)
(-0.417007 0.0440563 0)
(-0.40936 0.0318171 0)
(-0.394653 -0.00194706 0)
(-0.370047 -0.0304654 0)
(-0.327139 -0.0582551 0)
(-0.276784 -0.0745691 0)
(-0.212964 -0.0856501 0)
(-0.151741 -0.0812319 0)
(-0.0907967 -0.0729536 0)
(-0.0436089 -0.0478978 0)
(-0.0129844 -0.0282785 0)
(0.00459659 -0.000879499 0)
(0.00590014 -0.00656712 0)
(-0.0127238 0.064736 0)
(-0.0808067 0.107437 0)
(-0.157332 0.133069 0)
(-0.244086 0.138277 0)
(-0.327746 0.128054 0)
(-0.406291 0.11561 0)
(-0.470246 0.0982124 0)
(-0.520251 0.0784762 0)
(-0.546369 0.0604866 0)
(-0.547289 0.0247288 0)
(-0.527439 -0.0240987 0)
(-0.493287 -0.0697768 0)
(-0.436109 -0.113025 0)
(-0.36917 -0.140726 0)
(-0.285241 -0.158924 0)
(-0.204383 -0.152158 0)
(-0.122707 -0.137457 0)
(-0.0597635 -0.0938463 0)
(-0.0167397 -0.0590501 0)
(0.00651168 -0.00615067 0)
(6.0428e-165 0.00147504 0)
(-0.0181189 0.114182 0)
(-0.112016 0.195167 0)
(-0.203865 0.227532 0)
(-0.310151 0.236191 0)
(-0.409192 0.222374 0)
(-0.50388 0.197895 0)
(-0.5794 0.162801 0)
(-0.639239 0.121245 0)
(-0.670303 0.0717108 0)
(-0.674957 0.0132848 0)
(-0.654702 -0.0557071 0)
(-0.61447 -0.121095 0)
(-0.546352 -0.182595 0)
(-0.464662 -0.22441 0)
(-0.360022 -0.251076 0)
(-0.258992 -0.242381 0)
(-0.152743 -0.21845 0)
(-0.0736804 -0.152295 0)
(-0.0149753 -0.0952626 0)
(0.0128697 -0.0102344 0)
(-4.98876e-266 0.00488447 0)
(-0.0727222 0.180959 0)
(-0.152899 0.291525 0)
(-0.260105 0.332873 0)
(-0.372236 0.343573 0)
(-0.483803 0.322809 0)
(-0.587198 0.286373 0)
(-0.674256 0.233828 0)
(-0.742549 0.170056 0)
(-0.784033 0.0955179 0)
(-0.799285 0.00933527 0)
(-0.78348 -0.0854728 0)
(-0.743053 -0.177916 0)
(-0.66704 -0.264157 0)
(-0.572331 -0.326585 0)
(-0.446041 -0.366599 0)
(-0.322063 -0.358436 0)
(-0.187181 -0.325466 0)
(-0.0884366 -0.229897 0)
(-0.0104471 -0.148549 0)
(0.0158389 -0.00728262 0)
(-0.0195379 0.077348 0)
(-0.0995307 0.263811 0)
(-0.1907 0.383037 0)
(-0.306232 0.445318 0)
(-0.430729 0.45935 0)
(-0.553888 0.436206 0)
(-0.670367 0.387825 0)
(-0.770195 0.317487 0)
(-0.851904 0.230937 0)
(-0.906409 0.12829 0)
(-0.934329 0.0131926 0)
(-0.92759 -0.112156 0)
(-0.891447 -0.236621 0)
(-0.811345 -0.353958 0)
(-0.705845 -0.443975 0)
(-0.55579 -0.502646 0)
(-0.406488 -0.499063 0)
(-0.232721 -0.453933 0)
(-0.114194 -0.326116 0)
(0.00187171 -0.201104 0)
(5.48671e-266 -0.00395972 0)
(-0.0139725 0.126232 0)
(-0.0927283 0.353185 0)
(-0.206554 0.498916 0)
(-0.337927 0.57375 0)
(-0.477643 0.591671 0)
(-0.615183 0.562909 0)
(-0.745309 0.503145 0)
(-0.860697 0.415412 0)
(-0.958425 0.306718 0)
(-1.03104 0.177511 0)
(-1.07733 0.0308514 0)
(-1.08627 -0.12929 0)
(-1.06136 -0.293766 0)
(-0.983155 -0.451579 0)
(-0.870255 -0.581444 0)
(-0.697026 -0.669237 0)
(-0.517058 -0.679844 0)
(-0.299727 -0.623029 0)
(-0.148006 -0.460259 0)
(-0.00159353 -0.271349 0)
(2.01277e-24 -1.49969e-24 0)
(-0.0121063 0.181028 0)
(-0.095805 0.454701 0)
(-0.225149 0.626985 0)
(-0.370501 0.714874 0)
(-0.525696 0.735678 0)
(-0.677649 0.70265 0)
(-0.823185 0.632788 0)
(-0.955679 0.529793 0)
(-1.07251 0.401239 0)
(-1.16697 0.246759 0)
(-1.23633 0.0689795 0)
(-1.26782 -0.128533 0)
(-1.2617 -0.338491 0)
(-1.19333 -0.545984 0)
(-1.07912 -0.728036 0)
(-0.884306 -0.858039 0)
(-0.670791 -0.892861 0)
(-0.397818 -0.826842 0)
(-0.201536 -0.617743 0)
(-0.00365136 -0.355168 0)
(8.28425e-77 -5.03192e-25 0)
(-0.0106649 0.234933 0)
(-0.0965617 0.567888 0)
(-0.238448 0.774585 0)
(-0.396136 0.875076 0)
(-0.56521 0.899562 0)
(-0.730998 0.860657 0)
(-0.891084 0.781715 0)
(-1.04121 0.664614 0)
(-1.17815 0.518357 0)
(-1.2975 0.340814 0)
(-1.39441 0.131952 0)
(-1.45544 -0.104993 0)
(-1.47679 -0.3679 0)
(-1.42846 -0.636452 0)
(-1.32198 -0.889843 0)
(-1.1119 -1.08233 0)
(-0.863483 -1.16481 0)
(-0.526075 -1.10052 0)
(-0.269783 -0.849634 0)
(-0.00505013 -0.485502 0)
(2.31389e-164 -2.07106e-77 0)
(-0.0113979 0.285225 0)
(-0.103787 0.680837 0)
(-0.259075 0.924592 0)
(-0.428877 1.03966 0)
(-0.609975 1.0692 0)
(-0.787392 1.02686 0)
(-0.959016 0.942242 0)
(-1.12425 0.815712 0)
(-1.27881 0.657322 0)
(-1.42247 0.462372 0)
(-1.54757 0.227446 0)
(-1.64292 -0.0465107 0)
(-1.69893 -0.363899 0)
(-1.68283 -0.701586 0)
(-1.5974 -1.04175 0)
(-1.38595 -1.31935 0)
(-1.11087 -1.47402 0)
(-0.708699 -1.42659 0)
(-0.381324 -1.12859 0)
(-0.0636415 -0.635207 0)
(1.47198e-265 0.0111605 0)
(-0.0130901 0.351223 0)
(-0.110679 0.817763 0)
(-0.276748 1.10138 0)
(-0.455016 1.22687 0)
(-0.643199 1.25947 0)
(-0.827041 1.20988 0)
(-1.00396 1.11942 0)
(-1.1781 0.984132 0)
(-1.34358 0.816805 0)
(-1.50578 0.608905 0)
(-1.65456 0.352231 0)
(-1.78305 0.0451896 0)
(-1.87709 -0.328076 0)
(-1.90316 -0.740359 0)
(-1.85456 -1.18653 0)
(-1.66221 -1.57477 0)
(-1.37602 -1.84151 0)
(-0.910912 -1.84197 0)
(-0.486245 -1.4899 0)
(-0.0641234 -0.883501 0)
(0.0446421 -0.060489 0)
(-0.017808 0.404747 0)
(-0.126988 0.941597 0)
(-0.309285 1.26612 0)
(-0.496291 1.4029 0)
(-0.685989 1.43949 0)
(-0.868738 1.38511 0)
(-1.03895 1.29237 0)
(-1.20979 1.15377 0)
(-1.37108 0.984607 0)
(-1.53811 0.772652 0)
(-1.69603 0.505031 0)
(-1.84884 0.176025 0)
(-1.97524 -0.242047 0)
(-2.05114 -0.723884 0)
(-2.05488 -1.2787 0)
(-1.91215 -1.79981 0)
(-1.65141 -2.21979 0)
(-1.13428 -2.32367 0)
(-0.635524 -1.96862 0)
(0.0334779 -1.17164 0)
(2.09734e-231 -0.0111605 0)
(-0.0240184 0.498914 0)
(-0.143341 1.11234 0)
(-0.33688 1.47452 0)
(-0.525137 1.60468 0)
(-0.705811 1.635 0)
(-0.875206 1.5631 0)
(-1.02386 1.46225 0)
(-1.1743 1.31607 0)
(-1.31157 1.14549 0)
(-1.46134 0.933352 0)
(-1.60536 0.662177 0)
(-1.76042 0.323624 0)
(-1.90318 -0.127024 0)
(-2.02342 -0.662105 0)
(-2.09325 -1.32636 0)
(-2.03886 -1.9832 0)
(-1.86402 -2.62041 0)
(-1.38573 -2.87468 0)
(-0.847451 -2.65355 0)
(-0.00398472 -1.55169 0)
(5.29296e-202 4.31049e-184 0)
(-0.0414536 0.564887 0)
(-0.18736 1.24834 0)
(-0.401231 1.64384 0)
(-0.588722 1.76616 0)
(-0.742819 1.78768 0)
(-0.880293 1.69946 0)
(-0.979736 1.59084 0)
(-1.08359 1.43983 0)
(-1.16522 1.27159 0)
(-1.26787 1.06646 0)
(-1.36372 0.804537 0)
(-1.49266 0.475348 0)
(-1.62071 0.0229089 0)
(-1.77579 -0.530969 0)
(-1.90479 -1.25704 0)
(-1.98705 -2.02707 0)
(-1.94721 -2.85954 0)
(-1.62956 -3.34953 0)
(-1.11806 -3.32948 0)
(-0.0092255 -2.04635 0)
(1.7242e-183 1.84876e-184 0)
(-0.0609931 0.735405 0)
(-0.230156 1.4764 0)
(-0.44844 1.88502 0)
(-0.616352 1.94747 0)
(-0.721916 1.9334 0)
(-0.803877 1.80045 0)
(-0.829803 1.66942 0)
(-0.860168 1.5019 0)
(-0.858151 1.33101 0)
(-0.881717 1.13246 0)
(-0.895838 0.885963 0)
(-0.959018 0.581809 0)
(-1.03472 0.153177 0)
(-1.18189 -0.375818 0)
(-1.35115 -1.1195 0)
(-1.56302 -1.93833 0)
(-1.73624 -2.98481 0)
(-1.70956 -3.712 0)
(-1.47294 -4.29386 0)
(-0.44701 -2.71451 0)
(4.2353e-254 -4.31049e-184 0)
(-0.12632 0.841582 0)
(-0.362761 1.6225 0)
(-0.576117 2.02438 0)
(-0.701646 2.02965 0)
(-0.698508 1.97406 0)
(-0.679573 1.80215 0)
(-0.577568 1.64776 0)
(-0.494536 1.46686 0)
(-0.369251 1.29422 0)
(-0.284215 1.10594 0)
(-0.185554 0.883165 0)
(-0.160142 0.619132 0)
(-0.148125 0.24828 0)
(-0.269926 -0.206181 0)
(-0.427519 -0.868776 0)
(-0.802492 -1.63127 0)
(-1.14895 -2.68823 0)
(-1.7372 -3.61276 0)
(-1.78371 -4.50888 0)
(-2.03174 -3.59414 0)
(-2.46037e-264 -0.208481 0)
(-0.180144 1.24538 0)
(-0.445595 1.93035 0)
(-0.582319 2.24589 0)
(-0.598967 2.07011 0)
(-0.436471 1.92514 0)
(-0.270108 1.67935 0)
(-0.0113696 1.4911 0)
(0.210853 1.29386 0)
(0.473108 1.12275 0)
(0.679788 0.950315 0)
(0.897287 0.760774 0)
(1.02656 0.548552 0)
(1.13923 0.258701 0)
(1.09466 -0.0876972 0)
(0.994747 -0.597809 0)
(0.620576 -1.20016 0)
(0.168039 -2.07904 0)
(-0.65036 -3.0335 0)
(-1.25822 -4.08518 0)
(-1.86954 -4.36103 0)
(-0.833923 -2.26203 0)
(-0.398631 1.43264 0)
(-0.729558 1.99588 0)
(-0.548562 2.1718 0)
(-0.308845 1.86719 0)
(0.19113 1.64654 0)
(0.589657 1.36975 0)
(1.07223 1.16926 0)
(1.45621 0.980833 0)
(1.8617 0.827317 0)
(2.17641 0.684573 0)
(2.49102 0.538152 0)
(2.69284 0.385114 0)
(2.88018 0.182657 0)
(2.88184 -0.0465672 0)
(2.85031 -0.391041 0)
(2.4859 -0.781431 0)
(2.07828 -1.41533 0)
(1.12992 -2.15355 0)
(0.300859 -3.2894 0)
(-0.772213 -3.94307 0)
(-0.693447 -2.9495 0)
(-0.253192 2.43537 0)
(-0.0887111 2.07494 0)
(0.698593 1.87607 0)
(1.33075 1.3234 0)
(2.11596 1.04798 0)
(2.70038 0.792716 0)
(3.30243 0.631843 0)
(3.76016 0.501263 0)
(4.20601 0.403623 0)
(4.54137 0.320943 0)
(4.86179 0.242424 0)
(5.06561 0.164053 0)
(5.25281 0.0654787 0)
(5.26596 -0.0456861 0)
(5.25732 -0.211763 0)
(4.94588 -0.405914 0)
(4.60929 -0.752022 0)
(3.72536 -1.22191 0)
(2.7989 -2.2467 0)
(1.06189 -3.3212 0)
(-0.0420925 -3.80173 0)
(1.67011 1.6724 0)
(2.71674 0.97838 0)
(4.56606 0.750988 0)
(5.40506 0.423781 0)
(6.26242 0.283644 0)
(6.75399 0.173244 0)
(7.20873 0.115514 0)
(7.50493 0.0753327 0)
(7.77645 0.0502317 0)
(7.95762 0.0319132 0)
(8.12622 0.0165296 0)
(8.21342 0.00232927 0)
(8.29508 -0.0160523 0)
(8.25834 -0.0354253 0)
(8.22453 -0.070894 0)
(7.9682 -0.106093 0)
(7.7367 -0.199096 0)
(6.99884 -0.295759 0)
(6.26895 -0.631316 0)
(4.05048 -1.00414 0)
(2.0126 -1.82672 0)
)
;

boundaryField
{
    movingWall
    {
        type            fixedValue;
        value           uniform (10 0 0);
    }
    fixedWalls
    {
        type            noSlip;
    }
    frontAndBack
    {
        type            empty;
    }
}


// ************************************************************************* //
