/*--------------------------------*- C++ -*----------------------------------*\
| =========                 |                                                 |
| \\      /  F ield         | OpenFOAM: The Open Source CFD Toolbox           |
|  \\    /   O peration     | Version:  4.1                                   |
|   \\  /    A nd           | Web:      www.OpenFOAM.org                      |
|    \\/     M anipulation  |                                                 |
\*---------------------------------------------------------------------------*/
FoamFile
{
    version     2.0;
    format      ascii;
    class       volVectorField;
    location    "0.0398";
    object      U;
}
// * * * * * * * * * * * * * * * * * * * * * * * * * * * * * * * * * * * * * //

dimensions      [0 1 -1 0 0 0 0];

internalField   nonuniform List<vector> 
441
(
(0.00330306 -0.00456399 0)
(0.00832154 -0.00262061 0)
(-0.000655187 -2.19698e-165 0)
(0.00165063 -2.65376e-266 0)
(-0.00907978 -0.00660312 0)
(-0.00165063 -2.64508e-232 0)
(-1.08099e-202 -4.30101e-203 0)
(-1.07508e-203 -5.43063e-228 0)
(-1.43009e-212 -2.27732e-213 0)
(-0.00504866 7.63304e-266 0)
(-0.0603956 0.0201969 0)
(-0.0765748 0.0108344 0)
(-0.0875099 0.00522466 0)
(-0.0791623 0.000855074 0)
(-0.068166 -0.000824652 0)
(-0.0492029 -0.00212892 0)
(-0.0321808 -0.00171445 0)
(-0.0153188 -0.00164671 0)
(-0.00337781 6.27924e-05 0)
(0.00110622 0.000668657 0)
(0.00369149 0.00232284 0)
(0.00310338 -0.00685778 0)
(-0.00264585 0.00655922 0)
(-0.0273596 0.00764451 0)
(-0.0556164 0.0106987 0)
(-0.0962969 0.00915874 0)
(-0.132468 -0.00446193 0)
(-0.165163 -0.000489167 0)
(-0.195247 0.00119819 0)
(-0.221073 0.0104854 0)
(-0.24718 0.0535053 0)
(-0.26509 0.0496002 0)
(-0.260224 0.0165678 0)
(-0.250554 -0.00305325 0)
(-0.220478 -0.0208377 0)
(-0.185503 -0.029172 0)
(-0.139114 -0.0349504 0)
(-0.0957487 -0.0319417 0)
(-0.0540422 -0.0283049 0)
(-0.0228804 -0.016038 0)
(-0.00586727 -0.0084784 0)
(0.00373905 0.00268365 0)
(0.00634506 -0.00558359 0)
(-0.00599624 0.027456 0)
(-0.0502684 0.0515934 0)
(-0.107365 0.0668266 0)
(-0.174433 0.0692361 0)
(-0.242325 0.0653031 0)
(-0.31252 0.0605348 0)
(-0.3661 0.0540403 0)
(-0.418062 0.0499084 0)
(-0.440619 0.047892 0)
(-0.434054 0.0340726 0)
(-0.419046 -0.00266339 0)
(-0.392523 -0.0338992 0)
(-0.345711 -0.0640477 0)
(-0.29044 -0.0813077 0)
(-0.221019 -0.0921401 0)
(-0.155012 -0.0856954 0)
(-0.0906905 -0.0749696 0)
(-0.0420557 -0.0470669 0)
(-0.0119127 -0.0263342 0)
(0.00500292 0.000670975 0)
(0.00588244 -0.00741017 0)
(-0.0132275 0.0647492 0)
(-0.0828024 0.109103 0)
(-0.162094 0.13692 0)
(-0.253046 0.144438 0)
(-0.341849 0.136055 0)
(-0.426423 0.124609 0)
(-0.496544 0.107444 0)
(-0.552356 0.0868683 0)
(-0.582844 0.0671324 0)
(-0.586113 0.0277837 0)
(-0.566271 -0.0259716 0)
(-0.529853 -0.0764946 0)
(-0.46762 -0.123944 0)
(-0.393959 -0.153651 0)
(-0.301989 -0.171711 0)
(-0.21378 -0.16172 0)
(-0.126257 -0.142783 0)
(-0.0600386 -0.0940246 0)
(-0.0163975 -0.056856 0)
(0.00688402 -0.00387142 0)
(6.12073e-165 0.00147061 0)
(-0.0191573 0.115732 0)
(-0.116232 0.199731 0)
(-0.212532 0.235834 0)
(-0.324976 0.248078 0)
(-0.431139 0.237136 0)
(-0.533953 0.214213 0)
(-0.617607 0.179122 0)
(-0.685175 0.135699 0)
(-0.722276 0.0822721 0)
(-0.730746 0.0179136 0)
(-0.711408 -0.0586905 0)
(-0.669016 -0.131818 0)
(-0.594933 -0.200208 0)
(-0.504608 -0.245879 0)
(-0.388936 -0.273035 0)
(-0.277191 -0.26 0)
(-0.161563 -0.229669 0)
(-0.0766115 -0.155312 0)
(-0.0155397 -0.094021 0)
(0.0133368 -0.00799646 0)
(-5.01988e-266 0.00498179 0)
(-0.0749822 0.185248 0)
(-0.159736 0.300779 0)
(-0.273163 0.347355 0)
(-0.393307 0.363004 0)
(-0.51404 0.346058 0)
(-0.627605 0.311653 0)
(-0.724963 0.258918 0)
(-0.803194 0.192263 0)
(-0.853043 0.111992 0)
(-0.874434 0.0171565 0)
(-0.861226 -0.0886267 0)
(-0.819501 -0.192728 0)
(-0.737015 -0.289759 0)
(-0.631816 -0.359154 0)
(-0.491018 -0.401267 0)
(-0.352134 -0.388054 0)
(-0.203216 -0.346199 0)
(-0.0951251 -0.238243 0)
(-0.012724 -0.149841 0)
(0.0159401 -0.00500847 0)
(-0.0199272 0.0795549 0)
(-0.103199 0.272184 0)
(-0.200098 0.398361 0)
(-0.32335 0.467812 0)
(-0.457578 0.48836 0)
(-0.591839 0.47024 0)
(-0.720684 0.424561 0)
(-0.833266 0.353988 0)
(-0.927687 0.263672 0)
(-0.99352 0.153327 0)
(-1.03058 0.0265794 0)
(-1.02895 -0.113873 0)
(-0.993156 -0.255072 0)
(-0.90667 -0.388622 0)
(-0.789087 -0.490407 0)
(-0.620733 -0.554189 0)
(-0.451564 -0.545573 0)
(-0.257557 -0.488718 0)
(-0.124997 -0.342783 0)
(-0.000363134 -0.20674 0)
(5.61434e-266 -0.00398502 0)
(-0.0143664 0.1304 0)
(-0.0970351 0.366501 0)
(-0.217755 0.521591 0)
(-0.358089 0.605663 0)
(-0.508979 0.631892 0)
(-0.659325 0.609585 0)
(-0.803862 0.553514 0)
(-0.934504 0.46592 0)
(-1.04793 0.35296 0)
(-1.13528 0.21441 0)
(-1.19432 0.0529564 0)
(-1.21162 -0.127035 0)
(-1.18952 -0.314565 0)
(-1.10582 -0.49577 0)
(-0.979907 -0.644366 0)
(-0.784845 -0.742333 0)
(-0.579856 -0.749539 0)
(-0.334923 -0.678364 0)
(-0.163448 -0.491067 0)
(-0.00209769 -0.283723 0)
(2.1686e-24 -1.36006e-24 0)
(-0.012567 0.187837 0)
(-0.100531 0.473867 0)
(-0.237297 0.658092 0)
(-0.39226 0.757444 0)
(-0.559474 0.788588 0)
(-0.725392 0.763816 0)
(-0.886933 0.699109 0)
(-1.03682 0.597158 0)
(-1.17211 0.464351 0)
(-1.28456 0.299201 0)
(-1.37026 0.103487 0)
(-1.4136 -0.119129 0)
(-1.41326 -0.359562 0)
(-1.34116 -0.599289 0)
(-1.21421 -0.80926 0)
(-0.995423 -0.956756 0)
(-0.752844 -0.991926 0)
(-0.445514 -0.909437 0)
(-0.223304 -0.668729 0)
(-0.00401188 -0.376779 0)
(8.93925e-77 -5.42149e-25 0)
(-0.0110962 0.244237 0)
(-0.101076 0.592897 0)
(-0.250171 0.814237 0)
(-0.417296 0.928567 0)
(-0.598342 0.965687 0)
(-0.778313 0.937215 0)
(-0.954995 0.865398 0)
(-1.12361 0.750861 0)
(-1.28063 0.600971 0)
(-1.42013 0.411947 0)
(-1.53596 0.182239 0)
(-1.61161 -0.0851775 0)
(-1.64154 -0.386561 0)
(-1.59191 -0.697259 0)
(-1.47454 -0.989404 0)
(-1.24084 -1.20889 0)
(-0.962014 -1.2979 0)
(-0.585737 -1.21683 0)
(-0.298254 -0.927465 0)
(-0.00542737 -0.5205 0)
(2.50209e-164 -2.23481e-77 0)
(-0.0117484 0.2969 0)
(-0.107449 0.711281 0)
(-0.268784 0.972273 0)
(-0.446759 1.10357 0)
(-0.638512 1.14818 0)
(-0.828886 1.1187 0)
(-1.01602 1.04353 0)
(-1.19889 0.921514 0)
(-1.37297 0.760567 0)
(-1.53659 0.553759 0)
(-1.68085 0.295464 0)
(-1.79165 -0.0139907 0)
(-1.85789 -0.377594 0)
(-1.84315 -0.767198 0)
(-1.75054 -1.15734 0)
(-1.51956 -1.47249 0)
(-1.2176 -1.64232 0)
(-0.777267 -1.58002 0)
(-0.416634 -1.23839 0)
(-0.067967 -0.686225 0)
(1.59797e-265 0.0119269 0)
(-0.0132538 0.364484 0)
(-0.112656 0.852118 0)
(-0.282503 1.15519 0)
(-0.466356 1.29912 0)
(-0.662277 1.34912 0)
(-0.855934 1.31481 0)
(-1.04496 1.23614 0)
(-1.23315 1.10741 0)
(-1.41443 0.938794 0)
(-1.59296 0.719032 0)
(-1.75772 0.437113 0)
(-1.89955 0.0906362 0)
(-2.00342 -0.335009 0)
(-2.03312 -0.807031 0)
(-1.98256 -1.31254 0)
(-1.77881 -1.7481 0)
(-1.47479 -2.0395 0)
(-0.979077 -2.03067 0)
(-0.523209 -1.63154 0)
(-0.0683988 -0.954987 0)
(0.0477077 -0.064177 0)
(-0.0176988 0.418529 0)
(-0.126522 0.977622 0)
(-0.309264 1.32313 0)
(-0.497913 1.4801 0)
(-0.690708 1.53598 0)
(-0.877992 1.49881 0)
(-1.05429 1.41975 0)
(-1.23251 1.28935 0)
(-1.40236 1.11994 0)
(-1.57838 0.896284 0)
(-1.74537 0.602378 0)
(-1.90615 0.231741 0)
(-2.03961 -0.242062 0)
(-2.12035 -0.787737 0)
(-2.12814 -1.40725 0)
(-1.98498 -1.98229 0)
(-1.72133 -2.43627 0)
(-1.1879 -2.53961 0)
(-0.669577 -2.14243 0)
(0.0351504 -1.26325 0)
(2.21634e-231 -0.0119269 0)
(-0.0235439 0.511594 0)
(-0.139798 1.14676 0)
(-0.329591 1.53041 0)
(-0.514411 1.68165 0)
(-0.692068 1.73227 0)
(-0.858895 1.67862 0)
(-1.00544 1.59243 0)
(-1.15412 1.45529 0)
(-1.29006 1.28507 0)
(-1.43879 1.06159 0)
(-1.58242 0.764228 0)
(-1.73787 0.38426 0)
(-1.88305 -0.12172 0)
(-2.00816 -0.719621 0)
(-2.08733 -1.44815 0)
(-2.04466 -2.15974 0)
(-1.88417 -2.83688 0)
(-1.41173 -3.09998 0)
(-0.872236 -2.84983 0)
(-0.0038735 -1.65901 0)
(5.51004e-202 4.43284e-184 0)
(-0.0406232 0.574704 0)
(-0.18075 1.27757 0)
(-0.386522 1.69374 0)
(-0.565103 1.83696 0)
(-0.709424 1.87867 0)
(-0.836427 1.80857 0)
(-0.924673 1.71446 0)
(-1.01679 1.57243 0)
(-1.08648 1.40471 0)
(-1.17761 1.18885 0)
(-1.26333 0.902154 0)
(-1.38493 0.534197 0)
(-1.51024 0.0306357 0)
(-1.66909 -0.580171 0)
(-1.81054 -1.3638 0)
(-1.91392 -2.183 0)
(-1.90353 -3.05469 0)
(-1.61414 -3.56082 0)
(-1.12516 -3.52852 0)
(-0.010128 -2.16404 0)
(1.77314e-183 9.76236e-185 0)
(-0.0599169 0.740735 0)
(-0.221324 1.49695 0)
(-0.428043 1.92398 0)
(-0.582386 2.00581 0)
(-0.672244 2.01053 0)
(-0.736782 1.89441 0)
(-0.743605 1.7768 0)
(-0.753764 1.6176 0)
(-0.731053 1.44733 0)
(-0.734757 1.23931 0)
(-0.731319 0.970879 0)
(-0.781451 0.632811 0)
(-0.850604 0.160035 0)
(-1.00009 -0.416562 0)
(-1.18231 -1.20707 0)
(-1.41953 -2.06376 0)
(-1.63019 -3.1426 0)
(-1.6492 -3.88609 0)
(-1.4556 -4.47278 0)
(-0.454413 -2.83017 0)
(4.31695e-254 -4.43284e-184 0)
(-0.125333 0.841641 0)
(-0.35395 1.63246 0)
(-0.554593 2.04931 0)
(-0.664401 2.07129 0)
(-0.642283 2.03208 0)
(-0.601926 1.87486 0)
(-0.47609 1.73223 0)
(-0.367827 1.55871 0)
(-0.216648 1.38698 0)
(-0.106985 1.19117 0)
(0.0133043 0.950536 0)
(0.0544524 0.658849 0)
(0.0746524 0.252342 0)
(-0.049203 -0.239541 0)
(-0.218833 -0.936646 0)
(-0.619243 -1.72406 0)
(-1.00147 -2.7994 0)
(-1.64333 -3.73491 0)
(-1.74034 -4.63705 0)
(-2.04932 -3.6955 0)
(-2.50552e-264 -0.211197 0)
(-0.179761 1.24108 0)
(-0.440067 1.93042 0)
(-0.566468 2.25654 0)
(-0.569055 2.09377 0)
(-0.388416 1.96189 0)
(-0.200872 1.72801 0)
(0.0820814 1.54939 0)
(0.330318 1.35838 0)
(0.619582 1.18855 0)
(0.852069 1.011 0)
(1.09217 0.808544 0)
(1.23771 0.575992 0)
(1.3584 0.25988 0)
(1.31147 -0.113876 0)
(1.19957 -0.647664 0)
(0.803232 -1.2643 0)
(0.320997 -2.1481 0)
(-0.539273 -3.10321 0)
(-1.19444 -4.15395 0)
(-1.86077 -4.42874 0)
(-0.844787 -2.28427 0)
(-0.399172 1.42688 0)
(-0.729769 1.99042 0)
(-0.544129 2.1724 0)
(-0.2957 1.87656 0)
(0.217593 1.66514 0)
(0.633129 1.39688 0)
(1.13643 1.20333 0)
(1.54358 1.01948 0)
(1.97385 0.867178 0)
(2.31269 0.721396 0)
(2.64872 0.56684 0)
(2.86601 0.400837 0)
(3.06081 0.181526 0)
(3.05961 -0.0652269 0)
(3.01597 -0.424551 0)
(2.63076 -0.822641 0)
(2.19879 -1.45581 0)
(1.22131 -2.18779 0)
(0.361864 -3.31722 0)
(-0.746933 -3.96881 0)
(-0.695871 -2.95631 0)
(-0.254168 2.43184 0)
(-0.0930097 2.07004 0)
(0.693099 1.87324 0)
(1.3277 1.32476 0)
(2.11979 1.05406 0)
(2.71507 0.803186 0)
(3.33183 0.645797 0)
(3.80697 0.517396 0)
(4.27196 0.420205 0)
(4.62622 0.335873 0)
(4.96334 0.253334 0)
(5.17895 0.168758 0)
(5.37106 0.0624342 0)
(5.38042 -0.0565304 0)
(5.35996 -0.228564 0)
(5.03003 -0.425064 0)
(4.67305 -0.768459 0)
(3.76947 -1.2329 0)
(2.82703 -2.25113 0)
(1.07444 -3.32535 0)
(-0.0432561 -3.80111 0)
(1.6695 1.67178 0)
(2.71334 0.977409 0)
(4.55986 0.750169 0)
(5.39804 0.42357 0)
(6.25725 0.284169 0)
(6.7533 0.174416 0)
(7.21487 0.117134 0)
(7.51947 0.0771391 0)
(7.8002 0.0519021 0)
(7.99013 0.0331118 0)
(8.16591 0.0168978 0)
(8.25715 0.00163844 0)
(8.33889 -0.0179198 0)
(8.29736 -0.038185 0)
(8.25507 -0.0740596 0)
(7.98746 -0.108767 0)
(7.74567 -0.200464 0)
(7.00006 -0.295388 0)
(6.26738 -0.629243 0)
(4.04889 -1.00149 0)
(2.00997 -1.82326 0)
)
;

boundaryField
{
    movingWall
    {
        type            fixedValue;
        value           uniform (10 0 0);
    }
    fixedWalls
    {
        type            noSlip;
    }
    frontAndBack
    {
        type            empty;
    }
}


// ************************************************************************* //
