/*--------------------------------*- C++ -*----------------------------------*\
| =========                 |                                                 |
| \\      /  F ield         | OpenFOAM: The Open Source CFD Toolbox           |
|  \\    /   O peration     | Version:  4.1                                   |
|   \\  /    A nd           | Web:      www.OpenFOAM.org                      |
|    \\/     M anipulation  |                                                 |
\*---------------------------------------------------------------------------*/
FoamFile
{
    version     2.0;
    format      ascii;
    class       volVectorField;
    location    "0.098";
    object      U;
}
// * * * * * * * * * * * * * * * * * * * * * * * * * * * * * * * * * * * * * //

dimensions      [0 1 -1 0 0 0 0];

internalField   nonuniform List<vector> 
441
(
(0.00381418 -0.00488882 0)
(0.0100002 -0.00254065 0)
(-0.000635163 -2.21991e-165 0)
(0.00200854 -3.41931e-266 0)
(-0.00837117 -0.00803444 0)
(-0.00200854 -3.11703e-232 0)
(-1.15634e-202 -5.76014e-203 0)
(-1.43998e-203 -7.56411e-228 0)
(-1.75823e-212 -3.303e-213 0)
(-0.00627861 9.30608e-266 0)
(-0.0770164 0.0251152 0)
(-0.0965898 0.0130996 0)
(-0.108545 0.00595958 0)
(-0.0951327 0.000346747 0)
(-0.0778316 -0.00173846 0)
(-0.0513107 -0.00310264 0)
(-0.0285887 -0.00219075 0)
(-0.00856058 -0.00157634 0)
(0.00337627 0.000826354 0)
(0.00483771 0.00160527 0)
(0.00464695 0.0030679 0)
(0.00396328 -0.00874215 0)
(-0.000713614 0.00691162 0)
(-0.0276805 0.00867443 0)
(-0.0603319 0.0108278 0)
(-0.109189 0.011147 0)
(-0.155598 -0.00315469 0)
(-0.199398 -0.000128692 0)
(-0.241615 0.00171969 0)
(-0.279062 0.0135637 0)
(-0.316644 0.0685845 0)
(-0.341944 0.0629443 0)
(-0.335624 0.0188684 0)
(-0.319572 -0.00805531 0)
(-0.2754 -0.0318666 0)
(-0.22363 -0.0422956 0)
(-0.158858 -0.0474868 0)
(-0.100553 -0.0403944 0)
(-0.0490856 -0.031681 0)
(-0.0147306 -0.0136964 0)
(-0.000645506 -0.00359472 0)
(0.00505637 0.00664451 0)
(0.00782211 -0.00863958 0)
(-0.0051641 0.0287158 0)
(-0.055349 0.0582158 0)
(-0.123842 0.0788776 0)
(-0.207883 0.0860235 0)
(-0.294948 0.0859553 0)
(-0.388702 0.0830218 0)
(-0.465259 0.0770793 0)
(-0.54019 0.0721456 0)
(-0.576846 0.0675918 0)
(-0.572406 0.0450457 0)
(-0.553078 -0.00797686 0)
(-0.514037 -0.0535674 0)
(-0.445922 -0.0953781 0)
(-0.364904 -0.117295 0)
(-0.267477 -0.126466 0)
(-0.177402 -0.110759 0)
(-0.0954803 -0.0879256 0)
(-0.0381984 -0.0464993 0)
(-0.00782027 -0.0186352 0)
(0.0064926 0.00785726 0)
(0.00647699 -0.0117552 0)
(-0.0168519 0.0718928 0)
(-0.100042 0.127287 0)
(-0.198583 0.165877 0)
(-0.314912 0.18262 0)
(-0.432222 0.180507 0)
(-0.54791 0.171975 0)
(-0.648164 0.15416 0)
(-0.73043 0.127719 0)
(-0.778683 0.0980165 0)
(-0.787796 0.0388898 0)
(-0.762541 -0.0406695 0)
(-0.710014 -0.115402 0)
(-0.620425 -0.182226 0)
(-0.513118 -0.220604 0)
(-0.383649 -0.236576 0)
(-0.261661 -0.211837 0)
(-0.147163 -0.172602 0)
(-0.0649174 -0.100461 0)
(-0.0158592 -0.0496872 0)
(0.00809275 0.00570674 0)
(7.08889e-165 0.00161925 0)
(-0.0256684 0.134767 0)
(-0.145882 0.239131 0)
(-0.269364 0.292226 0)
(-0.416304 0.318488 0)
(-0.559298 0.317007 0)
(-0.701574 0.297553 0)
(-0.822119 0.258427 0)
(-0.921845 0.201871 0)
(-0.980451 0.125698 0)
(-0.997408 0.0293123 0)
(-0.973234 -0.0854873 0)
(-0.912578 -0.194915 0)
(-0.806489 -0.292652 0)
(-0.675286 -0.352987 0)
(-0.512318 -0.378869 0)
(-0.356024 -0.34574 0)
(-0.20203 -0.285842 0)
(-0.0920739 -0.176059 0)
(-0.018761 -0.0925521 0)
(0.0147065 0.000874582 0)
(-5.74427e-266 0.005968 0)
(-0.0927061 0.222695 0)
(-0.203991 0.368861 0)
(-0.352333 0.438196 0)
(-0.513245 0.472371 0)
(-0.678047 0.466872 0)
(-0.837056 0.435432 0)
(-0.977155 0.374694 0)
(-1.09226 0.286978 0)
(-1.16838 0.172773 0)
(-1.20285 0.0319784 0)
(-1.1871 -0.126564 0)
(-1.12738 -0.281912 0)
(-1.01006 -0.421222 0)
(-0.858338 -0.514357 0)
(-0.660912 -0.55843 0)
(-0.466424 -0.52108 0)
(-0.266359 -0.439802 0)
(-0.123199 -0.281698 0)
(-0.0216124 -0.159749 0)
(0.0161383 0.00303431 0)
(-0.023872 0.0976253 0)
(-0.129292 0.335057 0)
(-0.25724 0.499112 0)
(-0.420241 0.599541 0)
(-0.60056 0.643292 0)
(-0.784089 0.639245 0)
(-0.963597 0.595752 0)
(-1.12381 0.512627 0)
(-1.26 0.392818 0)
(-1.35679 0.236022 0)
(-1.41152 0.04852 0)
(-1.41092 -0.161285 0)
(-1.3592 -0.370954 0)
(-1.2375 -0.562708 0)
(-1.0702 -0.700687 0)
(-0.837721 -0.772789 0)
(-0.602721 -0.738011 0)
(-0.343341 -0.631641 0)
(-0.164271 -0.417488 0)
(-0.00836795 -0.233793 0)
(6.00415e-266 -0.00403458 0)
(-0.0176362 0.161648 0)
(-0.123754 0.457243 0)
(-0.280524 0.66032 0)
(-0.464244 0.782277 0)
(-0.664474 0.836382 0)
(-0.867019 0.830161 0)
(-1.0648 0.77542 0)
(-1.24585 0.670941 0)
(-1.40404 0.520387 0)
(-1.52601 0.323718 0)
(-1.60702 0.0865412 0)
(-1.62962 -0.179995 0)
(-1.59576 -0.454804 0)
(-1.47963 -0.712546 0)
(-1.30502 -0.913472 0)
(-1.04255 -1.03025 0)
(-0.765173 -1.01385 0)
(-0.44164 -0.884803 0)
(-0.212687 -0.611994 0)
(-0.00385597 -0.33371 0)
(2.64797e-24 -1.04687e-24 0)
(-0.0156413 0.23523 0)
(-0.126952 0.596002 0)
(-0.300102 0.837872 0)
(-0.498187 0.981518 0)
(-0.714128 1.04463 0)
(-0.93126 1.03784 0)
(-1.145 0.973571 0)
(-1.34444 0.850641 0)
(-1.52428 0.672679 0)
(-1.67214 0.438327 0)
(-1.78205 0.152735 0)
(-1.83444 -0.173109 0)
(-1.82775 -0.519478 0)
(-1.72965 -0.854832 0)
(-1.56066 -1.13558 0)
(-1.27875 -1.31604 0)
(-0.964509 -1.33525 0)
(-0.572353 -1.18973 0)
(-0.284198 -0.847338 0)
(-0.00508679 -0.454684 0)
(1.07509e-76 -6.61994e-25 0)
(-0.0134821 0.30478 0)
(-0.12345 0.743427 0)
(-0.30489 1.03222 0)
(-0.510376 1.19683 0)
(-0.734806 1.2698 0)
(-0.960186 1.26092 0)
(-1.18293 1.18879 0)
(-1.39517 1.04975 0)
(-1.59152 0.848252 0)
(-1.76276 0.580756 0)
(-1.90147 0.249197 0)
(-1.98802 -0.135483 0)
(-2.01728 -0.558865 0)
(-1.95126 -0.982319 0)
(-1.80462 -1.36349 0)
(-1.5211 -1.63258 0)
(-1.18163 -1.71873 0)
(-0.724093 -1.57582 0)
(-0.368762 -1.17351 0)
(-0.00738074 -0.633677 0)
(2.98516e-164 -2.68772e-77 0)
(-0.0133127 0.368615 0)
(-0.122915 0.885611 0)
(-0.307774 1.22239 0)
(-0.514289 1.40907 0)
(-0.738603 1.49264 0)
(-0.962917 1.48385 0)
(-1.18409 1.40738 0)
(-1.39864 1.25771 0)
(-1.60087 1.03984 0)
(-1.78699 0.747428 0)
(-1.94809 0.37864 0)
(-2.06845 -0.0576815 0)
(-2.13865 -0.55413 0)
(-2.11909 -1.06842 0)
(-2.01531 -1.56224 0)
(-1.75733 -1.94297 0)
(-1.41778 -2.12723 0)
(-0.914717 -2.01123 0)
(-0.493684 -1.5521 0)
(-0.0823185 -0.837095 0)
(1.79814e-265 0.0134123 0)
(-0.0136122 0.44188 0)
(-0.117822 1.04006 0)
(-0.2979 1.42505 0)
(-0.495577 1.62832 0)
(-0.707959 1.71954 0)
(-0.918653 1.70635 0)
(-1.12407 1.62515 0)
(-1.32636 1.46609 0)
(-1.51913 1.23682 0)
(-1.7059 0.927319 0)
(-1.87703 0.530826 0)
(-2.02374 0.054143 0)
(-2.13403 -0.507512 0)
(-2.17043 -1.10783 0)
(-2.12901 -1.72392 0)
(-1.92719 -2.23672 0)
(-1.61786 -2.56001 0)
(-1.08968 -2.51458 0)
(-0.590634 -1.99995 0)
(-0.0765637 -1.14746 0)
(0.0536493 -0.0780733 0)
(-0.0166384 0.49565 0)
(-0.11917 1.16694 0)
(-0.29558 1.59723 0)
(-0.479577 1.81581 0)
(-0.668576 1.91391 0)
(-0.851812 1.89741 0)
(-1.02278 1.81419 0)
(-1.19381 1.65129 0)
(-1.35522 1.41922 0)
(-1.52249 1.10492 0)
(-1.68299 0.697339 0)
(-1.84175 0.199893 0)
(-1.98181 -0.404627 0)
(-2.07849 -1.07251 0)
(-2.11442 -1.79985 0)
(-2.00261 -2.45577 0)
(-1.77172 -2.95789 0)
(-1.24477 -3.04748 0)
(-0.717657 -2.55881 0)
(0.0439376 -1.48872 0)
(2.47968e-231 -0.0134123 0)
(-0.0209289 0.580685 0)
(-0.118898 1.32206 0)
(-0.284328 1.78937 0)
(-0.444201 2.00246 0)
(-0.595909 2.09502 0)
(-0.73598 2.06101 0)
(-0.854426 1.96926 0)
(-0.974454 1.79878 0)
(-1.08266 1.56644 0)
(-1.20693 1.25529 0)
(-1.33252 0.850214 0)
(-1.47969 0.353174 0)
(-1.63051 -0.270645 0)
(-1.77777 -0.975476 0)
(-1.89852 -1.79854 0)
(-1.91228 -2.58345 0)
(-1.81843 -3.31601 0)
(-1.39975 -3.58687 0)
(-0.892656 -3.28193 0)
(-0.0029016 -1.90325 0)
(5.83603e-202 4.59e-184 0)
(-0.0366928 0.628624 0)
(-0.14793 1.4243 0)
(-0.312774 1.91889 0)
(-0.447349 2.12204 0)
(-0.544767 2.20432 0)
(-0.624039 2.15272 0)
(-0.663924 2.05266 0)
(-0.709507 1.87855 0)
(-0.736636 1.65247 0)
(-0.792699 1.3558 0)
(-0.853682 0.971702 0)
(-0.964401 0.500685 0)
(-1.09536 -0.103074 0)
(-1.27955 -0.800248 0)
(-1.46829 -1.65705 0)
(-1.6411 -2.53231 0)
(-1.71865 -3.45359 0)
(-1.51947 -3.98168 0)
(-1.10554 -3.93188 0)
(-0.0115071 -2.41187 0)
(1.836e-183 -1.54908e-184 0)
(-0.0552431 0.773574 0)
(-0.18107 1.60248 0)
(-0.335365 2.09843 0)
(-0.431607 2.23595 0)
(-0.458777 2.27907 0)
(-0.460114 2.18105 0)
(-0.404434 2.05921 0)
(-0.356804 1.87251 0)
(-0.28367 1.6517 0)
(-0.248485 1.37396 0)
(-0.219987 1.02213 0)
(-0.261642 0.597465 0)
(-0.339419 0.0430336 0)
(-0.51643 -0.59895 0)
(-0.745362 -1.43998 0)
(-1.05238 -2.32941 0)
(-1.35381 -3.44216 0)
(-1.48298 -4.2065 0)
(-1.39142 -4.80653 0)
(-0.466539 -3.05607 0)
(4.40274e-254 -4.59e-184 0)
(-0.121118 0.8513 0)
(-0.3148 1.69138 0)
(-0.460574 2.16456 0)
(-0.50751 2.23589 0)
(-0.416 2.23228 0)
(-0.305828 2.09355 0)
(-0.111511 1.95048 0)
(0.0585375 1.75695 0)
(0.261993 1.54593 0)
(0.409665 1.29476 0)
(0.5519 0.987313 0)
(0.596454 0.626285 0)
(0.603206 0.155555 0)
(0.44841 -0.384846 0)
(0.234816 -1.11311 0)
(-0.228848 -1.91284 0)
(-0.687534 -2.99688 0)
(-1.43872 -3.94286 0)
(-1.63775 -4.85725 0)
(-2.07445 -3.87953 0)
(-2.59731e-264 -0.21628 0)
(-0.177798 1.2313 0)
(-0.413561 1.94635 0)
(-0.494988 2.31364 0)
(-0.442175 2.19157 0)
(-0.197204 2.09121 0)
(0.0566017 1.87607 0)
(0.405656 1.70142 0)
(0.713791 1.4991 0)
(1.05369 1.3028 0)
(1.32238 1.08601 0)
(1.58209 0.835004 0)
(1.72821 0.551308 0)
(1.8321 0.187808 0)
(1.75224 -0.221061 0)
(1.59717 -0.773715 0)
(1.14733 -1.39089 0)
(0.606169 -2.26412 0)
(-0.331415 -3.2124 0)
(-1.07168 -4.26159 0)
(-1.83994 -4.5428 0)
(-0.865119 -2.31859 0)
(-0.400672 1.40854 0)
(-0.724999 1.97993 0)
(-0.515474 2.18743 0)
(-0.230413 1.92104 0)
(0.331553 1.73436 0)
(0.801294 1.48255 0)
(1.36197 1.2952 0)
(1.8234 1.10683 0)
(2.30126 0.939377 0)
(2.67538 0.769441 0)
(3.03149 0.584059 0)
(3.2505 0.385093 0)
(3.42975 0.135032 0)
(3.39665 -0.134344 0)
(3.31151 -0.504795 0)
(2.87791 -0.900167 0)
(2.40002 -1.51941 0)
(1.37303 -2.23586 0)
(0.464589 -3.35466 0)
(-0.704153 -4.00789 0)
(-0.70167 -2.96442 0)
(-0.257734 2.41896 0)
(-0.105633 2.0558 0)
(0.682045 1.86937 0)
(1.33142 1.33619 0)
(2.15178 1.07938 0)
(2.78424 0.838323 0)
(3.4442 0.685205 0)
(3.96264 0.555419 0)
(4.46706 0.45132 0)
(4.85141 0.355575 0)
(5.20612 0.258494 0)
(5.42369 0.158554 0)
(5.60261 0.038466 0)
(5.58463 -0.0899787 0)
(5.52845 -0.265084 0)
(5.15862 -0.458023 0)
(4.76626 -0.791019 0)
(3.83289 -1.24489 0)
(2.86843 -2.25326 0)
(1.09329 -3.33045 0)
(-0.0465195 -3.79868 0)
(1.66679 1.66912 0)
(2.70105 0.974149 0)
(4.54041 0.74812 0)
(5.37964 0.423933 0)
(6.24893 0.286831 0)
(6.76194 0.178622 0)
(7.24487 0.121823 0)
(7.57137 0.0813174 0)
(7.87174 0.0546359 0)
(8.07557 0.0338007 0)
(8.25783 0.0152126 0)
(8.34634 -0.00220201 0)
(8.4173 -0.023355 0)
(8.35768 -0.0440836 0)
(8.2948 -0.0792296 0)
(8.00622 -0.111943 0)
(7.74963 -0.200813 0)
(6.9953 -0.293124 0)
(6.26197 -0.624839 0)
(4.04564 -0.997059 0)
(2.00491 -1.81759 0)
)
;

boundaryField
{
    movingWall
    {
        type            fixedValue;
        value           uniform (10 0 0);
    }
    fixedWalls
    {
        type            noSlip;
    }
    frontAndBack
    {
        type            empty;
    }
}


// ************************************************************************* //
