/*--------------------------------*- C++ -*----------------------------------*\
| =========                 |                                                 |
| \\      /  F ield         | OpenFOAM: The Open Source CFD Toolbox           |
|  \\    /   O peration     | Version:  4.1                                   |
|   \\  /    A nd           | Web:      www.OpenFOAM.org                      |
|    \\/     M anipulation  |                                                 |
\*---------------------------------------------------------------------------*/
FoamFile
{
    version     2.0;
    format      ascii;
    class       volVectorField;
    location    "0.0543";
    object      U;
}
// * * * * * * * * * * * * * * * * * * * * * * * * * * * * * * * * * * * * * //

dimensions      [0 1 -1 0 0 0 0];

internalField   nonuniform List<vector> 
441
(
(0.00341718 -0.0046071 0)
(0.00876437 -0.0025619 0)
(-0.000640487 -2.1792e-165 0)
(0.0017578 -2.89537e-266 0)
(-0.00866775 -0.00703181 0)
(-0.0017578 -2.78312e-232 0)
(-1.0921e-202 -4.79751e-203 0)
(-1.19921e-203 -6.18982e-228 0)
(-1.53779e-212 -2.65406e-213 0)
(-0.00546369 8.18154e-266 0)
(-0.066199 0.021857 0)
(-0.0837109 0.0116049 0)
(-0.0952042 0.00548217 0)
(-0.0852001 0.000663456 0)
(-0.0720207 -0.00117261 0)
(-0.0502946 -0.00252193 0)
(-0.031117 -0.00192589 0)
(-0.0130035 -0.00166373 0)
(-0.000968595 0.000317326 0)
(0.0024249 0.000987411 0)
(0.00406213 0.00258524 0)
(0.00333927 -0.00737975 0)
(-0.00193614 0.00657855 0)
(-0.0270072 0.00786488 0)
(-0.0563227 0.0105611 0)
(-0.0993014 0.00975613 0)
(-0.138666 -0.00390036 0)
(-0.175046 -0.000335365 0)
(-0.209348 0.00138069 0)
(-0.239455 0.0115652 0)
(-0.26996 0.0587959 0)
(-0.291067 0.0544958 0)
(-0.286393 0.0177431 0)
(-0.275126 -0.00446916 0)
(-0.24048 -0.0245506 0)
(-0.199718 -0.0338184 0)
(-0.146673 -0.0395802 0)
(-0.0977507 -0.0351494 0)
(-0.0523321 -0.0297004 0)
(-0.0198823 -0.0152591 0)
(-0.00396906 -0.00676057 0)
(0.00426109 0.00411945 0)
(0.00675502 -0.00654456 0)
(-0.00556184 0.0273992 0)
(-0.0511098 0.053018 0)
(-0.111275 0.0700209 0)
(-0.183385 0.0742429 0)
(-0.257275 0.0719716 0)
(-0.335326 0.068187 0)
(-0.397073 0.0622827 0)
(-0.45765 0.0582829 0)
(-0.48617 0.0557517 0)
(-0.481666 0.0391662 0)
(-0.466377 -0.00322255 0)
(-0.436489 -0.0397743 0)
(-0.382694 -0.0745854 0)
(-0.318397 -0.0940501 0)
(-0.238642 -0.104773 0)
(-0.163533 -0.0951246 0)
(-0.0924433 -0.0800293 0)
(-0.0404575 -0.0469681 0)
(-0.0103164 -0.0235763 0)
(0.00562742 0.003316 0)
(0.00598495 -0.0088218 0)
(-0.0142506 0.0660811 0)
(-0.0874209 0.113621 0)
(-0.172288 0.145032 0)
(-0.271085 0.156102 0)
(-0.369206 0.150591 0)
(-0.464557 0.140959 0)
(-0.545759 0.124494 0)
(-0.612048 0.102786 0)
(-0.650493 0.0803073 0)
(-0.657861 0.0344617 0)
(-0.637963 -0.0284985 0)
(-0.597261 -0.0882699 0)
(-0.525891 -0.143746 0)
(-0.440073 -0.177668 0)
(-0.333794 -0.195884 0)
(-0.232373 -0.180783 0)
(-0.134158 -0.154389 0)
(-0.0616204 -0.0965441 0)
(-0.0160588 -0.0542073 0)
(0.00743039 -0.00019775 0)
(6.36277e-165 0.00149624 0)
(-0.0211236 0.120378 0)
(-0.124851 0.210307 0)
(-0.229525 0.252365 0)
(-0.353122 0.270171 0)
(-0.471875 0.263774 0)
(-0.588948 0.243597 0)
(-0.686859 0.20881 0)
(-0.767893 0.162414 0)
(-0.815342 0.102217 0)
(-0.82984 0.0270563 0)
(-0.811386 -0.0635868 0)
(-0.7643 -0.151086 0)
(-0.679249 -0.232094 0)
(-0.573555 -0.285063 0)
(-0.439023 -0.313295 0)
(-0.309074 -0.293291 0)
(-0.177584 -0.251844 0)
(-0.0824041 -0.163394 0)
(-0.016635 -0.0934614 0)
(0.0139939 -0.00449857 0)
(-5.1808e-266 0.00524335 0)
(-0.0800356 0.195368 0)
(-0.173225 0.320217 0)
(-0.297971 0.375053 0)
(-0.432085 0.39838 0)
(-0.568658 0.38746 0)
(-0.699594 0.356549 0)
(-0.814452 0.303689 0)
(-0.90919 0.232073 0)
(-0.972451 0.141504 0)
(-1.00274 0.030783 0)
(-0.992119 -0.0950183 0)
(-0.946162 -0.220148 0)
(-0.851375 -0.336019 0)
(-0.727846 -0.417408 0)
(-0.56332 -0.462702 0)
(-0.400571 -0.441161 0)
(-0.229519 -0.384084 0)
(-0.106438 -0.25558 0)
(-0.0162824 -0.153758 0)
(0.0160785 -0.00163788 0)
(-0.0209734 0.0846353 0)
(-0.111003 0.29023 0)
(-0.218258 0.428644 0)
(-0.355125 0.509536 0)
(-0.505964 0.540161 0)
(-0.658934 0.529966 0)
(-0.808285 0.488702 0)
(-0.941642 0.417578 0)
(-1.05601 0.320244 0)
(-1.13862 0.195539 0)
(-1.1877 0.0472165 0)
(-1.19096 -0.120457 0)
(-1.15208 -0.290839 0)
(-1.05273 -0.451266 0)
(-0.9145 -0.57164 0)
(-0.717786 -0.642283 0)
(-0.518856 -0.624823 0)
(-0.295177 -0.548264 0)
(-0.141784 -0.373471 0)
(-0.00370446 -0.217748 0)
(5.79435e-266 -0.00401964 0)
(-0.0153173 0.139564 0)
(-0.105633 0.39377 0)
(-0.238779 0.56495 0)
(-0.394655 0.663562 0)
(-0.564226 0.702508 0)
(-0.735526 0.690131 0)
(-0.902993 0.639624 0)
(-1.05713 0.551333 0)
(-1.19344 0.429471 0)
(-1.30067 0.272658 0)
(-1.37481 0.0835208 0)
(-1.39956 -0.131692 0)
(-1.37624 -0.357889 0)
(-1.28023 -0.575711 0)
(-1.13281 -0.751633 0)
(-0.906112 -0.862252 0)
(-0.666505 -0.862089 0)
(-0.384148 -0.767196 0)
(-0.185643 -0.542524 0)
(-0.00284897 -0.3048 0)
(2.38531e-24 -1.1985e-24 0)
(-0.0135563 0.202263 0)
(-0.10958 0.511929 0)
(-0.259471 0.716209 0)
(-0.430684 0.833271 0)
(-0.617372 0.879871 0)
(-0.805165 0.867269 0)
(-0.990758 0.809523 0)
(-1.1655 0.706974 0)
(-1.32529 0.563585 0)
(-1.45947 0.376295 0)
(-1.56235 0.14668 0)
(-1.61529 -0.119552 0)
(-1.61595 -0.408804 0)
(-1.53347 -0.69593 0)
(-1.38646 -0.943598 0)
(-1.13589 -1.11153 0)
(-0.856787 -1.14317 0)
(-0.50688 -1.03404 0)
(-0.252118 -0.747401 0)
(-0.00450946 -0.410712 0)
(9.79256e-77 -5.96329e-25 0)
(-0.0119513 0.263356 0)
(-0.109321 0.641368 0)
(-0.270748 0.886875 0)
(-0.453203 1.02211 0)
(-0.652723 1.07752 0)
(-0.853535 1.06355 0)
(-1.05321 1.00027 0)
(-1.24569 0.885482 0)
(-1.42638 0.723626 0)
(-1.5871 0.508997 0)
(-1.72016 0.239597 0)
(-1.80631 -0.0793009 0)
(-1.83927 -0.439165 0)
(-1.78254 -0.807787 0)
(-1.64941 -1.14844 0)
(-1.38806 -1.39763 0)
(-1.0756 -1.48957 0)
(-0.65597 -1.38166 0)
(-0.333078 -1.03945 0)
(-0.00621097 -0.571478 0)
(2.73586e-164 -2.44814e-77 0)
(-0.012384 0.320274 0)
(-0.113717 0.769028 0)
(-0.28478 1.05792 0)
(-0.475143 1.21309 0)
(-0.68205 1.27862 0)
(-0.889646 1.26582 0)
(-1.09581 1.20064 0)
(-1.29837 1.0787 0)
(-1.49191 0.904581 0)
(-1.67295 0.669202 0)
(-1.83158 0.366393 0)
(-1.95171 -0.000914796 0)
(-2.02224 -0.430742 0)
(-2.00465 -0.88677 0)
(-1.9035 -1.33489 0)
(-1.6541 -1.68898 0)
(-1.32776 -1.87045 0)
(-0.850687 -1.78429 0)
(-0.456391 -1.3859 0)
(-0.0743786 -0.756158 0)
(1.71544e-265 0.0127244 0)
(-0.0134927 0.390423 0)
(-0.115493 0.915936 0)
(-0.290559 1.24985 0)
(-0.481666 1.42012 0)
(-0.686895 1.49322 0)
(-0.891309 1.47728 0)
(-1.09219 1.40962 0)
(-1.29242 1.28108 0)
(-1.48534 1.09828 0)
(-1.67401 0.847834 0)
(-1.84717 0.518257 0)
(-1.99488 0.110203 0)
(-2.10301 -0.385904 0)
(-2.13435 -0.928895 0)
(-2.08427 -1.49816 0)
(-1.87542 -1.97992 0)
(-1.56191 -2.29204 0)
(-1.04304 -2.26689 0)
(-0.56036 -1.81012 0)
(-0.0728151 -1.04694 0)
(0.0508978 -0.0701665 0)
(-0.017414 0.444925 0)
(-0.12479 1.04317 0)
(-0.306646 1.42121 0)
(-0.495495 1.60613 0)
(-0.689471 1.68644 0)
(-0.878489 1.66852 0)
(-1.05668 1.60074 0)
(-1.23638 1.47021 0)
(-1.4072 1.28577 0)
(-1.58348 1.03035 0)
(-1.75067 0.687776 0)
(-1.9121 0.255146 0)
(-2.04846 -0.288933 0)
(-2.13459 -0.904951 0)
(-2.1521 -1.58885 0)
(-2.01869 -2.21327 0)
(-1.76485 -2.6966 0)
(-1.22753 -2.79447 0)
(-0.6989 -2.34962 0)
(0.0386605 -1.37415 0)
(2.35004e-231 -0.0127244 0)
(-0.022635 0.535532 0)
(-0.132785 1.20823 0)
(-0.314629 1.62439 0)
(-0.491386 1.80403 0)
(-0.660688 1.87932 0)
(-0.818725 1.84477 0)
(-0.955735 1.76938 0)
(-1.09413 1.63155 0)
(-1.21947 1.44596 0)
(-1.35805 1.19108 0)
(-1.4934 0.846543 0)
(-1.64398 0.407739 0)
(-1.79001 -0.163812 0)
(-1.92306 -0.825966 0)
(-2.01917 -1.61354 0)
(-2.00007 -2.37165 0)
(-1.86807 -3.08247 0)
(-1.41672 -3.35089 0)
(-0.888286 -3.07065 0)
(-0.00351151 -1.78221 0)
(5.70247e-202 4.53141e-184 0)
(-0.0391585 0.593284 0)
(-0.168886 1.32909 0)
(-0.359947 1.77594 0)
(-0.522351 1.94667 0)
(-0.648838 2.01216 0)
(-0.75674 1.96012 0)
(-0.824528 1.87584 0)
(-0.89558 1.73264 0)
(-0.944563 1.55009 0)
(-1.01705 1.30484 0)
(-1.08794 0.974841 0)
(-1.20073 0.554077 0)
(-1.32524 -0.00687011 0)
(-1.49322 -0.671962 0)
(-1.6553 -1.50413 0)
(-1.79067 -2.36135 0)
(-1.82201 -3.26419 0)
(-1.5748 -3.7832 0)
(-1.12055 -3.74003 0)
(-0.0109422 -2.29214 0)
(1.81256e-183 -2.1666e-185 0)
(-0.0581257 0.75152 0)
(-0.206354 1.53332 0)
(-0.393536 1.98724 0)
(-0.525527 2.09428 0)
(-0.590163 2.12082 0)
(-0.627651 2.02116 0)
(-0.605871 1.91244 0)
(-0.587384 1.75233 0)
(-0.537383 1.56915 0)
(-0.517514 1.3357 0)
(-0.496145 1.03002 0)
(-0.536263 0.647213 0)
(-0.604551 0.126827 0)
(-0.763806 -0.492607 0)
(-0.967002 -1.31931 0)
(-1.23805 -2.2015 0)
(-1.49433 -3.30342 0)
(-1.56866 -4.05949 0)
(-1.42648 -4.65224 0)
(-0.461207 -2.94965 0)
(4.37511e-254 -4.53141e-184 0)
(-0.123729 0.84371 0)
(-0.339432 1.65135 0)
(-0.519499 2.08987 0)
(-0.60482 2.13358 0)
(-0.554256 2.1135 0)
(-0.483278 1.97089 0)
(-0.325085 1.83652 0)
(-0.184891 1.66315 0)
(-0.00377493 1.48173 0)
(0.130969 1.26596 0)
(0.269579 0.99569 0)
(0.319843 0.668328 0)
(0.339637 0.224254 0)
(0.204738 -0.30017 0)
(0.0153356 -1.02185 0)
(-0.416576 -1.82285 0)
(-0.838601 -2.90749 0)
(-1.53793 -3.85013 0)
(-1.6887 -4.75844 0)
(-2.064 -3.79496 0)
(-2.55327e-264 -0.21391 0)
(-0.17909 1.23602 0)
(-0.430764 1.9334 0)
(-0.540709 2.2749 0)
(-0.522041 2.1293 0)
(-0.315246 2.01312 0)
(-0.0987723 1.79167 0)
(0.215396 1.62068 0)
(0.494711 1.43116 0)
(0.813293 1.25539 0)
(1.07029 1.0641 0)
(1.328 0.840517 0)
(1.48176 0.582043 0)
(1.60084 0.238494 0)
(1.54217 -0.158817 0)
(1.41096 -0.708668 0)
(0.987902 -1.33096 0)
(0.474433 -2.2127 0)
(-0.42761 -3.16536 0)
(-1.12909 -4.21506 0)
(-1.85027 -4.49175 0)
(-0.85564 -2.30379 0)
(-0.399871 1.41914 0)
(-0.729068 1.98426 0)
(-0.535529 2.17531 0)
(-0.27383 1.8913 0)
(0.258468 1.69131 0)
(0.696858 1.43247 0)
(1.22639 1.24511 0)
(1.66076 1.06329 0)
(2.11758 0.908049 0)
(2.47926 0.754115 0)
(2.83214 0.586438 0)
(3.05758 0.40404 0)
(3.2511 0.167181 0)
(3.2386 -0.09463 0)
(3.17651 -0.463807 0)
(2.76712 -0.863992 0)
(2.31055 -1.49204 0)
(1.30568 -2.21628 0)
(0.418676 -3.33964 0)
(-0.723319 -3.99108 0)
(-0.69875 -2.9613 0)
(-0.25557 2.42681 0)
(-0.0986047 2.06372 0)
(0.686798 1.87025 0)
(1.32576 1.3276 0)
(2.12795 1.06295 0)
(2.73798 0.817166 0)
(3.37347 0.663126 0)
(3.86923 0.535914 0)
(4.35505 0.437393 0)
(4.72762 0.349186 0)
(5.07836 0.260457 0)
(5.30045 0.168241 0)
(5.49104 0.0540053 0)
(5.4904 -0.0714628 0)
(5.45375 -0.247009 0)
(5.10356 -0.443242 0)
(4.72715 -0.782049 0)
(3.80641 -1.24084 0)
(2.85087 -2.25331 0)
(1.08518 -3.32848 0)
(-0.0448352 -3.79998 0)
(1.66854 1.67084 0)
(2.70854 0.976088 0)
(4.55161 0.749169 0)
(5.38924 0.423453 0)
(6.25153 0.28502 0)
(6.75388 0.176041 0)
(7.22432 0.119184 0)
(7.53901 0.0792149 0)
(7.82988 0.0535603 0)
(8.02828 0.0339753 0)
(8.20966 0.0166551 0)
(8.30223 0.000221284 0)
(8.38092 -0.020394 0)
(8.3318 -0.0412146 0)
(8.27949 -0.0770237 0)
(8.0006 -0.110866 0)
(7.75003 -0.201098 0)
(6.99868 -0.294482 0)
(6.26485 -0.626992 0)
(4.04715 -0.99904 0)
(2.00728 -1.8201 0)
)
;

boundaryField
{
    movingWall
    {
        type            fixedValue;
        value           uniform (10 0 0);
    }
    fixedWalls
    {
        type            noSlip;
    }
    frontAndBack
    {
        type            empty;
    }
}


// ************************************************************************* //
