/*--------------------------------*- C++ -*----------------------------------*\
| =========                 |                                                 |
| \\      /  F ield         | OpenFOAM: The Open Source CFD Toolbox           |
|  \\    /   O peration     | Version:  4.1                                   |
|   \\  /    A nd           | Web:      www.OpenFOAM.org                      |
|    \\/     M anipulation  |                                                 |
\*---------------------------------------------------------------------------*/
FoamFile
{
    version     2.0;
    format      ascii;
    class       volVectorField;
    location    "0.102042";
    object      U;
}
// * * * * * * * * * * * * * * * * * * * * * * * * * * * * * * * * * * * * * //

dimensions      [0 1 -1 0 0 0 0];

internalField   nonuniform List<vector> 
441
(
(0.000839161 -0.000810159 0)
(0.000201602 9.4809e-05 0)
(-0.00449498 0.000944004 0)
(-0.012097 0.00163522 0)
(-0.0218685 0.00197878 0)
(-0.0324125 0.00209294 0)
(-0.0428464 0.00198818 0)
(-0.0522019 0.00172432 0)
(-0.0597751 0.00131587 0)
(-0.0649065 0.000789702 0)
(-0.0671191 0.000168792 0)
(-0.0660856 -0.000507203 0)
(-0.0617468 -0.00118036 0)
(-0.0543202 -0.00177848 0)
(-0.0444286 -0.00220762 0)
(-0.032982 -0.00239194 0)
(-0.0213443 -0.00223581 0)
(-0.01084 -0.00174617 0)
(-0.00314642 -0.000870419 0)
(0.000997813 8.66163e-05 0)
(0.000984064 0.000939684 0)
(6.79618e-06 -0.000258257 0)
(-0.00590158 0.00589802 0)
(-0.0204378 0.0121214 0)
(-0.040911 0.0169864 0)
(-0.0657665 0.0196344 0)
(-0.0921056 0.020281 0)
(-0.117842 0.019077 0)
(-0.140751 0.0163144 0)
(-0.15911 0.0122123 0)
(-0.17138 0.0070337 0)
(-0.176461 0.00108473 0)
(-0.173673 -0.00522327 0)
(-0.162957 -0.0113598 0)
(-0.144912 -0.0166959 0)
(-0.120996 -0.0205346 0)
(-0.093313 -0.0222587 0)
(-0.0648332 -0.0213537 0)
(-0.0384854 -0.0177737 0)
(-0.017751 -0.0117182 0)
(-0.00421958 -0.0047637 0)
(0.000318798 0.00107934 0)
(-0.00091312 0.00443797 0)
(-0.0130717 0.0205804 0)
(-0.0376484 0.0354599 0)
(-0.0699822 0.0466322 0)
(-0.107855 0.0526352 0)
(-0.14728 0.0536983 0)
(-0.185367 0.0501552 0)
(-0.219035 0.0426187 0)
(-0.24586 0.0316689 0)
(-0.263706 0.018002 0)
(-0.271057 0.00245419 0)
(-0.266991 -0.0138994 0)
(-0.25145 -0.029721 0)
(-0.225265 -0.0434608 0)
(-0.190422 -0.0534594 0)
(-0.149782 -0.0582401 0)
(-0.107384 -0.0566723 0)
(-0.0672423 -0.0486123 0)
(-0.034237 -0.0347162 0)
(-0.0107508 -0.0180347 0)
(-0.000442113 -0.00244122 0)
(-0.00181134 0.0128363 0)
(-0.0201891 0.043115 0)
(-0.0545515 0.0688956 0)
(-0.0979793 0.0873894 0)
(-0.147578 0.0969343 0)
(-0.198419 0.0978991 0)
(-0.247058 0.0908898 0)
(-0.289822 0.0769033 0)
(-0.323836 0.0569635 0)
(-0.346559 0.0322959 0)
(-0.35617 0.00438279 0)
(-0.351539 -0.0249014 0)
(-0.33252 -0.0532543 0)
(-0.299997 -0.0780228 0)
(-0.256209 -0.0963819 0)
(-0.204456 -0.105776 0)
(-0.149555 -0.104259 0)
(-0.0963905 -0.0914153 0)
(-0.0512602 -0.0682489 0)
(-0.0175114 -0.0390936 0)
(-0.0011861 -0.00936165 0)
(-0.00255223 0.0249332 0)
(-0.0266904 0.0736936 0)
(-0.0703406 0.112709 0)
(-0.124242 0.139478 0)
(-0.18478 0.152612 0)
(-0.246121 0.152847 0)
(-0.3044 0.141212 0)
(-0.355514 0.119171 0)
(-0.396291 0.0882584 0)
(-0.423898 0.0502858 0)
(-0.436259 0.00744129 0)
(-0.431994 -0.0375304 0)
(-0.410745 -0.0812647 0)
(-0.373244 -0.119861 0)
(-0.321743 -0.149126 0)
(-0.259745 -0.165153 0)
(-0.192702 -0.164866 0)
(-0.126355 -0.147248 0)
(-0.0686444 -0.113384 0)
(-0.0241731 -0.0686477 0)
(-0.00180151 -0.0198122 0)
(-0.00322027 0.0402122 0)
(-0.0326877 0.111471 0)
(-0.0850547 0.165875 0)
(-0.148788 0.201716 0)
(-0.219559 0.218372 0)
(-0.29068 0.217245 0)
(-0.357968 0.199991 0)
(-0.417017 0.168632 0)
(-0.464482 0.125255 0)
(-0.497321 0.0722504 0)
(-0.513223 0.0124866 0)
(-0.510498 -0.0504463 0)
(-0.48843 -0.112117 0)
(-0.447382 -0.167301 0)
(-0.389357 -0.210258 0)
(-0.317811 -0.235402 0)
(-0.23869 -0.238091 0)
(-0.158596 -0.216178 0)
(-0.0873909 -0.17038 0)
(-0.0312735 -0.106816 0)
(-0.00242661 -0.033642 0)
(-0.00382065 0.058505 0)
(-0.0382269 0.156106 0)
(-0.098724 0.227987 0)
(-0.17161 0.273683 0)
(-0.251871 0.293814 0)
(-0.33205 0.290771 0)
(-0.407746 0.267065 0)
(-0.474382 0.225377 0)
(-0.528551 0.168371 0)
(-0.567093 0.0989639 0)
(-0.587482 0.0206188 0)
(-0.587669 -0.0623308 0)
(-0.566437 -0.144458 0)
(-0.523551 -0.219194 0)
(-0.460466 -0.279086 0)
(-0.380283 -0.31649 0)
(-0.289206 -0.324613 0)
(-0.194637 -0.299435 0)
(-0.108622 -0.240647 0)
(-0.0393716 -0.154713 0)
(-0.00313825 -0.0512914 0)
(-0.00439334 0.0795641 0)
(-0.043405 0.207051 0)
(-0.111416 0.2983 0)
(-0.192643 0.354498 0)
(-0.28143 0.378008 0)
(-0.36967 0.372554 0)
(-0.452872 0.341764 0)
(-0.52645 0.289078 0)
(-0.587084 0.21774 0)
(-0.631618 0.131099 0)
(-0.657377 0.033054 0)
(-0.661945 -0.0715073 0)
(-0.643493 -0.176336 0)
(-0.600967 -0.2736 0)
(-0.53493 -0.354041 0)
(-0.44771 -0.407562 0)
(-0.34536 -0.424529 0)
(-0.235839 -0.398023 0)
(-0.13353 -0.325737 0)
(-0.0491372 -0.213777 0)
(-0.00406263 -0.0734152 0)
(-0.00494758 0.103208 0)
(-0.0482811 0.263815 0)
(-0.123153 0.376054 0)
(-0.211718 0.443176 0)
(-0.307709 0.469845 0)
(-0.402527 0.461488 0)
(-0.491757 0.423148 0)
(-0.571026 0.359123 0)
(-0.637296 0.273236 0)
(-0.687608 0.169131 0)
(-0.719272 0.0509293 0)
(-0.729583 -0.0762059 0)
(-0.716054 -0.205495 0)
(-0.676638 -0.328058 0)
(-0.61063 -0.432882 0)
(-0.519065 -0.507097 0)
(-0.407191 -0.537481 0)
(-0.283002 -0.512889 0)
(-0.163114 -0.427586 0)
(-0.0612121 -0.286051 0)
(-0.00531475 -0.101084 0)
(-0.00553403 0.129394 0)
(-0.0529867 0.326022 0)
(-0.134013 0.46045 0)
(-0.228628 0.538463 0)
(-0.329959 0.56773 0)
(-0.429135 0.555807 0)
(-0.522027 0.509512 0)
(-0.604776 0.434105 0)
(-0.674884 0.333986 0)
(-0.729872 0.212931 0)
(-0.767262 0.0750168 0)
(-0.784252 -0.0746827 0)
(-0.777773 -0.229284 0)
(-0.74471 -0.379266 0)
(-0.682747 -0.512145 0)
(-0.591027 -0.612157 0)
(-0.473066 -0.661837 0)
(-0.335985 -0.644196 0)
(-0.198041 -0.548055 0)
(-0.0762511 -0.374003 0)
(-0.00706029 -0.135788 0)
(-0.00620691 0.157928 0)
(-0.0578068 0.392993 0)
(-0.144321 0.550201 0)
(-0.243379 0.638373 0)
(-0.347477 0.669141 0)
(-0.44779 0.652672 0)
(-0.540759 0.597995 0)
(-0.623444 0.511441 0)
(-0.694221 0.39799 0)
(-0.75146 0.261374 0)
(-0.79324 0.105338 0)
(-0.816994 -0.065563 0)
(-0.819303 -0.244902 0)
(-0.796093 -0.423136 0)
(-0.743199 -0.586921 0)
(-0.657308 -0.717849 0)
(-0.539015 -0.793864 0)
(-0.393215 -0.79039 0)
(-0.238418 -0.688146 0)
(-0.0948983 -0.480045 0)
(-0.00949997 -0.179263 0)
(-0.00717713 0.189443 0)
(-0.0633426 0.464984 0)
(-0.154704 0.644596 0)
(-0.256129 0.740934 0)
(-0.35944 0.77106 0)
(-0.456376 0.748325 0)
(-0.544302 0.684525 0)
(-0.621728 0.587153 0)
(-0.688285 0.461781 0)
(-0.743656 0.311919 0)
(-0.786893 0.140685 0)
(-0.816152 -0.0483442 0)
(-0.82809 -0.249859 0)
(-0.818036 -0.45514 0)
(-0.779974 -0.650994 0)
(-0.707763 -0.81715 0)
(-0.597752 -0.927262 0)
(-0.450861 -0.947629 0)
(-0.283322 -0.847713 0)
(-0.117749 -0.606787 0)
(-0.0129723 -0.234066 0)
(-0.0087088 0.223862 0)
(-0.0708016 0.541007 0)
(-0.166644 0.741294 0)
(-0.267813 0.84219 0)
(-0.36545 0.86832 0)
(-0.452786 0.836828 0)
(-0.528602 0.762897 0)
(-0.593572 0.655205 0)
(-0.648993 0.519922 0)
(-0.696366 0.36017 0)
(-0.736172 0.178199 0)
(-0.767875 -0.0238111 0)
(-0.788808 -0.242347 0)
(-0.794382 -0.470505 0)
(-0.777083 -0.696649 0)
(-0.728008 -0.900109 0)
(-0.638017 -1.05155 0)
(-0.502141 -1.10739 0)
(-0.330366 -1.02281 0)
(-0.145336 -0.754835 0)
(-0.0179175 -0.302423 0)
(-0.0116029 0.264642 0)
(-0.082045 0.62389 0)
(-0.181687 0.840629 0)
(-0.278731 0.939302 0)
(-0.363781 0.955687 0)
(-0.433161 0.911334 0)
(-0.487644 0.825482 0)
(-0.530956 0.707829 0)
(-0.566404 0.565056 0)
(-0.597767 0.399697 0)
(-0.627319 0.212934 0)
(-0.656401 0.00523226 0)
(-0.683711 -0.222286 0)
(-0.705726 -0.465549 0)
(-0.714271 -0.716185 0)
(-0.6985 -0.955306 0)
(-0.643023 -1.15324 0)
(-0.535474 -1.25736 0)
(-0.374162 -1.20669 0)
(-0.177655 -0.924772 0)
(-0.0251547 -0.388916 0)
(-0.0168617 0.31142 0)
(-0.100711 0.710451 0)
(-0.203081 0.936345 0)
(-0.290057 1.02314 0)
(-0.35225 1.02251 0)
(-0.39214 0.960673 0)
(-0.413245 0.861327 0)
(-0.423497 0.734721 0)
(-0.428403 0.587791 0)
(-0.434291 0.422273 0)
(-0.445321 0.238186 0)
(-0.465047 0.0341921 0)
(-0.49409 -0.191264 0)
(-0.53112 -0.43768 0)
(-0.568608 -0.701606 0)
(-0.595636 -0.968626 0)
(-0.590822 -1.21285 0)
(-0.534186 -1.37583 0)
(-0.405727 -1.38173 0)
(-0.214122 -1.10847 0)
(-0.0356623 -0.494604 0)
(-0.0269436 0.378446 0)
(-0.129632 0.811236 0)
(-0.228985 1.03136 0)
(-0.29476 1.08892 0)
(-0.318765 1.05957 0)
(-0.314212 0.973517 0)
(-0.287828 0.858649 0)
(-0.252823 0.724554 0)
(-0.216618 0.577676 0)
(-0.187941 0.418494 0)
(-0.172432 0.245729 0)
(-0.175704 0.0563305 0)
(-0.200411 -0.153825 0)
(-0.248351 -0.388007 0)
(-0.3142 -0.64885 0)
(-0.390064 -0.92917 0)
(-0.450656 -1.21223 0)
(-0.471059 -1.44015 0)
(-0.406614 -1.52873 0)
(-0.249971 -1.30021 0)
(-0.0510966 -0.629557 0)
(-0.0451188 0.457232 0)
(-0.17639 0.906819 0)
(-0.258046 1.10042 0)
(-0.281808 1.11061 0)
(-0.242777 1.04328 0)
(-0.173175 0.930351 0)
(-0.0825982 0.801982 0)
(0.00976093 0.665385 0)
(0.0958238 0.525377 0)
(0.165447 0.380762 0)
(0.212697 0.228957 0)
(0.230821 0.0656465 0)
(0.215772 -0.115079 0)
(0.16239 -0.319433 0)
(0.0725999 -0.555795 0)
(-0.0525893 -0.82573 0)
(-0.188182 -1.12675 0)
(-0.311831 -1.41105 0)
(-0.350046 -1.59974 0)
(-0.276503 -1.46065 0)
(-0.0724611 -0.781488 0)
(-0.0738457 0.602973 0)
(-0.223306 1.02518 0)
(-0.244425 1.147 0)
(-0.188751 1.07571 0)
(-0.055336 0.956665 0)
(0.0984538 0.815342 0)
(0.263782 0.678747 0)
(0.417268 0.548182 0)
(0.552943 0.424653 0)
(0.661335 0.304524 0)
(0.738065 0.183782 0)
(0.776838 0.0573764 0)
(0.773583 -0.0812574 0)
(0.720699 -0.239706 0)
(0.616724 -0.430106 0)
(0.452804 -0.662185 0)
(0.247644 -0.950843 0)
(0.00688332 -1.26967 0)
(-0.173118 -1.56781 0)
(-0.255884 -1.57546 0)
(-0.0971174 -0.979142 0)
(-0.113442 0.725056 0)
(-0.252642 1.05137 0)
(-0.114599 1.06591 0)
(0.0819183 0.913324 0)
(0.349334 0.757899 0)
(0.600081 0.610016 0)
(0.837969 0.485298 0)
(1.04132 0.378008 0)
(1.21151 0.284511 0)
(1.34317 0.199386 0)
(1.43578 0.117938 0)
(1.48538 0.0354698 0)
(1.48941 -0.0535954 0)
(1.43946 -0.155861 0)
(1.332 -0.282878 0)
(1.14802 -0.447642 0)
(0.895952 -0.676609 0)
(0.546708 -0.971084 0)
(0.202014 -1.32853 0)
(-0.130236 -1.49769 0)
(-0.10539 -1.11022 0)
(-0.0424181 1.02215 0)
(0.0571473 1.02234 0)
(0.490471 0.848168 0)
(0.851246 0.610925 0)
(1.22131 0.446638 0)
(1.518 0.325014 0)
(1.77199 0.238775 0)
(1.97293 0.174513 0)
(2.13198 0.124324 0)
(2.24968 0.082492 0)
(2.32965 0.0449092 0)
(2.37094 0.00834466 0)
(2.37323 -0.0305235 0)
(2.32963 -0.0757947 0)
(2.23727 -0.134925 0)
(2.07322 -0.21894 0)
(1.83805 -0.355048 0)
(1.46492 -0.567592 0)
(1.01718 -0.92163 0)
(0.371823 -1.25307 0)
(0.0358721 -1.27774 0)
(0.84522 0.576342 0)
(1.31633 0.399723 0)
(2.06232 0.261958 0)
(2.45486 0.155216 0)
(2.77684 0.0930823 0)
(2.98407 0.0568229 0)
(3.13912 0.0350508 0)
(3.24748 0.021861 0)
(3.3259 0.0130825 0)
(3.37891 0.00683192 0)
(3.41141 0.00177405 0)
(3.42422 -0.00291189 0)
(3.41816 -0.00788338 0)
(3.38919 -0.0142457 0)
(3.33586 -0.0234231 0)
(3.23943 -0.0390802 0)
(3.09729 -0.0680565 0)
(2.8273 -0.122201 0)
(2.45458 -0.231272 0)
(1.6335 -0.388072 0)
(0.92422 -0.587295 0)
)
;

boundaryField
{
    movingWall
    {
        type            fixedValue;
        value           uniform (4 0 0);
    }
    fixedWalls
    {
        type            noSlip;
    }
    frontAndBack
    {
        type            empty;
    }
}


// ************************************************************************* //
