/*--------------------------------*- C++ -*----------------------------------*\
| =========                 |                                                 |
| \\      /  F ield         | OpenFOAM: The Open Source CFD Toolbox           |
|  \\    /   O peration     | Version:  4.1                                   |
|   \\  /    A nd           | Web:      www.OpenFOAM.org                      |
|    \\/     M anipulation  |                                                 |
\*---------------------------------------------------------------------------*/
FoamFile
{
    version     2.0;
    format      ascii;
    class       volVectorField;
    location    "0.0344";
    object      U;
}
// * * * * * * * * * * * * * * * * * * * * * * * * * * * * * * * * * * * * * //

dimensions      [0 1 -1 0 0 0 0];

internalField   nonuniform List<vector> 
441
(
(0.00328095 -0.00457914 0)
(0.00817996 -0.00266567 0)
(-0.000666469 -2.21959e-165 0)
(0.00161207 -2.56113e-266 0)
(-0.00932336 -0.00644883 0)
(-0.00161207 -2.59876e-232 0)
(-1.08062e-202 -4.10956e-203 0)
(-1.02721e-203 -5.14022e-228 0)
(-1.3913e-212 -2.13862e-213 0)
(-0.00490347 7.44065e-266 0)
(-0.0583585 0.0196159 0)
(-0.0741216 0.0105725 0)
(-0.0849095 0.00514203 0)
(-0.0772308 0.00093552 0)
(-0.0670643 -0.000695573 0)
(-0.0491306 -0.00198378 0)
(-0.0328673 -0.00164917 0)
(-0.0163843 -0.00165129 0)
(-0.00439102 -4.66414e-05 0)
(0.000611041 0.000552491 0)
(0.00354531 0.00223722 0)
(0.00302385 -0.00667458 0)
(-0.00299921 0.00660403 0)
(-0.0277425 0.00759921 0)
(-0.0557147 0.0108288 0)
(-0.0955988 0.00894034 0)
(-0.130541 -0.00474619 0)
(-0.161786 -0.000561446 0)
(-0.190239 0.00112871 0)
(-0.214431 0.0100968 0)
(-0.23894 0.0516552 0)
(-0.255724 0.0479273 0)
(-0.250886 0.0162536 0)
(-0.241904 -0.00243314 0)
(-0.213643 -0.019387 0)
(-0.180885 -0.0274325 0)
(-0.137012 -0.0332602 0)
(-0.0956639 -0.0308748 0)
(-0.0551946 -0.027942 0)
(-0.0243308 -0.0165217 0)
(-0.00666605 -0.00922456 0)
(0.00351461 0.00212299 0)
(0.0062109 -0.00518272 0)
(-0.00625356 0.027712 0)
(-0.0502886 0.051324 0)
(-0.10638 0.065807 0)
(-0.171572 0.0673817 0)
(-0.23716 0.0626993 0)
(-0.304283 0.0575476 0)
(-0.354656 0.0508752 0)
(-0.403307 0.0467835 0)
(-0.423605 0.0450804 0)
(-0.416238 0.0323735 0)
(-0.401402 -0.00222996 0)
(-0.376212 -0.031501 0)
(-0.332162 -0.0599321 0)
(-0.280401 -0.0764718 0)
(-0.215 -0.0874421 0)
(-0.152456 -0.082403 0)
(-0.0906113 -0.073412 0)
(-0.043076 -0.0475463 0)
(-0.012654 -0.0276544 0)
(0.00471665 -0.000420287 0)
(0.00588698 -0.00681816 0)
(-0.0128639 0.0646637 0)
(-0.0813274 0.107835 0)
(-0.158621 0.13412 0)
(-0.246575 0.140028 0)
(-0.331716 0.130355 0)
(-0.411997 0.118187 0)
(-0.477715 0.100826 0)
(-0.529362 0.0808088 0)
(-0.556694 0.0622741 0)
(-0.558247 0.0254714 0)
(-0.538353 -0.0247562 0)
(-0.503517 -0.0717839 0)
(-0.444867 -0.116183 0)
(-0.376005 -0.144388 0)
(-0.289793 -0.162485 0)
(-0.206874 -0.154732 0)
(-0.123583 -0.138798 0)
(-0.0597636 -0.0937171 0)
(-0.0166266 -0.0583127 0)
(0.00662123 -0.00546844 0)
(6.05925e-165 0.00147175 0)
(-0.0184142 0.114524 0)
(-0.113177 0.196356 0)
(-0.206294 0.229849 0)
(-0.314354 0.239589 0)
(-0.415456 0.226624 0)
(-0.51249 0.202574 0)
(-0.59034 0.167434 0)
(-0.652373 0.125283 0)
(-0.685128 0.0745824 0)
(-0.690839 0.0144361 0)
(-0.670804 -0.0567223 0)
(-0.629929 -0.124276 0)
(-0.560086 -0.18768 0)
(-0.47593 -0.230508 0)
(-0.36814 -0.257236 0)
(-0.264069 -0.247213 0)
(-0.15517 -0.221424 0)
(-0.0744642 -0.152919 0)
(-0.0151363 -0.0947651 0)
(0.0130068 -0.00956114 0)
(-4.99152e-266 0.00490731 0)
(-0.0733149 0.182061 0)
(-0.1548 0.294046 0)
(-0.263792 0.33697 0)
(-0.378252 0.349158 0)
(-0.492479 0.329516 0)
(-0.598816 0.293632 0)
(-0.688829 0.240964 0)
(-0.759959 0.176289 0)
(-0.803812 0.100046 0)
(-0.820805 0.0113653 0)
(-0.805729 -0.0865642 0)
(-0.764941 -0.18228 0)
(-0.687083 -0.271532 0)
(-0.589387 -0.335854 0)
(-0.45893 -0.376391 0)
(-0.330671 -0.366686 0)
(-0.191751 -0.331142 0)
(-0.0903348 -0.232007 0)
(-0.0111259 -0.148759 0)
(0.0158648 -0.00659662 0)
(-0.0196292 0.0779181 0)
(-0.100511 0.266054 0)
(-0.193321 0.387308 0)
(-0.311082 0.451738 0)
(-0.438411 0.46772 0)
(-0.564796 0.446039 0)
(-0.684858 0.398387 0)
(-0.788361 0.327895 0)
(-0.873727 0.240176 0)
(-0.931492 0.135263 0)
(-0.962073 0.0168218 0)
(-0.956857 -0.112814 0)
(-0.920902 -0.241995 0)
(-0.839033 -0.363902 0)
(-0.730107 -0.457213 0)
(-0.574751 -0.517304 0)
(-0.419659 -0.512197 0)
(-0.239955 -0.463673 0)
(-0.117327 -0.330598 0)
(0.00119984 -0.202558 0)
(5.52425e-266 -0.0039662 0)
(-0.0140699 0.127329 0)
(-0.0939042 0.356822 0)
(-0.209694 0.505298 0)
(-0.343653 0.582902 0)
(-0.486622 0.603301 0)
(-0.62789 0.576413 0)
(-0.76221 0.517654 0)
(-0.882029 0.429867 0)
(-0.984337 0.319868 0)
(-1.06128 0.187947 0)
(-1.11139 0.037076 0)
(-1.12293 -0.128685 0)
(-1.09905 -0.299691 0)
(-1.01943 -0.464184 0)
(-0.902855 -0.599429 0)
(-0.723217 -0.690199 0)
(-0.535814 -0.699807 0)
(-0.310208 -0.638843 0)
(-0.152577 -0.468887 0)
(-0.00174381 -0.274778 0)
(2.05969e-24 -1.45535e-24 0)
(-0.0122263 0.182845 0)
(-0.0971085 0.459985 0)
(-0.228569 0.635787 0)
(-0.3767 0.727117 0)
(-0.535404 0.751007 0)
(-0.691448 0.720381 0)
(-0.841684 0.651955 0)
(-0.979308 0.549188 0)
(-1.10163 0.419374 0)
(-1.20153 0.261862 0)
(-1.27595 0.0790335 0)
(-1.31127 -0.125573 0)
(-1.30724 -0.344228 0)
(-1.23809 -0.561065 0)
(-1.12028 -0.75134 0)
(-0.918299 -0.886638 0)
(-0.695927 -0.92168 0)
(-0.412384 -0.850905 0)
(-0.208141 -0.632442 0)
(-0.00375936 -0.361354 0)
(8.48515e-77 -5.14923e-25 0)
(-0.0107799 0.237439 0)
(-0.0978196 0.574826 0)
(-0.241772 0.785847 0)
(-0.402208 0.890502 0)
(-0.574809 0.918768 0)
(-0.744802 0.882926 0)
(-0.909845 0.806028 0)
(-1.06555 0.689659 0)
(-1.20864 0.542416 0)
(-1.33429 0.36172 0)
(-1.43729 0.147067 0)
(-1.50324 -0.0984891 0)
(-1.52774 -0.372489 0)
(-1.47946 -0.653477 0)
(-1.36991 -0.918566 0)
(-1.15255 -1.11946 0)
(-0.894547 -1.20419 0)
(-0.544809 -1.13508 0)
(-0.278641 -0.872619 0)
(-0.00514173 -0.4958 0)
(2.37247e-164 -2.12129e-77 0)
(-0.0114934 0.288393 0)
(-0.104822 0.689326 0)
(-0.261868 0.938188 0)
(-0.434089 1.05816 0)
(-0.618384 1.09224 0)
(-0.79973 1.05372 0)
(-0.976116 0.971908 0)
(-1.14685 0.846794 0)
(-1.30763 0.68788 0)
(-1.45781 0.48983 0)
(-1.58938 0.2485 0)
(-1.69016 -0.0355156 0)
(-1.75002 -0.366409 0)
(-1.73484 -0.719726 0)
(-1.64737 -1.07536 0)
(-1.42961 -1.36494 0)
(-1.14564 -1.52474 0)
(-0.730869 -1.4731 0)
(-0.392604 -1.16179 0)
(-0.0649031 -0.650542 0)
(1.51434e-265 0.0114118 0)
(-0.0131364 0.354844 0)
(-0.111261 0.827394 0)
(-0.27847 1.1168 0)
(-0.458454 1.24789 0)
(-0.649051 1.28578 0)
(-0.836 1.24081 0)
(-1.01682 1.15396 0)
(-1.19559 1.02086 0)
(-1.36641 0.85357 0)
(-1.5343 0.642755 0)
(-1.68884 0.379241 0)
(-1.82233 0.0609553 0)
(-1.92018 -0.327867 0)
(-1.94783 -0.75853 0)
(-1.89865 -1.22352 0)
(-1.70222 -1.62721 0)
(-1.40958 -1.90234 0)
(-0.933786 -1.90034 0)
(-0.498453 -1.53364 0)
(-0.0655275 -0.905466 0)
(0.0456474 -0.061523 0)
(-0.0177804 0.408533 0)
(-0.126897 0.95176 0)
(-0.309409 1.28256 0)
(-0.49703 1.42552 0)
(-0.687846 1.46803 0)
(-0.872233 1.41896 0)
(-1.04468 1.33054 0)
(-1.2183 1.1948 0)
(-1.3829 1.02618 0)
(-1.55354 0.811527 0)
(-1.7152 0.536827 0)
(-1.87138 0.195831 0)
(-2.00068 -0.239094 0)
(-2.07839 -0.741018 0)
(-2.08323 -1.31685 0)
(-1.93964 -1.85598 0)
(-1.6769 -2.28758 0)
(-1.1533 -2.39177 0)
(-0.64723 -2.02332 0)
(0.0338818 -1.20037 0)
(2.13564e-231 -0.0114118 0)
(-0.023888 0.502414 0)
(-0.14238 1.12212 0)
(-0.334938 1.49076 0)
(-0.522348 1.62743 0)
(-0.702368 1.66405 0)
(-0.871329 1.59789 0)
(-1.0198 1.5018 0)
(-1.1703 1.35889 0)
(-1.30789 1.18918 0)
(-1.45813 0.97455 0)
(-1.60283 0.696317 0)
(-1.75869 0.345687 0)
(-1.90266 -0.122005 0)
(-2.0245 -0.677291 0)
(-2.09693 -1.36293 0)
(-2.04546 -2.03848 0)
(-1.87412 -2.6895 0)
(-1.39634 -2.94711 0)
(-0.856497 -2.71652 0)
(-0.00396877 -1.58594 0)
(5.36731e-202 4.35341e-184 0)
(-0.0412198 0.567596 0)
(-0.185505 1.2567 0)
(-0.397116 1.65848 0)
(-0.582133 1.78729 0)
(-0.733544 1.81516 0)
(-0.868177 1.73272 0)
(-0.964633 1.62892 0)
(-1.06539 1.48124 0)
(-1.14389 1.31399 0)
(-1.24352 1.10654 0)
(-1.33667 0.837894 0)
(-1.46358 0.497249 0)
(-1.59082 0.0287937 0)
(-1.74687 -0.543768 0)
(-1.87938 -1.28944 0)
(-1.96768 -2.07668 0)
(-1.93644 -2.92295 0)
(-1.6268 -3.41871 0)
(-1.12157 -3.39453 0)
(-0.00953173 -2.08457 0)
(1.74136e-183 1.5889e-184 0)
(-0.0606831 0.73684 0)
(-0.22762 1.48229 0)
(-0.44258 1.89656 0)
(-0.606571 1.96507 0)
(-0.707587 1.95696 0)
(-0.78449 1.82944 0)
(-0.804859 1.70293 0)
(-0.829305 1.53854 0)
(-0.821149 1.36861 0)
(-0.838694 1.168 0)
(-0.847318 0.915476 0)
(-0.906192 0.601174 0)
(-0.979446 0.158523 0)
(-1.12685 -0.386349 0)
(-1.29973 -1.14631 0)
(-1.51921 -1.97879 0)
(-1.70405 -3.03695 0)
(-1.69156 -3.77002 0)
(-1.46838 -4.35344 0)
(-0.449543 -2.75272 0)
(4.26483e-254 -4.35341e-184 0)
(-0.126031 0.841488 0)
(-0.36019 1.62532 0)
(-0.569816 2.03182 0)
(-0.690686 2.04235 0)
(-0.681886 1.99198 0)
(-0.656513 1.82484 0)
(-0.547293 1.67441 0)
(-0.456529 1.49627 0)
(-0.323168 1.32452 0)
(-0.230246 1.13459 0)
(-0.124401 0.906834 0)
(-0.0934383 0.634429 0)
(-0.0781189 0.252141 0)
(-0.199875 -0.21493 0)
(-0.36076 -0.889725 0)
(-0.743586 -1.66152 0)
(-1.10151 -2.72551 0)
(-1.70719 -3.65417 0)
(-1.77016 -4.55234 0)
(-2.03793 -3.62819 0)
(-2.47521e-264 -0.20939 0)
(-0.180033 1.244 0)
(-0.443974 1.93025 0)
(-0.577623 2.24907 0)
(-0.590024 2.0774 0)
(-0.422 1.9366 0)
(-0.249122 1.69467 0)
(0.0171294 1.50965 0)
(0.247533 1.31468 0)
(0.518439 1.14438 0)
(0.733605 0.970814 0)
(0.958813 0.777621 0)
(1.09399 0.559181 0)
(1.21004 0.260852 0)
(1.16547 -0.0948098 0)
(1.06226 -0.613366 0)
(0.681173 -1.22124 0)
(0.21893 -2.10246 0)
(-0.613416 -3.05751 0)
(-1.23714 -4.10895 0)
(-1.86682 -4.38417 0)
(-0.83756 -2.26976 0)
(-0.3988 1.43084 0)
(-0.729664 1.99413 0)
(-0.547286 2.17194 0)
(-0.304904 1.8701 0)
(0.199193 1.65239 0)
(0.603037 1.37836 0)
(1.09215 1.18016 0)
(1.48353 0.993355 0)
(1.89706 0.84046 0)
(2.21979 0.697024 0)
(2.54175 0.548265 0)
(2.74919 0.391223 0)
(2.93967 0.183294 0)
(2.94108 -0.051886 0)
(2.90609 -0.401681 0)
(2.53509 -0.795128 0)
(2.1194 -1.42922 0)
(1.16117 -2.16555 0)
(0.321681 -3.29927 0)
(-0.763592 -3.95207 0)
(-0.694213 -2.952 0)
(-0.253493 2.43427 0)
(-0.0900609 2.0734 0)
(0.696842 1.87516 0)
(1.32975 1.32382 0)
(2.11711 1.0499 0)
(2.70496 0.796047 0)
(3.31169 0.636319 0)
(3.77502 0.506497 0)
(4.22711 0.409095 0)
(4.56877 0.325998 0)
(4.89492 0.246295 0)
(5.10301 0.165984 0)
(5.29232 0.0648741 0)
(5.30471 -0.0489616 0)
(5.29251 -0.217212 0)
(4.97508 -0.412378 0)
(4.63161 -0.75777 0)
(3.74089 -1.22588 0)
(2.80879 -2.24842 0)
(1.0663 -3.32271 0)
(-0.0424343 -3.80159 0)
(1.66992 1.67221 0)
(2.71568 0.978075 0)
(4.56411 0.750728 0)
(5.40285 0.423711 0)
(6.26079 0.283807 0)
(6.75377 0.173613 0)
(7.21069 0.11603 0)
(7.5096 0.0759167 0)
(7.78413 0.0507848 0)
(7.96822 0.0323295 0)
(8.1393 0.0166906 0)
(8.22802 0.00215065 0)
(8.30994 -0.0166259 0)
(8.27183 -0.0363186 0)
(8.23533 -0.0719612 0)
(7.97524 -0.107032 0)
(7.74018 -0.199619 0)
(6.99954 -0.295688 0)
(6.26855 -0.630644 0)
(4.04998 -1.00324 0)
(2.01173 -1.82553 0)
)
;

boundaryField
{
    movingWall
    {
        type            fixedValue;
        value           uniform (10 0 0);
    }
    fixedWalls
    {
        type            noSlip;
    }
    frontAndBack
    {
        type            empty;
    }
}


// ************************************************************************* //
