/*--------------------------------*- C++ -*----------------------------------*\
| =========                 |                                                 |
| \\      /  F ield         | OpenFOAM: The Open Source CFD Toolbox           |
|  \\    /   O peration     | Version:  4.1                                   |
|   \\  /    A nd           | Web:      www.OpenFOAM.org                      |
|    \\/     M anipulation  |                                                 |
\*---------------------------------------------------------------------------*/
FoamFile
{
    version     2.0;
    format      ascii;
    class       volVectorField;
    location    "0.1075";
    object      U;
}
// * * * * * * * * * * * * * * * * * * * * * * * * * * * * * * * * * * * * * //

dimensions      [0 1 -1 0 0 0 0];

internalField   nonuniform List<vector> 
441
(
(0.00386822 -0.0049293 0)
(0.0101571 -0.00254135 0)
(-0.000635337 -2.22678e-165 0)
(0.00203593 -3.47457e-266 0)
(-0.00837892 -0.00814391 0)
(-0.00203593 -3.1535e-232 0)
(-1.16571e-202 -5.84922e-203 0)
(-1.46226e-203 -7.68175e-228 0)
(-1.77931e-212 -3.35437e-213 0)
(-0.00635344 9.41385e-266 0)
(-0.0779518 0.0254143 0)
(-0.0976639 0.0132372 0)
(-0.109612 0.00600375 0)
(-0.0958711 0.000323398 0)
(-0.0782033 -0.00178062 0)
(-0.051282 -0.00314291 0)
(-0.0282831 -0.00220338 0)
(-0.00812309 -0.00155946 0)
(0.00377588 0.000876284 0)
(0.00505359 0.00166172 0)
(0.00469564 0.00310957 0)
(0.00404185 -0.00891378 0)
(-0.000586938 0.00696285 0)
(-0.027832 0.0087883 0)
(-0.0609196 0.0108952 0)
(-0.11047 0.0112989 0)
(-0.157628 -0.00310784 0)
(-0.202151 -0.000117 0)
(-0.245069 0.00174915 0)
(-0.283097 0.013737 0)
(-0.321183 0.0694222 0)
(-0.346682 0.0636104 0)
(-0.340031 0.0188688 0)
(-0.323402 -0.0084517 0)
(-0.278291 -0.0325481 0)
(-0.225516 -0.0430326 0)
(-0.159733 -0.0481357 0)
(-0.100655 -0.040795 0)
(-0.0487176 -0.031797 0)
(-0.0142447 -0.0135211 0)
(-0.000344332 -0.00329727 0)
(0.00512352 0.00686827 0)
(0.0079523 -0.00888217 0)
(-0.00515231 0.0289456 0)
(-0.0559733 0.0589247 0)
(-0.125494 0.0799703 0)
(-0.2109 0.0873419 0)
(-0.299369 0.0873752 0)
(-0.394649 0.0843986 0)
(-0.472487 0.0783229 0)
(-0.54853 0.0731844 0)
(-0.585631 0.0683513 0)
(-0.580882 0.0452212 0)
(-0.560901 -0.00872997 0)
(-0.520815 -0.055036 0)
(-0.451294 -0.0973393 0)
(-0.368753 -0.119349 0)
(-0.269798 -0.128288 0)
(-0.178474 -0.11201 0)
(-0.095674 -0.0884992 0)
(-0.0379804 -0.0463799 0)
(-0.00760044 -0.0181622 0)
(0.0065633 0.00826187 0)
(0.0065471 -0.012082 0)
(-0.0171711 0.072719 0)
(-0.101619 0.129051 0)
(-0.201772 0.168371 0)
(-0.320039 0.185539 0)
(-0.439315 0.183516 0)
(-0.556907 0.174819 0)
(-0.658757 0.156598 0)
(-0.742177 0.129485 0)
(-0.790916 0.0989633 0)
(-0.799763 0.0385878 0)
(-0.773656 -0.0423771 0)
(-0.719803 -0.118257 0)
(-0.628455 -0.185849 0)
(-0.519221 -0.2244 0)
(-0.387771 -0.240013 0)
(-0.264075 -0.214366 0)
(-0.148244 -0.174015 0)
(-0.0652063 -0.100695 0)
(-0.0158513 -0.049245 0)
(0.00814331 0.00622234 0)
(7.18109e-165 0.00163678 0)
(-0.0261984 0.136641 0)
(-0.148381 0.242702 0)
(-0.273981 0.296847 0)
(-0.423405 0.32369 0)
(-0.56878 0.322268 0)
(-0.713322 0.302405 0)
(-0.835667 0.262401 0)
(-0.936661 0.204533 0)
(-0.99575 0.126688 0)
(-1.01241 0.0283692 0)
(-0.9873 -0.0884135 0)
(-0.925154 -0.199469 0)
(-0.817089 -0.298303 0)
(-0.683664 -0.358948 0)
(-0.51833 -0.384388 0)
(-0.359892 -0.35003 0)
(-0.204077 -0.288548 0)
(-0.0929157 -0.177022 0)
(-0.0189594 -0.0924238 0)
(0.0147578 0.00133567 0)
(-5.81855e-266 0.00605748 0)
(-0.0942164 0.22608 0)
(-0.207506 0.37467 0)
(-0.358388 0.445308 0)
(-0.521997 0.48014 0)
(-0.689436 0.474534 0)
(-0.850823 0.442343 0)
(-0.992813 0.380203 0)
(-1.1092 0.290506 0)
(-1.18585 0.173902 0)
(-1.2201 0.0304449 0)
(-1.20344 -0.130705 0)
(-1.14224 -0.288237 0)
(-1.02288 -0.429058 0)
(-0.868792 -0.522748 0)
(-0.668724 -0.566398 0)
(-0.471729 -0.527577 0)
(-0.269375 -0.444258 0)
(-0.124609 -0.283772 0)
(-0.0220662 -0.16021 0)
(0.0161391 0.00341753 0)
(-0.0242299 0.0991858 0)
(-0.131399 0.340402 0)
(-0.261531 0.507226 0)
(-0.427198 0.609369 0)
(-0.610332 0.653806 0)
(-0.796556 0.649496 0)
(-0.978468 0.604853 0)
(-1.14056 0.519754 0)
(-1.27802 0.397277 0)
(-1.37536 0.237325 0)
(-1.42996 0.0464574 0)
(-1.42856 -0.166601 0)
(-1.3755 -0.379031 0)
(-1.25185 -0.572776 0)
(-1.08223 -0.711658 0)
(-0.846998 -0.78348 0)
(-0.609256 -0.747097 0)
(-0.347149 -0.638266 0)
(-0.166089 -0.421001 0)
(-0.00875189 -0.235086 0)
(6.02039e-266 -0.00403478 0)
(-0.0179053 0.164225 0)
(-0.125717 0.464565 0)
(-0.284893 0.670968 0)
(-0.471326 0.794866 0)
(-0.674337 0.849644 0)
(-0.879483 0.842915 0)
(-1.07952 0.786605 0)
(-1.26232 0.679596 0)
(-1.42169 0.525741 0)
(-1.5442 0.325267 0)
(-1.62518 0.0840897 0)
(-1.64717 -0.186285 0)
(-1.61221 -0.464419 0)
(-1.49443 -0.724662 0)
(-1.31777 -0.926946 0)
(-1.05268 -1.04374 0)
(-0.772572 -1.02582 0)
(-0.44601 -0.894016 0)
(-0.214785 -0.617482 0)
(-0.0039372 -0.336022 0)
(2.66838e-24 -1.03689e-24 0)
(-0.0158649 0.238971 0)
(-0.128723 0.605423 0)
(-0.30413 0.851076 0)
(-0.504698 0.996811 0)
(-0.723148 1.0605 0)
(-0.942566 1.05293 0)
(-1.15825 0.986661 0)
(-1.35916 0.860679 0)
(-1.53996 0.678853 0)
(-1.68827 0.440139 0)
(-1.79819 0.150031 0)
(-1.85016 -0.180128 0)
(-1.84272 -0.53029 0)
(-1.74344 -0.868612 0)
(-1.57293 -1.15121 0)
(-1.28888 -1.33212 0)
(-0.972248 -1.3501 0)
(-0.577131 -1.20171 0)
(-0.286587 -0.855098 0)
(-0.00513044 -0.458143 0)
(1.08228e-76 -6.67095e-25 0)
(-0.0136292 0.309343 0)
(-0.124779 0.754558 0)
(-0.308046 1.04759 0)
(-0.515531 1.2144 0)
(-0.741958 1.28784 0)
(-0.969104 1.2779 0)
(-1.19329 1.20337 0)
(-1.40655 1.06084 0)
(-1.60352 0.855028 0)
(-1.775 0.582769 0)
(-1.91369 0.246351 0)
(-1.99999 -0.142934 0)
(-2.02887 -0.570401 0)
(-1.96225 -0.997151 0)
(-1.81483 -1.38061 0)
(-1.52999 -1.65063 0)
(-1.18887 -1.73606 0)
(-0.728843 -1.59045 0)
(-0.371319 -1.18371 0)
(-0.00747715 -0.638468 0)
(3.00342e-164 -2.7057e-77 0)
(-0.0133885 0.373803 0)
(-0.12368 0.898029 0)
(-0.309679 1.2394 0)
(-0.517464 1.42834 0)
(-0.743027 1.51225 0)
(-0.968387 1.50213 0)
(-1.19033 1.42293 0)
(-1.40531 1.26939 0)
(-1.60769 1.04689 0)
(-1.79374 0.749471 0)
(-1.95468 0.375677 0)
(-2.07489 -0.0653143 0)
(-2.14506 -0.565896 0)
(-2.12552 -1.08358 0)
(-2.02182 -1.57994 0)
(-1.7636 -1.96204 0)
(-1.4235 -2.1462 0)
(-0.918944 -2.02795 0)
(-0.496244 -1.56446 0)
(-0.082935 -0.843206 0)
(1.80281e-265 0.0134575 0)
(-0.0136048 0.447279 0)
(-0.117883 1.05303 0)
(-0.298219 1.44282 0)
(-0.496247 1.64841 0)
(-0.708958 1.73988 0)
(-0.919838 1.72514 0)
(-1.12524 1.64094 0)
(-1.3273 1.47778 0)
(-1.51969 1.24369 0)
(-1.70603 0.929129 0)
(-1.87682 0.527696 0)
(-2.0234 0.0465256 0)
(-2.13393 -0.51903 0)
(-2.1709 -1.12253 0)
(-2.1304 -1.74115 0)
(-1.92948 -2.25556 0)
(-1.62086 -2.57935 0)
(-1.09244 -2.53241 0)
(-0.592557 -2.01375 0)
(-0.0768068 -1.15488 0)
(0.0538299 -0.0787013 0)
(-0.0165482 0.500888 0)
(-0.118479 1.17968 0)
(-0.294167 1.61484 0)
(-0.477489 1.83576 0)
(-0.6658 1.93405 0)
(-0.848307 1.91587 0)
(-1.01845 1.8295 0)
(-1.18862 1.66238 0)
(-1.34916 1.42547 0)
(-1.5157 1.10622 0)
(-1.67569 0.693941 0)
(-1.83434 0.192395 0)
(-1.97482 -0.415553 0)
(-2.07247 -1.08614 0)
(-2.10999 -1.81568 0)
(-2.00005 -2.47321 0)
(-1.77114 -2.97634 0)
(-1.24533 -3.0653 0)
(-0.718662 -2.5737 0)
(0.0443731 -1.49698 0)
(2.48881e-231 -0.0134575 0)
(-0.020759 0.585314 0)
(-0.117466 1.3337 0)
(-0.281191 1.80576 0)
(-0.439357 2.0212 0)
(-0.589369 2.11396 0)
(-0.727838 2.07827 0)
(-0.844756 1.98339 0)
(-0.963405 1.80876 0)
(-1.07043 1.57174 0)
(-1.19383 1.25589 0)
(-1.31891 0.846512 0)
(-1.46606 0.345891 0)
(-1.61744 -0.280737 0)
(-1.76592 -0.987588 0)
(-1.88863 -1.81227 0)
(-1.90494 -2.59841 0)
(-1.81402 -3.33215 0)
(-1.39794 -3.60313 0)
(-0.892628 -3.29664 0)
(-0.00285044 -1.91179 0)
(5.84376e-202 4.593e-184 0)
(-0.0364603 0.632281 0)
(-0.145881 1.43407 0)
(-0.308161 1.93311 0)
(-0.44011 2.1386 0)
(-0.534935 2.22118 0)
(-0.611865 2.16807 0)
(-0.649678 2.06509 0)
(-0.693581 1.88712 0)
(-0.719445 1.6567 0)
(-0.774728 1.35574 0)
(-0.835411 0.967811 0)
(-0.946352 0.493756 0)
(-1.07806 -0.112183 0)
(-1.26361 -0.810674 0)
(-1.45438 -1.66835 0)
(-1.62992 -2.54424 0)
(-1.71081 -3.46644 0)
(-1.51514 -3.99507 0)
(-1.10419 -3.94494 0)
(-0.0115397 -2.42014 0)
(1.8372e-183 -1.64791e-184 0)
(-0.0549749 0.775953 0)
(-0.178634 1.60974 0)
(-0.329769 2.10965 0)
(-0.422708 2.24948 0)
(-0.446622 2.29309 0)
(-0.445095 2.19392 0)
(-0.387013 2.06961 0)
(-0.337609 1.87956 0)
(-0.263326 1.65498 0)
(-0.227653 1.37352 0)
(-0.199242 1.01838 0)
(-0.241515 0.59118 0)
(-0.320336 0.0350717 0)
(-0.498835 -0.607668 0)
(-0.729683 -1.44893 0)
(-1.03925 -2.33829 0)
(-1.34381 -3.45143 0)
(-1.47681 -4.21622 0)
(-1.38878 -4.8168 0)
(-0.466879 -3.06328 0)
(4.40385e-254 -4.593e-184 0)
(-0.120869 0.852292 0)
(-0.312388 1.69584 0)
(-0.45484 2.17235 0)
(-0.498207 2.2459 0)
(-0.403126 2.24304 0)
(-0.289847 2.10364 0)
(-0.0929932 1.95875 0)
(0.0788073 1.7626 0)
(0.283244 1.54854 0)
(0.431106 1.29433 0)
(0.572876 0.984148 0)
(0.616405 0.621034 0)
(0.621779 0.148986 0)
(0.465297 -0.39187 0)
(0.249882 -1.11995 0)
(-0.216012 -1.91911 0)
(-0.677182 -3.00278 0)
(-1.43188 -3.94887 0)
(-1.63416 -4.86368 0)
(-2.07508 -3.88515 0)
(-2.60035e-264 -0.216439 0)
(-0.17766 1.23106 0)
(-0.411768 1.94813 0)
(-0.490328 2.31799 0)
(-0.434239 2.19795 0)
(-0.185843 2.09855 0)
(0.0710134 1.88328 0)
(0.422594 1.70753 0)
(0.73247 1.50342 0)
(1.07331 1.30493 0)
(1.3421 1.08585 0)
(1.60119 0.832763 0)
(1.74609 0.54744 0)
(1.84838 0.182914 0)
(1.76668 -0.22628 0)
(1.60975 -0.778648 0)
(1.15799 -1.39509 0)
(0.614958 -2.26749 0)
(-0.324987 -3.21538 0)
(-1.0678 -4.26452 0)
(-1.83921 -4.54611 0)
(-0.865756 -2.31952 0)
(-0.400728 1.40764 0)
(-0.724412 1.97987 0)
(-0.513125 2.1891 0)
(-0.225669 1.92432 0)
(0.339119 1.73863 0)
(0.811586 1.48704 0)
(1.37469 1.2992 0)
(1.83793 1.1098 0)
(2.31688 0.940973 0)
(2.69128 0.769547 0)
(3.04693 0.582762 0)
(3.26483 0.382681 0)
(3.4425 0.13191 0)
(3.40755 -0.137689 0)
(3.32056 -0.507908 0)
(2.88519 -0.902689 0)
(2.40583 -1.52117 0)
(1.37739 -2.23704 0)
(0.467577 -3.35553 0)
(-0.702902 -4.00894 0)
(-0.701877 -2.96459 0)
(-0.257937 2.41821 0)
(-0.106186 2.05517 0)
(0.681939 1.86954 0)
(1.33255 1.33728 0)
(2.1548 1.08112 0)
(2.78938 0.840318 0)
(3.45141 0.687057 0)
(3.97154 0.556827 0)
(4.4771 0.452082 0)
(4.8619 0.355622 0)
(5.21638 0.257869 0)
(5.43308 0.157403 0)
(5.61069 0.0370068 0)
(5.59114 -0.091499 0)
(5.53338 -0.266421 0)
(5.16211 -0.459013 0)
(4.76868 -0.791542 0)
(3.8345 -1.24507 0)
(2.86951 -2.25319 0)
(1.0938 -3.33055 0)
(-0.0466419 -3.79858 0)
(1.66661 1.66894 0)
(2.70033 0.973971 0)
(4.53945 0.748053 0)
(5.379 0.424021 0)
(6.2491 0.287033 0)
(6.76318 0.178871 0)
(7.24723 0.122043 0)
(7.57466 0.0814606 0)
(7.87564 0.0546706 0)
(8.07966 0.0337255 0)
(8.26172 0.0150444 0)
(8.34966 -0.00242618 0)
(8.41985 -0.023592 0)
(8.35933 -0.0442866 0)
(8.29564 -0.0793627 0)
(8.0064 -0.111986 0)
(7.74945 -0.20076 0)
(6.99498 -0.293008 0)
(6.26173 -0.624683 0)
(4.04553 -0.996926 0)
(2.00474 -1.81742 0)
)
;

boundaryField
{
    movingWall
    {
        type            fixedValue;
        value           uniform (10 0 0);
    }
    fixedWalls
    {
        type            noSlip;
    }
    frontAndBack
    {
        type            empty;
    }
}


// ************************************************************************* //
