/*--------------------------------*- C++ -*----------------------------------*\
| =========                 |                                                 |
| \\      /  F ield         | OpenFOAM: The Open Source CFD Toolbox           |
|  \\    /   O peration     | Version:  4.1                                   |
|   \\  /    A nd           | Web:      www.OpenFOAM.org                      |
|    \\/     M anipulation  |                                                 |
\*---------------------------------------------------------------------------*/
FoamFile
{
    version     2.0;
    format      ascii;
    class       volVectorField;
    location    "0.0334";
    object      U;
}
// * * * * * * * * * * * * * * * * * * * * * * * * * * * * * * * * * * * * * //

dimensions      [0 1 -1 0 0 0 0];

internalField   nonuniform List<vector> 
441
(
(0.0032789 -0.00458522 0)
(0.00815567 -0.00267659 0)
(-0.000669204 -2.22552e-165 0)
(0.00160502 -2.54362e-266 0)
(-0.00937788 -0.00642066 0)
(-0.00160502 -2.59069e-232 0)
(-1.0809e-202 -4.07355e-203 0)
(-1.01821e-203 -5.08614e-228 0)
(-1.38432e-212 -2.11348e-213 0)
(-0.00487802 7.40676e-266 0)
(-0.0580012 0.0195141 0)
(-0.0737001 0.010528 0)
(-0.0844726 0.00512925 0)
(-0.0769262 0.000951875 0)
(-0.0669167 -0.000671761 0)
(-0.0491719 -0.00195783 0)
(-0.0330409 -0.00163958 0)
(-0.0166136 -0.0016547 0)
(-0.00459605 -6.9465e-05 0)
(0.000517239 0.000530522 0)
(0.00351826 0.00222274 0)
(0.00300973 -0.00664119 0)
(-0.00307495 0.0066179 0)
(-0.0278403 0.00759426 0)
(-0.0557699 0.010861 0)
(-0.0955111 0.00890008 0)
(-0.130219 -0.00480678 0)
(-0.161188 -0.000576305 0)
(-0.189335 0.00111576 0)
(-0.213223 0.0100274 0)
(-0.237446 0.0513316 0)
(-0.254038 0.0476424 0)
(-0.249225 0.016217 0)
(-0.240391 -0.00230108 0)
(-0.212483 -0.0191071 0)
(-0.180145 -0.0271094 0)
(-0.136737 -0.0329557 0)
(-0.0957489 -0.0306984 0)
(-0.0554822 -0.027901 0)
(-0.0246441 -0.0166394 0)
(-0.00682676 -0.00937959 0)
(0.00347096 0.00201558 0)
(0.00618775 -0.0051028 0)
(-0.00631139 0.0277842 0)
(-0.0503259 0.0512997 0)
(-0.106242 0.0656328 0)
(-0.171083 0.0670363 0)
(-0.236235 0.0622029 0)
(-0.302773 0.0569812 0)
(-0.352539 0.0502837 0)
(-0.400575 0.0462136 0)
(-0.420463 0.0445872 0)
(-0.412961 0.0321 0)
(-0.398181 -0.00210484 0)
(-0.373263 -0.0310169 0)
(-0.329751 -0.0591407 0)
(-0.278655 -0.0755687 0)
(-0.214005 -0.0865868 0)
(-0.152091 -0.0818368 0)
(-0.0906808 -0.0731813 0)
(-0.0433178 -0.0476993 0)
(-0.0128075 -0.0279413 0)
(0.00466015 -0.000635445 0)
(0.00589229 -0.00670051 0)
(-0.0127972 0.0646893 0)
(-0.0810755 0.107638 0)
(-0.158003 0.133617 0)
(-0.245389 0.139198 0)
(-0.32983 0.129267 0)
(-0.40929 0.116967 0)
(-0.474173 0.0995852 0)
(-0.52504 0.0796964 0)
(-0.551793 0.0614148 0)
(-0.553041 0.0251047 0)
(-0.533162 -0.024459 0)
(-0.498645 -0.0708439 0)
(-0.440688 -0.114693 0)
(-0.372736 -0.142651 0)
(-0.287608 -0.160789 0)
(-0.20567 -0.153495 0)
(-0.123152 -0.138141 0)
(-0.0597544 -0.093757 0)
(-0.0166785 -0.0586483 0)
(0.00656952 -0.00578762 0)
(6.0508e-165 0.00147307 0)
(-0.0182743 0.114351 0)
(-0.112622 0.19578 0)
(-0.205139 0.228746 0)
(-0.31236 0.23798 0)
(-0.412489 0.224615 0)
(-0.508415 0.200359 0)
(-0.585161 0.165236 0)
(-0.646153 0.123359 0)
(-0.678101 0.0732048 0)
(-0.683306 0.0138701 0)
(-0.66316 -0.0562616 0)
(-0.622585 -0.122785 0)
(-0.553555 -0.185279 0)
(-0.470567 -0.227616 0)
(-0.364271 -0.254304 0)
(-0.261645 -0.2449 0)
(-0.154008 -0.219987 0)
(-0.0740863 -0.152595 0)
(-0.0150602 -0.0949831 0)
(0.012942 -0.00987591 0)
(-4.98951e-266 0.00489592 0)
(-0.0730282 0.181525 0)
(-0.153894 0.292839 0)
(-0.262041 0.335026 0)
(-0.375403 0.346517 0)
(-0.488374 0.326346 0)
(-0.593321 0.290197 0)
(-0.681935 0.237579 0)
(-0.751719 0.173321 0)
(-0.794444 0.0978778 0)
(-0.810607 0.0103764 0)
(-0.795179 -0.0860735 0)
(-0.754559 -0.180232 0)
(-0.677573 -0.268048 0)
(-0.581294 -0.331459 0)
(-0.452812 -0.371737 0)
(-0.326584 -0.362749 0)
(-0.189579 -0.32842 0)
(-0.0894323 -0.230973 0)
(-0.0108075 -0.148639 0)
(0.0158519 -0.00691761 0)
(-0.0195837 0.0776412 0)
(-0.100039 0.264975 0)
(-0.192072 0.385274 0)
(-0.30878 0.448698 0)
(-0.434773 0.463765 0)
(-0.559636 0.441393 0)
(-0.678004 0.39339 0)
(-0.779767 0.322959 0)
(-0.863399 0.235781 0)
(-0.919617 0.131932 0)
(-0.948935 0.0150708 0)
(-0.942997 -0.112531 0)
(-0.906956 -0.239469 0)
(-0.825928 -0.3592 0)
(-0.718629 -0.450936 0)
(-0.565783 -0.510344 0)
(-0.41343 -0.505946 0)
(-0.236532 -0.459025 0)
(-0.115843 -0.328436 0)
(0.00151448 -0.201848 0)
(5.50649e-266 -0.00396297 0)
(-0.014022 0.126798 0)
(-0.0933406 0.355081 0)
(-0.208199 0.502265 0)
(-0.340936 0.578571 0)
(-0.48237 0.597808 0)
(-0.621878 0.570033 0)
(-0.754217 0.51079 0)
(-0.87194 0.423014 0)
(-0.972081 0.313619 0)
(-1.04698 0.182975 0)
(-1.09529 0.0340978 0)
(-1.10561 -0.128995 0)
(-1.08126 -0.296897 0)
(-1.00232 -0.458215 0)
(-0.887494 -0.590902 0)
(-0.710884 -0.680259 0)
(-0.526985 -0.690332 0)
(-0.305271 -0.631329 0)
(-0.150422 -0.464765 0)
(-0.00167323 -0.273134 0)
(2.03767e-24 -1.4759e-24 0)
(-0.0121681 0.181969 0)
(-0.0964851 0.45746 0)
(-0.226942 0.631608 0)
(-0.373759 0.721327 0)
(-0.530808 0.743768 0)
(-0.684922 0.712006 0)
(-0.832941 0.64289 0)
(-0.968145 0.540001 0)
(-1.08788 0.410772 0)
(-1.18522 0.254691 0)
(-1.25727 0.0742594 0)
(-1.29082 -0.126976 0)
(-1.28583 -0.341499 0)
(-1.21708 -0.553908 0)
(-1.10099 -0.740295 0)
(-0.902381 -0.8731 0)
(-0.684162 -0.908043 0)
(-0.405562 -0.839519 0)
(-0.205043 -0.625467 0)
(-0.00370857 -0.358413 0)
(8.39124e-77 -5.09417e-25 0)
(-0.0107244 0.236234 0)
(-0.0972193 0.571515 0)
(-0.240192 0.780504 0)
(-0.399331 0.883209 0)
(-0.570271 0.909701 0)
(-0.738284 0.872412 0)
(-0.900997 0.794539 0)
(-1.05408 0.677813 0)
(-1.19429 0.531032 0)
(-1.317 0.351835 0)
(-1.41717 0.13994 0)
(-1.48086 -0.10152 0)
(-1.50394 -0.370259 0)
(-1.45568 -0.645373 0)
(-1.3476 -0.904961 0)
(-1.13364 -1.10193 0)
(-0.880106 -1.18562 0)
(-0.536093 -1.1188 0)
(-0.274512 -0.861772 0)
(-0.00509606 -0.490936 0)
(2.34518e-164 -2.09781e-77 0)
(-0.0114475 0.286872 0)
(-0.104329 0.685279 0)
(-0.260545 0.931743 0)
(-0.431628 1.04942 0)
(-0.614422 1.08137 0)
(-0.793928 1.04105 0)
(-0.968087 0.95791 0)
(-1.13626 0.832126 0)
(-1.29414 0.673469 0)
(-1.44132 0.476909 0)
(-1.56992 0.238642 0)
(-1.66822 -0.0405885 0)
(-1.72636 -0.365092 0)
(-1.71081 -0.711058 0)
(-1.62432 -1.05946 0)
(-1.40949 -1.34347 0)
(-1.12961 -1.50093 0)
(-0.72063 -1.45129 0)
(-0.38738 -1.14621 0)
(-0.0643056 -0.643336 0)
(1.49497e-265 0.0112963 0)
(-0.0131143 0.353108 0)
(-0.110986 0.822808 0)
(-0.277661 1.10949 0)
(-0.456844 1.23797 0)
(-0.646318 1.27338 0)
(-0.831825 1.22625 0)
(-1.01084 1.1377 0)
(-1.18748 1.00357 0)
(-1.35585 0.836299 0)
(-1.52114 0.626907 0)
(-1.67308 0.366677 0)
(-1.80433 0.053739 0)
(-1.90049 -0.327746 0)
(-1.92747 -0.749806 0)
(-1.87857 -1.20605 0)
(-1.68399 -1.60261 0)
(-1.39426 -1.87391 0)
(-0.923319 -1.8731 0)
(-0.492846 -1.51322 0)
(-0.064882 -0.8952 0)
(0.0451851 -0.0610282 0)
(-0.0177938 0.40672 0)
(-0.126945 0.946927 0)
(-0.309364 1.27479 0)
(-0.49671 1.41486 0)
(-0.687022 1.45461 0)
(-0.870669 1.40305 0)
(-1.04211 1.31261 0)
(-1.21448 1.17556 0)
(-1.37761 1.00674 0)
(-1.54665 0.793425 0)
(-1.70667 0.522133 0)
(-1.86139 0.186831 0)
(-1.98942 -0.240176 0)
(-2.06634 -0.732747 0)
(-2.07066 -1.29887 0)
(-1.92739 -1.82973 0)
(-1.66546 -2.25604 0)
(-1.14471 -2.36014 0)
(-0.641907 -1.99791 0)
(0.0336801 -1.18701 0)
(2.11795e-231 -0.0112963 0)
(-0.0239504 0.50074 0)
(-0.142842 1.11748 0)
(-0.335875 1.4831 0)
(-0.523703 1.61673 0)
(-0.704058 1.65042 0)
(-0.87326 1.58158 0)
(-1.02187 1.48329 0)
(-1.17241 1.33888 0)
(-1.30993 1.16884 0)
(-1.46004 0.955466 0)
(-1.60452 0.680635 0)
(-1.7601 0.335727 0)
(-1.90357 -0.12399 0)
(-2.02468 -0.669918 0)
(-2.09588 -1.34574 0)
(-2.04296 -2.01275 0)
(-1.86988 -2.6575 0)
(-1.3917 -2.91363 0)
(-0.852444 -2.6874 0)
(-0.00397839 -1.57009 0)
(5.33349e-202 4.334e-184 0)
(-0.0413312 0.5663 0)
(-0.186389 1.25274 0)
(-0.399078 1.65159 0)
(-0.585279 1.77738 0)
(-0.737978 1.8023 0)
(-0.87398 1.71717 0)
(-0.971883 1.61115 0)
(-1.07414 1.46197 0)
(-1.15418 1.29433 0)
(-1.25528 1.08807 0)
(-1.34975 0.822656 0)
(-1.47765 0.487423 0)
(-1.60529 0.0264315 0)
(-1.76087 -0.53752 0)
(-1.89171 -1.27424 0)
(-1.97713 -2.05368 0)
(-1.94182 -2.89372 0)
(-1.62835 -3.38689 0)
(-1.1201 -3.3646 0)
(-0.00939201 -2.06695 0)
(1.7336e-183 1.71145e-184 0)
(-0.06083 0.73615 0)
(-0.228822 1.4795 0)
(-0.445357 1.89114 0)
(-0.611204 1.95684 0)
(-0.714373 1.94596 0)
(-0.793671 1.81593 0)
(-0.816672 1.68735 0)
(-0.843919 1.52155 0)
(-0.838664 1.35124 0)
(-0.859042 1.15169 0)
(-0.870235 0.902054 0)
(-0.9311 0.592532 0)
(-1.00546 0.156392 0)
(-1.1527 -0.381194 0)
(-1.32385 -1.13376 0)
(-1.53975 -1.9601 0)
(-1.71917 -3.01302 0)
(-1.70006 -3.74346 0)
(-1.47062 -4.32616 0)
(-0.448392 -2.73519 0)
(4.25158e-254 -4.334e-184 0)
(-0.126168 0.84152 0)
(-0.361403 1.62399 0)
(-0.572787 2.02833 0)
(-0.695847 2.03642 0)
(-0.689707 1.98364 0)
(-0.667355 1.8143 0)
(-0.561518 1.66205 0)
(-0.474371 1.48267 0)
(-0.344775 1.31057 0)
(-0.25551 1.12147 0)
(-0.15297 0.896102 0)
(-0.124528 0.627628 0)
(-0.110667 0.250637 0)
(-0.232367 -0.210662 0)
(-0.391663 -0.879941 0)
(-0.770821 -1.64759 0)
(-1.12344 -2.70847 0)
(-1.72109 -3.63529 0)
(-1.77647 -4.53254 0)
(-2.03514 -3.61264 0)
(-2.4684e-264 -0.208974 0)
(-0.180086 1.24464 0)
(-0.444737 1.93028 0)
(-0.579829 2.24759 0)
(-0.594215 2.07401 0)
(-0.428773 1.93129 0)
(-0.258933 1.68758 0)
(0.00382049 1.50107 0)
(0.230424 1.30508 0)
(0.497326 1.13444 0)
(0.708586 0.961447 0)
(0.930273 0.769993 0)
(1.06279 0.554463 0)
(1.17736 0.260053 0)
(1.13288 -0.091375 0)
(1.03126 -0.606121 0)
(0.653394 -1.21155 0)
(0.19562 -2.09178 0)
(-0.63034 -3.04661 0)
(-1.24681 -4.09817 0)
(-1.86809 -4.37365 0)
(-0.835898 -2.26626 0)
(-0.398721 1.43167 0)
(-0.729618 1.99494 0)
(-0.547887 2.17187 0)
(-0.306746 1.86875 0)
(0.195436 1.64968 0)
(0.596813 1.37438 0)
(1.0829 1.17513 0)
(1.47085 0.987588 0)
(1.88068 0.834427 0)
(2.19973 0.691338 0)
(2.51834 0.543687 0)
(2.72325 0.388514 0)
(2.91236 0.183109 0)
(2.91396 -0.0493521 0)
(2.88062 -0.396749 0)
(2.51268 -0.788851 0)
(2.1007 -1.4229 0)
(1.14696 -2.16013 0)
(0.312211 -3.29483 0)
(-0.767514 -3.94801 0)
(-0.693857 -2.95089 0)
(-0.253353 2.43478 0)
(-0.089435 2.07411 0)
(0.697653 1.87558 0)
(1.33021 1.32363 0)
(2.11658 1.04902 0)
(2.70284 0.794511 0)
(3.30741 0.634256 0)
(3.76816 0.504088 0)
(4.21738 0.406585 0)
(4.55616 0.323691 0)
(4.87969 0.244546 0)
(5.08587 0.165136 0)
(5.27425 0.065194 0)
(5.28705 -0.047425 0)
(5.27652 -0.2147 0)
(4.96186 -0.409427 0)
(4.62152 -0.75517 0)
(3.73388 -1.2241 0)
(2.80433 -2.24766 0)
(1.06431 -3.32204 0)
(-0.0422721 -3.80166 0)
(1.67001 1.6723 0)
(2.71617 0.978216 0)
(4.56501 0.750849 0)
(5.40387 0.423743 0)
(6.26155 0.283732 0)
(6.75388 0.173442 0)
(7.20979 0.115792 0)
(7.50745 0.0756477 0)
(7.7806 0.0505311 0)
(7.96335 0.0321403 0)
(8.13331 0.0166205 0)
(8.22135 0.00223765 0)
(8.30317 -0.0163581 0)
(8.26571 -0.0359066 0)
(8.23046 -0.0714737 0)
(7.97209 -0.106607 0)
(7.73865 -0.199387 0)
(6.99926 -0.295727 0)
(6.26875 -0.630954 0)
(4.05022 -1.00365 0)
(2.01213 -1.82607 0)
)
;

boundaryField
{
    movingWall
    {
        type            fixedValue;
        value           uniform (10 0 0);
    }
    fixedWalls
    {
        type            noSlip;
    }
    frontAndBack
    {
        type            empty;
    }
}


// ************************************************************************* //
