/*--------------------------------*- C++ -*----------------------------------*\
| =========                 |                                                 |
| \\      /  F ield         | OpenFOAM: The Open Source CFD Toolbox           |
|  \\    /   O peration     | Version:  4.1                                   |
|   \\  /    A nd           | Web:      www.OpenFOAM.org                      |
|    \\/     M anipulation  |                                                 |
\*---------------------------------------------------------------------------*/
FoamFile
{
    version     2.0;
    format      ascii;
    class       volVectorField;
    location    "0.0944";
    object      U;
}
// * * * * * * * * * * * * * * * * * * * * * * * * * * * * * * * * * * * * * //

dimensions      [0 1 -1 0 0 0 0];

internalField   nonuniform List<vector> 
441
(
(0.00378992 -0.00487056 0)
(0.00992918 -0.00254032 0)
(-0.00063508 -2.21675e-165 0)
(0.00199585 -3.39363e-266 0)
(-0.00836973 -0.00798369 0)
(-0.00199585 -3.1001e-232 0)
(-1.15211e-202 -5.71793e-203 0)
(-1.42942e-203 -7.50782e-228 0)
(-1.74829e-212 -3.27817e-213 0)
(-0.00624315 9.25527e-266 0)
(-0.0765697 0.0249734 0)
(-0.0960747 0.0130345 0)
(-0.108031 0.00593876 0)
(-0.0947733 0.000358154 0)
(-0.0776465 -0.00171797 0)
(-0.0513171 -0.00308294 0)
(-0.0287285 -0.00218418 0)
(-0.00876497 -0.00158386 0)
(0.00318817 0.000802971 0)
(0.00473571 0.00157861 0)
(0.0046238 0.00304811 0)
(0.00392779 -0.00866459 0)
(-0.000771853 0.00688868 0)
(-0.0276142 0.00862343 0)
(-0.0600684 0.0107988 0)
(-0.108607 0.0110766 0)
(-0.154668 -0.00317828 0)
(-0.198129 -0.000134736 0)
(-0.240011 0.00170561 0)
(-0.277176 0.0134809 0)
(-0.314511 0.0681839 0)
(-0.339706 0.0626224 0)
(-0.333533 0.0188628 0)
(-0.317747 -0.00787095 0)
(-0.274016 -0.0315443 0)
(-0.222722 -0.0419447 0)
(-0.158431 -0.047176 0)
(-0.100495 -0.0402008 0)
(-0.0492545 -0.0316227 0)
(-0.0149583 -0.0137771 0)
(-0.000787384 -0.00373441 0)
(0.00502455 0.00653876 0)
(0.007763 -0.00852901 0)
(-0.00517105 0.0286143 0)
(-0.0550701 0.0578964 0)
(-0.123095 0.0783796 0)
(-0.20651 0.085415 0)
(-0.292923 0.0852911 0)
(-0.385959 0.0823696 0)
(-0.461903 0.0764822 0)
(-0.536295 0.071639 0)
(-0.572723 0.0672128 0)
(-0.568412 0.0449422 0)
(-0.549377 -0.00763721 0)
(-0.51082 -0.0528827 0)
(-0.443365 -0.0944529 0)
(-0.363068 -0.11632 0)
(-0.266366 -0.125597 0)
(-0.176886 -0.110159 0)
(-0.0953839 -0.0876469 0)
(-0.0382997 -0.046551 0)
(-0.00792391 -0.0188566 0)
(0.00645906 0.00766631 0)
(0.00644556 -0.0116057 0)
(-0.0167071 0.0715224 0)
(-0.0993266 0.126488 0)
(-0.197132 0.164738 0)
(-0.312567 0.181271 0)
(-0.428962 0.179099 0)
(-0.543751 0.170627 0)
(-0.643241 0.152987 0)
(-0.724944 0.126851 0)
(-0.772943 0.0975293 0)
(-0.78216 0.0389938 0)
(-0.757289 -0.0398927 0)
(-0.705377 -0.11407 0)
(-0.616614 -0.180519 0)
(-0.510218 -0.218804 0)
(-0.381687 -0.234939 0)
(-0.260512 -0.210628 0)
(-0.146649 -0.171922 0)
(-0.0647803 -0.100343 0)
(-0.0158632 -0.0498934 0)
(0.00806865 0.00546318 0)
(7.04714e-165 0.00161139 0)
(-0.0254268 0.133921 0)
(-0.144744 0.237508 0)
(-0.267255 0.290109 0)
(-0.413046 0.31608 0)
(-0.554926 0.314542 0)
(-0.696131 0.29525 0)
(-0.815809 0.25651 0)
(-0.914913 0.200555 0)
(-0.973263 0.125165 0)
(-0.990335 0.0296973 0)
(-0.966583 -0.0841507 0)
(-0.90662 -0.192789 0)
(-0.801459 -0.289988 0)
(-0.671308 -0.350161 0)
(-0.509462 -0.376243 0)
(-0.354189 -0.343694 0)
(-0.201059 -0.284547 0)
(-0.0916761 -0.175595 0)
(-0.0186677 -0.0926098 0)
(0.014682 0.000656531 0)
(-5.71071e-266 0.00592739 0)
(-0.0920187 0.22116 0)
(-0.202384 0.366213 0)
(-0.349556 0.434929 0)
(-0.509215 0.468767 0)
(-0.672778 0.463275 0)
(-0.830656 0.432145 0)
(-0.969841 0.372031 0)
(-1.08432 0.285226 0)
(-1.16016 0.172147 0)
(-1.1947 0.0326197 0)
(-1.17936 -0.124668 0)
(-1.12033 -0.278958 0)
(-1.00397 -0.417527 0)
(-0.853369 -0.510379 0)
(-0.6572 -0.55464 0)
(-0.463904 -0.517985 0)
(-0.264929 -0.437676 0)
(-0.122532 -0.280708 0)
(-0.0213977 -0.159528 0)
(0.0161378 0.00285248 0)
(-0.0237096 0.0969156 0)
(-0.12833 0.332624 0)
(-0.255272 0.495401 0)
(-0.417039 0.595014 0)
(-0.596043 0.638402 0)
(-0.7783 0.634422 0)
(-0.956659 0.591413 0)
(-1.11596 0.509172 0)
(-1.25152 0.390595 0)
(-1.34802 0.235285 0)
(-1.40279 0.0493885 0)
(-1.40253 -0.158849 0)
(-1.35145 -0.367177 0)
(-1.23066 -0.557956 0)
(-1.06447 -0.695483 0)
(-0.833303 -0.767703 0)
(-0.59961 -0.733682 0)
(-0.341531 -0.628484 0)
(-0.163409 -0.415814 0)
(-0.00818585 -0.233179 0)
(5.99643e-266 -0.00403446 0)
(-0.0175134 0.160473 0)
(-0.122853 0.4539 0)
(-0.278511 0.655438 0)
(-0.46097 0.776463 0)
(-0.659894 0.830199 0)
(-0.861205 0.824146 0)
(-1.0579 0.770076 0)
(-1.2381 0.666735 0)
(-1.3957 0.51771 0)
(-1.51738 0.322837 0)
(-1.59839 0.0875727 0)
(-1.62126 -0.17711 0)
(-1.58791 -0.450304 0)
(-1.47256 -0.706822 0)
(-1.29893 -0.907075 0)
(-1.03771 -1.02382 0)
(-0.761643 -1.00814 0)
(-0.439556 -0.880411 0)
(-0.211689 -0.60938 0)
(-0.00381738 -0.332611 0)
(2.63826e-24 -1.0517e-24 0)
(-0.0155385 0.23352 0)
(-0.126133 0.591689 0)
(-0.298236 0.831801 0)
(-0.49516 0.974437 0)
(-0.70992 1.03721 0)
(-0.925961 1.03071 0)
(-1.13876 0.967301 0)
(-1.33748 0.845751 0)
(-1.51684 0.669584 0)
(-1.66446 0.437295 0)
(-1.77434 0.153867 0)
(-1.82691 -0.16989 0)
(-1.82057 -0.514413 0)
(-1.72305 -0.848314 0)
(-1.55479 -1.12815 0)
(-1.27389 -1.30838 0)
(-0.960804 -1.32816 0)
(-0.570068 -1.18401 0)
(-0.283057 -0.84364 0)
(-0.00506596 -0.453038 0)
(1.07166e-76 -6.59565e-25 0)
(-0.0134137 0.302688 0)
(-0.122831 0.738318 0)
(-0.303418 1.02514 0)
(-0.507965 1.18868 0)
(-0.73145 1.26135 0)
(-0.955983 1.25288 0)
(-1.17803 1.18178 0)
(-1.38976 1.04434 0)
(-1.58579 0.844846 0)
(-1.75689 0.579607 0)
(-1.8956 0.250381 0)
(-1.98225 -0.132066 0)
(-2.01169 -0.553456 0)
(-1.94596 -0.975297 0)
(-1.7997 -1.35535 0)
(-1.51682 -1.62397 0)
(-1.17815 -1.71045 0)
(-0.721814 -1.56884 0)
(-0.367537 -1.16864 0)
(-0.00733503 -0.631394 0)
(2.97642e-164 -2.67914e-77 0)
(-0.0132768 0.366231 0)
(-0.122554 0.879899 0)
(-0.306877 1.21454 0)
(-0.512791 1.40012 0)
(-0.736507 1.48343 0)
(-0.960315 1.47518 0)
(-1.18111 1.39991 0)
(-1.39543 1.25199 0)
(-1.59757 1.03628 0)
(-1.78371 0.74625 0)
(-1.94487 0.37987 0)
(-2.06531 -0.0541834 0)
(-2.13552 -0.548611 0)
(-2.11596 -1.06124 0)
(-2.01214 -1.5538 0)
(-1.75428 -1.93386 0)
(-1.41502 -2.11815 0)
(-0.912679 -2.00323 0)
(-0.492454 -1.5462 0)
(-0.082025 -0.834179 0)
(1.79586e-265 0.0133905 0)
(-0.0136149 0.439395 0)
(-0.117788 1.03409 0)
(-0.297737 1.41683 0)
(-0.495242 1.61897 0)
(-0.707461 1.70999 0)
(-0.918057 1.69742 0)
(-1.12347 1.61754 0)
(-1.32586 1.46036 0)
(-1.5188 1.23333 0)
(-1.70578 0.926241 0)
(-1.87706 0.53213 0)
(-2.02382 0.0576321 0)
(-2.13401 -0.502109 0)
(-2.17014 -1.10085 0)
(-2.12828 -1.7157 0)
(-1.92605 -2.2277 0)
(-1.61639 -2.55074 0)
(-1.08834 -2.50603 0)
(-0.589703 -1.99335 0)
(-0.0764464 -1.14392 0)
(0.0535621 -0.0777748 0)
(-0.0166798 0.493236 0)
(-0.119486 1.16106 0)
(-0.296225 1.58908 0)
(-0.480531 1.80652 0)
(-0.669848 1.90444 0)
(-0.853426 1.88863 0)
(-1.02478 1.8068 0)
(-1.19623 1.64584 0)
(-1.35804 1.41602 0)
(-1.52568 1.10409 0)
(-1.68641 0.69877 0)
(-1.84523 0.203326 0)
(-1.9851 -0.399504 0)
(-2.08131 -1.06605 0)
(-2.11649 -1.79229 0)
(-2.0038 -2.44742 0)
(-1.77196 -2.94903 0)
(-1.24448 -3.03893 0)
(-0.717163 -2.55167 0)
(0.0437311 -1.48477 0)
(2.47531e-231 -0.0133905 0)
(-0.0210078 0.578552 0)
(-0.11956 1.3167 0)
(-0.28578 1.78179 0)
(-0.446448 1.99374 0)
(-0.598951 2.08612 0)
(-0.739784 2.0528 0)
(-0.858963 1.96244 0)
(-0.979657 1.79386 0)
(-1.08844 1.56371 0)
(-1.21315 1.25479 0)
(-1.33898 0.851798 0)
(-1.48617 0.35651 0)
(-1.63673 -0.265916 0)
(-1.78341 -0.969734 0)
(-1.90323 -1.79199 0)
(-1.91577 -2.57628 0)
(-1.82052 -3.30825 0)
(-1.4006 -3.57905 0)
(-0.892657 -3.27487 0)
(-0.00292586 -1.89915 0)
(5.83227e-202 4.58852e-184 0)
(-0.0368013 0.626942 0)
(-0.148882 1.41979 0)
(-0.314918 1.91231 0)
(-0.45072 2.11433 0)
(-0.549359 2.1964 0)
(-0.629746 2.14543 0)
(-0.670632 2.04666 0)
(-0.717036 1.87433 0)
(-0.744793 1.65027 0)
(-0.801253 1.35563 0)
(-0.862399 0.973389 0)
(-0.973027 0.503861 0)
(-1.10364 -0.0988099 0)
(-1.28717 -0.795312 0)
(-1.47495 -1.65166 0)
(-1.64644 -2.52659 0)
(-1.7224 -3.44741 0)
(-1.52153 -3.97523 0)
(-1.10618 -3.9256 0)
(-0.0114912 -2.40789 0)
(1.83541e-183 -1.50187e-184 0)
(-0.0553681 0.772485 0)
(-0.182202 1.59915 0)
(-0.337965 2.09325 0)
(-0.435751 2.22967 0)
(-0.464456 2.2725 0)
(-0.467159 2.17495 0)
(-0.41264 2.0542 0)
(-0.365884 1.86903 0)
(-0.293331 1.64998 0)
(-0.258411 1.37401 0)
(-0.2299 1.02377 0)
(-0.271279 0.600348 0)
(-0.348569 0.0467551 0)
(-0.524874 -0.594828 0)
(-0.752888 -1.43571 0)
(-1.05868 -2.32516 0)
(-1.35861 -3.4377 0)
(-1.48594 -4.20181 0)
(-1.39268 -4.80158 0)
(-0.466375 -3.05261 0)
(4.40217e-254 -4.58852e-184 0)
(-0.121233 0.850856 0)
(-0.315918 1.68935 0)
(-0.463232 2.16097 0)
(-0.511832 2.23125 0)
(-0.422002 2.22725 0)
(-0.313308 2.08878 0)
(-0.120215 1.94651 0)
(0.0489669 1.75417 0)
(0.251917 1.54457 0)
(0.39946 1.29484 0)
(0.541884 0.988701 0)
(0.586902 0.628691 0)
(0.594297 0.15862 0)
(0.440298 -0.381533 0)
(0.227574 -1.10985 0)
(-0.235019 -1.90984 0)
(-0.69251 -2.99404 0)
(-1.44201 -3.93996 0)
(-1.63947 -4.85415 0)
(-2.07414 -3.87683 0)
(-2.59585e-264 -0.216203 0)
(-0.177861 1.23142 0)
(-0.414385 1.94556 0)
(-0.497134 2.31166 0)
(-0.445842 2.18864 0)
(-0.202474 2.08779 0)
(0.0498879 1.87268 0)
(0.397728 1.6985 0)
(0.705007 1.49699 0)
(1.04442 1.30171 0)
(1.31303 1.08599 0)
(1.57299 0.835983 0)
(1.71967 0.553077 0)
(1.82431 0.190087 0)
(1.74531 -0.218604 0)
(1.59112 -0.771375 0)
(1.14219 -1.38889 0)
(0.601938 -2.2625 0)
(-0.334509 -3.21097 0)
(-1.07354 -4.26017 0)
(-1.84029 -4.5412 0)
(-0.864812 -2.31814 0)
(-0.400645 1.40897 0)
(-0.725259 1.97997 0)
(-0.516537 2.18669 0)
(-0.232578 1.91954 0)
(0.328076 1.73239 0)
(0.796538 1.48045 0)
(1.35606 1.29331 0)
(1.81661 1.1054 0)
(2.29393 0.938574 0)
(2.66787 0.769336 0)
(3.02417 0.58462 0)
(3.24369 0.386193 0)
(3.42366 0.136484 0)
(3.39143 -0.132771 0)
(3.30716 -0.503319 0)
(2.87441 -0.898963 0)
(2.39722 -1.51857 0)
(1.37092 -2.2353 0)
(0.463148 -3.35423 0)
(-0.704756 -4.00738 0)
(-0.70157 -2.96433 0)
(-0.257639 2.41931 0)
(-0.105369 2.05609 0)
(0.682116 1.8693 0)
(1.33093 1.33569 0)
(2.15042 1.07858 0)
(2.7819 0.837396 0)
(3.44088 0.684332 0)
(3.95851 0.554744 0)
(4.46238 0.45094 0)
(4.84649 0.355529 0)
(5.20129 0.258767 0)
(5.41924 0.15908 0)
(5.59876 0.0391457 0)
(5.58152 -0.0892627 0)
(5.52608 -0.264449 0)
(5.15694 -0.457549 0)
(4.7651 -0.790765 0)
(3.8321 -1.2448 0)
(2.8679 -2.25329 0)
(1.09304 -3.3304 0)
(-0.046461 -3.79873 0)
(1.66688 1.6692 0)
(2.70138 0.974232 0)
(4.54086 0.748153 0)
(5.37996 0.423894 0)
(6.24887 0.286738 0)
(6.76139 0.178507 0)
(7.24379 0.121719 0)
(7.56986 0.081248 0)
(7.86993 0.0546166 0)
(8.07366 0.0338331 0)
(8.256 0.0152896 0)
(8.34476 -0.00209745 0)
(8.41609 -0.0232431 0)
(8.35689 -0.0439866 0)
(8.29439 -0.0791651 0)
(8.00613 -0.111921 0)
(7.74971 -0.200836 0)
(6.99544 -0.293178 0)
(6.26208 -0.624914 0)
(4.04569 -0.997123 0)
(2.00498 -1.81766 0)
)
;

boundaryField
{
    movingWall
    {
        type            fixedValue;
        value           uniform (10 0 0);
    }
    fixedWalls
    {
        type            noSlip;
    }
    frontAndBack
    {
        type            empty;
    }
}


// ************************************************************************* //
