/*--------------------------------*- C++ -*----------------------------------*\
| =========                 |                                                 |
| \\      /  F ield         | OpenFOAM: The Open Source CFD Toolbox           |
|  \\    /   O peration     | Version:  4.1                                   |
|   \\  /    A nd           | Web:      www.OpenFOAM.org                      |
|    \\/     M anipulation  |                                                 |
\*---------------------------------------------------------------------------*/
FoamFile
{
    version     2.0;
    format      ascii;
    class       volVectorField;
    location    "0.139457";
    object      U;
}
// * * * * * * * * * * * * * * * * * * * * * * * * * * * * * * * * * * * * * //

dimensions      [0 1 -1 0 0 0 0];

internalField   nonuniform List<vector> 
441
(
(0.000846959 -0.000817865 0)
(0.000207184 9.41576e-05 0)
(-0.00452521 0.000950335 0)
(-0.0121873 0.00164708 0)
(-0.0220355 0.00199318 0)
(-0.0326605 0.00210786 0)
(-0.0431716 0.00200183 0)
(-0.0525923 0.00173545 0)
(-0.0602131 0.00132342 0)
(-0.0653699 0.000792908 0)
(-0.0675833 0.000167172 0)
(-0.0665253 -0.000513689 0)
(-0.0621386 -0.00119121 0)
(-0.0546452 -0.00179257 0)
(-0.044675 -0.00222324 0)
(-0.0331468 -0.00240701 0)
(-0.0214344 -0.00224804 0)
(-0.0108711 -0.00175372 0)
(-0.00314171 -0.000871876 0)
(0.00101374 9.05116e-05 0)
(0.000990863 0.000946458 0)
(7.39581e-06 -0.000264014 0)
(-0.00594791 0.00594164 0)
(-0.0206033 0.0122168 0)
(-0.0412442 0.017121 0)
(-0.0662999 0.0197877 0)
(-0.0928452 0.0204345 0)
(-0.118774 0.0192146 0)
(-0.141844 0.0164233 0)
(-0.160316 0.0122824 0)
(-0.172643 0.00705839 0)
(-0.17772 0.00106104 0)
(-0.174866 -0.0052939 0)
(-0.164029 -0.0114711 0)
(-0.145819 -0.0168368 0)
(-0.12171 -0.0206898 0)
(-0.0938254 -0.0224105 0)
(-0.065158 -0.0214841 0)
(-0.0386544 -0.0178679 0)
(-0.0178125 -0.0117671 0)
(-0.00422435 -0.00477094 0)
(0.000323058 0.00109516 0)
(-0.000921243 0.00447126 0)
(-0.0131824 0.0207462 0)
(-0.0379638 0.035749 0)
(-0.070563 0.0470089 0)
(-0.108738 0.0530513 0)
(-0.148469 0.0541079 0)
(-0.186835 0.0505176 0)
(-0.22073 0.0429007 0)
(-0.247713 0.0318457 0)
(-0.265635 0.0180578 0)
(-0.272972 0.00238337 0)
(-0.268808 -0.0140913 0)
(-0.253089 -0.0300165 0)
(-0.226667 -0.0438314 0)
(-0.191547 -0.0538673 0)
(-0.150617 -0.0586424 0)
(-0.107944 -0.057026 0)
(-0.0675656 -0.048882 0)
(-0.0343849 -0.0348803 0)
(-0.0107895 -0.0180967 0)
(-0.000441921 -0.00243403 0)
(-0.00182779 0.0129423 0)
(-0.0203594 0.0434697 0)
(-0.0550011 0.0694598 0)
(-0.0987734 0.0880931 0)
(-0.148753 0.0976942 0)
(-0.199968 0.098636 0)
(-0.248944 0.091534 0)
(-0.291979 0.0773982 0)
(-0.326176 0.0572674 0)
(-0.348983 0.0323834 0)
(-0.358572 0.00424671 0)
(-0.353819 -0.0252492 0)
(-0.334586 -0.0537825 0)
(-0.301779 -0.078682 0)
(-0.257659 -0.0971084 0)
(-0.205556 -0.106498 0)
(-0.150317 -0.104905 0)
(-0.0968546 -0.0919249 0)
(-0.0514916 -0.0685838 0)
(-0.0175844 -0.0392516 0)
(-0.00119017 -0.00938194 0)
(-0.00257449 0.0251412 0)
(-0.0269037 0.0742951 0)
(-0.0708859 0.113617 0)
(-0.125185 0.140577 0)
(-0.186153 0.153778 0)
(-0.247909 0.153964 0)
(-0.306557 0.142178 0)
(-0.357962 0.119905 0)
(-0.398933 0.0887015 0)
(-0.426626 0.0504038 0)
(-0.43896 0.00722644 0)
(-0.43456 -0.0380582 0)
(-0.413081 -0.0820585 0)
(-0.375274 -0.120849 0)
(-0.323415 -0.150218 0)
(-0.261034 -0.166247 0)
(-0.193615 -0.16586 0)
(-0.126927 -0.148053 0)
(-0.0689416 -0.11394 0)
(-0.0242731 -0.0689398 0)
(-0.00180859 -0.0198771 0)
(-0.00324575 0.0405394 0)
(-0.0329226 0.112352 0)
(-0.0856456 0.167163 0)
(-0.149798 0.203244 0)
(-0.221015 0.219972 0)
(-0.29256 0.218762 0)
(-0.360221 0.201292 0)
(-0.419561 0.169611 0)
(-0.467218 0.125839 0)
(-0.500141 0.0723967 0)
(-0.516016 0.0121892 0)
(-0.513157 -0.051159 0)
(-0.490864 -0.113183 0)
(-0.449514 -0.168628 0)
(-0.391133 -0.21173 0)
(-0.319201 -0.236889 0)
(-0.239693 -0.239459 0)
(-0.159238 -0.21731 0)
(-0.0877327 -0.171189 0)
(-0.0313926 -0.107268 0)
(-0.00243585 -0.0337632 0)
(-0.00384631 0.0589574 0)
(-0.0384593 0.157275 0)
(-0.0993033 0.229663 0)
(-0.172594 0.275642 0)
(-0.253281 0.295845 0)
(-0.333863 0.29268 0)
(-0.40991 0.268691 0)
(-0.476817 0.226593 0)
(-0.531166 0.16909 0)
(-0.569788 0.0991385 0)
(-0.590155 0.0202448 0)
(-0.590225 -0.0632168 0)
(-0.568792 -0.14578 0)
(-0.525633 -0.220844 0)
(-0.462223 -0.280926 0)
(-0.381679 -0.318363 0)
(-0.290232 -0.32636 0)
(-0.195307 -0.300906 0)
(-0.108986 -0.241728 0)
(-0.0395018 -0.155342 0)
(-0.0031489 -0.0514769 0)
(-0.00441617 0.0801336 0)
(-0.0436098 0.208488 0)
(-0.111925 0.300333 0)
(-0.193505 0.356852 0)
(-0.282665 0.380431 0)
(-0.371254 0.374819 0)
(-0.45476 0.343684 0)
(-0.528573 0.290508 0)
(-0.589364 0.218582 0)
(-0.633971 0.131304 0)
(-0.65972 0.0326201 0)
(-0.664201 -0.0725367 0)
(-0.645592 -0.177875 0)
(-0.602848 -0.275527 0)
(-0.536543 -0.356204 0)
(-0.449018 -0.409786 0)
(-0.346342 -0.42663 0)
(-0.236496 -0.399823 0)
(-0.133897 -0.327089 0)
(-0.0492719 -0.214589 0)
(-0.00407435 -0.0736691 0)
(-0.00496467 0.103873 0)
(-0.0484349 0.265472 0)
(-0.123537 0.378381 0)
(-0.212371 0.445856 0)
(-0.308646 0.472591 0)
(-0.403733 0.464046 0)
(-0.493197 0.425311 0)
(-0.57265 0.360731 0)
(-0.639046 0.274186 0)
(-0.689423 0.169371 0)
(-0.721094 0.0504609 0)
(-0.731356 -0.0773343 0)
(-0.717729 -0.207191 0)
(-0.678169 -0.330194 0)
(-0.611976 -0.435298 0)
(-0.520188 -0.509607 0)
(-0.408061 -0.539885 0)
(-0.283604 -0.514984 0)
(-0.163462 -0.429193 0)
(-0.0613448 -0.287042 0)
(-0.00532729 -0.101408 0)
(-0.00554287 0.130123 0)
(-0.0530693 0.327826 0)
(-0.134225 0.462977 0)
(-0.228997 0.541367 0)
(-0.330499 0.570701 0)
(-0.429839 0.558572 0)
(-0.522877 0.511848 0)
(-0.605744 0.435845 0)
(-0.67594 0.335022 0)
(-0.730982 0.213211 0)
(-0.768396 0.0745451 0)
(-0.785383 -0.0758546 0)
(-0.778874 -0.231063 0)
(-0.745756 -0.381522 0)
(-0.683707 -0.514717 0)
(-0.591869 -0.61486 0)
(-0.473754 -0.664463 0)
(-0.336487 -0.646526 0)
(-0.198347 -0.549882 0)
(-0.0763748 -0.375157 0)
(-0.00707341 -0.136179 0)
(-0.00620565 0.15868 0)
(-0.0578043 0.394854 0)
(-0.144329 0.552811 0)
(-0.243412 0.641378 0)
(-0.347548 0.67222 0)
(-0.447906 0.655541 0)
(-0.540921 0.600423 0)
(-0.62365 0.513257 0)
(-0.694468 0.399084 0)
(-0.751747 0.261698 0)
(-0.793566 0.104896 0)
(-0.817361 -0.0667187 0)
(-0.819711 -0.246678 0)
(-0.796539 -0.425409 0)
(-0.74367 -0.589538 0)
(-0.657779 -0.720631 0)
(-0.53945 -0.796608 0)
(-0.39357 -0.792872 0)
(-0.238656 -0.690136 0)
(-0.0950044 -0.481335 0)
(-0.00951316 -0.179716 0)
(-0.0071649 0.190169 0)
(-0.0632487 0.466798 0)
(-0.154494 0.647159 0)
(-0.255804 0.743901 0)
(-0.359013 0.774114 0)
(-0.455867 0.751183 0)
(-0.543734 0.686955 0)
(-0.621125 0.588983 0)
(-0.687674 0.462903 0)
(-0.743065 0.312284 0)
(-0.786351 0.1403 0)
(-0.815689 -0.0494267 0)
(-0.827733 -0.251551 0)
(-0.817805 -0.457326 0)
(-0.779876 -0.653534 0)
(-0.707788 -0.819884 0)
(-0.59787 -0.930002 0)
(-0.45102 -0.950156 0)
(-0.283464 -0.84979 0)
(-0.117827 -0.608171 0)
(-0.0129847 -0.23457 0)
(-0.008686 0.224514 0)
(-0.0706204 0.54267 0)
(-0.166225 0.743678 0)
(-0.267146 0.844982 0)
(-0.364546 0.871219 0)
(-0.451679 0.83956 0)
(-0.527333 0.765236 0)
(-0.592191 0.656984 0)
(-0.647552 0.521035 0)
(-0.694922 0.36057 0)
(-0.734779 0.177893 0)
(-0.766588 -0.0247736 0)
(-0.787677 -0.243883 0)
(-0.79345 -0.47251 0)
(-0.776379 -0.699 0)
(-0.727541 -0.902666 0)
(-0.637768 -1.05415 0)
(-0.502061 -1.10984 0)
(-0.330383 -1.02488 0)
(-0.145374 -0.756257 0)
(-0.0179277 -0.302962 0)
(-0.0115715 0.265177 0)
(-0.0817926 0.625309 0)
(-0.181097 0.842714 0)
(-0.277781 0.94179 0)
(-0.362478 0.958308 0)
(-0.431549 0.913833 0)
(-0.48578 0.827644 0)
(-0.528909 0.709495 0)
(-0.564249 0.566122 0)
(-0.59558 0.400118 0)
(-0.625177 0.212715 0)
(-0.654377 0.00442121 0)
(-0.681875 -0.223613 0)
(-0.704139 -0.467298 0)
(-0.712983 -0.71825 0)
(-0.697539 -0.957573 0)
(-0.642389 -1.15558 0)
(-0.53513 -1.25961 0)
(-0.374029 -1.20864 0)
(-0.17764 -0.926161 0)
(-0.0251607 -0.389465 0)
(-0.0168255 0.311807 0)
(-0.100416 0.711556 0)
(-0.202385 0.93804 0)
(-0.288924 1.02522 0)
(-0.350683 1.02475 0)
(-0.390185 0.962851 0)
(-0.410967 0.86324 0)
(-0.420979 0.736217 0)
(-0.425732 0.588773 0)
(-0.431558 0.422695 0)
(-0.442617 0.238052 0)
(-0.462459 0.0335452 0)
(-0.491699 -0.192354 0)
(-0.529003 -0.439127 0)
(-0.566828 -0.70332 0)
(-0.59424 -0.970518 0)
(-0.58983 -1.21482 0)
(-0.533579 -1.37777 0)
(-0.405435 -1.38346 0)
(-0.214044 -1.10975 0)
(-0.0356622 -0.495134 0)
(-0.0269083 0.378672 0)
(-0.129336 0.811996 0)
(-0.228273 1.03261 0)
(-0.293584 1.09055 0)
(-0.317118 1.06138 0)
(-0.312133 0.975309 0)
(-0.28538 0.860253 0)
(-0.25009 0.725832 0)
(-0.213695 0.578536 0)
(-0.184926 0.418892 0)
(-0.169423 0.245665 0)
(-0.172796 0.0558425 0)
(-0.197691 -0.154673 0)
(-0.245902 -0.389138 0)
(-0.312092 -0.650186 0)
(-0.388359 -0.930641 0)
(-0.449388 -1.21378 0)
(-0.470231 -1.44169 0)
(-0.406176 -1.53014 0)
(-0.249827 -1.3013 0)
(-0.0510883 -0.630031 0)
(-0.0450918 0.457309 0)
(-0.176142 0.907251 0)
(-0.257424 1.10125 0)
(-0.280751 1.11176 0)
(-0.241259 1.04462 0)
(-0.17122 0.931728 0)
(-0.0802548 0.803244 0)
(0.0124166 0.66641 0)
(0.0987012 0.526082 0)
(0.168447 0.381107 0)
(0.215718 0.228939 0)
(0.233765 0.0652981 0)
(0.218549 -0.115702 0)
(0.164919 -0.320262 0)
(0.0748086 -0.556763 0)
(-0.0507612 -0.826781 0)
(-0.186778 -1.12785 0)
(-0.310872 -1.41215 0)
(-0.349503 -1.60078 0)
(-0.276303 -1.46148 0)
(-0.072444 -0.781873 0)
(-0.0738339 0.602943 0)
(-0.223151 1.02535 0)
(-0.243991 1.14746 0)
(-0.187961 1.07644 0)
(-0.054141 0.957565 0)
(0.100058 0.816301 0)
(0.265767 0.679647 0)
(0.419576 0.548926 0)
(0.555492 0.425173 0)
(0.66403 0.304786 0)
(0.740807 0.183783 0)
(0.779528 0.0571414 0)
(0.776133 -0.0816828 0)
(0.72303 -0.240265 0)
(0.618776 -0.430744 0)
(0.454526 -0.662857 0)
(0.248997 -0.951525 0)
(0.00784124 -1.27035 0)
(-0.172548 -1.56846 0)
(-0.255655 -1.576 0)
(-0.097093 -0.979408 0)
(-0.113449 0.724981 0)
(-0.252602 1.05137 0)
(-0.114402 1.0661 0)
(0.0823598 0.913703 0)
(0.350093 0.758414 0)
(0.60119 0.610589 0)
(0.839425 0.485848 0)
(1.04309 0.378467 0)
(1.21351 0.284832 0)
(1.34532 0.199545 0)
(1.43799 0.117935 0)
(1.48756 0.035323 0)
(1.49147 -0.0538545 0)
(1.44133 -0.156193 0)
(1.33365 -0.283242 0)
(1.1494 -0.448007 0)
(0.897051 -0.676959 0)
(0.547507 -0.97142 0)
(0.202511 -1.32885 0)
(-0.130022 -1.49797 0)
(-0.105364 -1.11037 0)
(-0.0424359 1.02209 0)
(0.0571017 1.0223 0)
(0.490471 0.848208 0)
(0.851378 0.611061 0)
(1.22166 0.446846 0)
(1.5186 0.325254 0)
(1.77287 0.239007 0)
(1.97405 0.174704 0)
(2.13329 0.124453 0)
(2.25111 0.0825478 0)
(2.33112 0.0448939 0)
(2.37239 0.00826879 0)
(2.37459 -0.030643 0)
(2.33084 -0.075938 0)
(2.2383 -0.135073 0)
(2.07408 -0.219076 0)
(1.83872 -0.355164 0)
(1.46542 -0.567691 0)
(1.0175 -0.92172 0)
(0.371969 -1.25315 0)
(0.0358912 -1.27778 0)
(0.845204 0.576324 0)
(1.31627 0.399707 0)
(2.06225 0.261956 0)
(2.45483 0.15523 0)
(2.7769 0.0931084 0)
(2.98425 0.0568534 0)
(3.13943 0.0350787 0)
(3.2479 0.0218815 0)
(3.32641 0.0130929 0)
(3.37946 0.00683175 0)
(3.41197 0.00176457 0)
(3.42476 -0.00292819 0)
(3.41864 -0.00790328 0)
(3.38959 -0.0142659 0)
(3.33619 -0.0234406 0)
(3.23968 -0.039093 0)
(3.09747 -0.068064 0)
(2.82743 -0.122205 0)
(2.45466 -0.231273 0)
(1.63354 -0.388072 0)
(0.924222 -0.587292 0)
)
;

boundaryField
{
    movingWall
    {
        type            fixedValue;
        value           uniform (4 0 0);
    }
    fixedWalls
    {
        type            noSlip;
    }
    frontAndBack
    {
        type            empty;
    }
}


// ************************************************************************* //
