/*--------------------------------*- C++ -*----------------------------------*\
| =========                 |                                                 |
| \\      /  F ield         | OpenFOAM: The Open Source CFD Toolbox           |
|  \\    /   O peration     | Version:  4.1                                   |
|   \\  /    A nd           | Web:      www.OpenFOAM.org                      |
|    \\/     M anipulation  |                                                 |
\*---------------------------------------------------------------------------*/
FoamFile
{
    version     2.0;
    format      ascii;
    class       volVectorField;
    location    "0.0035";
    object      U;
}
// * * * * * * * * * * * * * * * * * * * * * * * * * * * * * * * * * * * * * //

dimensions      [0 1 -1 0 0 0 0];

internalField   nonuniform List<vector> 
441
(
(0.00257443 -0.00547222 0)
(0.00316452 -0.00494768 0)
(-0.00123725 -3.72983e-165 0)
(0.00126189 -1.15471e-266 0)
(-0.0164307 -0.00505318 0)
(-0.00126189 -2.58326e-232 0)
(-1.43147e-202 -2.61153e-203 0)
(-6.52264e-204 -3.01551e-228 0)
(-1.48714e-212 -1.16427e-213 0)
(-0.00529096 8.41493e-266 0)
(-0.0569624 0.0211548 0)
(-0.0731754 0.0117638 0)
(-0.0852619 0.00568114 0)
(-0.0823186 0.001472 0)
(-0.077983 -0.000511503 0)
(-0.0669574 -0.00193241 0)
(-0.0562778 -0.00241107 0)
(-0.0419605 -0.00311695 0)
(-0.0281173 -0.00292339 0)
(-0.0137144 -0.00310198 0)
(-0.000343385 -0.00111413 0)
(0.00065587 5.59319e-05 0)
(-0.0151039 0.00909846 0)
(-0.0415146 0.00467551 0)
(-0.0622184 0.015264 0)
(-0.0898559 0.0068901 0)
(-0.108943 -0.01132 0)
(-0.124866 -0.0014513 0)
(-0.139194 0.000689107 0)
(-0.149983 0.00966154 0)
(-0.163987 0.0497106 0)
(-0.171957 0.0449032 0)
(-0.165752 0.0169238 0)
(-0.163064 0.00298361 0)
(-0.150049 -0.00893903 0)
(-0.137256 -0.0148675 0)
(-0.116792 -0.0202896 0)
(-0.0970065 -0.0223745 0)
(-0.07205 -0.0257961 0)
(-0.0480774 -0.0250289 0)
(-0.0233284 -0.0254961 0)
(-0.000936422 -0.0127313 0)
(0.00432273 0.00762733 0)
(-0.0122104 0.0364814 0)
(-0.05257 0.0448079 0)
(-0.0859235 0.0469841 0)
(-0.116214 0.040669 0)
(-0.150104 0.0316805 0)
(-0.182689 0.0287215 0)
(-0.20155 0.024173 0)
(-0.223423 0.0235091 0)
(-0.224962 0.0266073 0)
(-0.208443 0.0238298 0)
(-0.198267 0.00431089 0)
(-0.188584 -0.00956535 0)
(-0.173001 -0.0238905 0)
(-0.156782 -0.0331954 0)
(-0.132734 -0.0421437 0)
(-0.109573 -0.046369 0)
(-0.0798943 -0.0522115 0)
(-0.0525926 -0.0507299 0)
(-0.0239946 -0.0504211 0)
(0.000649359 -0.0245235 0)
(0.00807894 0.00821396 0)
(-0.00368098 0.0677651 0)
(-0.0557111 0.0791583 0)
(-0.0957689 0.0804166 0)
(-0.133884 0.0714755 0)
(-0.168462 0.0575098 0)
(-0.197965 0.050727 0)
(-0.220014 0.0417893 0)
(-0.235908 0.0342278 0)
(-0.241386 0.0320782 0)
(-0.23446 0.0176224 0)
(-0.223261 -0.00385521 0)
(-0.210993 -0.0226655 0)
(-0.191572 -0.0414069 0)
(-0.171681 -0.0551702 0)
(-0.143289 -0.0683354 0)
(-0.116582 -0.0749474 0)
(-0.0817877 -0.0839108 0)
(-0.0516282 -0.0804776 0)
(-0.0189472 -0.0800054 0)
(0.00419629 -0.035863 0)
(6.73944e-165 0.00201974 0)
(-0.00598996 0.0997873 0)
(-0.0683735 0.136141 0)
(-0.108678 0.124127 0)
(-0.151073 0.112772 0)
(-0.18674 0.0945423 0)
(-0.219031 0.0796769 0)
(-0.24164 0.0617533 0)
(-0.258697 0.044627 0)
(-0.263585 0.0261885 0)
(-0.257726 0.00605175 0)
(-0.247169 -0.0185381 0)
(-0.232737 -0.0407828 0)
(-0.210954 -0.0629935 0)
(-0.18802 -0.0807867 0)
(-0.1551 -0.0973634 0)
(-0.125203 -0.106855 0)
(-0.083153 -0.117561 0)
(-0.0502044 -0.112254 0)
(-0.00912769 -0.10668 0)
(0.0118093 -0.0381057 0)
(-7.77719e-266 0.00635748 0)
(-0.068889 0.140857 0)
(-0.0926468 0.180253 0)
(-0.137046 0.164857 0)
(-0.170853 0.149697 0)
(-0.207556 0.126571 0)
(-0.237097 0.106113 0)
(-0.261596 0.0816802 0)
(-0.277867 0.0565611 0)
(-0.285672 0.0303635 0)
(-0.283904 0.00106213 0)
(-0.274294 -0.0295492 0)
(-0.259195 -0.0590579 0)
(-0.234784 -0.0869684 0)
(-0.208435 -0.110964 0)
(-0.170325 -0.132432 0)
(-0.135572 -0.146359 0)
(-0.0846651 -0.160946 0)
(-0.0458241 -0.153325 0)
(0.0113312 -0.144842 0)
(0.0199315 -0.0329001 0)
(-0.0254299 0.0769863 0)
(-0.0864611 0.18747 0)
(-0.115845 0.206062 0)
(-0.157099 0.200505 0)
(-0.194247 0.183348 0)
(-0.231945 0.159792 0)
(-0.264098 0.133523 0)
(-0.290218 0.102118 0)
(-0.308225 0.0686766 0)
(-0.317319 0.0323608 0)
(-0.316744 -0.00507257 0)
(-0.307485 -0.043053 0)
(-0.29116 -0.0797994 0)
(-0.264341 -0.113714 0)
(-0.234932 -0.144369 0)
(-0.191226 -0.170505 0)
(-0.153334 -0.191028 0)
(-0.0918267 -0.208101 0)
(-0.0548314 -0.205998 0)
(0.0253399 -0.173686 0)
(5.94347e-266 -0.00498289 0)
(-0.0192966 0.120935 0)
(-0.0721759 0.232198 0)
(-0.120043 0.25212 0)
(-0.169836 0.244206 0)
(-0.213441 0.225414 0)
(-0.255819 0.197076 0)
(-0.290432 0.165038 0)
(-0.319636 0.126021 0)
(-0.339128 0.0840034 0)
(-0.35063 0.0386266 0)
(-0.351642 -0.00880221 0)
(-0.343233 -0.0556939 0)
(-0.326156 -0.102392 0)
(-0.297607 -0.144194 0)
(-0.264886 -0.184084 0)
(-0.217331 -0.215858 0)
(-0.174672 -0.244892 0)
(-0.110505 -0.263057 0)
(-0.0685976 -0.266906 0)
(0.0029109 -0.207882 0)
(1.13566e-24 -3.45327e-24 0)
(-0.0161291 0.166062 0)
(-0.0721064 0.285976 0)
(-0.132121 0.3033 0)
(-0.188895 0.292299 0)
(-0.240289 0.269011 0)
(-0.287172 0.235752 0)
(-0.325658 0.197142 0)
(-0.357639 0.150291 0)
(-0.37898 0.0996611 0)
(-0.392328 0.0447782 0)
(-0.394164 -0.01226 0)
(-0.386718 -0.0684183 0)
(-0.368905 -0.124925 0)
(-0.339299 -0.174866 0)
(-0.303525 -0.223597 0)
(-0.251858 -0.260917 0)
(-0.20416 -0.295778 0)
(-0.133031 -0.315246 0)
(-0.0855111 -0.315715 0)
(-0.0017979 -0.245103 0)
(4.3435e-77 -2.83915e-25 0)
(-0.0147211 0.210679 0)
(-0.0726561 0.349864 0)
(-0.142732 0.37074 0)
(-0.206826 0.353506 0)
(-0.265501 0.325181 0)
(-0.317631 0.283163 0)
(-0.359483 0.236537 0)
(-0.39452 0.179674 0)
(-0.417248 0.11917 0)
(-0.432784 0.0537536 0)
(-0.435566 -0.0145063 0)
(-0.429868 -0.081421 0)
(-0.41203 -0.150351 0)
(-0.382492 -0.210629 0)
(-0.344055 -0.272203 0)
(-0.288681 -0.317267 0)
(-0.234874 -0.36392 0)
(-0.156156 -0.385532 0)
(-0.102106 -0.396779 0)
(-0.0093483 -0.300593 0)
(1.06421e-164 -1.08588e-77 0)
(-0.015749 0.250888 0)
(-0.0814666 0.412006 0)
(-0.163487 0.43621 0)
(-0.236284 0.413196 0)
(-0.302416 0.379129 0)
(-0.35946 0.328391 0)
(-0.403678 0.27373 0)
(-0.44069 0.20735 0)
(-0.463545 0.137874 0)
(-0.480726 0.062985 0)
(-0.483981 -0.0150308 0)
(-0.481133 -0.0916036 0)
(-0.464245 -0.171861 0)
(-0.437495 -0.242234 0)
(-0.397762 -0.3163 0)
(-0.341693 -0.369628 0)
(-0.281156 -0.425677 0)
(-0.199865 -0.448547 0)
(-0.135161 -0.456378 0)
(-0.066573 -0.350974 0)
(-2.34288e-266 0.0031928 0)
(-0.0182465 0.309914 0)
(-0.0914422 0.500092 0)
(-0.18475 0.528447 0)
(-0.265626 0.494044 0)
(-0.337782 0.450867 0)
(-0.39867 0.385415 0)
(-0.443444 0.319475 0)
(-0.481228 0.240071 0)
(-0.502821 0.159932 0)
(-0.521165 0.0743198 0)
(-0.524736 -0.0144078 0)
(-0.525654 -0.101469 0)
(-0.511193 -0.195292 0)
(-0.489444 -0.278069 0)
(-0.450636 -0.370099 0)
(-0.393944 -0.435885 0)
(-0.325279 -0.508138 0)
(-0.224631 -0.535048 0)
(-0.139637 -0.532731 0)
(-0.0202837 -0.439419 0)
(0.0127712 -0.0763722 0)
(-0.0237102 0.356651 0)
(-0.111716 0.575298 0)
(-0.223459 0.608199 0)
(-0.315859 0.563172 0)
(-0.39314 0.511076 0)
(-0.456243 0.431907 0)
(-0.497352 0.355873 0)
(-0.532972 0.265672 0)
(-0.54973 0.177712 0)
(-0.567884 0.0848834 0)
(-0.570568 -0.0104934 0)
(-0.576998 -0.10422 0)
(-0.566569 -0.2078 0)
(-0.555108 -0.301077 0)
(-0.520603 -0.410913 0)
(-0.469159 -0.492896 0)
(-0.393388 -0.592757 0)
(-0.266469 -0.632599 0)
(-0.15856 -0.656809 0)
(0.0592665 -0.502622 0)
(1.03678e-231 -0.0031928 0)
(-0.0307885 0.449404 0)
(-0.133131 0.703694 0)
(-0.261705 0.738033 0)
(-0.363656 0.665975 0)
(-0.442859 0.595773 0)
(-0.505256 0.490926 0)
(-0.539544 0.399097 0)
(-0.570621 0.293177 0)
(-0.580528 0.195959 0)
(-0.597186 0.0955153 0)
(-0.5983 -0.00598294 0)
(-0.610385 -0.105452 0)
(-0.605567 -0.219776 0)
(-0.608029 -0.324587 0)
(-0.584007 -0.460563 0)
(-0.549935 -0.564976 0)
(-0.477668 -0.716232 0)
(-0.356732 -0.775274 0)
(-0.221644 -0.859021 0)
(0.00169786 -0.613718 0)
(1.10237e-202 1.07503e-184 0)
(-0.048205 0.513405 0)
(-0.181634 0.799715 0)
(-0.339256 0.835011 0)
(-0.455 0.738659 0)
(-0.528507 0.651139 0)
(-0.584584 0.524912 0)
(-0.601663 0.420786 0)
(-0.622602 0.30498 0)
(-0.619248 0.204165 0)
(-0.632244 0.102805 0)
(-0.629458 0.00263076 0)
(-0.649381 -0.0950135 0)
(-0.651248 -0.210127 0)
(-0.6766 -0.318879 0)
(-0.667581 -0.468306 0)
(-0.669872 -0.594046 0)
(-0.605092 -0.783109 0)
(-0.505551 -0.883968 0)
(-0.325576 -1.00801 0)
(-0.000314415 -0.724447 0)
(4.30011e-184 -8.28571e-184 0)
(-0.0670306 0.688392 0)
(-0.229755 1.00048 0)
(-0.40827 1.02256 0)
(-0.531202 0.857946 0)
(-0.592771 0.73368 0)
(-0.638147 0.565396 0)
(-0.636178 0.441877 0)
(-0.645761 0.311463 0)
(-0.629236 0.207223 0)
(-0.637523 0.106291 0)
(-0.630084 0.00988346 0)
(-0.654726 -0.0829929 0)
(-0.662139 -0.19716 0)
(-0.706443 -0.30746 0)
(-0.718196 -0.476482 0)
(-0.760747 -0.626887 0)
(-0.734517 -0.896071 0)
(-0.691584 -1.05635 0)
(-0.531488 -1.38516 0)
(-0.219306 -0.95219 0)
(6.96304e-255 -1.07503e-184 0)
(-0.128849 0.795301 0)
(-0.365974 1.12712 0)
(-0.568105 1.13041 0)
(-0.694728 0.912663 0)
(-0.711504 0.756369 0)
(-0.73122 0.562165 0)
(-0.688909 0.42815 0)
(-0.679076 0.2954 0)
(-0.640751 0.19586 0)
(-0.642467 0.103977 0)
(-0.627808 0.0195536 0)
(-0.660061 -0.0595907 0)
(-0.672817 -0.158832 0)
(-0.748425 -0.255781 0)
(-0.782941 -0.413708 0)
(-0.908722 -0.566502 0)
(-0.925738 -0.84761 0)
(-1.07966 -1.07442 0)
(-0.908145 -1.45662 0)
(-1.01358 -1.26065 0)
(-1.59006e-264 -0.12466 0)
(-0.178735 1.20571 0)
(-0.466167 1.44619 0)
(-0.650905 1.37519 0)
(-0.755322 1.00298 0)
(-0.720955 0.784818 0)
(-0.711432 0.542893 0)
(-0.636918 0.396762 0)
(-0.611401 0.263256 0)
(-0.557777 0.17263 0)
(-0.553289 0.0938937 0)
(-0.531187 0.0254783 0)
(-0.56259 -0.0363711 0)
(-0.572877 -0.115712 0)
(-0.656238 -0.194003 0)
(-0.70304 -0.331586 0)
(-0.860618 -0.47712 0)
(-0.939459 -0.758368 0)
(-1.16038 -1.05516 0)
(-1.15489 -1.53037 0)
(-1.1884 -1.7911 0)
(-0.49864 -1.16486 0)
(-0.390122 1.4039 0)
(-0.777844 1.56943 0)
(-0.761337 1.41119 0)
(-0.756761 0.964493 0)
(-0.551623 0.711632 0)
(-0.469505 0.468722 0)
(-0.320417 0.328575 0)
(-0.264828 0.212463 0)
(-0.183501 0.137826 0)
(-0.169372 0.077785 0)
(-0.136636 0.0281442 0)
(-0.168734 -0.0131229 0)
(-0.174524 -0.066746 0)
(-0.272344 -0.114716 0)
(-0.321899 -0.211426 0)
(-0.529819 -0.309661 0)
(-0.633609 -0.548848 0)
(-0.981735 -0.824094 0)
(-1.03751 -1.42358 0)
(-1.1814 -1.8631 0)
(-0.595969 -1.79603 0)
(-0.236453 2.43473 0)
(-0.170953 1.81347 0)
(0.307676 1.40477 0)
(0.550068 0.787399 0)
(0.897407 0.519528 0)
(1.05364 0.307422 0)
(1.24134 0.200482 0)
(1.31779 0.124317 0)
(1.41111 0.0791135 0)
(1.43426 0.047162 0)
(1.47707 0.02231 0)
(1.45708 0.00403606 0)
(1.47065 -0.020214 0)
(1.39733 -0.0408567 0)
(1.38678 -0.0923954 0)
(1.22033 -0.154543 0)
(1.16725 -0.344935 0)
(0.810825 -0.632016 0)
(0.641715 -1.40349 0)
(-0.00848948 -2.21841 0)
(-0.134954 -3.03938 0)
(1.70387 1.70442 0)
(2.71233 0.960871 0)
(4.33351 0.689255 0)
(4.8821 0.350872 0)
(5.43348 0.214488 0)
(5.64133 0.114492 0)
(5.84225 0.0685172 0)
(5.91849 0.0389107 0)
(6.00048 0.0227903 0)
(6.02237 0.0123826 0)
(6.05928 0.00457043 0)
(6.04775 -0.00145777 0)
(6.06484 -0.00983245 0)
(6.0124 -0.0180205 0)
(6.01418 -0.0389323 0)
(5.86946 -0.0619204 0)
(5.81655 -0.141028 0)
(5.3598 -0.235562 0)
(4.99411 -0.576831 0)
(3.3145 -0.951856 0)
(1.91156 -1.79359 0)
)
;

boundaryField
{
    movingWall
    {
        type            fixedValue;
        value           uniform (10 0 0);
    }
    fixedWalls
    {
        type            noSlip;
    }
    frontAndBack
    {
        type            empty;
    }
}


// ************************************************************************* //
