/*--------------------------------*- C++ -*----------------------------------*\
| =========                 |                                                 |
| \\      /  F ield         | OpenFOAM: The Open Source CFD Toolbox           |
|  \\    /   O peration     | Version:  4.1                                   |
|   \\  /    A nd           | Web:      www.OpenFOAM.org                      |
|    \\/     M anipulation  |                                                 |
\*---------------------------------------------------------------------------*/
FoamFile
{
    version     2.0;
    format      ascii;
    class       volVectorField;
    location    "0.0776";
    object      U;
}
// * * * * * * * * * * * * * * * * * * * * * * * * * * * * * * * * * * * * * //

dimensions      [0 1 -1 0 0 0 0];

internalField   nonuniform List<vector> 
441
(
(0.00364954 -0.0047653 0)
(0.00950935 -0.0025398 0)
(-0.000634952 -2.19847e-165 0)
(0.00191671 -3.23202e-266 0)
(-0.0083963 -0.00766728 0)
(-0.00191671 -2.99448e-232 0)
(-1.12766e-202 -5.44026e-203 0)
(-1.35996e-203 -7.12808e-228 0)
(-1.68353e-212 -3.10628e-213 0)
(-0.00600961 8.92505e-266 0)
(-0.0735691 0.0240399 0)
(-0.0925764 0.012607 0)
(-0.104494 0.00580298 0)
(-0.0922438 0.000439294 0)
(-0.0762764 -0.00157374 0)
(-0.0512426 -0.00294157 0)
(-0.0295751 -0.00213042 0)
(-0.0100762 -0.00162552 0)
(0.00195739 0.000652438 0)
(0.00406213 0.00140332 0)
(0.00446827 0.00291584 0)
(0.00371818 -0.00820649 0)
(-0.00113532 0.00675871 0)
(-0.0272686 0.00833092 0)
(-0.0585631 0.0106526 0)
(-0.10517 0.0106374 0)
(-0.149043 -0.00335627 0)
(-0.190305 -0.000182342 0)
(-0.229953 0.001611 0)
(-0.265169 0.0129258 0)
(-0.300728 0.0654839 0)
(-0.32505 0.0603963 0)
(-0.319675 0.0187305 0)
(-0.305516 -0.00671628 0)
(-0.264629 -0.0294296 0)
(-0.216471 -0.0395964 0)
(-0.155399 -0.0450622 0)
(-0.0999679 -0.0388543 0)
(-0.0502915 -0.031179 0)
(-0.016433 -0.0142752 0)
(-0.00171873 -0.00464291 0)
(0.00481214 0.00583933 0)
(0.00740976 -0.00785954 0)
(-0.00524122 0.0280597 0)
(-0.0534857 0.056042 0)
(-0.118717 0.0753992 0)
(-0.198296 0.0816564 0)
(-0.28062 0.0810537 0)
(-0.369015 0.0780817 0)
(-0.440839 0.0724253 0)
(-0.51147 0.0680639 0)
(-0.546097 0.064394 0)
(-0.542339 0.0439117 0)
(-0.524976 -0.00569543 0)
(-0.489416 -0.048559 0)
(-0.426214 -0.0884115 0)
(-0.350657 -0.109835 0)
(-0.258795 -0.119733 0)
(-0.173324 -0.106052 0)
(-0.0946706 -0.0856812 0)
(-0.0389467 -0.0468161 0)
(-0.00860734 -0.0202867 0)
(0.00623368 0.00640693 0)
(0.00626529 -0.0106892 0)
(-0.0158439 0.0693979 0)
(-0.0950811 0.121784 0)
(-0.18843 0.157862 0)
(-0.298347 0.172906 0)
(-0.408935 0.170098 0)
(-0.517855 0.161739 0)
(-0.612163 0.144966 0)
(-0.689852 0.120614 0)
(-0.735795 0.0936631 0)
(-0.745307 0.03901 0)
(-0.72264 -0.0353249 0)
(-0.674556 -0.10564 0)
(-0.591136 -0.169376 0)
(-0.490745 -0.206855 0)
(-0.368486 -0.223939 0)
(-0.252772 -0.202419 0)
(-0.143189 -0.167244 0)
(-0.0638673 -0.0994579 0)
(-0.0158951 -0.0512148 0)
(0.00790426 0.00385064 0)
(6.8001e-165 0.00156632 0)
(-0.023965 0.128953 0)
(-0.137892 0.227839 0)
(-0.254447 0.277218 0)
(-0.393066 0.301053 0)
(-0.527805 0.298714 0)
(-0.661931 0.279991 0)
(-0.775659 0.243317 0)
(-0.870258 0.190963 0)
(-0.926441 0.120555 0)
(-0.943819 0.0311687 0)
(-0.922496 -0.0761893 0)
(-0.866872 -0.179296 0)
(-0.76776 -0.272585 0)
(-0.644582 -0.331397 0)
(-0.490264 -0.358617 0)
(-0.341862 -0.329854 0)
(-0.194569 -0.275729 0)
(-0.0890401 -0.172387 0)
(-0.0180593 -0.0929454 0)
(0.0145123 -0.000792517 0)
(-5.51383e-266 0.00568538 0)
(-0.0878827 0.212022 0)
(-0.192599 0.350272 0)
(-0.332506 0.414879 0)
(-0.484211 0.446127 0)
(-0.639722 0.440038 0)
(-0.790012 0.410222 0)
(-0.922827 0.353548 0)
(-1.03265 0.272284 0)
(-1.10611 0.166434 0)
(-1.14066 0.0353649 0)
(-1.12766 -0.11331 0)
(-1.07299 -0.26013 0)
(-0.962942 -0.393315 0)
(-0.819832 -0.483906 0)
(-0.632142 -0.529175 0)
(-0.446928 -0.49706 0)
(-0.25533 -0.423251 0)
(-0.118083 -0.27397 0)
(-0.0199695 -0.158013 0)
(0.0161323 0.00163158 0)
(-0.0227415 0.0926541 0)
(-0.122488 0.317986 0)
(-0.243159 0.472826 0)
(-0.397142 0.566986 0)
(-0.56768 0.607433 0)
(-0.741536 0.603031 0)
(-0.912066 0.562258 0)
(-1.0649 0.485 0)
(-1.19572 0.373994 0)
(-1.28972 0.228308 0)
(-1.34424 0.0532095 0)
(-1.34602 -0.144185 0)
(-1.29895 -0.343013 0)
(-1.18424 -0.526705 0)
(-1.02551 -0.660737 0)
(-0.803279 -0.733442 0)
(-0.578513 -0.704385 0)
(-0.329293 -0.607067 0)
(-0.157607 -0.404474 0)
(-0.00696447 -0.229026 0)
(5.94418e-266 -0.00403308 0)
(-0.0167688 0.153361 0)
(-0.117281 0.433598 0)
(-0.265935 0.625473 0)
(-0.440339 0.740175 0)
(-0.630745 0.790739 0)
(-0.823789 0.784704 0)
(-1.01296 0.733883 0)
(-1.187 0.637062 0)
(-1.34013 0.497526 0)
(-1.45934 0.314382 0)
(-1.53984 0.0920777 0)
(-1.56424 -0.1597 0)
(-1.53415 -0.421391 0)
(-1.42407 -0.669014 0)
(-1.25714 -0.864186 0)
(-1.00452 -0.980391 0)
(-0.737487 -0.96941 0)
(-0.425346 -0.850562 0)
(-0.204908 -0.591659 0)
(-0.00355738 -0.325186 0)
(2.57233e-24 -1.08593e-24 0)
(-0.014901 0.223089 0)
(-0.120987 0.565282 0)
(-0.286398 0.79425 0)
(-0.475806 0.929916 0)
(-0.682733 0.989534 0)
(-0.891348 0.983601 0)
(-1.09752 0.924528 0)
(-1.29094 0.810985 0)
(-1.46648 0.646051 0)
(-1.61198 0.427346 0)
(-1.72129 0.158689 0)
(-1.77486 -0.150429 0)
(-1.77079 -0.48174 0)
(-1.67714 -0.805069 0)
(-1.51398 -1.07811 0)
(-1.24025 -1.25637 0)
(-0.935208 -1.2799 0)
(-0.554338 -1.14505 0)
(-0.275237 -0.818488 0)
(-0.00492366 -0.441883 0)
(1.04817e-76 -6.43081e-25 0)
(-0.012976 0.289822 0)
(-0.118846 0.706804 0)
(-0.293891 0.981006 0)
(-0.492252 1.13707 0)
(-0.709362 1.20668 0)
(-0.92801 1.19941 0)
(-1.14498 1.13368 0)
(-1.35285 1.00556 0)
(-1.54625 0.818726 0)
(-1.71599 0.568456 0)
(-1.85435 0.255275 0)
(-1.94158 -0.111405 0)
(-1.97216 -0.518447 0)
(-1.9085 -0.928497 0)
(-1.765 -1.30023 0)
(-1.48675 -1.56522 0)
(-1.15383 -1.65381 0)
(-0.705952 -1.52099 0)
(-0.359068 -1.1354 0)
(-0.00702853 -0.615852 0)
(2.91634e-164 -2.62043e-77 0)
(-0.0130359 0.351461 0)
(-0.120147 0.844436 0)
(-0.300882 1.16532 0)
(-0.502727 1.34309 0)
(-0.722304 1.42355 0)
(-0.942468 1.41716 0)
(-1.16038 1.34822 0)
(-1.37281 1.21073 0)
(-1.57398 1.00876 0)
(-1.75994 0.734577 0)
(-1.92132 0.38487 0)
(-2.04213 -0.0330368 0)
(-2.11245 -0.512797 0)
(-2.09299 -1.01319 0)
(-1.98912 -1.49647 0)
(-1.73242 -1.87142 0)
(-1.39537 -2.05574 0)
(-0.89832 -1.9482 0)
(-0.483863 -1.50566 0)
(-0.0800313 -0.814244 0)
(1.77912e-265 0.0132368 0)
(-0.0136162 0.423901 0)
(-0.11743 0.996822 0)
(-0.296382 1.36506 0)
(-0.492579 1.55917 0)
(-0.703506 1.64755 0)
(-0.913217 1.63742 0)
(-1.11836 1.56465 0)
(-1.32118 1.41868 0)
(-1.51507 1.20601 0)
(-1.70326 0.915068 0)
(-1.87553 0.537542 0)
(-2.0227 0.0787189 0)
(-2.1322 -0.466994 0)
(-2.16662 -1.05406 0)
(-2.12197 -1.65961 0)
(-1.91713 -2.16559 0)
(-1.60548 -2.4867 0)
(-1.07862 -2.44695 0)
(-0.583086 -1.94781 0)
(-0.0756151 -1.11955 0)
(0.0529471 -0.0757571 0)
(-0.0169318 0.478125 0)
(-0.121383 1.12425 0)
(-0.300078 1.53756 0)
(-0.486219 1.7469 0)
(-0.677454 1.84238 0)
(-0.863163 1.82944 0)
(-1.03699 1.75523 0)
(-1.2112 1.6059 0)
(-1.3758 1.39059 0)
(-1.54591 1.09454 0)
(-1.70834 0.705071 0)
(-1.86766 0.2241 0)
(-2.0063 -0.366195 0)
(-2.09947 -1.02259 0)
(-2.12961 -1.74052 0)
(-2.01099 -2.38965 0)
(-1.77286 -2.88757 0)
(-1.24199 -2.97953 0)
(-0.713503 -2.50223 0)
(0.0423466 -1.45746 0)
(2.44494e-231 -0.0132368 0)
(-0.0215083 0.565175 0)
(-0.123721 1.28302 0)
(-0.294897 1.73378 0)
(-0.460609 1.93767 0)
(-0.618256 2.02768 0)
(-0.764137 1.99736 0)
(-0.888304 1.91471 0)
(-1.01367 1.75764 0)
(-1.12657 1.54156 0)
(-1.25449 1.24769 0)
(-1.38228 0.859289 0)
(-1.5298 0.376756 0)
(-1.67872 -0.235192 0)
(-1.82149 -0.931128 0)
(-1.93497 -1.74703 0)
(-1.93919 -2.5265 0)
(-1.83438 -3.25416 0)
(-1.40605 -3.52452 0)
(-0.892423 -3.22572 0)
(-0.00308819 -1.87073 0)
(5.80491e-202 4.57742e-184 0)
(-0.037499 0.61643 0)
(-0.15494 1.39159 0)
(-0.32857 1.87073 0)
(-0.472284 2.06485 0)
(-0.578938 2.14446 0)
(-0.666854 2.09621 0)
(-0.714686 2.00468 0)
(-0.76701 1.8431 0)
(-0.799464 1.63207 0)
(-0.85907 1.35113 0)
(-0.921719 0.981873 0)
(-1.03202 0.523217 0)
(-1.16042 -0.0711474 0)
(-1.33961 -0.762183 0)
(-1.52075 -1.61467 0)
(-1.68315 -2.48682 0)
(-1.74803 -3.40416 0)
(-1.53555 -3.93006 0)
(-1.11039 -3.88167 0)
(-0.0113757 -2.38019 0)
(1.83097e-183 -1.17799e-184 0)
(-0.056175 0.765771 0)
(-0.18943 1.57842 0)
(-0.354584 2.06068 0)
(-0.46236 2.1895 0)
(-0.501181 2.22954 0)
(-0.513145 2.13394 0)
(-0.466773 2.01927 0)
(-0.426435 1.84335 0)
(-0.358421 1.63559 0)
(-0.32591 1.37147 0)
(-0.297822 1.03235 0)
(-0.337712 0.617971 0)
(-0.411907 0.0708499 0)
(-0.583469 -0.567266 0)
(-0.805166 -1.40652 0)
(-1.10244 -2.29558 0)
(-1.39186 -3.40641 0)
(-1.50638 -4.16885 0)
(-1.4013 -4.76681 0)
(-0.46521 -3.02833 0)
(4.39764e-254 -4.57742e-184 0)
(-0.121973 0.848259 0)
(-0.323009 1.67693 0)
(-0.480141 2.13868 0)
(-0.539475 2.20184 0)
(-0.460683 2.19462 0)
(-0.361988 2.05694 0)
(-0.177488 1.91904 0)
(-0.0147174 1.73386 0)
(0.184129 1.53324 0)
(0.330109 1.29311 0)
(0.473213 0.996043 0)
(0.520937 0.643402 0)
(0.532428 0.178406 0)
(0.383752 -0.359468 0)
(0.176987 -1.08767 0)
(-0.278161 -1.88905 0)
(-0.727272 -2.97408 0)
(-1.46495 -3.91948 0)
(-1.65142 -4.83225 0)
(-2.07194 -3.8578 0)
(-2.58567e-264 -0.215665 0)
(-0.17825 1.23241 0)
(-0.419513 1.94097 0)
(-0.51059 2.29958 0)
(-0.469005 2.17027 0)
(-0.23608 2.06588 0)
(0.00661429 1.85031 0)
(0.346033 1.67858 0)
(0.647042 1.48183 0)
(0.982539 1.29294 0)
(1.24987 1.08427 0)
(1.51097 0.841103 0)
(1.66091 0.563846 0)
(1.77027 0.20474 0)
(1.69701 -0.202305 0)
(1.54879 -0.755487 0)
(1.10619 -1.37502 0)
(0.572231 -2.25112 0)
(-0.356229 -3.20078 0)
(-1.08659 -4.25008 0)
(-1.84272 -4.52988 0)
(-0.86266 -2.31494 0)
(-0.400453 1.4118 0)
(-0.726742 1.98061 0)
(-0.522946 2.1824 0)
(-0.245886 1.91035 0)
(0.306382 1.71993 0)
(0.766435 1.46679 0)
(1.31813 1.28055 0)
(1.77247 1.09529 0)
(2.24557 0.932383 0)
(2.61779 0.767678 0)
(2.97475 0.587479 0)
(3.19718 0.392857 0)
(3.38169 0.145787 0)
(3.35513 -0.122364 0)
(3.27673 -0.493316 0)
(2.84976 -0.890638 0)
(2.37743 -1.51261 0)
(1.35605 -2.23121 0)
(0.452972 -3.35115 0)
(-0.709012 -4.00375 0)
(-0.700879 -2.96371 0)
(-0.257031 2.42153 0)
(-0.103574 2.05812 0)
(0.682883 1.86912 0)
(1.32834 1.33279 0)
(2.14241 1.07363 0)
(2.76758 0.831449 0)
(3.4201 0.678544 0)
(3.93219 0.550064 0)
(4.43199 0.448075 0)
(4.8141 0.35482 0)
(5.169 0.260208 0)
(5.38913 0.162305 0)
(5.57238 0.0435291 0)
(5.55994 -0.0844997 0)
(5.50947 -0.260121 0)
(5.14501 -0.454241 0)
(4.75676 -0.788932 0)
(3.82648 -1.24409 0)
(2.86414 -2.25345 0)
(1.09129 -3.33002 0)
(-0.0460577 -3.79905 0)
(1.6674 1.66972 0)
(2.7035 0.974768 0)
(4.54384 0.748394 0)
(5.38221 0.423686 0)
(6.24889 0.286174 0)
(6.75829 0.177771 0)
(7.23729 0.121027 0)
(7.56038 0.0807584 0)
(7.85831 0.0544406 0)
(8.06113 0.0339973 0)
(8.24379 0.0157616 0)
(8.33408 -0.00142076 0)
(8.4077 -0.0224925 0)
(8.35127 -0.0433164 0)
(8.29136 -0.0787006 0)
(8.00531 -0.111744 0)
(7.75014 -0.200975 0)
(6.9964 -0.293538 0)
(6.2628 -0.625425 0)
(4.04604 -0.997568 0)
(2.00553 -1.81822 0)
)
;

boundaryField
{
    movingWall
    {
        type            fixedValue;
        value           uniform (10 0 0);
    }
    fixedWalls
    {
        type            noSlip;
    }
    frontAndBack
    {
        type            empty;
    }
}


// ************************************************************************* //
