/*--------------------------------*- C++ -*----------------------------------*\
| =========                 |                                                 |
| \\      /  F ield         | OpenFOAM: The Open Source CFD Toolbox           |
|  \\    /   O peration     | Version:  4.1                                   |
|   \\  /    A nd           | Web:      www.OpenFOAM.org                      |
|    \\/     M anipulation  |                                                 |
\*---------------------------------------------------------------------------*/
FoamFile
{
    version     2.0;
    format      ascii;
    class       volVectorField;
    location    "0.124718";
    object      U;
}
// * * * * * * * * * * * * * * * * * * * * * * * * * * * * * * * * * * * * * //

dimensions      [0 1 -1 0 0 0 0];

internalField   nonuniform List<vector> 
441
(
(0.000845798 -0.000816717 0)
(0.000207174 9.39784e-05 0)
(-0.00451775 0.000948896 0)
(-0.0121679 0.00164466 0)
(-0.0220012 0.00199034 0)
(-0.0326105 0.00210497 0)
(-0.0431068 0.00199921 0)
(-0.0525151 0.00173334 0)
(-0.060127 0.00132201 0)
(-0.0652791 0.000792325 0)
(-0.0674925 0.000167508 0)
(-0.0664393 -0.000512431 0)
(-0.0620619 -0.00118913 0)
(-0.0545813 -0.00178988 0)
(-0.0446262 -0.00222024 0)
(-0.0331135 -0.0024041 0)
(-0.0214155 -0.00224563 0)
(-0.0108635 -0.00175214 0)
(-0.00314127 -0.000871388 0)
(0.00101158 9.00501e-05 0)
(0.000989844 0.000945463 0)
(7.59107e-06 -0.000264003 0)
(-0.00593801 0.00593219 0)
(-0.0205701 0.0121978 0)
(-0.0411786 0.0170947 0)
(-0.0661959 0.0197581 0)
(-0.0927019 0.0204052 0)
(-0.118594 0.0191885 0)
(-0.141634 0.0164028 0)
(-0.160085 0.0122694 0)
(-0.172401 0.00705402 0)
(-0.17748 0.00106585 0)
(-0.174639 -0.00528024 0)
(-0.163825 -0.0114498 0)
(-0.145646 -0.01681 0)
(-0.121574 -0.0206603 0)
(-0.0937273 -0.0223817 0)
(-0.0650953 -0.0214592 0)
(-0.0386212 -0.0178496 0)
(-0.0177998 -0.0117572 0)
(-0.00422267 -0.00476866 0)
(0.000322495 0.00109308 0)
(-0.000919455 0.00446312 0)
(-0.0131605 0.0207127 0)
(-0.0379024 0.0356924 0)
(-0.0704508 0.0469362 0)
(-0.108568 0.0529716 0)
(-0.148241 0.0540299 0)
(-0.186554 0.050449 0)
(-0.220407 0.0428478 0)
(-0.24736 0.0318129 0)
(-0.265269 0.0180481 0)
(-0.272609 0.00239763 0)
(-0.268464 -0.0140542 0)
(-0.252779 -0.0299601 0)
(-0.226402 -0.043761 0)
(-0.191335 -0.05379 0)
(-0.150459 -0.0585663 0)
(-0.107838 -0.0569589 0)
(-0.067504 -0.0488306 0)
(-0.0343563 -0.0348484 0)
(-0.0107817 -0.0180836 0)
(-0.000441784 -0.00243395 0)
(-0.00182449 0.0129197 0)
(-0.0203264 0.0433996 0)
(-0.0549147 0.0693503 0)
(-0.0986212 0.0879578 0)
(-0.148529 0.097549 0)
(-0.199673 0.098496 0)
(-0.248585 0.0914123 0)
(-0.291569 0.0773054 0)
(-0.325733 0.0572112 0)
(-0.348524 0.0323684 0)
(-0.358119 0.00427397 0)
(-0.353389 -0.0251821 0)
(-0.334197 -0.0536816 0)
(-0.301444 -0.0785568 0)
(-0.257387 -0.0969709 0)
(-0.205349 -0.106362 0)
(-0.150174 -0.104783 0)
(-0.0967671 -0.0918282 0)
(-0.0514478 -0.0685196 0)
(-0.0175704 -0.0392202 0)
(-0.00118929 -0.0093763 0)
(-0.00257015 0.0250987 0)
(-0.0268628 0.0741775 0)
(-0.0707817 0.113442 0)
(-0.125005 0.140367 0)
(-0.185892 0.153556 0)
(-0.247569 0.153752 0)
(-0.306148 0.141996 0)
(-0.357499 0.119767 0)
(-0.398434 0.0886198 0)
(-0.426111 0.0503838 0)
(-0.438451 0.00726934 0)
(-0.434077 -0.0379565 0)
(-0.412642 -0.0819071 0)
(-0.374893 -0.120662 0)
(-0.323101 -0.150011 0)
(-0.260792 -0.16604 0)
(-0.193444 -0.165672 0)
(-0.12682 -0.147901 0)
(-0.0688858 -0.113834 0)
(-0.0242542 -0.0688829 0)
(-0.0018072 -0.0198628 0)
(-0.00324085 0.0404738 0)
(-0.0328778 0.112181 0)
(-0.0855332 0.166915 0)
(-0.149606 0.202952 0)
(-0.220739 0.219668 0)
(-0.292204 0.218475 0)
(-0.359794 0.201047 0)
(-0.419081 0.169428 0)
(-0.466702 0.125731 0)
(-0.49961 0.0723721 0)
(-0.515491 0.0122485 0)
(-0.512658 -0.0510218 0)
(-0.490407 -0.11298 0)
(-0.449115 -0.168377 0)
(-0.3908 -0.211452 0)
(-0.318941 -0.236608 0)
(-0.239505 -0.239201 0)
(-0.159118 -0.217096 0)
(-0.0876688 -0.171036 0)
(-0.0313702 -0.107181 0)
(-0.00243409 -0.0337381 0)
(-0.00384142 0.0588677 0)
(-0.0384151 0.157049 0)
(-0.0991934 0.229342 0)
(-0.172407 0.275268 0)
(-0.253014 0.295458 0)
(-0.33352 0.292318 0)
(-0.409501 0.268385 0)
(-0.476358 0.226366 0)
(-0.530674 0.168957 0)
(-0.569281 0.0991094 0)
(-0.589653 0.0203192 0)
(-0.589746 -0.0630463 0)
(-0.568351 -0.145528 0)
(-0.525244 -0.220531 0)
(-0.461894 -0.280578 0)
(-0.381418 -0.31801 0)
(-0.29004 -0.32603 0)
(-0.195182 -0.300629 0)
(-0.108918 -0.241524 0)
(-0.0394775 -0.155222 0)
(-0.00314691 -0.0514396 0)
(-0.00441185 0.0800215 0)
(-0.0435711 0.208211 0)
(-0.111829 0.299944 0)
(-0.193342 0.356403 0)
(-0.282431 0.37997 0)
(-0.370956 0.37439 0)
(-0.454404 0.343323 0)
(-0.528174 0.290241 0)
(-0.588936 0.218427 0)
(-0.63353 0.13127 0)
(-0.659281 0.0327064 0)
(-0.663779 -0.0723387 0)
(-0.6452 -0.177582 0)
(-0.602497 -0.275162 0)
(-0.536242 -0.355796 0)
(-0.448774 -0.409367 0)
(-0.346159 -0.426234 0)
(-0.236373 -0.399484 0)
(-0.133828 -0.326834 0)
(-0.0492468 -0.214435 0)
(-0.00407217 -0.0736189 0)
(-0.00496147 0.103743 0)
(-0.0484059 0.265153 0)
(-0.123464 0.377936 0)
(-0.212248 0.445345 0)
(-0.30847 0.472069 0)
(-0.403507 0.463562 0)
(-0.492927 0.424904 0)
(-0.572345 0.360431 0)
(-0.638718 0.274011 0)
(-0.689084 0.169331 0)
(-0.720753 0.0505541 0)
(-0.731025 -0.0771174 0)
(-0.717417 -0.206869 0)
(-0.677883 -0.32979 0)
(-0.611725 -0.434842 0)
(-0.519979 -0.509134 0)
(-0.407899 -0.539432 0)
(-0.283492 -0.51459 0)
(-0.163397 -0.42889 0)
(-0.0613201 -0.286854 0)
(-0.00532496 -0.101345 0)
(-0.00554125 0.129981 0)
(-0.0530539 0.32748 0)
(-0.134185 0.462494 0)
(-0.228928 0.540814 0)
(-0.330398 0.570137 0)
(-0.429707 0.55805 0)
(-0.522718 0.511409 0)
(-0.605564 0.435521 0)
(-0.675743 0.334831 0)
(-0.730775 0.213164 0)
(-0.768185 0.0746391 0)
(-0.785173 -0.0756294 0)
(-0.77867 -0.230724 0)
(-0.745561 -0.381095 0)
(-0.683529 -0.514232 0)
(-0.591712 -0.614351 0)
(-0.473626 -0.66397 0)
(-0.336394 -0.646088 0)
(-0.19829 -0.549538 0)
(-0.0763517 -0.374939 0)
(-0.00707096 -0.136103 0)
(-0.00620594 0.158533 0)
(-0.057805 0.394497 0)
(-0.144328 0.552313 0)
(-0.243406 0.640806 0)
(-0.347535 0.671636 0)
(-0.447885 0.654999 0)
(-0.540892 0.599967 0)
(-0.623613 0.512918 0)
(-0.694423 0.398883 0)
(-0.751695 0.261642 0)
(-0.793507 0.104984 0)
(-0.817293 -0.0664967 0)
(-0.819636 -0.246341 0)
(-0.796457 -0.424979 0)
(-0.743582 -0.589045 0)
(-0.657691 -0.720107 0)
(-0.539369 -0.796092 0)
(-0.393504 -0.792406 0)
(-0.238612 -0.689761 0)
(-0.0949846 -0.481091 0)
(-0.00951069 -0.179628 0)
(-0.00716726 0.190028 0)
(-0.0632667 0.46645 0)
(-0.154534 0.64667 0)
(-0.255866 0.743337 0)
(-0.359095 0.773536 0)
(-0.455964 0.750644 0)
(-0.543842 0.686499 0)
(-0.621241 0.588642 0)
(-0.68779 0.462696 0)
(-0.743177 0.31222 0)
(-0.786454 0.140378 0)
(-0.815777 -0.0492187 0)
(-0.827801 -0.251229 0)
(-0.817849 -0.456912 0)
(-0.779895 -0.653056 0)
(-0.707784 -0.81937 0)
(-0.597848 -0.929487 0)
(-0.45099 -0.949681 0)
(-0.283438 -0.849399 0)
(-0.117813 -0.607909 0)
(-0.0129823 -0.234472 0)
(-0.00869035 0.224386 0)
(-0.0706549 0.542351 0)
(-0.166305 0.743223 0)
(-0.267273 0.844451 0)
(-0.364718 0.87067 0)
(-0.451889 0.839044 0)
(-0.527574 0.764797 0)
(-0.592452 0.656652 0)
(-0.647824 0.52083 0)
(-0.695194 0.3605 0)
(-0.735042 0.177955 0)
(-0.76683 -0.0245885 0)
(-0.78789 -0.243591 0)
(-0.793625 -0.472131 0)
(-0.776511 -0.698557 0)
(-0.727629 -0.902185 0)
(-0.637814 -1.05366 0)
(-0.502076 -1.10938 0)
(-0.33038 -1.02449 0)
(-0.145367 -0.755988 0)
(-0.0179258 -0.302858 0)
(-0.0115775 0.265072 0)
(-0.0818404 0.625036 0)
(-0.181209 0.842316 0)
(-0.277961 0.941317 0)
(-0.362725 0.957811 0)
(-0.431853 0.913361 0)
(-0.486132 0.827238 0)
(-0.529295 0.709184 0)
(-0.564655 0.565925 0)
(-0.595992 0.400043 0)
(-0.62558 0.212761 0)
(-0.654757 0.00457735 0)
(-0.682219 -0.223361 0)
(-0.704436 -0.466967 0)
(-0.713224 -0.717861 0)
(-0.697719 -0.957147 0)
(-0.642507 -1.15514 0)
(-0.535194 -1.25919 0)
(-0.374054 -1.20828 0)
(-0.177643 -0.925898 0)
(-0.0251596 -0.389359 0)
(-0.0168323 0.31173 0)
(-0.100472 0.711343 0)
(-0.202517 0.937716 0)
(-0.289139 1.02483 0)
(-0.35098 1.02433 0)
(-0.390555 0.96244 0)
(-0.411397 0.86288 0)
(-0.421453 0.735937 0)
(-0.426234 0.588591 0)
(-0.432071 0.422619 0)
(-0.443124 0.238081 0)
(-0.462944 0.0336699 0)
(-0.492147 -0.192147 0)
(-0.529399 -0.438854 0)
(-0.56716 -0.702997 0)
(-0.594501 -0.970162 0)
(-0.590015 -1.21445 0)
(-0.533692 -1.37741 0)
(-0.40549 -1.38314 0)
(-0.214058 -1.10951 0)
(-0.0356622 -0.495032 0)
(-0.026915 0.378626 0)
(-0.129392 0.811849 0)
(-0.228408 1.03237 0)
(-0.293807 1.09024 0)
(-0.317429 1.06103 0)
(-0.312526 0.974971 0)
(-0.285842 0.859952 0)
(-0.250605 0.725593 0)
(-0.214245 0.578376 0)
(-0.185492 0.41882 0)
(-0.169987 0.24568 0)
(-0.173341 0.0559368 0)
(-0.1982 -0.154512 0)
(-0.24636 -0.388924 0)
(-0.312486 -0.649934 0)
(-0.388677 -0.930364 0)
(-0.449624 -1.21349 0)
(-0.470386 -1.4414 0)
(-0.406257 -1.52988 0)
(-0.249854 -1.30109 0)
(-0.0510899 -0.62994 0)
(-0.045097 0.457292 0)
(-0.176189 0.907166 0)
(-0.257542 1.10109 0)
(-0.280951 1.11154 0)
(-0.241547 1.04437 0)
(-0.17159 0.931468 0)
(-0.0806972 0.803006 0)
(0.011916 0.666218 0)
(0.0981596 0.525951 0)
(0.167883 0.381044 0)
(0.215152 0.228945 0)
(0.233214 0.0653655 0)
(0.218029 -0.115583 0)
(0.164446 -0.320105 0)
(0.0743958 -0.55658 0)
(-0.0511027 -0.826583 0)
(-0.18704 -1.12764 0)
(-0.311051 -1.41194 0)
(-0.349605 -1.60059 0)
(-0.27634 -1.46132 0)
(-0.0724472 -0.781798 0)
(-0.0738363 0.602946 0)
(-0.223181 1.02531 0)
(-0.244074 1.14737 0)
(-0.188112 1.0763 0)
(-0.0543681 0.957394 0)
(0.0997539 0.816119 0)
(0.265392 0.679477 0)
(0.41914 0.548787 0)
(0.555012 0.425076 0)
(0.663523 0.304738 0)
(0.740292 0.183784 0)
(0.779023 0.0571869 0)
(0.775655 -0.0816018 0)
(0.722594 -0.240159 0)
(0.618392 -0.430624 0)
(0.454204 -0.66273 0)
(0.248743 -0.951396 0)
(0.00766194 -1.27022 0)
(-0.172654 -1.56834 0)
(-0.255698 -1.5759 0)
(-0.0970977 -0.979356 0)
(-0.113448 0.724993 0)
(-0.25261 1.05137 0)
(-0.114441 1.06606 0)
(0.0822745 0.91363 0)
(0.349948 0.758316 0)
(0.600979 0.610481 0)
(0.839148 0.485744 0)
(1.04275 0.37838 0)
(1.21313 0.284772 0)
(1.34492 0.199516 0)
(1.43758 0.117937 0)
(1.48715 0.0353513 0)
(1.49108 -0.0538052 0)
(1.44098 -0.15613 0)
(1.33334 -0.283173 0)
(1.14914 -0.447938 0)
(0.896844 -0.676893 0)
(0.547357 -0.971356 0)
(0.202417 -1.32879 0)
(-0.130063 -1.49792 0)
(-0.105369 -1.11034 0)
(-0.0424328 1.0221 0)
(0.0571094 1.02231 0)
(0.490469 0.8482 0)
(0.851351 0.611035 0)
(1.22159 0.446806 0)
(1.51849 0.325208 0)
(1.7727 0.238963 0)
(1.97383 0.174668 0)
(2.13304 0.124429 0)
(2.25084 0.0825375 0)
(2.33084 0.044897 0)
(2.37212 0.00828327 0)
(2.37433 -0.0306204 0)
(2.33061 -0.0759109 0)
(2.23811 -0.135045 0)
(2.07391 -0.21905 0)
(1.8386 -0.355142 0)
(1.46532 -0.567671 0)
(1.01743 -0.921702 0)
(0.371941 -1.25313 0)
(0.0358873 -1.27777 0)
(0.845207 0.576327 0)
(1.31628 0.39971 0)
(2.06226 0.261956 0)
(2.45484 0.155227 0)
(2.77688 0.0931033 0)
(2.98422 0.0568475 0)
(3.13937 0.0350734 0)
(3.24782 0.0218776 0)
(3.32631 0.0130909 0)
(3.37936 0.00683176 0)
(3.41186 0.00176634 0)
(3.42465 -0.00292513 0)
(3.41855 -0.00789954 0)
(3.38952 -0.0142621 0)
(3.33612 -0.0234373 0)
(3.23963 -0.0390905 0)
(3.09743 -0.0680625 0)
(2.8274 -0.122204 0)
(2.45465 -0.231272 0)
(1.63353 -0.388072 0)
(0.924221 -0.587293 0)
)
;

boundaryField
{
    movingWall
    {
        type            fixedValue;
        value           uniform (4 0 0);
    }
    fixedWalls
    {
        type            noSlip;
    }
    frontAndBack
    {
        type            empty;
    }
}


// ************************************************************************* //
