/*--------------------------------*- C++ -*----------------------------------*\
| =========                 |                                                 |
| \\      /  F ield         | OpenFOAM: The Open Source CFD Toolbox           |
|  \\    /   O peration     | Version:  4.1                                   |
|   \\  /    A nd           | Web:      www.OpenFOAM.org                      |
|    \\/     M anipulation  |                                                 |
\*---------------------------------------------------------------------------*/
FoamFile
{
    version     2.0;
    format      ascii;
    class       volVectorField;
    location    "0.0995";
    object      U;
}
// * * * * * * * * * * * * * * * * * * * * * * * * * * * * * * * * * * * * * //

dimensions      [0 1 -1 0 0 0 0];

internalField   nonuniform List<vector> 
441
(
(0.00382366 -0.00489594 0)
(0.0100279 -0.00254078 0)
(-0.000635196 -2.22113e-165 0)
(0.00201344 -3.4292e-266 0)
(-0.00837211 -0.008054 0)
(-0.00201344 -3.12355e-232 0)
(-1.15799e-202 -5.77624e-203 0)
(-1.44401e-203 -7.58549e-228 0)
(-1.76203e-212 -3.31239e-213 0)
(-0.00629214 9.3255e-266 0)
(-0.0771862 0.0251692 0)
(-0.0967852 0.0131244 0)
(-0.10874 0.00596754 0)
(-0.0952681 0.000342455 0)
(-0.0779007 -0.00174618 0)
(-0.0513071 -0.00311005 0)
(-0.0285346 -0.00219315 0)
(-0.00848214 -0.00157339 0)
(0.00344822 0.000835319 0)
(0.00487666 0.00161545 0)
(0.00465576 0.00307544 0)
(0.00397711 -0.00877236 0)
(-0.000691113 0.0069206 0)
(-0.0277068 0.00869438 0)
(-0.060435 0.0108394 0)
(-0.109415 0.0111742 0)
(-0.155958 -0.00314592 0)
(-0.199889 -0.000126472 0)
(-0.242232 0.00172504 0)
(-0.279786 0.0135951 0)
(-0.317461 0.0687367 0)
(-0.342799 0.063066 0)
(-0.336421 0.0188696 0)
(-0.320266 -0.00812623 0)
(-0.275925 -0.0319896 0)
(-0.223974 -0.0424291 0)
(-0.159019 -0.0476048 0)
(-0.100573 -0.0404676 0)
(-0.0490202 -0.0317027 0)
(-0.0146434 -0.0136652 0)
(-0.000591261 -0.00354123 0)
(0.0050685 0.00668489 0)
(0.00784508 -0.00868248 0)
(-0.00516168 0.0287558 0)
(-0.0554583 0.0583404 0)
(-0.124133 0.0790709 0)
(-0.208417 0.0862584 0)
(-0.295733 0.0862102 0)
(-0.389762 0.0832706 0)
(-0.46655 0.0773057 0)
(-0.541685 0.0723364 0)
(-0.578426 0.0677331 0)
(-0.573933 0.0450816 0)
(-0.55449 -0.0081094 0)
(-0.515263 -0.0538305 0)
(-0.446895 -0.0957318 0)
(-0.365602 -0.117667 0)
(-0.267899 -0.126797 0)
(-0.177598 -0.110987 0)
(-0.0955163 -0.0880307 0)
(-0.0381594 -0.0464788 0)
(-0.00778066 -0.0185503 0)
(0.00650539 0.00793021 0)
(0.00648928 -0.0118131 0)
(-0.0169082 0.0720377 0)
(-0.10032 0.127598 0)
(-0.199147 0.166319 0)
(-0.31582 0.18314 0)
(-0.433483 0.181047 0)
(-0.549514 0.172489 0)
(-0.650058 0.154604 0)
(-0.732537 0.128044 0)
(-0.780882 0.0981957 0)
(-0.789952 0.0388434 0)
(-0.764546 -0.0409714 0)
(-0.711783 -0.115913 0)
(-0.621877 -0.182879 0)
(-0.514223 -0.22129 0)
(-0.384395 -0.237199 0)
(-0.262098 -0.212296 0)
(-0.147359 -0.172859 0)
(-0.0649697 -0.100504 0)
(-0.0158578 -0.049608 0)
(0.00810192 0.00579975 0)
(7.10514e-165 0.00162232 0)
(-0.0257621 0.135097 0)
(-0.146324 0.239761 0)
(-0.270182 0.293046 0)
(-0.417564 0.319416 0)
(-0.560985 0.317952 0)
(-0.703671 0.298431 0)
(-0.824544 0.259152 0)
(-0.924504 0.202363 0)
(-0.983203 0.125891 0)
(-1.00011 0.0291547 0)
(-0.975772 -0.0860058 0)
(-0.914851 -0.195731 0)
(-0.808406 -0.29367 0)
(-0.676802 -0.354064 0)
(-0.513405 -0.379868 0)
(-0.356724 -0.346518 0)
(-0.2024 -0.286333 0)
(-0.0922258 -0.176234 0)
(-0.0187967 -0.0925296 0)
(0.0147158 0.000957798 0)
(-5.75735e-266 0.00598379 0)
(-0.092973 0.223292 0)
(-0.204614 0.369888 0)
(-0.353407 0.43946 0)
(-0.514802 0.473759 0)
(-0.680078 0.468249 0)
(-0.839518 0.436684 0)
(-0.979962 0.375701 0)
(-1.0953 0.287632 0)
(-1.17153 0.172996 0)
(-1.20596 0.031719 0)
(-1.19005 -0.127298 0)
(-1.13007 -0.283046 0)
(-1.01238 -0.422634 0)
(-0.860229 -0.515874 0)
(-0.662326 -0.559872 0)
(-0.467383 -0.522258 0)
(-0.266905 -0.44061 0)
(-0.123454 -0.282074 0)
(-0.0216943 -0.159833 0)
(0.0161385 0.00310359 0)
(-0.0239351 0.097901 0)
(-0.129665 0.336002 0)
(-0.258001 0.500549 0)
(-0.421478 0.60129 0)
(-0.602302 0.645173 0)
(-0.786317 0.64109 0)
(-0.966262 0.597402 0)
(-1.12682 0.513931 0)
(-1.26324 0.393647 0)
(-1.36014 0.236283 0)
(-1.41485 0.0481698 0)
(-1.41411 -0.162228 0)
(-1.36215 -0.372403 0)
(-1.2401 -0.564523 0)
(-1.07238 -0.70267 0)
(-0.839402 -0.774725 0)
(-0.603904 -0.739657 0)
(-0.34403 -0.632842 0)
(-0.1646 -0.418125 0)
(-0.00843735 -0.234027 0)
(6.00709e-266 -0.00403462 0)
(-0.0176838 0.162103 0)
(-0.124102 0.458539 0)
(-0.281301 0.66221 0)
(-0.465507 0.78452 0)
(-0.666236 0.838757 0)
(-0.869251 0.83246 0)
(-1.06744 0.777451 0)
(-1.24881 0.672527 0)
(-1.40723 0.521384 0)
(-1.52929 0.324029 0)
(-1.61031 0.0861252 0)
(-1.6328 -0.181111 0)
(-1.59874 -0.45653 0)
(-1.48232 -0.714732 0)
(-1.30734 -0.915909 0)
(-1.04439 -1.03269 0)
(-0.766515 -1.01602 0)
(-0.442432 -0.886473 0)
(-0.213067 -0.612988 0)
(-0.00387066 -0.334129 0)
(2.65167e-24 -1.04505e-24 0)
(-0.015681 0.235893 0)
(-0.127267 0.597672 0)
(-0.30082 0.840218 0)
(-0.49935 0.984246 0)
(-0.715744 1.04747 0)
(-0.93329 1.04056 0)
(-1.14738 0.97595 0)
(-1.3471 0.852483 0)
(-1.52712 0.67383 0)
(-1.67506 0.43869 0)
(-1.78498 0.152277 0)
(-1.83729 -0.174356 0)
(-1.83047 -0.52142 0)
(-1.73216 -0.857319 0)
(-1.56289 -1.13841 0)
(-1.28059 -1.31895 0)
(-0.965915 -1.33794 0)
(-0.573221 -1.1919 0)
(-0.284631 -0.848745 0)
(-0.0050947 -0.455311 0)
(1.07639e-76 -6.62918e-25 0)
(-0.0135084 0.305589 0)
(-0.123687 0.745403 0)
(-0.305455 1.03496 0)
(-0.5113 1.19997 0)
(-0.736091 1.27304 0)
(-0.961792 1.26399 0)
(-1.1848 1.19144 0)
(-1.39723 1.05179 0)
(-1.5937 0.849517 0)
(-1.76498 0.58116 0)
(-1.9037 0.248716 0)
(-1.9902 -0.136806 0)
(-2.01939 -0.560937 0)
(-1.95326 -0.984998 0)
(-1.80648 -1.36659 0)
(-1.52272 -1.63585 0)
(-1.18295 -1.72187 0)
(-0.724957 -1.57848 0)
(-0.369227 -1.17536 0)
(-0.00739816 -0.634545 0)
(2.98847e-164 -2.69098e-77 0)
(-0.0133263 0.369536 0)
(-0.123052 0.887817 0)
(-0.308117 1.22542 0)
(-0.514861 1.41252 0)
(-0.739401 1.49616 0)
(-0.963906 1.48716 0)
(-1.18522 1.41022 0)
(-1.39985 1.25986 0)
(-1.60211 1.04116 0)
(-1.78822 0.747841 0)
(-1.9493 0.378141 0)
(-2.06963 -0.059036 0)
(-2.13983 -0.556244 0)
(-2.12027 -1.07116 0)
(-2.0165 -1.56545 0)
(-1.75847 -1.94643 0)
(-1.41883 -2.13067 0)
(-0.915488 -2.01427 0)
(-0.49415 -1.55435 0)
(-0.0824302 -0.838203 0)
(1.799e-265 0.0134206 0)
(-0.0136111 0.44284 0)
(-0.117835 1.04237 0)
(-0.29796 1.42821 0)
(-0.495702 1.63192 0)
(-0.708144 1.7232 0)
(-0.918873 1.70975 0)
(-1.12429 1.62803 0)
(-1.32654 1.46824 0)
(-1.51924 1.23811 0)
(-1.70594 0.927692 0)
(-1.877 0.530298 0)
(-2.02369 0.0527917 0)
(-2.13403 -0.509581 0)
(-2.17052 -1.11048 0)
(-2.12927 -1.72705 0)
(-1.92762 -2.24014 0)
(-1.61841 -2.56352 0)
(-1.09019 -2.51782 0)
(-0.590985 -2.00246 0)
(-0.0766081 -1.14881 0)
(0.0536822 -0.078187 0)
(-0.0166224 0.496582 0)
(-0.119048 1.16921 0)
(-0.29533 1.60037 0)
(-0.479207 1.81938 0)
(-0.668083 1.91753 0)
(-0.851188 1.90075 0)
(-1.022 1.81698 0)
(-1.19288 1.65334 0)
(-1.35413 1.42039 0)
(-1.52127 1.1052 0)
(-1.68167 0.696762 0)
(-1.84042 0.198563 0)
(-1.98055 -0.40659 0)
(-2.0774 -1.07498 0)
(-2.11362 -1.80272 0)
(-2.00216 -2.45894 0)
(-1.77162 -2.96124 0)
(-1.24488 -3.05072 0)
(-0.717842 -2.56152 0)
(0.0440163 -1.49022 0)
(2.48134e-231 -0.0134206 0)
(-0.0208986 0.581509 0)
(-0.118642 1.32413 0)
(-0.283768 1.7923 0)
(-0.443336 2.00582 0)
(-0.594739 2.09843 0)
(-0.73452 2.06413 0)
(-0.852688 1.97184 0)
(-0.972463 1.80062 0)
(-1.08045 1.56744 0)
(-1.20457 1.25544 0)
(-1.33005 0.849581 0)
(-1.47722 0.351882 0)
(-1.62814 -0.272457 0)
(-1.77562 -0.977665 0)
(-1.89673 -1.80103 0)
(-1.91096 -2.58617 0)
(-1.81764 -3.31895 0)
(-1.39943 -3.58983 0)
(-0.892653 -3.28461 0)
(-0.00289236 -1.9048 0)
(5.83745e-202 4.59055e-184 0)
(-0.0366512 0.629274 0)
(-0.147564 1.42604 0)
(-0.311949 1.92142 0)
(-0.446054 2.125 0)
(-0.543005 2.20735 0)
(-0.621852 2.1555 0)
(-0.661359 2.05493 0)
(-0.706633 1.88014 0)
(-0.733527 1.65328 0)
(-0.789444 1.35583 0)
(-0.850368 0.971031 0)
(-0.961125 0.499455 0)
(-1.09222 -0.104708 0)
(-1.27665 -0.802131 0)
(-1.46577 -1.6591 0)
(-1.63907 -2.53448 0)
(-1.71723 -3.45593 0)
(-1.51868 -3.98412 0)
(-1.1053 -3.93426 0)
(-0.0115131 -2.41337 0)
(1.83622e-183 -1.56701e-184 0)
(-0.055195 0.773995 0)
(-0.180635 1.60377 0)
(-0.334365 2.10043 0)
(-0.430014 2.23837 0)
(-0.456598 2.28159 0)
(-0.457416 2.18338 0)
(-0.401297 2.06111 0)
(-0.35334 1.87381 0)
(-0.27999 1.65233 0)
(-0.24471 1.37392 0)
(-0.216222 1.02148 0)
(-0.257985 0.59635 0)
(-0.335949 0.0416062 0)
(-0.513229 -0.600522 0)
(-0.742509 -1.4416 0)
(-1.04999 -2.33103 0)
(-1.35199 -3.44385 0)
(-1.48186 -4.20827 0)
(-1.39094 -4.8084 0)
(-0.466601 -3.05739 0)
(4.40295e-254 -4.59055e-184 0)
(-0.121074 0.851473 0)
(-0.31437 1.69217 0)
(-0.459551 2.16594 0)
(-0.505847 2.23767 0)
(-0.413696 2.23421 0)
(-0.302961 2.09537 0)
(-0.10818 1.95198 0)
(0.062192 1.75799 0)
(0.265833 1.54643 0)
(0.413548 1.29471 0)
(0.555705 0.986765 0)
(0.600078 0.625353 0)
(0.606584 0.154378 0)
(0.451483 -0.386112 0)
(0.237559 -1.11435 0)
(-0.22651 -1.91398 0)
(-0.685649 -2.99795 0)
(-1.43748 -3.94395 0)
(-1.6371 -4.85842 0)
(-2.07457 -3.88056 0)
(-2.59786e-264 -0.216309 0)
(-0.177773 1.23126 0)
(-0.413243 1.94666 0)
(-0.494159 2.31441 0)
(-0.440762 2.19271 0)
(-0.195176 2.09252 0)
(0.0591806 1.87737 0)
(0.408695 1.70253 0)
(0.717151 1.49989 0)
(1.05723 1.3032 0)
(1.32595 1.086 0)
(1.58555 0.834617 0)
(1.73145 0.550623 0)
(1.83506 0.186932 0)
(1.75487 -0.222 0)
(1.59946 -0.774607 0)
(1.14927 -1.39165 0)
(0.60777 -2.26474 0)
(-0.330244 -3.21295 0)
(-1.07097 -4.26212 0)
(-1.83981 -4.5434 0)
(-0.865235 -2.31876 0)
(-0.400682 1.40838 0)
(-0.724897 1.97991 0)
(-0.51506 2.18772 0)
(-0.229573 1.92162 0)
(0.332896 1.73512 0)
(0.803127 1.48335 0)
(1.36425 1.29593 0)
(1.826 1.10738 0)
(2.30407 0.939675 0)
(2.67824 0.769472 0)
(3.03428 0.583835 0)
(3.2531 0.384666 0)
(3.43206 0.134474 0)
(3.39863 -0.134946 0)
(3.31316 -0.505357 0)
(2.87924 -0.900625 0)
(2.40108 -1.51973 0)
(1.37382 -2.23608 0)
(0.465134 -3.35482 0)
(-0.703925 -4.00808 0)
(-0.701707 -2.96445 0)
(-0.25777 2.41882 0)
(-0.105734 2.05568 0)
(0.682022 1.86939 0)
(1.33161 1.33638 0)
(2.15231 1.07969 0)
(2.78515 0.83868 0)
(3.44548 0.685538 0)
(3.96423 0.555675 0)
(4.46886 0.451461 0)
(4.85329 0.355588 0)
(5.20797 0.258386 0)
(5.42539 0.15835 0)
(5.60407 0.0382049 0)
(5.58581 -0.0902523 0)
(5.52935 -0.265326 0)
(5.15926 -0.458203 0)
(4.76671 -0.791114 0)
(3.83318 -1.24492 0)
(2.86863 -2.25325 0)
(1.09338 -3.33047 0)
(-0.0465417 -3.79866 0)
(1.66676 1.66909 0)
(2.70092 0.974117 0)
(4.54024 0.748108 0)
(5.37952 0.423948 0)
(6.24895 0.286866 0)
(6.76215 0.178666 0)
(7.24528 0.121862 0)
(7.57196 0.0813436 0)
(7.87244 0.0546427 0)
(8.0763 0.0337878 0)
(8.25853 0.0151828 0)
(8.34694 -0.00224215 0)
(8.41776 -0.0233978 0)
(8.35798 -0.0441204 0)
(8.29495 -0.079254 0)
(8.00626 -0.111951 0)
(7.7496 -0.200803 0)
(6.99524 -0.293103 0)
(6.26192 -0.624811 0)
(4.04562 -0.997035 0)
(2.00488 -1.81756 0)
)
;

boundaryField
{
    movingWall
    {
        type            fixedValue;
        value           uniform (10 0 0);
    }
    fixedWalls
    {
        type            noSlip;
    }
    frontAndBack
    {
        type            empty;
    }
}


// ************************************************************************* //
