/*--------------------------------*- C++ -*----------------------------------*\
| =========                 |                                                 |
| \\      /  F ield         | OpenFOAM: The Open Source CFD Toolbox           |
|  \\    /   O peration     | Version:  4.1                                   |
|   \\  /    A nd           | Web:      www.OpenFOAM.org                      |
|    \\/     M anipulation  |                                                 |
\*---------------------------------------------------------------------------*/
FoamFile
{
    version     2.0;
    format      ascii;
    class       volVectorField;
    location    "0.0612";
    object      U;
}
// * * * * * * * * * * * * * * * * * * * * * * * * * * * * * * * * * * * * * //

dimensions      [0 1 -1 0 0 0 0];

internalField   nonuniform List<vector> 
441
(
(0.00348495 -0.00464897 0)
(0.00899123 -0.0025497 0)
(-0.000637431 -2.18166e-165 0)
(0.00180872 -3.00547e-266 0)
(-0.00854559 -0.00723546 0)
(-0.00180872 -2.85054e-232 0)
(-1.10121e-202 -5.01626e-203 0)
(-1.25391e-203 -6.51747e-228 0)
(-1.58679e-212 -2.81555e-213 0)
(-0.00565043 8.43188e-266 0)
(-0.0687681 0.0226038 0)
(-0.0868418 0.0119494 0)
(-0.098534 0.00559406 0)
(-0.087781 0.000582588 0)
(-0.073638 -0.00131916 0)
(-0.050735 -0.00267989 0)
(-0.0306508 -0.00200851 0)
(-0.0120151 -0.00166048 0)
(4.84934e-05 0.000429804 0)
(0.00299785 0.00113083 0)
(0.0042099 0.00270199 0)
(0.00345638 -0.00763532 0)
(-0.00166116 0.0066227 0)
(-0.0270179 0.00799778 0)
(-0.056919 0.0105589 0)
(-0.101028 0.0100385 0)
(-0.141857 -0.00369617 0)
(-0.179872 -0.000277547 0)
(-0.216015 0.00146048 0)
(-0.247942 0.0120394 0)
(-0.280299 0.0611344 0)
(-0.302676 0.0566142 0)
(-0.297935 0.0181851 0)
(-0.285821 -0.00516418 0)
(-0.249102 -0.0262067 0)
(-0.205797 -0.0358396 0)
(-0.149918 -0.0415442 0)
(-0.0986557 -0.0365067 0)
(-0.0516783 -0.0302769 0)
(-0.0186843 -0.0149451 0)
(-0.00317965 -0.00603134 0)
(0.00446197 0.00472615 0)
(0.00695908 -0.00696983 0)
(-0.00542837 0.0275387 0)
(-0.0517525 0.0538862 0)
(-0.113472 0.0716622 0)
(-0.187958 0.0766061 0)
(-0.264593 0.0749713 0)
(-0.346119 0.07155 0)
(-0.411373 0.0658347 0)
(-0.475565 0.0618207 0)
(-0.506445 0.0589971 0)
(-0.502504 0.0411327 0)
(-0.486788 -0.00375331 0)
(-0.455169 -0.0425719 0)
(-0.398232 -0.079272 0)
(-0.330037 -0.0995592 0)
(-0.245982 -0.110109 0)
(-0.167137 -0.0990893 0)
(-0.0932888 -0.0821395 0)
(-0.0399225 -0.0469809 0)
(-0.00970268 -0.022446 0)
(0.00585326 0.00440842 0)
(0.0060624 -0.00943569 0)
(-0.0147474 0.0670046 0)
(-0.0897725 0.116064 0)
(-0.177315 0.149026 0)
(-0.279712 0.161514 0)
(-0.381975 0.157075 0)
(-0.481969 0.148071 0)
(-0.567808 0.131733 0)
(-0.638305 0.109344 0)
(-0.679731 0.0855071 0)
(-0.688287 0.0367105 0)
(-0.667829 -0.0302374 0)
(-0.624858 -0.0938502 0)
(-0.549419 -0.152472 0)
(-0.458487 -0.187899 0)
(-0.346458 -0.205923 0)
(-0.239826 -0.188635 0)
(-0.137436 -0.159133 0)
(-0.062405 -0.0976741 0)
(-0.0159817 -0.0531813 0)
(0.00761327 0.00125378 0)
(6.49503e-165 0.0015156 0)
(-0.022034 0.122938 0)
(-0.128976 0.215693 0)
(-0.237493 0.260241 0)
(-0.366051 0.280238 0)
(-0.490228 0.275501 0)
(-0.613258 0.256182 0)
(-0.716903 0.221159 0)
(-0.803082 0.173096 0)
(-0.854134 0.109648 0)
(-0.870242 0.0296496 0)
(-0.851301 -0.0669401 0)
(-0.801578 -0.160219 0)
(-0.711701 -0.245981 0)
(-0.599759 -0.301433 0)
(-0.457973 -0.329627 0)
(-0.321182 -0.306631 0)
(-0.183804 -0.260655 0)
(-0.0847835 -0.166743 0)
(-0.0171249 -0.0933197 0)
(0.0141997 -0.00315543 0)
(-5.27825e-266 0.00537965 0)
(-0.0825109 0.200508 0)
(-0.17948 0.329661 0)
(-0.309241 0.38788 0)
(-0.449322 0.414158 0)
(-0.592478 0.405335 0)
(-0.730362 0.375362 0)
(-0.851917 0.321806 0)
(-0.952568 0.247409 0)
(-1.02016 0.151902 0)
(-1.05272 0.0341648 0)
(-1.04188 -0.0999019 0)
(-0.993236 -0.233193 0)
(-0.893113 -0.355864 0)
(-0.762427 -0.441154 0)
(-0.589224 -0.486903 0)
(-0.417977 -0.461743 0)
(-0.239137 -0.398619 0)
(-0.110716 -0.262408 0)
(-0.017627 -0.155354 0)
(0.0161072 -0.000422843 0)
(-0.0215186 0.0871527 0)
(-0.114697 0.298989 0)
(-0.226451 0.44281 0)
(-0.369126 0.528345 0)
(-0.52681 0.562731 0)
(-0.687237 0.555168 0)
(-0.844407 0.514881 0)
(-0.985256 0.442491 0)
(-1.10628 0.341144 0)
(-1.19388 0.209558 0)
(-1.24582 0.0518625 0)
(-1.24927 -0.126729 0)
(-1.20787 -0.307995 0)
(-1.10302 -0.477688 0)
(-0.957114 -0.603848 0)
(-0.75061 -0.67587 0)
(-0.541692 -0.654443 0)
(-0.308145 -0.570284 0)
(-0.14773 -0.385048 0)
(-0.00491419 -0.22195 0)
(5.85243e-266 -0.0040268 0)
(-0.0157814 0.143969 0)
(-0.109498 0.406573 0)
(-0.247931 0.58468 0)
(-0.410232 0.689032 0)
(-0.587217 0.732553 0)
(-0.766491 0.723255 0)
(-0.942219 0.673723 0)
(-1.10427 0.583578 0)
(-1.24763 0.456454 0)
(-1.36026 0.290885 0)
(-1.43772 0.0899516 0)
(-1.46311 -0.138927 0)
(-1.43774 -0.378934 0)
(-1.33655 -0.60879 0)
(-1.1816 -0.792864 0)
(-0.94469 -0.906351 0)
(-0.694223 -0.902542 0)
(-0.40013 -0.798762 0)
(-0.19304 -0.561064 0)
(-0.00311472 -0.312461 0)
(2.45708e-24 -1.1525e-24 0)
(-0.0140044 0.209014 0)
(-0.113473 0.529345 0)
(-0.268772 0.742027 0)
(-0.446447 0.865864 0)
(-0.640528 0.917764 0)
(-0.836189 0.908641 0)
(-1.02988 0.851815 0)
(-1.21232 0.746793 0)
(-1.37897 0.596903 0)
(-1.51847 0.399014 0)
(-1.62475 0.155282 0)
(-1.67867 -0.12726 0)
(-1.67794 -0.433156 0)
(-1.59121 -0.735103 0)
(-1.43772 -0.993546 0)
(-1.17772 -1.16632 0)
(-0.888045 -1.19537 0)
(-0.525658 -1.07657 0)
(-0.261174 -0.774537 0)
(-0.00467032 -0.422552 0)
(1.00616e-76 -6.1427e-25 0)
(-0.0123098 0.272071 0)
(-0.112685 0.663031 0)
(-0.278983 0.918437 0)
(-0.467247 1.0614 0)
(-0.673391 1.12277 0)
(-0.881184 1.11259 0)
(-1.08795 1.05012 0)
(-1.28708 0.932254 0)
(-1.47361 0.762759 0)
(-1.63883 0.535926 0)
(-1.77484 0.250433 0)
(-1.86204 -0.086956 0)
(-1.89437 -0.465807 0)
(-1.83484 -0.851633 0)
(-1.69725 -1.20555 0)
(-1.42866 -1.46187 0)
(-1.1075 -1.55308 0)
(-0.676161 -1.43569 0)
(-0.343445 -1.07652 0)
(-0.00651353 -0.588536 0)
(2.80712e-164 -2.5154e-77 0)
(-0.0126263 0.330683 0)
(-0.116095 0.794301 0)
(-0.290757 1.09436 0)
(-0.485485 1.25806 0)
(-0.697379 1.33006 0)
(-0.910161 1.32121 0)
(-1.12146 1.25663 0)
(-1.32866 1.13098 0)
(-1.52611 0.948213 0)
(-1.71 0.699353 0)
(-1.87047 0.37903 0)
(-1.99135 -0.00819195 0)
(-2.06192 -0.458458 0)
(-2.04334 -0.933194 0)
(-1.94059 -1.39646 0)
(-1.68755 -1.75982 0)
(-1.35616 -1.94301 0)
(-0.870384 -1.84862 0)
(-0.467562 -1.43274 0)
(-0.0765442 -0.778728 0)
(1.7432e-265 0.0129366 0)
(-0.0135567 0.40173 0)
(-0.116351 0.943332 0)
(-0.293043 1.28935 0)
(-0.486303 1.46874 0)
(-0.694053 1.54862 0)
(-0.901005 1.53662 0)
(-1.10421 1.46924 0)
(-1.30623 1.3364 0)
(-1.50035 1.14419 0)
(-1.68956 0.879481 0)
(-1.86292 0.531737 0)
(-2.01068 0.10338 0)
(-2.1193 -0.413385 0)
(-2.1515 -0.975285 0)
(-2.10297 -1.56039 0)
(-1.89493 -2.05289 0)
(-1.5813 -2.3692 0)
(-1.05838 -2.3384 0)
(-0.569898 -1.86462 0)
(-0.0739797 -1.07549 0)
(0.0517465 -0.0722816 0)
(-0.0172634 0.456237 0)
(-0.123768 1.07085 0)
(-0.304762 1.46142 0)
(-0.492967 1.65577 0)
(-0.686361 1.74294 0)
(-0.874643 1.72877 0)
(-1.05175 1.66085 0)
(-1.22992 1.52551 0)
(-1.39886 1.3312 0)
(-1.57312 1.0613 0)
(-1.73866 0.700743 0)
(-1.89925 0.2485 0)
(-2.0363 -0.315162 0)
(-2.12481 -0.948858 0)
(-2.14678 -1.64788 0)
(-2.01856 -2.28337 0)
(-1.77024 -2.77316 0)
(-1.23466 -2.86879 0)
(-0.705394 -2.41065 0)
(0.0400229 -1.40729 0)
(2.38826e-231 -0.0129366 0)
(-0.022248 0.545682 0)
(-0.129719 1.23389 0)
(-0.307988 1.6624 0)
(-0.481033 1.85143 0)
(-0.646383 1.93342 0)
(-0.800212 1.90233 0)
(-0.932663 1.82644 0)
(-1.06628 1.68352 0)
(-1.1869 1.48806 0)
(-1.32127 1.21917 0)
(-1.45346 0.857659 0)
(-1.60253 0.4009 0)
(-1.74933 -0.188065 0)
(-1.88582 -0.86538 0)
(-1.98841 -1.6659 0)
(-1.97812 -2.4338 0)
(-1.85647 -3.15205 0)
(-1.41371 -3.42138 0)
(-0.890628 -3.13334 0)
(-0.00335747 -1.81778 0)
(5.74704e-202 4.55218e-184 0)
(-0.038572 0.60119 0)
(-0.164029 1.35052 0)
(-0.349032 1.80891 0)
(-0.504867 1.98869 0)
(-0.624256 2.06056 0)
(-0.724806 2.01166 0)
(-0.785028 1.92669 0)
(-0.848714 1.77853 0)
(-0.890933 1.58668 0)
(-0.957871 1.32855 0)
(-1.02493 0.983285 0)
(-1.13614 0.54684 0)
(-1.26165 -0.028732 0)
(-1.43366 -0.705815 0)
(-1.60304 -1.54769 0)
(-1.74896 -2.41211 0)
(-1.79353 -3.32148 0)
(-1.55994 -3.84344 0)
(-1.11707 -3.79791 0)
(-0.011131 -2.32788 0)
(1.82087e-183 -5.93705e-185 0)
(-0.0574297 0.7563 0)
(-0.2004 1.54866 0)
(-0.379829 2.01268 0)
(-0.503175 2.12805 0)
(-0.558394 2.16054 0)
(-0.586277 2.06385 0)
(-0.55491 1.95464 0)
(-0.527525 1.79024 0)
(-0.469805 1.59904 0)
(-0.444097 1.35452 0)
(-0.419147 1.03584 0)
(-0.458314 0.639945 0)
(-0.528268 0.10775 0)
(-0.691966 -0.520591 0)
(-0.902323 -1.35373 0)
(-1.1838 -2.23977 0)
(-1.45344 -3.34595 0)
(-1.54394 -4.1048 0)
(-1.41671 -4.69955 0)
(-0.462891 -2.98189 0)
(4.38586e-254 -4.55218e-184 0)
(-0.123106 0.845064 0)
(-0.333675 1.65981 0)
(-0.50567 2.10654 0)
(-0.581694 2.15758 0)
(-0.520789 2.14294 0)
(-0.439314 2.00328 0)
(-0.270765 1.86894 0)
(-0.121228 1.69247 0)
(0.0677022 1.50484 0)
(0.207953 1.28034 0)
(0.349479 0.999715 0)
(0.399771 0.661921 0)
(0.417064 0.208605 0)
(0.277181 -0.322354 0)
(0.0810566 -1.0478 0)
(-0.360182 -1.84984 0)
(-0.79327 -2.93521 0)
(-1.5083 -3.87916 0)
(-1.6737 -4.78925 0)
(-2.06741 -3.82095 0)
(-2.56644e-264 -0.214631 0)
(-0.178805 1.23453 0)
(-0.426917 1.93556 0)
(-0.530308 2.28302 0)
(-0.503522 2.14343 0)
(-0.287227 2.032 0)
(-0.0608871 1.81347 0)
(0.263172 1.64315 0)
(0.551437 1.4519 0)
(0.877488 1.27198 0)
(1.13964 1.07455 0)
(1.39986 0.84348 0)
(1.5532 0.577336 0)
(1.66928 0.226973 0)
(1.60536 -0.175065 0)
(1.4676 -0.727102 0)
(1.03671 -1.34895 0)
(0.514826 -2.22881 0)
(-0.398151 -3.18037 0)
(-1.11162 -4.22988 0)
(-1.84723 -4.50767 0)
(-0.858526 -2.30851 0)
(-0.400098 1.41643 0)
(-0.728432 1.98262 0)
(-0.531477 2.17733 0)
(-0.264484 1.89763 0)
(0.274922 1.70133 0)
(0.721298 1.445 0)
(1.25933 1.25863 0)
(1.70175 1.07614 0)
(2.16556 0.918547 0)
(2.53226 0.760867 0)
(2.88779 0.588468 0)
(3.11305 0.40114 0)
(3.30385 0.159856 0)
(3.28633 -0.10501 0)
(3.21801 -0.475453 0)
(2.8016 -0.874921 0)
(2.33855 -1.50076 0)
(1.32677 -2.22274 0)
(0.433001 -3.34465 0)
(-0.71735 -3.99644 0)
(-0.6996 -2.96237 0)
(-0.256092 2.42494 0)
(-0.100484 2.0616 0)
(0.685073 1.8696 0)
(1.3261 1.32917 0)
(2.13235 1.06657 0)
(2.7478 0.822273 0)
(3.38963 0.668903 0)
(3.89177 0.541499 0)
(4.38338 0.441926 0)
(4.76027 0.351971 0)
(5.1134 0.261032 0)
(5.3355 0.166527 0)
(5.52386 0.0503175 0)
(5.519 -0.0764191 0)
(5.47705 -0.252252 0)
(5.12114 -0.447829 0)
(4.73981 -0.785063 0)
(3.81501 -1.24236 0)
(2.85652 -2.25349 0)
(1.08777 -3.32916 0)
(-0.04532 -3.79962 0)
(1.66816 1.67045 0)
(2.70675 0.975611 0)
(4.54874 0.74886 0)
(5.38647 0.423492 0)
(6.25017 0.285399 0)
(6.75497 0.176653 0)
(7.22853 0.119874 0)
(7.54645 0.079832 0)
(7.84019 0.0539603 0)
(8.0406 0.0340652 0)
(8.22285 0.0163878 0)
(8.3149 -0.00036254 0)
(8.3919 -0.0211987 0)
(8.34006 -0.0420648 0)
(8.28476 -0.0777422 0)
(8.00292 -0.111281 0)
(7.75035 -0.201105 0)
(6.99788 -0.294133 0)
(6.26406 -0.626362 0)
(4.0467 -0.998427 0)
(2.00656 -1.81931 0)
)
;

boundaryField
{
    movingWall
    {
        type            fixedValue;
        value           uniform (10 0 0);
    }
    fixedWalls
    {
        type            noSlip;
    }
    frontAndBack
    {
        type            empty;
    }
}


// ************************************************************************* //
