/*--------------------------------*- C++ -*----------------------------------*\
| =========                 |                                                 |
| \\      /  F ield         | OpenFOAM: The Open Source CFD Toolbox           |
|  \\    /   O peration     | Version:  4.1                                   |
|   \\  /    A nd           | Web:      www.OpenFOAM.org                      |
|    \\/     M anipulation  |                                                 |
\*---------------------------------------------------------------------------*/
FoamFile
{
    version     2.0;
    format      ascii;
    class       volVectorField;
    location    "0.017";
    object      U;
}
// * * * * * * * * * * * * * * * * * * * * * * * * * * * * * * * * * * * * * //

dimensions      [0 1 -1 0 0 0 0];

internalField   nonuniform List<vector> 
441
(
(0.00340135 -0.00499922 0)
(0.00777306 -0.00315047 0)
(-0.000787921 -2.51534e-165 0)
(0.0014921 -2.19787e-266 0)
(-0.011199 -0.00596901 0)
(-0.0014921 -2.50637e-232 0)
(-1.12525e-202 -3.42716e-203 0)
(-8.56568e-204 -4.15801e-228 0)
(-1.29715e-212 -1.72903e-213 0)
(-0.00461039 7.05872e-266 0)
(-0.0539538 0.0184416 0)
(-0.069559 0.0101913 0)
(-0.0809256 0.00514572 0)
(-0.0761419 0.00136233 0)
(-0.0691869 -0.000225814 0)
(-0.0547774 -0.00152063 0)
(-0.0407437 -0.00160339 0)
(-0.0244472 -0.00192811 0)
(-0.0108427 -0.000775712 0)
(-0.00210969 -9.43367e-05 0)
(0.00296372 0.00193097 0)
(0.00275153 -0.00593446 0)
(-0.00558421 0.00740688 0)
(-0.0321788 0.00770896 0)
(-0.0599953 0.0121312 0)
(-0.0974244 0.00821808 0)
(-0.127504 -0.00658826 0)
(-0.153092 -0.000945437 0)
(-0.175644 0.000897775 0)
(-0.194324 0.00914055 0)
(-0.214389 0.0477071 0)
(-0.228677 0.0449256 0)
(-0.225282 0.0170925 0)
(-0.220125 0.00104485 0)
(-0.199362 -0.0135277 0)
(-0.17518 -0.0211771 0)
(-0.140325 -0.0277567 0)
(-0.105491 -0.0285796 0)
(-0.0674858 -0.0289707 0)
(-0.0350941 -0.0212748 0)
(-0.0116812 -0.0144613 0)
(0.00246612 -0.000896235 0)
(0.00588833 -0.00289825 0)
(-0.0082772 0.0313474 0)
(-0.0537272 0.0528235 0)
(-0.106919 0.0634162 0)
(-0.164661 0.0605591 0)
(-0.221056 0.0523751 0)
(-0.276185 0.0462852 0)
(-0.314409 0.0398269 0)
(-0.351786 0.0371046 0)
(-0.365005 0.0380222 0)
(-0.355538 0.0300546 0)
(-0.343061 0.0026717 0)
(-0.324446 -0.0202868 0)
(-0.292098 -0.0433512 0)
(-0.254216 -0.0585465 0)
(-0.203849 -0.0713165 0)
(-0.15335 -0.0735057 0)
(-0.0985473 -0.0726029 0)
(-0.0523532 -0.0556092 0)
(-0.0173729 -0.0379041 0)
(0.0034462 -0.00666904 0)
(0.00640266 -0.00365331 0)
(-0.0114236 0.0686021 0)
(-0.0776708 0.106563 0)
(-0.147549 0.124926 0)
(-0.22304 0.122611 0)
(-0.292871 0.107265 0)
(-0.355738 0.0933878 0)
(-0.404615 0.077083 0)
(-0.441367 0.0611748 0)
(-0.458562 0.0492849 0)
(-0.455466 0.0226495 0)
(-0.437789 -0.014859 0)
(-0.411123 -0.050103 0)
(-0.367908 -0.0845564 0)
(-0.318166 -0.109312 0)
(-0.25379 -0.129673 0)
(-0.189835 -0.133485 0)
(-0.120227 -0.131254 0)
(-0.0628324 -0.101846 0)
(-0.0183729 -0.0714794 0)
(0.00564608 -0.0145094 0)
(6.16569e-165 0.00160067 0)
(-0.0153669 0.115033 0)
(-0.102873 0.18819 0)
(-0.182854 0.207674 0)
(-0.272142 0.205062 0)
(-0.351683 0.183726 0)
(-0.425149 0.157181 0)
(-0.48071 0.124825 0)
(-0.522917 0.0906314 0)
(-0.541609 0.0527941 0)
(-0.539574 0.00961105 0)
(-0.520334 -0.0413396 0)
(-0.488077 -0.0895838 0)
(-0.436749 -0.136368 0)
(-0.376981 -0.171779 0)
(-0.299024 -0.200052 0)
(-0.222601 -0.205847 0)
(-0.136562 -0.200248 0)
(-0.0692007 -0.156027 0)
(-0.0132461 -0.106936 0)
(0.012019 -0.018418 0)
(-5.28157e-266 0.00493808 0)
(-0.0700152 0.175746 0)
(-0.13801 0.272408 0)
(-0.228436 0.295886 0)
(-0.31783 0.291427 0)
(-0.404413 0.261341 0)
(-0.481267 0.222907 0)
(-0.543372 0.175143 0)
(-0.58912 0.122623 0)
(-0.61351 0.0653288 0)
(-0.617542 0.00145877 0)
(-0.599659 -0.0671094 0)
(-0.565674 -0.133613 0)
(-0.507914 -0.19673 0)
(-0.439263 -0.246716 0)
(-0.347602 -0.285691 0)
(-0.257587 -0.295152 0)
(-0.153524 -0.286981 0)
(-0.0742501 -0.223731 0)
(-0.00309825 -0.155441 0)
(0.0162838 -0.0150316 0)
(-0.0197523 0.0752122 0)
(-0.0943131 0.249589 0)
(-0.170672 0.347295 0)
(-0.26525 0.38599 0)
(-0.36259 0.380637 0)
(-0.455861 0.346164 0)
(-0.540578 0.295709 0)
(-0.609843 0.232145 0)
(-0.662797 0.160681 0)
(-0.69367 0.0811552 0)
(-0.703592 -0.00389356 0)
(-0.688962 -0.093289 0)
(-0.654973 -0.180599 0)
(-0.592441 -0.263144 0)
(-0.516011 -0.330865 0)
(-0.40943 -0.382565 0)
(-0.305793 -0.398018 0)
(-0.178135 -0.384934 0)
(-0.0904925 -0.303883 0)
(0.00929718 -0.198797 0)
(5.28953e-266 -0.00407095 0)
(-0.0139743 0.12132 0)
(-0.0855087 0.327708 0)
(-0.182497 0.44413 0)
(-0.290169 0.488731 0)
(-0.399318 0.482586 0)
(-0.502899 0.439917 0)
(-0.596293 0.377404 0)
(-0.675071 0.297528 0)
(-0.736592 0.206848 0)
(-0.776922 0.105809 0)
(-0.795533 -0.00306097 0)
(-0.787279 -0.11649 0)
(-0.75651 -0.229967 0)
(-0.691956 -0.337138 0)
(-0.609028 -0.429275 0)
(-0.48833 -0.498473 0)
(-0.368051 -0.525079 0)
(-0.217898 -0.506643 0)
(-0.112866 -0.40739 0)
(-7.6625e-05 -0.253861 0)
(1.59791e-24 -2.02093e-24 0)
(-0.0117799 0.171845 0)
(-0.0874205 0.416384 0)
(-0.198987 0.550882 0)
(-0.319068 0.601377 0)
(-0.441569 0.592612 0)
(-0.556354 0.542087 0)
(-0.660588 0.467456 0)
(-0.750099 0.371813 0)
(-0.822189 0.262508 0)
(-0.873769 0.139815 0)
(-0.902968 0.00688388 0)
(-0.904346 -0.132524 0)
(-0.880133 -0.274973 0)
(-0.817257 -0.411151 0)
(-0.730295 -0.532765 0)
(-0.595394 -0.624853 0)
(-0.456333 -0.665392 0)
(-0.275381 -0.6427 0)
(-0.146959 -0.516355 0)
(-0.00275895 -0.316226 0)
(6.41453e-77 -3.99477e-25 0)
(-0.0102805 0.221454 0)
(-0.088199 0.516589 0)
(-0.212569 0.676917 0)
(-0.344904 0.732244 0)
(-0.48058 0.72081 0)
(-0.607298 0.659417 0)
(-0.722469 0.571853 0)
(-0.823732 0.459247 0)
(-0.907296 0.330936 0)
(-0.972326 0.186315 0)
(-1.01495 0.0276592 0)
(-1.03025 -0.14014 0)
(-1.01773 -0.317039 0)
(-0.962221 -0.488762 0)
(-0.875776 -0.650948 0)
(-0.728957 -0.775946 0)
(-0.568555 -0.844017 0)
(-0.350227 -0.822145 0)
(-0.188756 -0.676492 0)
(-0.00564592 -0.41082 0)
(1.73766e-164 -1.60363e-77 0)
(-0.0110554 0.267438 0)
(-0.0965926 0.617021 0)
(-0.236134 0.805779 0)
(-0.382272 0.867549 0)
(-0.531265 0.853867 0)
(-0.669749 0.782536 0)
(-0.794923 0.683325 0)
(-0.907413 0.555779 0)
(-1.00189 0.411038 0)
(-1.08143 0.24713 0)
(-1.13928 0.065276 0)
(-1.17348 -0.129819 0)
(-1.17864 -0.34182 0)
(-1.13964 -0.553424 0)
(-1.06162 -0.763746 0)
(-0.910082 -0.933545 0)
(-0.729017 -1.0399 0)
(-0.469279 -1.02611 0)
(-0.26328 -0.852285 0)
(-0.0566263 -0.512353 0)
(8.75776e-266 0.0079524 0)
(-0.0129865 0.33037 0)
(-0.10605 0.743933 0)
(-0.260047 0.964497 0)
(-0.418709 1.02849 0)
(-0.578897 1.00995 0)
(-0.727222 0.923577 0)
(-0.859938 0.810651 0)
(-0.981821 0.666331 0)
(-1.08553 0.505446 0)
(-1.1793 0.32347 0)
(-1.25365 0.119619 0)
(-1.31068 -0.101548 0)
(-1.3406 -0.351372 0)
(-1.32825 -0.607647 0)
(-1.27099 -0.881131 0)
(-1.12513 -1.11283 0)
(-0.927148 -1.28498 0)
(-0.612057 -1.29605 0)
(-0.333229 -1.0866 0)
(-0.0461998 -0.68573 0)
(0.0318096 -0.0573505 0)
(-0.018064 0.3823 0)
(-0.126316 0.861189 0)
(-0.302393 1.11572 0)
(-0.476797 1.1833 0)
(-0.646439 1.1608 0)
(-0.801863 1.06129 0)
(-0.936082 0.9372 0)
(-1.06245 0.780141 0)
(-1.16919 0.608374 0)
(-1.27383 0.414958 0)
(-1.36168 0.19706 0)
(-1.4443 -0.0424566 0)
(-1.50356 -0.322919 0)
(-1.5318 -0.622479 0)
(-1.51032 -0.963962 0)
(-1.39182 -1.27815 0)
(-1.19274 -1.54811 0)
(-0.812231 -1.62397 0)
(-0.454391 -1.41135 0)
(0.0366638 -0.880741 0)
(1.63655e-231 -0.0079524 0)
(-0.0248931 0.477748 0)
(-0.14845 1.03148 0)
(-0.344236 1.31898 0)
(-0.530533 1.37385 0)
(-0.703888 1.3383 0)
(-0.860323 1.21375 0)
(-0.988937 1.07327 0)
(-1.11235 0.899586 0)
(-1.21414 0.717471 0)
(-1.32158 0.515854 0)
(-1.41588 0.289436 0)
(-1.51868 0.0398678 0)
(-1.60725 -0.265587 0)
(-1.68224 -0.60219 0)
(-1.71535 -1.02352 0)
(-1.65464 -1.43456 0)
(-1.49521 -1.86738 0)
(-1.0996 -2.0467 0)
(-0.663141 -1.93313 0)
(-0.00281252 -1.16545 0)
(4.07284e-202 3.51827e-184 0)
(-0.0430329 0.548339 0)
(-0.199375 1.17439 0)
(-0.426173 1.49362 0)
(-0.625887 1.53724 0)
(-0.790436 1.48861 0)
(-0.935837 1.34261 0)
(-1.03947 1.18854 0)
(-1.14376 1.00367 0)
(-1.22115 0.817478 0)
(-1.31554 0.616715 0)
(-1.39806 0.394373 0)
(-1.50942 0.150286 0)
(-1.61342 -0.158254 0)
(-1.73979 -0.512017 0)
(-1.83081 -0.987635 0)
(-1.87517 -1.49674 0)
(-1.79161 -2.09359 0)
(-1.46806 -2.46253 0)
(-0.970823 -2.49051 0)
(-0.00481345 -1.56369 0)
(1.40731e-183 3.16373e-184 0)
(-0.0633689 0.727745 0)
(-0.249508 1.41899 0)
(-0.492534 1.75457 0)
(-0.689166 1.73934 0)
(-0.826339 1.65501 0)
(-0.941539 1.46317 0)
(-1.00123 1.28496 0)
(-1.0658 1.08148 0)
(-1.09791 0.890292 0)
(-1.15523 0.693077 0)
(-1.20093 0.481843 0)
(-1.29059 0.255721 0)
(-1.38226 -0.039317 0)
(-1.52855 -0.383987 0)
(-1.66981 -0.895 0)
(-1.82241 -1.47313 0)
(-1.8965 -2.28547 0)
(-1.76012 -2.87522 0)
(-1.41837 -3.41875 0)
(-0.402064 -2.17239 0)
(3.58891e-254 -3.51827e-184 0)
(-0.128831 0.846404 0)
(-0.385657 1.59008 0)
(-0.63287 1.92713 0)
(-0.801596 1.86068 0)
(-0.850024 1.73932 0)
(-0.8886 1.51188 0)
(-0.849295 1.3129 0)
(-0.833258 1.09851 0)
(-0.779191 0.907347 0)
(-0.767489 0.720743 0)
(-0.742107 0.53 0)
(-0.78267 0.335152 0)
(-0.823248 0.08022 0)
(-0.969508 -0.218254 0)
(-1.11589 -0.690004 0)
(-1.42067 -1.26167 0)
(-1.64308 -2.13762 0)
(-2.02505 -2.94166 0)
(-1.87804 -3.78258 0)
(-1.89706 -3.04601 0)
(-2.24742e-264 -0.193602 0)
(-0.181368 1.26269 0)
(-0.463365 1.927 0)
(-0.634449 2.19212 0)
(-0.699845 1.95661 0)
(-0.599836 1.75562 0)
(-0.506166 1.46223 0)
(-0.329715 1.23621 0)
(-0.197296 1.01157 0)
(-0.0319214 0.826361 0)
(0.074634 0.657109 0)
(0.192386 0.495147 0)
(0.231709 0.339652 0)
(0.272519 0.14136 0)
(0.189464 -0.0853153 0)
(0.0927552 -0.457226 0)
(-0.219744 -0.932061 0)
(-0.552003 -1.7105 0)
(-1.17056 -2.60128 0)
(-1.53957 -3.63004 0)
(-1.87955 -3.93413 0)
(-0.774408 -2.10526 0)
(-0.396771 1.45604 0)
(-0.729986 2.01409 0)
(-0.569635 2.15725 0)
(-0.368884 1.80941 0)
(0.0732621 1.54693 0)
(0.399302 1.23466 0)
(0.795484 1.00659 0)
(1.08281 0.799333 0)
(1.38292 0.637356 0)
(1.58902 0.498986 0)
(1.79678 0.373836 0)
(1.90439 0.261669 0)
(2.01929 0.122716 0)
(1.98613 -0.0256982 0)
(1.9633 -0.279982 0)
(1.66263 -0.594693 0)
(1.36179 -1.18388 0)
(0.572141 -1.91715 0)
(-0.0692099 -3.06693 0)
(-0.923532 -3.7416 0)
(-0.68437 -2.87388 0)
(-0.24924 2.45112 0)
(-0.0719051 2.09441 0)
(0.716374 1.88228 0)
(1.33069 1.30767 0)
(2.07725 1.00999 0)
(2.60565 0.736029 0)
(3.1362 0.561423 0)
(3.51164 0.422492 0)
(3.8675 0.322359 0)
(4.11108 0.244034 0)
(4.34394 0.177959 0)
(4.47369 0.121266 0)
(4.60991 0.053838 0)
(4.60659 -0.019149 0)
(4.62298 -0.145782 0)
(4.38098 -0.309414 0)
(4.14627 -0.6473 0)
(3.38248 -1.13297 0)
(2.5742 -2.19044 0)
(0.958797 -3.27437 0)
(-0.0430062 -3.78849 0)
(1.67302 1.67561 0)
(2.73212 0.982885 0)
(4.59184 0.754149 0)
(5.43002 0.423725 0)
(6.27326 0.280181 0)
(6.73892 0.167146 0)
(7.15836 0.107811 0)
(7.41332 0.0670694 0)
(7.64055 0.0424805 0)
(7.77829 0.0257483 0)
(7.90825 0.0132028 0)
(7.96688 0.00293718 0)
(8.03494 -0.0103173 0)
(8.0053 -0.0246171 0)
(8.00043 -0.0555889 0)
(7.79505 -0.0898528 0)
(7.62369 -0.18618 0)
(6.94359 -0.291397 0)
(6.24919 -0.638406 0)
(4.0471 -1.01884 0)
(2.02389 -1.84739 0)
)
;

boundaryField
{
    movingWall
    {
        type            fixedValue;
        value           uniform (10 0 0);
    }
    fixedWalls
    {
        type            noSlip;
    }
    frontAndBack
    {
        type            empty;
    }
}


// ************************************************************************* //
