/*--------------------------------*- C++ -*----------------------------------*\
| =========                 |                                                 |
| \\      /  F ield         | OpenFOAM: The Open Source CFD Toolbox           |
|  \\    /   O peration     | Version:  4.1                                   |
|   \\  /    A nd           | Web:      www.OpenFOAM.org                      |
|    \\/     M anipulation  |                                                 |
\*---------------------------------------------------------------------------*/
FoamFile
{
    version     2.0;
    format      ascii;
    class       volVectorField;
    location    "0.0481";
    object      U;
}
// * * * * * * * * * * * * * * * * * * * * * * * * * * * * * * * * * * * * * //

dimensions      [0 1 -1 0 0 0 0];

internalField   nonuniform List<vector> 
441
(
(0.00336181 -0.00457872 0)
(0.0085667 -0.00257984 0)
(-0.000644979 -2.18178e-165 0)
(0.00171154 -2.79304e-266 0)
(-0.00881382 -0.00684676 0)
(-0.00171154 -2.72256e-232 0)
(-1.08588e-202 -4.58891e-203 0)
(-1.14706e-203 -5.87193e-228 0)
(-1.49177e-212 -2.49559e-213 0)
(-0.00528614 7.94622e-266 0)
(-0.0637255 0.0211469 0)
(-0.0806686 0.0112751 0)
(-0.0919299 0.00537256 0)
(-0.0826243 0.000742874 0)
(-0.0703678 -0.0010266 0)
(-0.0498002 -0.00235938 0)
(-0.0315296 -0.00183732 0)
(-0.0139495 -0.00165825 0)
(-0.00196187 0.000211249 0)
(0.00186834 0.000850855 0)
(0.00391112 0.00247203 0)
(0.00323545 -0.00715206 0)
(-0.00221266 0.00655397 0)
(-0.027078 0.00775797 0)
(-0.0559026 0.0105934 0)
(-0.0978761 0.00949916 0)
(-0.135887 -0.00411557 0)
(-0.170721 -0.000395653 0)
(-0.203255 0.00130395 0)
(-0.231574 0.0111074 0)
(-0.260233 0.0565404 0)
(-0.280011 0.0524137 0)
(-0.275275 0.0172472 0)
(-0.264707 -0.00386475 0)
(-0.231992 -0.0229836 0)
(-0.193668 -0.0318595 0)
(-0.143405 -0.0376364 0)
(-0.0968115 -0.0337892 0)
(-0.052961 -0.0290999 0)
(-0.021073 -0.0155551 0)
(-0.00474796 -0.00746736 0)
(0.00405311 0.00352192 0)
(0.00657382 -0.00614567 0)
(-0.00571663 0.0273484 0)
(-0.05064 0.0523211 0)
(-0.109443 0.0685939 0)
(-0.179392 0.0720941 0)
(-0.250739 0.0691631 0)
(-0.325494 0.0649798 0)
(-0.383839 0.0588333 0)
(-0.440835 0.0547786 0)
(-0.466902 0.0524612 0)
(-0.461616 0.0370487 0)
(-0.446512 -0.00294981 0)
(-0.4181 -0.0372669 0)
(-0.367251 -0.0701445 0)
(-0.306728 -0.0887005 0)
(-0.231246 -0.0994915 0)
(-0.159896 -0.0911585 0)
(-0.0916076 -0.0778801 0)
(-0.0410287 -0.0469361 0)
(-0.0109463 -0.0246829 0)
(0.00538576 0.00223081 0)
(0.00592754 -0.00823893 0)
(-0.0138058 0.0653774 0)
(-0.0853617 0.111547 0)
(-0.167815 0.141481 0)
(-0.263282 0.151131 0)
(-0.357494 0.144484 0)
(-0.448365 0.13413 0)
(-0.52499 0.117397 0)
(-0.586995 0.0961871 0)
(-0.62224 0.0748765 0)
(-0.628066 0.031784 0)
(-0.608348 -0.0273112 0)
(-0.569567 -0.0832349 0)
(-0.502049 -0.135428 0)
(-0.421264 -0.167653 0)
(-0.320811 -0.185867 0)
(-0.224742 -0.172865 0)
(-0.130848 -0.149547 0)
(-0.0608853 -0.0953924 0)
(-0.0161664 -0.0552287 0)
(0.0072256 -0.001673 0)
(6.25029e-165 0.00148189 0)
(-0.0202861 0.118218 0)
(-0.121117 0.205591 0)
(-0.222235 0.245231 0)
(-0.341154 0.260817 0)
(-0.454684 0.25263 0)
(-0.565893 0.231388 0)
(-0.658 0.196547 0)
(-0.733632 0.151467 0)
(-0.77704 0.0941709 0)
(-0.789359 0.0235764 0)
(-0.770838 -0.0612169 0)
(-0.725944 -0.142814 0)
(-0.645514 -0.218748 0)
(-0.546106 -0.26886 0)
(-0.419111 -0.296797 0)
(-0.296373 -0.279666 0)
(-0.171134 -0.242762 0)
(-0.0800093 -0.159967 0)
(-0.0161678 -0.0936032 0)
(0.0137544 -0.00588498 0)
(-5.10183e-266 0.00512463 0)
(-0.0778142 0.190852 0)
(-0.167453 0.311739 0)
(-0.287456 0.36324 0)
(-0.415801 0.383522 0)
(-0.545886 0.370259 0)
(-0.669789 0.338041 0)
(-0.777654 0.285385 0)
(-0.865936 0.215999 0)
(-0.924124 0.129869 0)
(-0.951295 0.0258479 0)
(-0.940125 -0.0916845 0)
(-0.896314 -0.208303 0)
(-0.806714 -0.316746 0)
(-0.690571 -0.393563 0)
(-0.535325 -0.437862 0)
(-0.381799 -0.419785 0)
(-0.219249 -0.368867 0)
(-0.101956 -0.248484 0)
(-0.0148813 -0.152104 0)
(0.0160345 -0.00293684 0)
(-0.0204985 0.0823891 0)
(-0.107621 0.282343 0)
(-0.210565 0.415652 0)
(-0.341806 0.491932 0)
(-0.485871 0.518594 0)
(-0.631294 0.505355 0)
(-0.77249 0.462516 0)
(-0.897735 0.391908 0)
(-1.00452 0.297797 0)
(-1.08102 0.179319 0)
(-1.12605 0.0400681 0)
(-1.12812 -0.116476 0)
(-1.0911 -0.275243 0)
(-0.997188 -0.425299 0)
(-0.86713 -0.538769 0)
(-0.681232 -0.607191 0)
(-0.493493 -0.593484 0)
(-0.280903 -0.524802 0)
(-0.135337 -0.361224 0)
(-0.00241384 -0.213322 0)
(5.72822e-266 -0.00400863 0)
(-0.0148973 0.135564 0)
(-0.101984 0.382021 0)
(-0.229989 0.546556 0)
(-0.379514 0.63936 0)
(-0.541569 0.673362 0)
(-0.704561 0.657255 0)
(-0.863111 0.604877 0)
(-1.00833 0.51737 0)
(-1.13625 0.399712 0)
(-1.23652 0.250878 0)
(-1.30579 0.0733316 0)
(-1.32866 -0.127657 0)
(-1.30667 -0.338752 0)
(-1.21587 -0.542769 0)
(-1.07677 -0.708793 0)
(-0.861778 -0.815271 0)
(-0.634778 -0.818425 0)
(-0.366008 -0.732901 0)
(-0.177366 -0.522499 0)
(-0.00256141 -0.296563 0)
(2.30491e-24 -1.25435e-24 0)
(-0.013133 0.196035 0)
(-0.105803 0.4957 0)
(-0.250327 0.691782 0)
(-0.414994 0.801852 0)
(-0.59398 0.842544 0)
(-0.773292 0.825498 0)
(-0.949793 0.765565 0)
(-1.11543 0.664051 0)
(-1.2666 0.52583 0)
(-1.39356 0.348282 0)
(-1.49117 0.132775 0)
(-1.54172 -0.116097 0)
(-1.54301 -0.386678 0)
(-1.46495 -0.656369 0)
(-1.32545 -0.890721 0)
(-1.08619 -1.05197 0)
(-0.819881 -1.08565 0)
(-0.484924 -0.986907 0)
(-0.24168 -0.71748 0)
(-0.0043266 -0.397738 0)
(9.4835e-77 -5.76228e-25 0)
(-0.0115963 0.255189 0)
(-0.105949 0.620891 0)
(-0.262413 0.856606 0)
(-0.438809 0.983691 0)
(-0.63119 1.03224 0)
(-0.82416 1.01315 0)
(-1.01546 0.947379 0)
(-1.1996 0.833852 0)
(-1.37242 0.678052 0)
(-1.52653 0.474756 0)
(-1.65466 0.221739 0)
(-1.73831 -0.0770094 0)
(-1.7712 -0.415011 0)
(-1.71752 -0.762871 0)
(-1.58997 -1.08681 0)
(-1.33792 -1.32636 0)
(-1.03663 -1.41815 0)
(-0.631618 -1.32059 0)
(-0.320802 -0.997767 0)
(-0.00589402 -0.552411 0)
(2.65259e-164 -2.37087e-77 0)
(-0.0121297 0.310383 0)
(-0.111225 0.744836 0)
(-0.278474 1.02252 0)
(-0.464085 1.16852 0)
(-0.665342 1.22637 0)
(-0.866745 1.2079 0)
(-1.06636 1.14003 0)
(-1.26251 1.01962 0)
(-1.45012 0.852375 0)
(-1.62627 0.629674 0)
(-1.78124 0.345045 0)
(-1.89937 -3.83278e-05 0)
(-1.96928 -0.405702 0)
(-1.95296 -0.838557 0)
(-1.85444 -1.26721 0)
(-1.61054 -1.60881 0)
(-1.29153 -1.78719 0)
(-0.826097 -1.71015 0)
(-0.442778 -1.33217 0)
(-0.0719694 -0.730487 0)
(1.67836e-265 0.0124588 0)
(-0.0134079 0.379541 0)
(-0.114455 0.889411 0)
(-0.287607 1.21105 0)
(-0.476116 1.37133 0)
(-0.678138 1.43614 0)
(-0.879043 1.41418 0)
(-1.07633 1.34381 0)
(-1.27323 1.21713 0)
(-1.4633 1.04189 0)
(-1.64984 0.805042 0)
(-1.82149 0.494687 0)
(-1.9683 0.109825 0)
(-2.07558 -0.361208 0)
(-2.10631 -0.880124 0)
(-2.05534 -1.42855 0)
(-1.84697 -1.89573 0)
(-1.53519 -2.20175 0)
(-1.02276 -2.18288 0)
(-0.548191 -1.74639 0)
(-0.0713497 -1.01385 0)
(0.0498351 -0.0678617 0)
(-0.0175446 0.433931 0)
(-0.125629 1.01612 0)
(-0.308066 1.38132 0)
(-0.497171 1.55577 0)
(-0.691182 1.62749 0)
(-0.880226 1.60349 0)
(-1.05863 1.5332 0)
(-1.23893 1.40494 0)
(-1.41071 1.22855 0)
(-1.58823 0.98713 0)
(-1.75654 0.663924 0)
(-1.91855 0.254189 0)
(-2.0542 -0.265499 0)
(-2.13811 -0.858338 0)
(-2.15133 -1.52179 0)
(-2.01311 -2.13096 0)
(-1.75422 -2.60534 0)
(-1.21645 -2.70559 0)
(-0.689943 -2.27702 0)
(0.0372368 -1.33503 0)
(2.30398e-231 -0.0124588 0)
(-0.0230131 0.525609 0)
(-0.135733 1.183 0)
(-0.320969 1.58642 0)
(-0.501221 1.75552 0)
(-0.674222 1.82228 0)
(-0.836218 1.78189 0)
(-0.977577 1.70433 0)
(-1.12065 1.5691 0)
(-1.25078 1.39169 0)
(-1.39382 1.15054 0)
(-1.53271 0.824541 0)
(-1.68526 0.407082 0)
(-1.83084 -0.142242 0)
(-1.96054 -0.783856 0)
(-2.04984 -1.55329 0)
(-2.02132 -2.29747 0)
(-1.87807 -2.99805 0)
(-1.41782 -3.26507 0)
(-0.884161 -2.99475 0)
(-0.00366681 -1.73952 0)
(5.64256e-202 4.50208e-184 0)
(-0.0397511 0.585572 0)
(-0.173727 1.30799 0)
(-0.370808 1.74288 0)
(-0.539803 1.90347 0)
(-0.673514 1.9608 0)
(-0.789076 1.90333 0)
(-0.864967 1.81724 0)
(-0.944199 1.67673 0)
(-1.00102 1.50199 0)
(-1.08029 1.2695 0)
(-1.15629 0.956331 0)
(-1.27176 0.554456 0)
(-1.3959 0.0125691 0)
(-1.55992 -0.635689 0)
(-1.71402 -1.45355 0)
(-1.83744 -2.2999 0)
(-1.85352 -3.19351 0)
(-1.59071 -3.70859 0)
(-1.12354 -3.66873 0)
(-0.0106882 -2.24854 0)
(1.80083e-183 2.17572e-185 0)
(-0.0588395 0.746958 0)
(-0.212373 1.51835 0)
(-0.407401 1.96181 0)
(-0.548273 2.05955 0)
(-0.622795 2.07859 0)
(-0.670682 1.97397 0)
(-0.659657 1.8636 0)
(-0.651621 1.7058 0)
(-0.611204 1.5294 0)
(-0.599172 1.30693 0)
(-0.583281 1.01563 0)
(-0.625857 0.648688 0)
(-0.693361 0.143897 0)
(-0.84825 -0.462605 0)
(-1.04346 -1.27915 0)
(-1.30232 -2.15466 0)
(-1.54262 -3.25012 0)
(-1.59759 -4.00241 0)
(-1.43748 -4.59293 0)
(-0.459033 -2.90969 0)
(4.35882e-254 -4.50208e-184 0)
(-0.124367 0.84263 0)
(-0.345248 1.64337 0)
(-0.533514 2.07344 0)
(-0.628452 2.10908 0)
(-0.588863 2.08235 0)
(-0.52942 1.93521 0)
(-0.383085 1.79907 0)
(-0.254171 1.62722 0)
(-0.0831442 1.45098 0)
(0.0437168 1.24382 0)
(0.177206 0.984977 0)
(0.225751 0.670227 0)
(0.247079 0.23839 0)
(0.11711 -0.27636 0)
(-0.0647799 -0.991509 0)
(-0.48559 -1.78958 0)
(-0.894055 -2.87226 0)
(-1.574 -3.81294 0)
(-1.70668 -4.71912 0)
(-2.05947 -3.76227 0)
(-2.53713e-264 -0.213011 0)
(-0.179366 1.2378 0)
(-0.434551 1.93177 0)
(-0.551077 2.26722 0)
(-0.540749 2.11517 0)
(-0.344003 1.99341 0)
(-0.138355 1.76793 0)
(0.164478 1.595 0)
(0.432945 1.40603 0)
(0.741801 1.2336 0)
(0.991266 1.04829 0)
(1.24425 0.832872 0)
(1.39673 0.583587 0)
(1.51784 0.248993 0)
(1.46437 -0.141325 0)
(1.34048 -0.687066 0)
(0.926767 -1.30868 0)
(0.423754 -2.19195 0)
(-0.464528 -3.14573 0)
(-1.15084 -4.19573 0)
(-1.85392 -4.4714 0)
(-0.852043 -2.29763 0)
(-0.399615 1.42206 0)
(-0.729508 1.98636 0)
(-0.539238 2.17378 0)
(-0.282828 1.88525 0)
(0.242105 1.6811 0)
(0.671888 1.41906 0)
(1.19184 1.22992 0)
(1.61666 1.04801 0)
(2.0646 0.894561 0)
(2.41916 0.744209 0)
(2.7674 0.581628 0)
(2.99142 0.405068 0)
(3.18675 0.173964 0)
(3.1792 -0.0833615 0)
(3.12404 -0.450061 0)
(2.72306 -0.850329 0)
(2.27462 -1.48061 0)
(1.27858 -2.20755 0)
(0.400353 -3.33284 0)
(-0.730945 -3.98406 0)
(-0.69774 -2.95983 0)
(-0.255028 2.42876 0)
(-0.0965311 2.06606 0)
(0.688962 1.8712 0)
(1.32605 1.32629 0)
(2.12421 1.05939 0)
(2.72859 0.811824 0)
(3.35714 0.656756 0)
(3.84554 0.529387 0)
(4.32426 0.431664 0)
(4.69098 0.345135 0)
(5.03784 0.258793 0)
(5.25872 0.169285 0)
(5.45084 0.0576295 0)
(5.45443 -0.0659315 0)
(5.42374 -0.240691 0)
(5.08048 -0.437371 0)
(4.71035 -0.777924 0)
(3.79498 -1.23859 0)
(2.84343 -2.25285 0)
(1.08181 -3.32754 0)
(-0.0442677 -3.8004 0)
(1.66893 1.67121 0)
(2.7104 0.976591 0)
(4.55471 0.749527 0)
(5.39242 0.423462 0)
(6.25341 0.284665 0)
(6.75329 0.175411 0)
(7.22039 0.118426 0)
(7.53144 0.0784862 0)
(7.81882 0.053025 0)
(8.01451 0.0337586 0)
(8.19435 0.0168444 0)
(8.28695 0.000807946 0)
(8.36715 -0.0194867 0)
(8.32096 -0.0401806 0)
(8.27217 -0.07608 0)
(7.997 -0.110256 0)
(7.74913 -0.200987 0)
(6.99942 -0.294849 0)
(6.26578 -0.627758 0)
(4.04773 -0.999827 0)
(2.00817 -1.82111 0)
)
;

boundaryField
{
    movingWall
    {
        type            fixedValue;
        value           uniform (10 0 0);
    }
    fixedWalls
    {
        type            noSlip;
    }
    frontAndBack
    {
        type            empty;
    }
}


// ************************************************************************* //
