/*--------------------------------*- C++ -*----------------------------------*\
| =========                 |                                                 |
| \\      /  F ield         | OpenFOAM: The Open Source CFD Toolbox           |
|  \\    /   O peration     | Version:  4.1                                   |
|   \\  /    A nd           | Web:      www.OpenFOAM.org                      |
|    \\/     M anipulation  |                                                 |
\*---------------------------------------------------------------------------*/
FoamFile
{
    version     2.0;
    format      ascii;
    class       volVectorField;
    location    "0.0579";
    object      U;
}
// * * * * * * * * * * * * * * * * * * * * * * * * * * * * * * * * * * * * * //

dimensions      [0 1 -1 0 0 0 0];

internalField   nonuniform List<vector> 
441
(
(0.00345198 -0.0046279 0)
(0.00888232 -0.00255469 0)
(-0.000638682 -2.17992e-165 0)
(0.00178455 -2.95351e-266 0)
(-0.00859902 -0.0071388 0)
(-0.00178455 -2.81847e-232 0)
(-1.0966e-202 -4.9139e-203 0)
(-1.22832e-203 -6.36506e-228 0)
(-1.56378e-212 -2.74078e-213 0)
(-0.00556312 8.31439e-266 0)
(-0.0675719 0.0222546 0)
(-0.0853887 0.0117886 0)
(-0.0969945 0.00554216 0)
(-0.0865942 0.000620004 0)
(-0.0729008 -0.00125168 0)
(-0.0505424 -0.00260784 0)
(-0.0308753 -0.00197143 0)
(-0.0124779 -0.00166327 0)
(-0.000424277 0.000376988 0)
(0.00273166 0.00106387 0)
(0.00414213 0.00264782 0)
(0.0034004 -0.00751324 0)
(-0.00178864 0.00659986 0)
(-0.0270029 0.00793281 0)
(-0.0566204 0.010556 0)
(-0.10019 0.00990449 0)
(-0.140326 -0.00378925 0)
(-0.177574 -0.000303922 0)
(-0.212857 0.00142327 0)
(-0.243941 0.0118186 0)
(-0.275446 0.0600463 0)
(-0.297248 0.0556348 0)
(-0.292558 0.0179907 0)
(-0.280858 -0.00483014 0)
(-0.245115 -0.0254306 0)
(-0.202998 -0.0348998 0)
(-0.148431 -0.040637 0)
(-0.0982486 -0.035883 0)
(-0.0519871 -0.0300159 0)
(-0.01924 -0.0150939 0)
(-0.00354554 -0.00637117 0)
(0.00437003 0.00444514 0)
(0.00686166 -0.0067692 0)
(-0.00548754 0.027463 0)
(-0.0514327 0.0534619 0)
(-0.112407 0.0708739 0)
(-0.185765 0.0754838 0)
(-0.261103 0.0735587 0)
(-0.340999 0.0699761 0)
(-0.40462 0.0641831 0)
(-0.467143 0.0601876 0)
(-0.496951 0.0575118 0)
(-0.492783 0.0402525 0)
(-0.477301 -0.0034681 0)
(-0.446517 -0.0412389 0)
(-0.391057 -0.077076 0)
(-0.324677 -0.0969978 0)
(-0.24261 -0.107643 0)
(-0.165485 -0.0972645 0)
(-0.0929021 -0.081175 0)
(-0.0401676 -0.0469812 0)
(-0.0099846 -0.0229723 0)
(0.00575073 0.00390315 0)
(0.00602403 -0.00914717 0)
(-0.0145105 0.0665489 0)
(-0.0886454 0.114885 0)
(-0.174915 0.147119 0)
(-0.27561 0.158951 0)
(-0.375927 0.154027 0)
(-0.473754 0.144749 0)
(-0.557445 0.128376 0)
(-0.626013 0.106331 0)
(-0.666097 0.0831492 0)
(-0.674155 0.0357412 0)
(-0.654009 -0.0293525 0)
(-0.612133 -0.0911974 0)
(-0.538601 -0.14839 0)
(-0.45004 -0.183151 0)
(-0.340656 -0.201291 0)
(-0.236412 -0.185025 0)
(-0.13593 -0.156962 0)
(-0.062039 -0.097161 0)
(-0.0160141 -0.0536583 0)
(0.00753125 0.000585975 0)
(6.43129e-165 0.00150601 0)
(-0.0216029 0.121701 0)
(-0.127015 0.213112 0)
(-0.233716 0.256497 0)
(-0.359941 0.275485 0)
(-0.481584 0.270002 0)
(-0.60185 0.250321 0)
(-0.702858 0.215453 0)
(-0.786699 0.168213 0)
(-0.836149 0.106315 0)
(-0.851589 0.0285845 0)
(-0.832946 -0.0652519 0)
(-0.784496 -0.155885 0)
(-0.696872 -0.239499 0)
(-0.58781 -0.293857 0)
(-0.449339 -0.322113 0)
(-0.315663 -0.300515 0)
(-0.180961 -0.256628 0)
(-0.0836878 -0.165214 0)
(-0.0168962 -0.0933886 0)
(0.0141084 -0.00377102 0)
(-5.2308e-266 0.00531433 0)
(-0.0813326 0.198047 0)
(-0.176522 0.325163 0)
(-0.303927 0.38181 0)
(-0.441222 0.406737 0)
(-0.581323 0.396984 0)
(-0.716008 0.366635 0)
(-0.83451 0.313475 0)
(-0.932504 0.240441 0)
(-0.998193 0.147282 0)
(-1.02981 0.0328213 0)
(-1.01917 -0.0974367 0)
(-0.971824 -0.227012 0)
(-0.874179 -0.346628 0)
(-0.746768 -0.430205 0)
(-0.577501 -0.475811 0)
(-0.410095 -0.452342 0)
(-0.23477 -0.391997 0)
(-0.108764 -0.259294 0)
(-0.0170122 -0.154628 0)
(0.0160956 -0.000974824 0)
(-0.0212573 0.0859528 0)
(-0.112948 0.294822 0)
(-0.222596 0.4361 0)
(-0.362561 0.519482 0)
(-0.51707 0.552159 0)
(-0.674062 0.543442 0)
(-0.827663 0.502792 0)
(-0.965131 0.431096 0)
(-1.0832 0.33171 0)
(-1.16863 0.203385 0)
(-1.21939 0.0500493 0)
(-1.22287 -0.123537 0)
(-1.1827 -0.299878 0)
(-1.08039 -0.465433 0)
(-0.937966 -0.589059 0)
(-0.735865 -0.660544 0)
(-0.531425 -0.640973 0)
(-0.302301 -0.56029 0)
(-0.14504 -0.379787 0)
(-0.00436434 -0.220039 0)
(5.82647e-266 -0.00402391 0)
(-0.0155612 0.141879 0)
(-0.107683 0.400512 0)
(-0.243652 0.575375 0)
(-0.402972 0.677081 0)
(-0.576542 0.718539 0)
(-0.752173 0.707912 0)
(-0.924166 0.658057 0)
(-1.08269 0.568916 0)
(-1.22295 0.44436 0)
(-1.33326 0.282927 0)
(-1.40937 0.0874556 0)
(-1.4346 -0.135194 0)
(-1.41024 -0.368991 0)
(-1.31142 -0.593505 0)
(-1.15985 -0.774019 0)
(-0.927496 -0.886324 0)
(-0.681854 -0.884234 0)
(-0.392982 -0.7845 0)
(-0.189719 -0.552676 0)
(-0.00299439 -0.308991 0)
(2.42486e-24 -1.17271e-24 0)
(-0.0137941 0.205824 0)
(-0.111659 0.521134 0)
(-0.264452 0.7299 0)
(-0.43915 0.850632 0)
(-0.629852 0.900164 0)
(-0.821951 0.889567 0)
(-1.01202 0.832488 0)
(-1.19107 0.728797 0)
(-1.35475 0.582075 0)
(-1.49201 0.389176 0)
(-1.59691 0.151947 0)
(-1.65053 -0.123206 0)
(-1.6505 -0.421665 0)
(-1.5657 -0.717072 0)
(-1.41509 -0.970825 0)
(-1.15923 -1.14156 0)
(-0.874204 -1.17186 0)
(-0.517321 -1.05744 0)
(-0.257138 -0.762318 0)
(-0.0045984 -0.417212 0)
(9.94157e-77 -6.06216e-25 0)
(-0.0121438 0.267971 0)
(-0.111131 0.652857 0)
(-0.27519 0.903667 0)
(-0.460799 1.04311 0)
(-0.663943 1.10184 0)
(-0.868613 1.09009 0)
(-1.07225 1.02747 0)
(-1.2685 0.911247 0)
(-1.45255 0.745466 0)
(-1.61592 0.524357 0)
(-1.75077 0.246239 0)
(-1.83762 -0.0828242 0)
(-1.8703 -0.453248 0)
(-1.81201 -0.83153 0)
(-1.67636 -1.1797 0)
(-1.4109 -1.43299 0)
(-1.09349 -1.52462 0)
(-0.667267 -1.41151 0)
(-0.338856 -1.0599 0)
(-0.00637568 -0.580878 0)
(2.77547e-164 -2.48539e-77 0)
(-0.012516 0.325804 0)
(-0.115011 0.782472 0)
(-0.288036 1.07736 0)
(-0.480793 1.2372 0)
(-0.69046 1.30636 0)
(-0.900962 1.29591 0)
(-1.11005 1.23132 0)
(-1.3153 1.10764 0)
(-1.51115 0.929066 0)
(-1.69393 0.686503 0)
(-1.85372 0.374164 0)
(-1.97436 -0.00414699 0)
(-2.04496 -0.445402 0)
(-2.02679 -0.911988 0)
(-1.92467 -1.36871 0)
(-1.67312 -1.72812 0)
(-1.34383 -1.91065 0)
(-0.861784 -1.81996 0)
(-0.462653 -1.41185 0)
(-0.0755708 -0.768638 0)
(1.73131e-265 0.012844 0)
(-0.0135298 0.396448 0)
(-0.115978 0.930548 0)
(-0.291953 1.27098 0)
(-0.484271 1.44626 0)
(-0.690934 1.52319 0)
(-0.896821 1.50963 0)
(-1.09909 1.44242 0)
(-1.30044 1.31185 0)
(-1.49417 1.12418 0)
(-1.68328 0.866106 0)
(-1.85666 0.526602 0)
(-2.00446 0.107276 0)
(-2.11287 -0.400442 0)
(-2.14464 -0.954162 0)
(-2.09533 -1.53246 0)
(-1.88679 -2.02039 0)
(-1.57306 -2.33495 0)
(-1.05179 -2.30669 0)
(-0.565758 -1.84042 0)
(-0.0734723 -1.06278 0)
(0.0513762 -0.0713263 0)
(-0.0173355 0.450966 0)
(-0.124264 1.05797 0)
(-0.30569 1.44277 0)
(-0.494238 1.63288 0)
(-0.687962 1.71709 0)
(-0.876659 1.70147 0)
(-1.05435 1.63393 0)
(-1.23331 1.50109 0)
(-1.4032 1.31153 0)
(-1.57845 1.04834 0)
(-1.74478 0.695903 0)
(-1.90576 0.252336 0)
(-2.04249 -0.302808 0)
(-2.12988 -0.928916 0)
(-2.14978 -1.6215 0)
(-2.01914 -2.25229 0)
(-1.76824 -2.73933 0)
(-1.23174 -2.83598 0)
(-0.702635 -2.38366 0)
(0.0394018 -1.39261 0)
(2.37141e-231 -0.012844 0)
(-0.022428 0.540959 0)
(-0.131151 1.22196 0)
(-0.311096 1.6448 0)
(-0.485882 1.82962 0)
(-0.653084 1.90873 0)
(-0.808878 1.87633 0)
(-0.943447 1.80097 0)
(-1.07926 1.66068 0)
(-1.20204 1.46995 0)
(-1.3383 1.20753 0)
(-1.47188 0.853653 0)
(-1.6216 0.404799 0)
(-1.768 -0.17664 0)
(-1.9029 -0.847507 0)
(-2.00254 -1.64257 0)
(-1.98826 -2.40635 0)
(-1.86194 -3.12144 0)
(-1.41527 -3.39039 0)
(-0.889713 -3.10574 0)
(-0.00342819 -1.80209 0)
(5.72796e-202 4.54341e-184 0)
(-0.0388425 0.597509 0)
(-0.166278 1.34056 0)
(-0.354087 1.79365 0)
(-0.512957 1.96938 0)
(-0.63561 2.0385 0)
(-0.739517 1.98842 0)
(-0.803164 1.90405 0)
(-0.870149 1.75843 0)
(-0.91536 1.57101 0)
(-0.984711 1.31883 0)
(-1.05339 0.980414 0)
(-1.16522 0.550852 0)
(-1.2902 -0.0184363 0)
(-1.46035 -0.690473 0)
(-1.62644 -1.52832 0)
(-1.76764 -2.38976 0)
(-1.80633 -3.29638 0)
(-1.56666 -3.81707 0)
(-1.11871 -3.77254 0)
(-0.0110502 -2.31218 0)
(1.81737e-183 -4.25709e-185 0)
(-0.0577496 0.754062 0)
(-0.203147 1.54152 0)
(-0.386153 2.00089 0)
(-0.513471 2.11252 0)
(-0.572989 2.14244 0)
(-0.605219 2.0446 0)
(-0.578146 1.93586 0)
(-0.554692 1.77366 0)
(-0.500327 1.58628 0)
(-0.477096 1.34687 0)
(-0.453598 1.03402 0)
(-0.493051 0.643862 0)
(-0.562153 0.116724 0)
(-0.723802 -0.507909 0)
(-0.930947 -1.33844 0)
(-1.2078 -2.22296 0)
(-1.47154 -3.32739 0)
(-1.5549 -4.08505 0)
(-1.42108 -4.6789 0)
(-0.462162 -2.96778 0)
(4.38141e-254 -4.54341e-184 0)
(-0.123393 0.844405 0)
(-0.336333 1.65583 0)
(-0.51205 2.09879 0)
(-0.59234 2.14652 0)
(-0.536147 2.1295 0)
(-0.459407 1.98865 0)
(-0.295475 1.8545 0)
(-0.15004 1.67963 0)
(0.0355293 1.49497 0)
(0.17349 1.2745 0)
(0.313897 0.998533 0)
(0.364343 0.665316 0)
(0.382879 0.215956 0)
(0.245291 -0.312298 0)
(0.0521802 -1.03627 0)
(-0.384938 -1.83801 0)
(-0.813172 -2.92315 0)
(-1.52132 -3.86656 0)
(-1.68032 -4.77586 0)
(-2.06595 -3.80961 0)
(-2.56066e-264 -0.214316 0)
(-0.178938 1.23519 0)
(-0.428706 1.93449 0)
(-0.535129 2.2792 0)
(-0.512077 2.13688 0)
(-0.300118 2.02335 0)
(-0.0782349 1.8036 0)
(0.241411 1.63311 0)
(0.525748 1.44279 0)
(0.848591 1.26486 0)
(1.10861 1.07028 0)
(1.3679 0.842587 0)
(1.52161 0.579819 0)
(1.63915 0.23238 0)
(1.57765 -0.167702 0)
(1.44283 -0.718914 0)
(1.0154 -1.34107 0)
(0.497199 -2.22182 0)
(-0.411011 -3.17389 0)
(-1.11926 -4.22348 0)
(-1.84857 -4.50075 0)
(-0.857264 -2.30647 0)
(-0.399996 1.41766 0)
(-0.72875 1.98333 0)
(-0.533396 2.17634 0)
(-0.268857 1.89466 0)
(0.267285 1.6967 0)
(0.710034 1.43929 0)
(1.24425 1.25255 0)
(1.68311 1.07046 0)
(2.1439 0.914012 0)
(2.50849 0.758076 0)
(2.86301 0.587814 0)
(3.08851 0.402664 0)
(3.28065 0.163286 0)
(3.26545 -0.100313 0)
(3.19993 -0.470288 0)
(2.78662 -0.870144 0)
(2.3264 -1.497 0)
(1.31762 -2.21997 0)
(0.426779 -3.34251 0)
(-0.719944 -3.99412 0)
(-0.699224 -2.96191 0)
(-0.255853 2.4258 0)
(-0.0996359 2.06255 0)
(0.68582 1.86986 0)
(1.32586 1.32842 0)
(2.13023 1.06489 0)
(2.74319 0.819932 0)
(3.38216 0.666294 0)
(3.88145 0.539017 0)
(4.37052 0.439957 0)
(4.74557 0.350817 0)
(5.09776 0.260878 0)
(5.31998 0.167385 0)
(5.50943 0.0520247 0)
(5.50651 -0.07419 0)
(5.46694 -0.249939 0)
(5.11356 -0.445836 0)
(4.73437 -0.783778 0)
(3.81131 -1.24173 0)
(2.85408 -2.25344 0)
(1.08665 -3.32887 0)
(-0.0451049 -3.79978 0)
(1.66834 1.67063 0)
(2.70757 0.975829 0)
(4.55004 0.748997 0)
(5.3877 0.423468 0)
(6.25074 0.28522 0)
(6.7544 0.176371 0)
(7.22654 0.119562 0)
(7.54301 0.0795587 0)
(7.83549 0.0537899 0)
(8.03505 0.034037 0)
(8.21697 0.0165193 0)
(8.3093 -9.34094e-05 0)
(8.3871 -0.0208377 0)
(8.33649 -0.0416908 0)
(8.28252 -0.0774327 0)
(8.00197 -0.111108 0)
(7.75025 -0.201111 0)
(6.99825 -0.294291 0)
(6.26441 -0.626639 0)
(4.0469 -0.998693 0)
(2.00687 -1.81965 0)
)
;

boundaryField
{
    movingWall
    {
        type            fixedValue;
        value           uniform (10 0 0);
    }
    fixedWalls
    {
        type            noSlip;
    }
    frontAndBack
    {
        type            empty;
    }
}


// ************************************************************************* //
