/*--------------------------------*- C++ -*----------------------------------*\
| =========                 |                                                 |
| \\      /  F ield         | OpenFOAM: The Open Source CFD Toolbox           |
|  \\    /   O peration     | Version:  4.1                                   |
|   \\  /    A nd           | Web:      www.OpenFOAM.org                      |
|    \\/     M anipulation  |                                                 |
\*---------------------------------------------------------------------------*/
FoamFile
{
    version     2.0;
    format      ascii;
    class       volVectorField;
    location    "0.0263";
    object      U;
}
// * * * * * * * * * * * * * * * * * * * * * * * * * * * * * * * * * * * * * //

dimensions      [0 1 -1 0 0 0 0];

internalField   nonuniform List<vector> 
441
(
(0.00329029 -0.00467404 0)
(0.00800046 -0.00279269 0)
(-0.000698286 -2.2932e-165 0)
(0.00155598 -2.41289e-266 0)
(-0.00989731 -0.00622446 0)
(-0.00155598 -2.54038e-232 0)
(-1.0882e-202 -3.80949e-203 0)
(-9.5218e-204 -4.69646e-228 0)
(-1.33794e-212 -1.94059e-213 0)
(-0.00471752 7.19211e-266 0)
(-0.0557261 0.0188716 0)
(-0.0711324 0.0102692 0)
(-0.081949 0.00507491 0)
(-0.07546 0.00109206 0)
(-0.0666418 -0.000496075 0)
(-0.0502517 -0.00177843 0)
(-0.0349959 -0.0015997 0)
(-0.0187911 -0.00171668 0)
(-0.00639451 -0.000276774 0)
(-0.000242171 0.000351013 0)
(0.0033216 0.00212737 0)
(0.00291289 -0.00639956 0)
(-0.00377192 0.00679514 0)
(-0.0289187 0.00759946 0)
(-0.0566644 0.0111999 0)
(-0.0954303 0.00861426 0)
(-0.128386 -0.0053492 0)
(-0.157274 -0.000701454 0)
(-0.183159 0.00102256 0)
(-0.20487 0.00956997 0)
(-0.227171 0.0492815 0)
(-0.242573 0.045934 0)
(-0.238165 0.0162279 0)
(-0.230636 -0.00113301 0)
(-0.205497 -0.0169397 0)
(-0.176326 -0.0247374 0)
(-0.136296 -0.0308314 0)
(-0.0977717 -0.0296641 0)
(-0.0586464 -0.02795 0)
(-0.0276004 -0.0178962 0)
(-0.00822515 -0.0107972 0)
(0.00312867 0.0011463 0)
(0.00604167 -0.00443623 0)
(-0.0068662 0.0286411 0)
(-0.0510327 0.0514525 0)
(-0.105808 0.0645572 0)
(-0.168047 0.0645197 0)
(-0.229921 0.0584594 0)
(-0.292071 0.0527602 0)
(-0.33731 0.0459847 0)
(-0.380922 0.0422398 0)
(-0.397971 0.0413876 0)
(-0.389628 0.0306381 0)
(-0.37555 -0.000665755 0)
(-0.352917 -0.0270363 0)
(-0.313618 -0.0530471 0)
(-0.267557 -0.0688954 0)
(-0.208423 -0.0805246 0)
(-0.15096 -0.0782375 0)
(-0.0923542 -0.0722595 0)
(-0.0458142 -0.0496972 0)
(-0.014165 -0.0306955 0)
(0.00421841 -0.00243821 0)
(0.00599133 -0.00573279 0)
(-0.0123124 0.0654192 0)
(-0.0795023 0.106684 0)
(-0.153796 0.130151 0)
(-0.236894 0.133013 0)
(-0.315993 0.12102 0)
(-0.389219 0.107824 0)
(-0.447871 0.0905037 0)
(-0.493047 0.071844 0)
(-0.515745 0.0557512 0)
(-0.515005 0.0232362 0)
(-0.49561 -0.0214171 0)
(-0.463801 -0.0631973 0)
(-0.411281 -0.103214 0)
(-0.350207 -0.129754 0)
(-0.273074 -0.148616 0)
(-0.198173 -0.145247 0)
(-0.120962 -0.134491 0)
(-0.0602569 -0.0953833 0)
(-0.0171731 -0.0620848 0)
(0.00618225 -0.00846917 0)
(6.02945e-165 0.00149783 0)
(-0.017223 0.113741 0)
(-0.108731 0.192207 0)
(-0.196735 0.220787 0)
(-0.297533 0.225864 0)
(-0.390176 0.209355 0)
(-0.477669 0.183727 0)
(-0.54617 0.149079 0)
(-0.599555 0.10967 0)
(-0.625827 0.0639678 0)
(-0.627647 0.0108797 0)
(-0.607157 -0.0516092 0)
(-0.569207 -0.110701 0)
(-0.506555 -0.166816 0)
(-0.432345 -0.206117 0)
(-0.33708 -0.233121 0)
(-0.244902 -0.229014 0)
(-0.14621 -0.210972 0)
(-0.071688 -0.151962 0)
(-0.0144629 -0.0977887 0)
(0.0124759 -0.0125259 0)
(-5.02018e-266 0.00484763 0)
(-0.0712652 0.178342 0)
(-0.147455 0.284556 0)
(-0.249184 0.320617 0)
(-0.354019 0.32643 0)
(-0.457329 0.302186 0)
(-0.551691 0.264351 0)
(-0.629877 0.212655 0)
(-0.689835 0.152134 0)
(-0.724583 0.0831808 0)
(-0.735046 0.00473588 0)
(-0.717549 -0.0807024 0)
(-0.67857 -0.163628 0)
(-0.608354 -0.241321 0)
(-0.522607 -0.298798 0)
(-0.408697 -0.337937 0)
(-0.297249 -0.335173 0)
(-0.174102 -0.310269 0)
(-0.0829898 -0.225506 0)
(-0.00821969 -0.149114 0)
(0.0158193 -0.00957112 0)
(-0.0193905 0.076007 0)
(-0.0970108 0.257904 0)
(-0.183203 0.370663 0)
(-0.291862 0.425827 0)
(-0.407517 0.433515 0)
(-0.520686 0.405946 0)
(-0.626213 0.355791 0)
(-0.715041 0.286605 0)
(-0.785987 0.204298 0)
(-0.83112 0.10905 0)
(-0.851476 0.00427474 0)
(-0.840592 -0.108265 0)
(-0.80409 -0.219037 0)
(-0.729377 -0.323333 0)
(-0.633994 -0.404397 0)
(-0.499713 -0.459622 0)
(-0.367548 -0.461506 0)
(-0.21143 -0.426911 0)
(-0.104981 -0.315044 0)
(0.00409604 -0.198077 0)
(5.37992e-266 -0.00395482 0)
(-0.0137813 0.123528 0)
(-0.0895634 0.343207 0)
(-0.197526 0.480125 0)
(-0.320982 0.545799 0)
(-0.450597 0.555732 0)
(-0.576641 0.521386 0)
(-0.69397 0.459193 0)
(-0.79606 0.372518 0)
(-0.880178 0.268653 0)
(-0.940061 0.148276 0)
(-0.975037 0.0145024 0)
(-0.97622 -0.128972 0)
(-0.947927 -0.274515 0)
(-0.873666 -0.413117 0)
(-0.771375 -0.527827 0)
(-0.617369 -0.607416 0)
(-0.459887 -0.621861 0)
(-0.267938 -0.577783 0)
(-0.134242 -0.436952 0)
(-0.00111177 -0.262436 0)
(1.86473e-24 -1.65479e-24 0)
(-0.0118282 0.176403 0)
(-0.0922362 0.43996 0)
(-0.2153 0.600891 0)
(-0.35215 0.677407 0)
(-0.496464 0.688311 0)
(-0.63578 0.648165 0)
(-0.766884 0.574716 0)
(-0.883789 0.472075 0)
(-0.983934 0.348282 0)
(-1.06183 0.203529 0)
(-1.11541 0.0409653 0)
(-1.13459 -0.135716 0)
(-1.12093 -0.320431 0)
(-1.05385 -0.500683 0)
(-0.949621 -0.658712 0)
(-0.776741 -0.772998 0)
(-0.590936 -0.80754 0)
(-0.351744 -0.755968 0)
(-0.18082 -0.575741 0)
(-0.00331882 -0.337858 0)
(7.6319e-77 -4.66182e-25 0)
(-0.010386 0.22843 0)
(-0.0930676 0.548338 0)
(-0.228792 0.741066 0)
(-0.378018 0.827789 0)
(-0.536062 0.840171 0)
(-0.688688 0.792143 0)
(-0.833267 0.70781 0)
(-0.965979 0.589533 0)
(-1.08351 0.447082 0)
(-1.18266 0.279327 0)
(-1.25938 0.0874961 0)
(-1.30331 -0.124445 0)
(-1.31248 -0.354989 0)
(-1.26182 -0.586558 0)
(-1.16342 -0.804417 0)
(-0.976291 -0.970449 0)
(-0.759483 -1.04541 0)
(-0.463643 -0.995421 0)
(-0.240649 -0.780955 0)
(-0.00492907 -0.454994 0)
(2.1185e-164 -1.90798e-77 0)
(-0.011158 0.276887 0)
(-0.100848 0.656724 0)
(-0.250779 0.883933 0)
(-0.412952 0.982755 0)
(-0.583788 0.997719 0)
(-0.748516 0.943791 0)
(-0.904664 0.851332 0)
(-1.05187 0.721284 0)
(-1.18564 0.564844 0)
(-1.30692 0.378881 0)
(-1.40886 0.162155 0)
(-1.48353 -0.0828858 0)
(-1.52342 -0.36045 0)
(-1.50121 -0.650395 0)
(-1.42046 -0.941542 0)
(-1.23019 -1.1793 0)
(-0.986753 -1.3156 0)
(-0.6303 -1.28003 0)
(-0.342135 -1.02477 0)
(-0.0600465 -0.587795 0)
(1.30859e-265 0.0102303 0)
(-0.0129719 0.341594 0)
(-0.108925 0.790173 0)
(-0.271284 1.05493 0)
(-0.443786 1.16176 0)
(-0.623722 1.17722 0)
(-0.79685 1.11331 0)
(-0.960138 1.01211 0)
(-1.11783 0.870378 0)
(-1.26376 0.702469 0)
(-1.40433 0.502015 0)
(-1.53019 0.263991 0)
(-1.63747 -0.0109243 0)
(-1.71391 -0.337513 0)
(-1.73097 -0.691775 0)
(-1.68274 -1.07549 0)
(-1.50591 -1.40958 0)
(-1.24603 -1.64491 0)
(-0.823703 -1.6508 0)
(-0.440815 -1.34699 0)
(-0.0589173 -0.812363 0)
(0.0409212 -0.0578558 0)
(-0.0178779 0.394566 0)
(-0.127038 0.912145 0)
(-0.308172 1.21601 0)
(-0.492457 1.33202 0)
(-0.677466 1.3491 0)
(-0.853437 1.27777 0)
(-1.01436 1.17145 0)
(-1.17341 1.02345 0)
(-1.32013 0.851052 0)
(-1.47062 0.644742 0)
(-1.61056 0.39565 0)
(-1.74622 0.100935 0)
(-1.85738 -0.265347 0)
(-1.9236 -0.68131 0)
(-1.92299 -1.16296 0)
(-1.7867 -1.61768 0)
(-1.53943 -1.99248 0)
(-1.05386 -2.0916 0)
(-0.58836 -1.78268 0)
(0.0329703 -1.07443 0)
(1.95986e-231 -0.0102303 0)
(-0.0243727 0.489424 0)
(-0.145855 1.0836 0)
(-0.341675 1.42422 0)
(-0.531482 1.5322 0)
(-0.712659 1.54132 0)
(-0.881336 1.45051 0)
(-1.02772 1.33392 0)
(-1.17433 1.17603 0)
(-1.30598 1.00011 0)
(-1.44878 0.792012 0)
(-1.5846 0.538792 0)
(-1.73124 0.23511 0)
(-1.86523 -0.161617 0)
(-1.97771 -0.627681 0)
(-2.03927 -1.21381 0)
(-1.97947 -1.79805 0)
(-1.79996 -2.37946 0)
(-1.33025 -2.61757 0)
(-0.806811 -2.43032 0)
(-0.00389796 -1.43126 0)
(4.99224e-202 4.12877e-184 0)
(-0.0421117 0.557534 0)
(-0.192559 1.22332 0)
(-0.412632 1.59752 0)
(-0.60676 1.6973 0)
(-0.767776 1.69701 0)
(-0.9122 1.58908 0)
(-1.01843 1.46376 0)
(-1.12879 1.29999 0)
(-1.21647 1.12537 0)
(-1.32464 0.923286 0)
(-1.42506 0.678369 0)
(-1.55713 0.382873 0)
(-1.68557 -0.0173177 0)
(-1.83705 -0.504789 0)
(-1.95588 -1.15578 0)
(-2.0217 -1.85541 0)
(-1.958 -2.62957 0)
(-1.62075 -3.09368 0)
(-1.09532 -3.08912 0)
(-0.00802765 -1.90668 0)
(1.65151e-183 2.60739e-184 0)
(-0.0619105 0.73171 0)
(-0.23765 1.45841 0)
(-0.465744 1.84751 0)
(-0.645267 1.88852 0)
(-0.764208 1.85351 0)
(-0.860928 1.70152 0)
(-0.902844 1.55429 0)
(-0.950162 1.37431 0)
(-0.965805 1.19705 0)
(-1.0071 1.00101 0)
(-1.03806 0.770009 0)
(-1.1154 0.496429 0)
(-1.20038 0.114844 0)
(-1.34895 -0.355786 0)
(-1.50859 -1.03439 0)
(-1.6974 -1.79416 0)
(-1.83299 -2.78855 0)
(-1.76047 -3.48869 0)
(-1.47999 -4.06407 0)
(-0.436616 -2.56942 0)
(4.1021e-254 -4.12877e-184 0)
(-0.127208 0.842508 0)
(-0.370696 1.61381 0)
(-0.595683 1.99931 0)
(-0.735947 1.98565 0)
(-0.750774 1.91135 0)
(-0.752309 1.72238 0)
(-0.673238 1.55345 0)
(-0.615003 1.36147 0)
(-0.516108 1.18317 0)
(-0.457734 0.997059 0)
(-0.384698 0.787615 0)
(-0.380847 0.549574 0)
(-0.384009 0.218048 0)
(-0.510252 -0.18895 0)
(-0.660164 -0.801118 0)
(-1.00981 -1.52093 0)
(-1.3161 -2.54319 0)
(-1.84113 -3.44715 0)
(-1.82777 -4.33413 0)
(-2.00458 -3.45955 0)
(-2.40429e-264 -0.204896 0)
(-0.180498 1.25035 0)
(-0.450801 1.93096 0)
(-0.597617 2.23462 0)
(-0.628484 2.04382 0)
(-0.484607 1.88363 0)
(-0.340295 1.62384 0)
(-0.107077 1.42369 0)
(0.0870361 1.21747 0)
(0.318967 1.0418 0)
(0.494869 0.871038 0)
(0.682905 0.691767 0)
(0.787559 0.499482 0)
(0.883339 0.239404 0)
(0.833605 -0.071629 0)
(0.741257 -0.546257 0)
(0.389765 -1.12192 0)
(-0.0271812 -1.98579 0)
(-0.791963 -2.934 0)
(-1.33782 -3.98529 0)
(-1.87802 -4.26566 0)
(-0.819583 -2.22904 0)
(-0.398048 1.43902 0)
(-0.729106 2.00208 0)
(-0.552877 2.17097 0)
(-0.322604 1.85607 0)
(0.1627 1.62456 0)
(0.542238 1.3377 0)
(1.00143 1.12871 0)
(1.35872 0.934028 0)
(1.73476 0.777437 0)
(2.01927 0.635934 0)
(2.30495 0.496475 0)
(2.48285 0.356709 0)
(2.65434 0.173869 0)
(2.65232 -0.0323126 0)
(2.62973 -0.354174 0)
(2.28774 -0.729284 0)
(1.91052 -1.35873 0)
(1.00157 -2.1021 0)
(0.215613 -3.24555 0)
(-0.807418 -3.90376 0)
(-0.690784 -2.93735 0)
(-0.252141 2.4393 0)
(-0.0839179 2.08044 0)
(0.704747 1.87913 0)
(1.33397 1.32151 0)
(2.11107 1.04051 0)
(2.68265 0.780059 0)
(3.26729 0.614972 0)
(3.70417 0.481506 0)
(4.12656 0.382706 0)
(4.43778 0.301074 0)
(4.73543 0.226301 0)
(4.92099 0.154572 0)
(5.09734 0.065262 0)
(5.11017 -0.0353895 0)
(5.11247 -0.191966 0)
(4.82258 -0.380507 0)
(4.51297 -0.72775 0)
(3.65721 -1.20392 0)
(2.75534 -2.23773 0)
(1.04236 -3.31387 0)
(-0.0412136 -3.80139 0)
(1.67076 1.67309 0)
(2.72053 0.979488 0)
(4.57301 0.751918 0)
(5.41282 0.424 0)
(6.26785 0.283007 0)
(6.75396 0.171857 0)
(7.20049 0.113596 0)
(7.48653 0.0731579 0)
(7.7467 0.0481305 0)
(7.91656 0.0302477 0)
(8.0752 0.0157244 0)
(8.15557 0.00272817 0)
(8.23493 -0.0141558 0)
(8.20196 -0.0321917 0)
(8.17751 -0.0667392 0)
(7.93544 -0.102156 0)
(7.71864 -0.196558 0)
(6.99311 -0.295581 0)
(6.26902 -0.633728 0)
(4.05193 -1.00779 0)
(2.01588 -1.83158 0)
)
;

boundaryField
{
    movingWall
    {
        type            fixedValue;
        value           uniform (10 0 0);
    }
    fixedWalls
    {
        type            noSlip;
    }
    frontAndBack
    {
        type            empty;
    }
}


// ************************************************************************* //
