/*--------------------------------*- C++ -*----------------------------------*\
| =========                 |                                                 |
| \\      /  F ield         | OpenFOAM: The Open Source CFD Toolbox           |
|  \\    /   O peration     | Version:  4.1                                   |
|   \\  /    A nd           | Web:      www.OpenFOAM.org                      |
|    \\/     M anipulation  |                                                 |
\*---------------------------------------------------------------------------*/
FoamFile
{
    version     2.0;
    format      ascii;
    class       volVectorField;
    location    "0.138324";
    object      U;
}
// * * * * * * * * * * * * * * * * * * * * * * * * * * * * * * * * * * * * * //

dimensions      [0 1 -1 0 0 0 0];

internalField   nonuniform List<vector> 
441
(
(0.000847295 -0.000818195 0)
(0.000208397 9.38025e-05 0)
(-0.00452298 0.000950015 0)
(-0.012184 0.0016468 0)
(-0.0220312 0.00199294 0)
(-0.0326553 0.00210766 0)
(-0.0431655 0.00200166 0)
(-0.0525855 0.00173533 0)
(-0.0602058 0.00132334 0)
(-0.0653623 0.000792871 0)
(-0.0675757 0.000167183 0)
(-0.066518 -0.000513628 0)
(-0.0621318 -0.0011911 0)
(-0.0546392 -0.00179242 0)
(-0.0446698 -0.00222305 0)
(-0.0331425 -0.00240679 0)
(-0.0214311 -0.0022478 0)
(-0.0108686 -0.00175345 0)
(-0.00314006 -0.000871589 0)
(0.00101465 9.08192e-05 0)
(0.000991124 0.000946743 0)
(7.76041e-06 -0.000265266 0)
(-0.00594633 0.00593999 0)
(-0.0206001 0.0122151 0)
(-0.0412392 0.0171192 0)
(-0.066293 0.019786 0)
(-0.0928365 0.020433 0)
(-0.118763 0.0192133 0)
(-0.141832 0.0164223 0)
(-0.160303 0.0122818 0)
(-0.17263 0.00705817 0)
(-0.177707 0.00106125 0)
(-0.174854 -0.00529327 0)
(-0.164017 -0.0114701 0)
(-0.145809 -0.0168355 0)
(-0.121701 -0.0206883 0)
(-0.0938187 -0.0224089 0)
(-0.065153 -0.0214825 0)
(-0.038651 -0.0178664 0)
(-0.0178104 -0.0117658 0)
(-0.00422329 -0.00476969 0)
(0.000323319 0.00109615 0)
(-0.0009209 0.00446889 0)
(-0.0131806 0.0207428 0)
(-0.03796 0.0357451 0)
(-0.0705568 0.0470048 0)
(-0.10873 0.0530472 0)
(-0.148457 0.0541041 0)
(-0.186821 0.0505143 0)
(-0.220715 0.0428983 0)
(-0.247696 0.0318442 0)
(-0.265618 0.0180574 0)
(-0.272955 0.00238399 0)
(-0.268792 -0.0140896 0)
(-0.253074 -0.030014 0)
(-0.226654 -0.0438282 0)
(-0.191536 -0.0538637 0)
(-0.150609 -0.0586386 0)
(-0.107938 -0.0570224 0)
(-0.0675616 -0.0488787 0)
(-0.0343826 -0.0348774 0)
(-0.0107884 -0.0180943 0)
(-0.000441703 -0.00243228 0)
(-0.00182747 0.0129387 0)
(-0.0203575 0.0434642 0)
(-0.0549968 0.0694532 0)
(-0.0987662 0.088086 0)
(-0.148743 0.0976871 0)
(-0.199955 0.0986295 0)
(-0.248928 0.0915284 0)
(-0.291961 0.077394 0)
(-0.326157 0.0572648 0)
(-0.348963 0.0323827 0)
(-0.358553 0.0042479 0)
(-0.3538 -0.0252462 0)
(-0.33457 -0.053778 0)
(-0.301764 -0.0786763 0)
(-0.257647 -0.0971021 0)
(-0.205547 -0.106492 0)
(-0.150311 -0.104899 0)
(-0.0968502 -0.0919194 0)
(-0.0514891 -0.0685792 0)
(-0.0175834 -0.0392479 0)
(-0.00118999 -0.00937944 0)
(-0.0025742 0.0251362 0)
(-0.0269017 0.0742871 0)
(-0.0708813 0.113607 0)
(-0.125177 0.140567 0)
(-0.186142 0.153768 0)
(-0.247895 0.153954 0)
(-0.30654 0.14217 0)
(-0.357943 0.119899 0)
(-0.398913 0.0886979 0)
(-0.426605 0.0504029 0)
(-0.438939 0.00722832 0)
(-0.43454 -0.0380537 0)
(-0.413062 -0.0820518 0)
(-0.375258 -0.120841 0)
(-0.323402 -0.150208 0)
(-0.261024 -0.166237 0)
(-0.193608 -0.165851 0)
(-0.126922 -0.148045 0)
(-0.068939 -0.113933 0)
(-0.0242721 -0.0689346 0)
(-0.00180845 -0.0198738 0)
(-0.0032455 0.0405331 0)
(-0.0329207 0.112341 0)
(-0.085641 0.16715 0)
(-0.14979 0.20323 0)
(-0.221004 0.219958 0)
(-0.292546 0.218749 0)
(-0.360203 0.201281 0)
(-0.419542 0.169603 0)
(-0.467198 0.125834 0)
(-0.50012 0.0723956 0)
(-0.515995 0.0121918 0)
(-0.513137 -0.051153 0)
(-0.490845 -0.113174 0)
(-0.449498 -0.168617 0)
(-0.391119 -0.211717 0)
(-0.31919 -0.236876 0)
(-0.239685 -0.239447 0)
(-0.159233 -0.217299 0)
(-0.0877301 -0.17118 0)
(-0.0313916 -0.107261 0)
(-0.00243574 -0.0337592 0)
(-0.0038461 0.0589497 0)
(-0.0384575 0.157262 0)
(-0.099299 0.229647 0)
(-0.172586 0.275624 0)
(-0.253271 0.295827 0)
(-0.333849 0.292664 0)
(-0.409894 0.268678 0)
(-0.476799 0.226583 0)
(-0.531147 0.169084 0)
(-0.569768 0.0991372 0)
(-0.590135 0.020248 0)
(-0.590206 -0.0632093 0)
(-0.568774 -0.145769 0)
(-0.525618 -0.22083 0)
(-0.46221 -0.28091 0)
(-0.381669 -0.318347 0)
(-0.290224 -0.326344 0)
(-0.195302 -0.300892 0)
(-0.108984 -0.241717 0)
(-0.0395009 -0.155334 0)
(-0.00314882 -0.0514722 0)
(-0.00441601 0.0801248 0)
(-0.0436084 0.208473 0)
(-0.111921 0.300314 0)
(-0.193499 0.356831 0)
(-0.282656 0.38041 0)
(-0.371243 0.3748 0)
(-0.454746 0.343668 0)
(-0.528558 0.290496 0)
(-0.589348 0.218576 0)
(-0.633954 0.131302 0)
(-0.659704 0.0326239 0)
(-0.664185 -0.072528 0)
(-0.645577 -0.177862 0)
(-0.602835 -0.275511 0)
(-0.536532 -0.356186 0)
(-0.449008 -0.409767 0)
(-0.346335 -0.426611 0)
(-0.236491 -0.399807 0)
(-0.133894 -0.327076 0)
(-0.0492709 -0.21458 0)
(-0.00407428 -0.0736637 0)
(-0.00496458 0.103864 0)
(-0.0484339 0.265455 0)
(-0.123534 0.378359 0)
(-0.212366 0.445832 0)
(-0.30864 0.472567 0)
(-0.403725 0.464025 0)
(-0.493187 0.425293 0)
(-0.572639 0.360718 0)
(-0.639033 0.274178 0)
(-0.68941 0.169369 0)
(-0.721081 0.0504649 0)
(-0.731343 -0.0773248 0)
(-0.717717 -0.207177 0)
(-0.678158 -0.330176 0)
(-0.611966 -0.435278 0)
(-0.52018 -0.509585 0)
(-0.408055 -0.539864 0)
(-0.2836 -0.514965 0)
(-0.16346 -0.429178 0)
(-0.0613439 -0.287031 0)
(-0.00532721 -0.101402 0)
(-0.00554285 0.130113 0)
(-0.0530689 0.327808 0)
(-0.134224 0.462954 0)
(-0.228994 0.541342 0)
(-0.330495 0.570676 0)
(-0.429834 0.558549 0)
(-0.522871 0.511829 0)
(-0.605738 0.435831 0)
(-0.675933 0.335013 0)
(-0.730974 0.213209 0)
(-0.768389 0.074549 0)
(-0.785375 -0.0758448 0)
(-0.778867 -0.231048 0)
(-0.745748 -0.381503 0)
(-0.683701 -0.514696 0)
(-0.591863 -0.614837 0)
(-0.473749 -0.664441 0)
(-0.336484 -0.646506 0)
(-0.198345 -0.549865 0)
(-0.0763739 -0.375145 0)
(-0.00707331 -0.136173 0)
(-0.00620571 0.15867 0)
(-0.0578044 0.394835 0)
(-0.144329 0.552787 0)
(-0.243412 0.641352 0)
(-0.347548 0.672194 0)
(-0.447905 0.655517 0)
(-0.54092 0.600403 0)
(-0.623649 0.513242 0)
(-0.694466 0.399075 0)
(-0.751745 0.261695 0)
(-0.793564 0.1049 0)
(-0.817358 -0.0667092 0)
(-0.819709 -0.246664 0)
(-0.796536 -0.42539 0)
(-0.743666 -0.589516 0)
(-0.657775 -0.720607 0)
(-0.539447 -0.796584 0)
(-0.393567 -0.79285 0)
(-0.238654 -0.690117 0)
(-0.0950036 -0.481321 0)
(-0.00951306 -0.179709 0)
(-0.00716503 0.190159 0)
(-0.0632495 0.46678 0)
(-0.154496 0.647135 0)
(-0.255807 0.743876 0)
(-0.359017 0.774089 0)
(-0.455871 0.751159 0)
(-0.543738 0.686935 0)
(-0.62113 0.588968 0)
(-0.687678 0.462893 0)
(-0.743069 0.312281 0)
(-0.786355 0.140303 0)
(-0.815693 -0.0494179 0)
(-0.827736 -0.251537 0)
(-0.817807 -0.457307 0)
(-0.779877 -0.653513 0)
(-0.707788 -0.819861 0)
(-0.597869 -0.929978 0)
(-0.451018 -0.950134 0)
(-0.283463 -0.849771 0)
(-0.117827 -0.608156 0)
(-0.0129845 -0.234562 0)
(-0.0086862 0.224504 0)
(-0.0706218 0.542653 0)
(-0.166229 0.743656 0)
(-0.267151 0.844958 0)
(-0.364553 0.871195 0)
(-0.451687 0.839537 0)
(-0.527343 0.765217 0)
(-0.592201 0.65697 0)
(-0.647563 0.521026 0)
(-0.694932 0.360567 0)
(-0.73479 0.177895 0)
(-0.766597 -0.0247658 0)
(-0.787685 -0.243871 0)
(-0.793457 -0.472493 0)
(-0.776384 -0.69898 0)
(-0.727544 -0.902644 0)
(-0.637769 -1.05413 0)
(-0.502062 -1.10982 0)
(-0.330383 -1.02486 0)
(-0.145374 -0.756242 0)
(-0.0179276 -0.302954 0)
(-0.0115718 0.265169 0)
(-0.0817945 0.625294 0)
(-0.181102 0.842695 0)
(-0.277788 0.941768 0)
(-0.362488 0.958286 0)
(-0.43156 0.913812 0)
(-0.485794 0.827626 0)
(-0.528924 0.709481 0)
(-0.564265 0.566113 0)
(-0.595596 0.400114 0)
(-0.625193 0.212717 0)
(-0.654392 0.00442769 0)
(-0.681888 -0.223602 0)
(-0.704151 -0.467283 0)
(-0.712992 -0.718232 0)
(-0.697546 -0.957554 0)
(-0.642393 -1.15556 0)
(-0.535132 -1.25959 0)
(-0.37403 -1.20862 0)
(-0.17764 -0.926146 0)
(-0.0251606 -0.389457 0)
(-0.0168258 0.3118 0)
(-0.100418 0.711544 0)
(-0.202391 0.938024 0)
(-0.288933 1.0252 0)
(-0.350695 1.02473 0)
(-0.3902 0.962833 0)
(-0.410984 0.863224 0)
(-0.420997 0.736204 0)
(-0.425751 0.588764 0)
(-0.431578 0.422691 0)
(-0.442637 0.238053 0)
(-0.462478 0.0335502 0)
(-0.491717 -0.192345 0)
(-0.529018 -0.439115 0)
(-0.56684 -0.703305 0)
(-0.59425 -0.970502 0)
(-0.589837 -1.2148 0)
(-0.533583 -1.37775 0)
(-0.405437 -1.38344 0)
(-0.214044 -1.10974 0)
(-0.0356622 -0.495126 0)
(-0.0269086 0.378667 0)
(-0.129338 0.811987 0)
(-0.228279 1.0326 0)
(-0.293593 1.09053 0)
(-0.31713 1.06136 0)
(-0.312148 0.975294 0)
(-0.285398 0.86024 0)
(-0.250111 0.725822 0)
(-0.213717 0.578528 0)
(-0.184948 0.418888 0)
(-0.169445 0.245666 0)
(-0.172817 0.0558462 0)
(-0.197711 -0.154666 0)
(-0.24592 -0.389128 0)
(-0.312108 -0.650175 0)
(-0.388371 -0.930628 0)
(-0.449397 -1.21376 0)
(-0.470237 -1.44167 0)
(-0.406179 -1.53013 0)
(-0.249828 -1.30129 0)
(-0.0510884 -0.630024 0)
(-0.045092 0.457306 0)
(-0.176144 0.907245 0)
(-0.257429 1.10124 0)
(-0.280759 1.11175 0)
(-0.241271 1.04461 0)
(-0.171235 0.931717 0)
(-0.0802725 0.803233 0)
(0.0123966 0.666402 0)
(0.0986795 0.526076 0)
(0.168424 0.381104 0)
(0.215696 0.228939 0)
(0.233743 0.0653008 0)
(0.218528 -0.115697 0)
(0.1649 -0.320255 0)
(0.074792 -0.556755 0)
(-0.050775 -0.826772 0)
(-0.186789 -1.12784 0)
(-0.310879 -1.41214 0)
(-0.349508 -1.60077 0)
(-0.276305 -1.46147 0)
(-0.0724442 -0.781867 0)
(-0.0738341 0.602941 0)
(-0.223153 1.02534 0)
(-0.243995 1.14745 0)
(-0.187968 1.07643 0)
(-0.0541509 0.957556 0)
(0.100045 0.816292 0)
(0.265752 0.679639 0)
(0.419558 0.54892 0)
(0.555472 0.425169 0)
(0.664009 0.304784 0)
(0.740786 0.183783 0)
(0.779507 0.0571432 0)
(0.776113 -0.0816794 0)
(0.723012 -0.24026 0)
(0.61876 -0.430738 0)
(0.454512 -0.662851 0)
(0.248986 -0.951518 0)
(0.00783335 -1.27034 0)
(-0.172552 -1.56846 0)
(-0.255657 -1.576 0)
(-0.0970933 -0.979403 0)
(-0.113449 0.724979 0)
(-0.252603 1.05137 0)
(-0.114405 1.0661 0)
(0.0823549 0.913699 0)
(0.350086 0.758409 0)
(0.60118 0.610584 0)
(0.839412 0.485843 0)
(1.04307 0.378463 0)
(1.2135 0.284829 0)
(1.3453 0.199544 0)
(1.43797 0.117935 0)
(1.48754 0.035324 0)
(1.49145 -0.0538524 0)
(1.44132 -0.15619 0)
(1.33364 -0.283239 0)
(1.14939 -0.448003 0)
(0.897041 -0.676955 0)
(0.5475 -0.971416 0)
(0.202506 -1.32884 0)
(-0.130025 -1.49797 0)
(-0.105365 -1.11036 0)
(-0.042436 1.02209 0)
(0.057101 1.0223 0)
(0.490469 0.848207 0)
(0.851375 0.611059 0)
(1.22165 0.446844 0)
(1.5186 0.325251 0)
(1.77286 0.239005 0)
(1.97403 0.174703 0)
(2.13328 0.124451 0)
(2.25109 0.0825471 0)
(2.33111 0.0448938 0)
(2.37238 0.00826928 0)
(2.37457 -0.0306421 0)
(2.33083 -0.0759367 0)
(2.23829 -0.135071 0)
(2.07407 -0.219075 0)
(1.83872 -0.355162 0)
(1.46541 -0.567689 0)
(1.01749 -0.921718 0)
(0.371967 -1.25315 0)
(0.0358907 -1.27778 0)
(0.845204 0.576324 0)
(1.31627 0.399707 0)
(2.06225 0.261956 0)
(2.45483 0.15523 0)
(2.77689 0.0931081 0)
(2.98425 0.056853 0)
(3.13943 0.0350784 0)
(3.24789 0.0218813 0)
(3.3264 0.0130927 0)
(3.37946 0.00683166 0)
(3.41196 0.00176457 0)
(3.42475 -0.00292811 0)
(3.41863 -0.00790313 0)
(3.38959 -0.0142657 0)
(3.33618 -0.0234404 0)
(3.23968 -0.0390928 0)
(3.09746 -0.0680637 0)
(2.82742 -0.122204 0)
(2.45466 -0.231272 0)
(1.63354 -0.388072 0)
(0.924221 -0.587292 0)
)
;

boundaryField
{
    movingWall
    {
        type            fixedValue;
        value           uniform (4 0 0);
    }
    fixedWalls
    {
        type            noSlip;
    }
    frontAndBack
    {
        type            empty;
    }
}


// ************************************************************************* //
