/*--------------------------------*- C++ -*----------------------------------*\
| =========                 |                                                 |
| \\      /  F ield         | OpenFOAM: The Open Source CFD Toolbox           |
|  \\    /   O peration     | Version:  4.1                                   |
|   \\  /    A nd           | Web:      www.OpenFOAM.org                      |
|    \\/     M anipulation  |                                                 |
\*---------------------------------------------------------------------------*/
FoamFile
{
    version     2.0;
    format      ascii;
    class       volVectorField;
    location    "0.0884";
    object      U;
}
// * * * * * * * * * * * * * * * * * * * * * * * * * * * * * * * * * * * * * //

dimensions      [0 1 -1 0 0 0 0];

internalField   nonuniform List<vector> 
441
(
(0.00374474 -0.00483652 0)
(0.00979579 -0.00253979 0)
(-0.000634948 -2.2108e-165 0)
(0.00197148 -3.34417e-266 0)
(-0.00837115 -0.00788627 0)
(-0.00197148 -3.06759e-232 0)
(-1.1442e-202 -5.63519e-203 0)
(-1.40872e-203 -7.39638e-228 0)
(-1.72887e-212 -3.22851e-213 0)
(-0.00617362 9.15614e-266 0)
(-0.075687 0.0246955 0)
(-0.0950525 0.012907 0)
(-0.107005 0.00589812 0)
(-0.0940501 0.000381214 0)
(-0.0772663 -0.00167675 0)
(-0.051316 -0.00304302 0)
(-0.0289937 -0.00217012 0)
(-0.00916117 -0.00159772 0)
(0.00282081 0.000757564 0)
(0.00453578 0.00152643 0)
(0.00457815 0.00300913 0)
(0.00386122 -0.00851908 0)
(-0.000883308 0.00684619 0)
(-0.0274949 0.00852873 0)
(-0.059579 0.0107472 0)
(-0.107513 0.0109414 0)
(-0.152904 -0.00322723 0)
(-0.195703 -0.000147524 0)
(-0.236925 0.00167778 0)
(-0.273527 0.0133175 0)
(-0.310361 0.0673913 0)
(-0.335328 0.0619791 0)
(-0.329424 0.018841 0)
(-0.314147 -0.00751614 0)
(-0.271273 -0.0309134 0)
(-0.220912 -0.0412526 0)
(-0.157569 -0.0465594 0)
(-0.100365 -0.0398133 0)
(-0.0495763 -0.0315016 0)
(-0.015401 -0.0139312 0)
(-0.00106476 -0.00400659 0)
(0.00496198 0.00633139 0)
(0.00765158 -0.00831965 0)
(-0.00518748 0.0284288 0)
(-0.0545537 0.0573003 0)
(-0.121697 0.0774392 0)
(-0.203918 0.0842515 0)
(-0.289077 0.0840047 0)
(-0.380716 0.0810913 0)
(-0.455448 0.0752966 0)
(-0.528759 0.0706179 0)
(-0.564705 0.0664326 0)
(-0.560612 0.0446994 0)
(-0.542124 -0.00700468 0)
(-0.504494 -0.0515613 0)
(-0.438321 -0.0926453 0)
(-0.359435 -0.114402 0)
(-0.264161 -0.123878 0)
(-0.175857 -0.108966 0)
(-0.095186 -0.0870862 0)
(-0.0384955 -0.0466435 0)
(-0.00812678 -0.0192868 0)
(0.00639294 0.00729233 0)
(0.00638718 -0.0113212 0)
(-0.0164344 0.0708343 0)
(-0.0979818 0.12499 0)
(-0.194391 0.16258 0)
(-0.30812 0.178689 0)
(-0.422747 0.17637 0)
(-0.53578 0.167982 0)
(-0.633754 0.150652 0)
(-0.714317 0.125088 0)
(-0.761776 0.0964986 0)
(-0.771153 0.0391217 0)
(-0.746998 -0.0384318 0)
(-0.696266 -0.111498 0)
(-0.60911 -0.177184 0)
(-0.504498 -0.215267 0)
(-0.377817 -0.231708 0)
(-0.258244 -0.208232 0)
(-0.145634 -0.170569 0)
(-0.0645107 -0.1001 0)
(-0.0158714 -0.0502928 0)
(0.0080209 0.00498557 0)
(6.9687e-165 0.0015968 0)
(-0.0249694 0.132336 0)
(-0.142593 0.234452 0)
(-0.263254 0.286086 0)
(-0.406842 0.311459 0)
(-0.546564 0.309758 0)
(-0.685666 0.290724 0)
(-0.803618 0.252686 0)
(-0.901456 0.197869 0)
(-0.95925 0.123995 0)
(-0.976497 0.0303315 0)
(-0.953534 -0.0816258 0)
(-0.894902 -0.188681 0)
(-0.791553 -0.284785 0)
(-0.663465 -0.344609 0)
(-0.503831 -0.371064 0)
(-0.35057 -0.339647 0)
(-0.199149 -0.281981 0)
(-0.0908957 -0.17467 0)
(-0.0184857 -0.0927177 0)
(0.0146331 0.00022841 0)
(-5.64784e-266 0.00585092 0)
(-0.0907198 0.21827 0)
(-0.199335 0.361207 0)
(-0.344268 0.428704 0)
(-0.501509 0.461836 0)
(-0.662659 0.45628 0)
(-0.818306 0.42567 0)
(-0.955661 0.366701 0)
(-1.06884 0.281631 0)
(-1.14408 0.17074 0)
(-1.17871 0.0337102 0)
(-1.16414 -0.121081 0)
(-1.10644 -0.27324 0)
(-0.991958 -0.410303 0)
(-0.84356 -0.50256 0)
(-0.649871 -0.547165 0)
(-0.458934 -0.511866 0)
(-0.262112 -0.433469 0)
(-0.121221 -0.278746 0)
(-0.0209761 -0.159089 0)
(0.0161367 0.00249416 0)
(-0.0234037 0.0955754 0)
(-0.126506 0.328026 0)
(-0.251523 0.488358 0)
(-0.410914 0.58636 0)
(-0.587369 0.62897 0)
(-0.767133 0.625017 0)
(-0.943213 0.582845 0)
(-1.10067 0.502239 0)
(-1.23493 0.386017 0)
(-1.3308 0.233602 0)
(-1.38559 0.0508782 0)
(-1.386 -0.15423 0)
(-1.33614 -0.359858 0)
(-1.21714 -0.548657 0)
(-1.05313 -0.685243 0)
(-0.824563 -0.757664 0)
(-0.593461 -0.725124 0)
(-0.337956 -0.622237 0)
(-0.161709 -0.412504 0)
(-0.00782716 -0.231964 0)
(5.98119e-266 -0.00403417 0)
(-0.0172807 0.158248 0)
(-0.121133 0.447561 0)
(-0.274653 0.64614 0)
(-0.454675 0.765316 0)
(-0.651056 0.818239 0)
(-0.849938 0.812386 0)
(-1.04446 0.759492 0)
(-1.22293 0.658271 0)
(-1.37933 0.512178 0)
(-1.50038 0.320815 0)
(-1.58132 0.0893398 0)
(-1.6047 -0.171636 0)
(-1.57234 -0.441572 0)
(-1.45853 -0.695605 0)
(-1.28684 -0.894471 0)
(-1.0281 -1.01113 0)
(-0.754641 -0.99685 0)
(-0.435429 -0.871717 0)
(-0.209714 -0.604211 0)
(-0.00374125 -0.330441 0)
(2.61905e-24 -1.0614e-24 0)
(-0.015342 0.230273 0)
(-0.124562 0.583486 0)
(-0.29464 0.820208 0)
(-0.489311 0.960827 0)
(-0.701754 1.02283 0)
(-0.915637 1.01673 0)
(-1.12655 0.954855 0)
(-1.32381 0.835886 0)
(-1.50214 0.66317 0)
(-1.64923 0.434926 0)
(-1.75902 0.155794 0)
(-1.81193 -0.163777 0)
(-1.80627 -0.504572 0)
(-1.70987 -0.835523 0)
(-1.54307 -1.11349 0)
(-1.26422 -1.29322 0)
(-0.953432 -1.31413 0)
(-0.565527 -1.17269 0)
(-0.280793 -0.836319 0)
(-0.00502468 -0.449784 0)
(1.06485e-76 -6.54762e-25 0)
(-0.0132815 0.298704 0)
(-0.121632 0.728577 0)
(-0.300561 1.01157 0)
(-0.503273 1.17297 0)
(-0.724894 1.24493 0)
(-0.947738 1.23708 0)
(-1.16836 1.16785 0)
(-1.37905 1.03339 0)
(-1.5744 0.837767 0)
(-1.74518 0.576964 0)
(-1.88384 0.252383 0)
(-1.9707 -0.125578 0)
(-2.00047 -0.542936 0)
(-1.93533 -0.961495 0)
(-1.78984 -1.33925 0)
(-1.50825 -1.6069 0)
(-1.1712 -1.69403 0)
(-0.717265 -1.55497 0)
(-0.365099 -1.15899 0)
(-0.00724502 -0.626873 0)
(2.95907e-164 -2.66212e-77 0)
(-0.0132062 0.361678 0)
(-0.121847 0.868982 0)
(-0.305115 1.19947 0)
(-0.509843 1.38282 0)
(-0.732371 1.46552 0)
(-0.955157 1.4581 0)
(-1.17517 1.385 0)
(-1.38901 1.2404 0)
(-1.59094 1.02887 0)
(-1.77708 0.743513 0)
(-1.93835 0.381939 0)
(-2.05891 -0.0475417 0)
(-2.12915 -0.537868 0)
(-2.10959 -1.0471 0)
(-2.00571 -1.53711 0)
(-1.74814 -1.91578 0)
(-1.40946 -2.10011 0)
(-0.908595 -1.98733 0)
(-0.489997 -1.53447 0)
(-0.0814443 -0.828397 0)
(1.79122e-265 0.0133468 0)
(-0.0136183 0.434638 0)
(-0.117706 1.02266 0)
(-0.297389 1.40103 0)
(-0.49454 1.6009 0)
(-0.706418 1.69136 0)
(-0.9168 1.67982 0)
(-1.12219 1.60234 0)
(-1.32475 1.4487 0)
(-1.518 1.22603 0)
(-1.70536 0.923686 0)
(-1.87694 0.534337 0)
(-2.02383 0.0642552 0)
(-2.1338 -0.491588 0)
(-2.16941 -1.08712 0)
(-2.12671 -1.69942 0)
(-1.92367 -2.20976 0)
(-1.61338 -2.53229 0)
(-1.08562 -2.48902 0)
(-0.587832 -1.98022 0)
(-0.0762106 -1.13687 0)
(0.0533874 -0.0771853 0)
(-0.0167583 0.488609 0)
(-0.120083 1.1498 0)
(-0.297444 1.57339 0)
(-0.482333 1.78854 0)
(-0.672255 1.88597 0)
(-0.856491 1.87131 0)
(-1.02859 1.79203 0)
(-1.20086 1.63472 0)
(-1.3635 1.40928 0)
(-1.53184 1.10201 0)
(-1.69305 0.701231 0)
(-1.852 0.209845 0)
(-1.99149 -0.389528 0)
(-2.0868 -1.05331 0)
(-2.12049 -1.77729 0)
(-2.00605 -2.43079 0)
(-1.77236 -2.93138 0)
(-1.24385 -3.02188 0)
(-0.716156 -2.53746 0)
(0.0433244 -1.4769 0)
(2.46658e-231 -0.0133468 0)
(-0.0211599 0.57446 0)
(-0.120833 1.3064 0)
(-0.288569 1.76719 0)
(-0.450772 1.97684 0)
(-0.604823 2.06874 0)
(-0.747152 2.03659 0)
(-0.867785 1.94879 0)
(-0.989819 1.78381 0)
(-1.09976 1.55791 0)
(-1.22536 1.2534 0)
(-1.35172 0.854576 0)
(-1.49897 0.362849 0)
(-1.64902 -0.256713 0)
(-1.79455 -0.958419 0)
(-1.91252 -1.77898 0)
(-1.92265 -2.56198 0)
(-1.82462 -3.29276 0)
(-1.40225 -3.56345 0)
(-0.892635 -3.26078 0)
(-0.00297361 -1.89099 0)
(5.82464e-202 4.58548e-184 0)
(-0.0370114 0.623721 0)
(-0.150718 1.41116 0)
(-0.319056 1.89966 0)
(-0.45724 2.09942 0)
(-0.558265 2.18095 0)
(-0.640857 2.13103 0)
(-0.68374 2.03466 0)
(-0.731811 1.86569 0)
(-0.760859 1.64556 0)
(-0.818154 1.35494 0)
(-0.879664 0.976404 0)
(-0.990141 0.509903 0)
(-1.12008 -0.0905176 0)
(-1.30233 -0.785593 0)
(-1.48819 -1.64096 0)
(-1.65706 -2.51518 0)
(-1.72983 -3.43505 0)
(-1.52561 -3.96234 0)
(-1.10743 -3.91305 0)
(-0.011459 -2.39996 0)
(1.83419e-183 -1.40816e-184 0)
(-0.0556107 0.770412 0)
(-0.184389 1.59278 0)
(-0.342991 2.08331 0)
(-0.443775 2.21753 0)
(-0.475482 2.25969 0)
(-0.480886 2.16293 0)
(-0.428696 2.0442 0)
(-0.383725 1.86192 0)
(-0.312387 1.64628 0)
(-0.278059 1.3738 0)
(-0.249575 1.02674 0)
(-0.29045 0.605835 0)
(-0.366798 0.0539857 0)
(-0.54171 -0.586727 0)
(-0.767899 -1.42725 0)
(-1.07124 -2.31668 0)
(-1.36817 -3.42878 0)
(-1.49183 -4.19243 0)
(-1.39517 -4.79168 0)
(-0.466045 -3.04567 0)
(4.40098e-254 -4.58548e-184 0)
(-0.121457 0.850028 0)
(-0.31807 1.68549 0)
(-0.468358 2.15413 0)
(-0.520185 2.22233 0)
(-0.433635 2.21748 0)
(-0.327861 2.07941 0)
(-0.137224 1.9386 0)
(0.030185 1.74852 0)
(0.23206 1.54164 0)
(0.379274 1.29475 0)
(0.522006 0.991218 0)
(0.567894 0.633271 0)
(0.576532 0.164568 0)
(0.424101 -0.375032 0)
(0.213103 -1.10341 0)
(-0.247354 -1.90387 0)
(-0.702453 -2.98836 0)
(-1.44858 -3.93415 0)
(-1.6429 -4.84793 0)
(-2.07353 -3.87141 0)
(-2.59293e-264 -0.21605 0)
(-0.177981 1.23169 0)
(-0.415959 1.94408 0)
(-0.501248 2.3079 0)
(-0.452892 2.18302 0)
(-0.212645 2.08119 0)
(0.0368766 1.86605 0)
(0.382296 1.69272 0)
(0.68783 1.49273 0)
(1.02622 1.2994 0)
(1.29458 1.08578 0)
(1.55499 0.837751 0)
(1.70271 0.556437 0)
(1.80878 0.194502 0)
(1.73148 -0.213791 0)
(1.57903 -0.766751 0)
(1.13192 -1.3849 0)
(0.59347 -2.25926 0)
(-0.340702 -3.20809 0)
(-1.07726 -4.25732 0)
(-1.84099 -4.53799 0)
(-0.864198 -2.31724 0)
(-0.40059 1.40981 0)
(-0.72574 1.98011 0)
(-0.518545 2.18531 0)
(-0.236697 1.91669 0)
(0.321425 1.7286 0)
(0.787387 1.47637 0)
(1.34463 1.28957 0)
(1.80342 1.10252 0)
(2.27959 0.936903 0)
(2.65314 0.769022 0)
(3.00974 0.585625 0)
(3.2302 0.388279 0)
(3.41156 0.139292 0)
(3.38102 -0.129694 0)
(3.29847 -0.500405 0)
(2.8674 -0.896569 0)
(2.3916 -1.51688 0)
(1.3667 -2.23415 0)
(0.460258 -3.35337 0)
(-0.705966 -4.00636 0)
(-0.701371 -2.96416 0)
(-0.257456 2.41998 0)
(-0.104846 2.05668 0)
(0.682292 1.86921 0)
(1.33005 1.33477 0)
(2.14788 1.07706 0)
(2.77746 0.835602 0)
(3.43452 0.682622 0)
(3.95055 0.553397 0)
(4.45328 0.450156 0)
(4.83689 0.355393 0)
(5.1918 0.259261 0)
(5.41046 0.160082 0)
(5.59113 0.0404632 0)
(5.57532 -0.087859 0)
(5.52134 -0.263194 0)
(5.15356 -0.456604 0)
(4.76275 -0.790252 0)
(3.83052 -1.24461 0)
(2.86684 -2.25335 0)
(1.09255 -3.3303 0)
(-0.0463446 -3.79882 0)
(1.66704 1.66936 0)
(2.70202 0.974393 0)
(4.54174 0.748221 0)
(5.38059 0.423825 0)
(6.24881 0.286563 0)
(6.76037 0.178284 0)
(7.24176 0.121515 0)
(7.56696 0.0811087 0)
(7.86643 0.0545733 0)
(8.06993 0.0338909 0)
(8.2524 0.0154361 0)
(8.34165 -0.00189448 0)
(8.41368 -0.0230229 0)
(8.35529 -0.0437937 0)
(8.29355 -0.0790348 0)
(8.00593 -0.111875 0)
(7.74986 -0.200881 0)
(6.99573 -0.293285 0)
(6.26229 -0.625062 0)
(4.04579 -0.99725 0)
(2.00514 -1.81782 0)
)
;

boundaryField
{
    movingWall
    {
        type            fixedValue;
        value           uniform (10 0 0);
    }
    fixedWalls
    {
        type            noSlip;
    }
    frontAndBack
    {
        type            empty;
    }
}


// ************************************************************************* //
