/*--------------------------------*- C++ -*----------------------------------*\
| =========                 |                                                 |
| \\      /  F ield         | OpenFOAM: The Open Source CFD Toolbox           |
|  \\    /   O peration     | Version:  4.1                                   |
|   \\  /    A nd           | Web:      www.OpenFOAM.org                      |
|    \\/     M anipulation  |                                                 |
\*---------------------------------------------------------------------------*/
FoamFile
{
    version     2.0;
    format      ascii;
    class       volVectorField;
    location    "0.0608";
    object      U;
}
// * * * * * * * * * * * * * * * * * * * * * * * * * * * * * * * * * * * * * //

dimensions      [0 1 -1 0 0 0 0];

internalField   nonuniform List<vector> 
441
(
(0.00348092 -0.00464633 0)
(0.00897802 -0.00255023 0)
(-0.000637564 -2.18141e-165 0)
(0.00180582 -2.99925e-266 0)
(-0.00855159 -0.00722384 0)
(-0.00180582 -2.84668e-232 0)
(-1.10063e-202 -5.00411e-203 0)
(-1.25087e-203 -6.49946e-228 0)
(-1.58405e-212 -2.80675e-213 0)
(-0.00564007 8.4179e-266 0)
(-0.0686267 0.0225624 0)
(-0.0866705 0.0119304 0)
(-0.0983531 0.00558794 0)
(-0.0876422 0.000586985 0)
(-0.0735524 -0.00131126 0)
(-0.0507135 -0.00267152 0)
(-0.0306781 -0.00200426 0)
(-0.0120701 -0.00166093 0)
(-7.36454e-06 0.000423514 0)
(0.00296643 0.0011229 0)
(0.00420197 0.00269561 0)
(0.00344962 -0.00762056 0)
(-0.00167622 0.00661979 0)
(-0.0270152 0.0079898 0)
(-0.0568817 0.0105582 0)
(-0.100926 0.0100224 0)
(-0.141671 -0.00370701 0)
(-0.179595 -0.000280615 0)
(-0.215636 0.00145607 0)
(-0.247464 0.0120133 0)
(-0.279721 0.0610059 0)
(-0.302032 0.0564991 0)
(-0.297299 0.0181632 0)
(-0.285236 -0.00512367 0)
(-0.248634 -0.0261144 0)
(-0.205469 -0.0357286 0)
(-0.149744 -0.0414376 0)
(-0.098609 -0.0364338 0)
(-0.0517154 -0.0302467 0)
(-0.01875 -0.014963 0)
(-0.00322279 -0.00607158 0)
(0.00445123 0.00469305 0)
(0.00694732 -0.00694581 0)
(-0.0054351 0.0275288 0)
(-0.0517127 0.0538341 0)
(-0.113342 0.0715666 0)
(-0.187692 0.0764711 0)
(-0.264172 0.0748026 0)
(-0.345504 0.0713631 0)
(-0.410565 0.0656396 0)
(-0.47456 0.061629 0)
(-0.505316 0.0588241 0)
(-0.501352 0.0410322 0)
(-0.485667 -0.00371586 0)
(-0.454149 -0.0424114 0)
(-0.397389 -0.079011 0)
(-0.329409 -0.0992567 0)
(-0.245587 -0.109819 0)
(-0.166944 -0.0988755 0)
(-0.0932438 -0.0820272 0)
(-0.0399513 -0.0469816 0)
(-0.00973572 -0.0225083 0)
(0.00584135 0.00434895 0)
(0.00605765 -0.00940126 0)
(-0.0147188 0.0669483 0)
(-0.089636 0.115921 0)
(-0.177025 0.148796 0)
(-0.279218 0.161206 0)
(-0.381249 0.156712 0)
(-0.480986 0.147677 0)
(-0.566573 0.131337 0)
(-0.636844 0.108992 0)
(-0.678116 0.0852345 0)
(-0.686618 0.0366034 0)
(-0.666202 -0.0301255 0)
(-0.623364 -0.0935313 0)
(-0.548151 -0.151987 0)
(-0.457499 -0.187339 0)
(-0.34578 -0.205379 0)
(-0.239427 -0.188212 0)
(-0.13726 -0.15888 0)
(-0.0623617 -0.0976148 0)
(-0.0159853 -0.0532378 0)
(0.00760382 0.00117546 0)
(6.48728e-165 0.00151441 0)
(-0.0219822 0.122787 0)
(-0.12874 0.215381 0)
(-0.237039 0.25979 0)
(-0.365319 0.279669 0)
(-0.489195 0.274846 0)
(-0.611899 0.255489 0)
(-0.715236 0.220488 0)
(-0.801143 0.172527 0)
(-0.852013 0.109266 0)
(-0.868049 0.0295371 0)
(-0.84915 -0.0667285 0)
(-0.799581 -0.159699 0)
(-0.709972 -0.245212 0)
(-0.598367 -0.300541 0)
(-0.456968 -0.328746 0)
(-0.320539 -0.305916 0)
(-0.183473 -0.260186 0)
(-0.084655 -0.166565 0)
(-0.0170978 -0.0933282 0)
(0.0141893 -0.00322742 0)
(-5.27244e-266 0.00537174 0)
(-0.082369 0.20021 0)
(-0.179125 0.329119 0)
(-0.308606 0.387152 0)
(-0.448356 0.413273 0)
(-0.591152 0.404344 0)
(-0.72866 0.374332 0)
(-0.84986 0.320831 0)
(-0.950205 0.246601 0)
(-1.01758 0.151376 0)
(-1.05004 0.0340273 0)
(-1.03924 -0.0995928 0)
(-0.990746 -0.232452 0)
(-0.890916 -0.354772 0)
(-0.760612 -0.439868 0)
(-0.587866 -0.485607 0)
(-0.417063 -0.460647 0)
(-0.238629 -0.397849 0)
(-0.110488 -0.262045 0)
(-0.0175552 -0.15527 0)
(0.016106 -0.000486996 0)
(-0.021487 0.0870081 0)
(-0.114487 0.298488 0)
(-0.225991 0.442005 0)
(-0.368344 0.527286 0)
(-0.525654 0.561473 0)
(-0.685677 0.553781 0)
(-0.842431 0.51346 0)
(-0.98289 0.441162 0)
(-1.10358 0.340055 0)
(-1.19094 0.20886 0)
(-1.24275 0.0516796 0)
(-1.24621 -0.126327 0)
(-1.20496 -0.307023 0)
(-1.10041 -0.476243 0)
(-0.954907 -0.602117 0)
(-0.74891 -0.674084 0)
(-0.540508 -0.652878 0)
(-0.307469 -0.569124 0)
(-0.147418 -0.384437 0)
(-0.00485026 -0.221728 0)
(5.84944e-266 -0.0040265 0)
(-0.015755 0.143718 0)
(-0.109282 0.405846 0)
(-0.247423 0.583567 0)
(-0.409371 0.687609 0)
(-0.585956 0.730892 0)
(-0.764805 0.721446 0)
(-0.9401 0.671888 0)
(-1.10175 0.581875 0)
(-1.24475 0.455066 0)
(-1.35713 0.289991 0)
(-1.43445 0.0897002 0)
(-1.45983 -0.138454 0)
(-1.43458 -0.377746 0)
(-1.33367 -0.606992 0)
(-1.17911 -0.790665 0)
(-0.942719 -0.904025 0)
(-0.692804 -0.900421 0)
(-0.399309 -0.797111 0)
(-0.192658 -0.560093 0)
(-0.00310077 -0.312059 0)
(2.45337e-24 -1.15479e-24 0)
(-0.0139793 0.208632 0)
(-0.113258 0.528363 0)
(-0.268261 0.740581 0)
(-0.445587 0.864055 0)
(-0.639274 0.915685 0)
(-0.834522 0.906401 0)
(-1.0278 0.84956 0)
(-1.20986 0.744712 0)
(-1.37617 0.59521 0)
(-1.51542 0.397915 0)
(-1.62156 0.154945 0)
(-1.67546 -0.126742 0)
(-1.67481 -0.431784 0)
(-1.5883 -0.732989 0)
(-1.43514 -0.990904 0)
(-1.17561 -1.16345 0)
(-0.886465 -1.19265 0)
(-0.524705 -1.07436 0)
(-0.260711 -0.773126 0)
(-0.00466206 -0.421934 0)
(1.00478e-76 -6.13342e-25 0)
(-0.0122902 0.271582 0)
(-0.112502 0.661819 0)
(-0.278538 0.916681 0)
(-0.466492 1.05924 0)
(-0.672288 1.12031 0)
(-0.879722 1.10996 0)
(-1.08613 1.04749 0)
(-1.28494 0.929836 0)
(-1.4712 0.760793 0)
(-1.63621 0.534641 0)
(-1.7721 0.250008 0)
(-1.85928 -0.0864206 0)
(-1.89165 -0.46431 0)
(-1.83226 -0.849283 0)
(-1.69489 -1.20256 0)
(-1.42665 -1.45854 0)
(-1.10591 -1.54981 0)
(-0.675149 -1.43291 0)
(-0.342921 -1.0746 0)
(-0.00649748 -0.587653 0)
(2.8035e-164 -2.51195e-77 0)
(-0.0126135 0.330103 0)
(-0.115969 0.792894 0)
(-0.29044 1.09235 0)
(-0.484941 1.2556 0)
(-0.696579 1.32728 0)
(-0.909103 1.31826 0)
(-1.12015 1.2537 0)
(-1.32714 1.1283 0)
(-1.52442 0.946047 0)
(-1.70819 0.697933 0)
(-1.8686 0.378539 0)
(-1.98945 -0.00766066 0)
(-2.06003 -0.456903 0)
(-2.0415 -0.930721 0)
(-1.93882 -1.39325 0)
(-1.68593 -1.75617 0)
(-1.35477 -1.9393 0)
(-0.869412 -1.84534 0)
(-0.467004 -1.43034 0)
(-0.0764319 -0.777568 0)
(1.74188e-265 0.0129262 0)
(-0.0135538 0.401103 0)
(-0.116309 0.941816 0)
(-0.29292 1.28717 0)
(-0.486074 1.46609 0)
(-0.693703 1.54564 0)
(-0.900538 1.53348 0)
(-1.10364 1.46615 0)
(-1.3056 1.3336 0)
(-1.49968 1.14194 0)
(-1.6889 0.878012 0)
(-1.86226 0.531223 0)
(-2.01003 0.103898 0)
(-2.11863 -0.411844 0)
(-2.15078 -0.972828 0)
(-2.10215 -1.55717 0)
(-1.89404 -2.04917 0)
(-1.58038 -2.36529 0)
(-1.05764 -2.33477 0)
(-0.569432 -1.86185 0)
(-0.0739224 -1.07403 0)
(0.0517047 -0.0721711 0)
(-0.0172721 0.455613 0)
(-0.123829 1.06933 0)
(-0.304877 1.45922 0)
(-0.493126 1.65308 0)
(-0.686563 1.73992 0)
(-0.874901 1.7256 0)
(-1.05208 1.65776 0)
(-1.23035 1.52273 0)
(-1.39941 1.32899 0)
(-1.57379 1.05989 0)
(-1.73942 0.700267 0)
(-1.90005 0.249011 0)
(-2.03707 -0.313692 0)
(-2.12545 -0.946542 0)
(-2.14717 -1.64485 0)
(-2.01867 -2.27981 0)
(-1.77004 -2.76931 0)
(-1.23435 -2.86505 0)
(-0.705088 -2.40757 0)
(0.0399506 -1.40561 0)
(2.38634e-231 -0.0129262 0)
(-0.0222693 0.545123 0)
(-0.129889 1.23248 0)
(-0.308357 1.66032 0)
(-0.481609 1.84887 0)
(-0.647179 1.93054 0)
(-0.801241 1.89932 0)
(-0.933942 1.82351 0)
(-1.06782 1.68093 0)
(-1.18869 1.48604 0)
(-1.32327 1.21791 0)
(-1.45562 0.857279 0)
(-1.60477 0.401416 0)
(-1.75151 -0.186706 0)
(-1.88782 -0.863306 0)
(-1.99006 -1.66322 0)
(-1.97931 -2.43067 0)
(-1.85712 -3.14858 0)
(-1.4139 -3.41786 0)
(-0.890533 -3.1302 0)
(-0.00336574 -1.81599 0)
(5.74491e-202 4.55121e-184 0)
(-0.0386038 0.600754 0)
(-0.164294 1.34935 0)
(-0.349628 1.80711 0)
(-0.50582 1.98642 0)
(-0.625592 2.05798 0)
(-0.726533 2.00897 0)
(-0.787152 1.9241 0)
(-0.851217 1.77626 0)
(-0.893776 1.58494 0)
(-0.960986 1.32751 0)
(-1.02822 0.98303 0)
(-1.13949 0.547364 0)
(-1.26494 -0.0275074 0)
(-1.43673 -0.704036 0)
(-1.60573 -1.54547 0)
(-1.75111 -2.40957 0)
(-1.795 -3.31864 0)
(-1.56072 -3.84046 0)
(-1.11726 -3.79503 0)
(-0.011122 -2.3261 0)
(1.82048e-183 -5.74448e-185 0)
(-0.0574672 0.756034 0)
(-0.200723 1.54782 0)
(-0.380573 2.01129 0)
(-0.504384 2.12623 0)
(-0.560105 2.15843 0)
(-0.588492 2.06163 0)
(-0.557619 1.95249 0)
(-0.530681 1.78837 0)
(-0.473337 1.59762 0)
(-0.447903 1.3537 0)
(-0.423107 1.03569 0)
(-0.462296 0.640449 0)
(-0.532143 0.108816 0)
(-0.695601 -0.51912 0)
(-0.905589 -1.35198 0)
(-1.18653 -2.23786 0)
(-1.4555 -3.34386 0)
(-1.54519 -4.10257 0)
(-1.41721 -4.69722 0)
(-0.462809 -2.98029 0)
(4.38537e-254 -4.55121e-184 0)
(-0.12314 0.844984 0)
(-0.333988 1.65933 0)
(-0.50642 2.10562 0)
(-0.582945 2.15628 0)
(-0.522589 2.14137 0)
(-0.441661 2.00158 0)
(-0.273641 1.86729 0)
(-0.124569 1.69101 0)
(0.0639865 1.50374 0)
(0.203988 1.27971 0)
(0.345402 0.999629 0)
(0.395724 0.662354 0)
(0.41317 0.209478 0)
(0.273556 -0.321187 0)
(0.0777782 -1.04648 0)
(-0.362991 -1.8485 0)
(-0.795528 -2.93385 0)
(-1.50978 -3.87774 0)
(-1.67446 -4.78774 0)
(-2.06725 -3.81967 0)
(-2.56578e-264 -0.214596 0)
(-0.178821 1.23461 0)
(-0.427129 1.93543 0)
(-0.530877 2.28257 0)
(-0.50453 2.14266 0)
(-0.28874 2.03099 0)
(-0.0629168 1.81232 0)
(0.260636 1.642 0)
(0.548456 1.45087 0)
(0.874149 1.27119 0)
(1.13607 1.07409 0)
(1.3962 0.843413 0)
(1.5496 0.577653 0)
(1.66586 0.227615 0)
(1.60222 -0.174211 0)
(1.4648 -0.726165 0)
(1.0343 -1.34806 0)
(0.512834 -2.22802 0)
(-0.399605 -3.17965 0)
(-1.11248 -4.22916 0)
(-1.84739 -4.50689 0)
(-0.858383 -2.30828 0)
(-0.400086 1.41658 0)
(-0.728471 1.9827 0)
(-0.531707 2.17721 0)
(-0.265004 1.89727 0)
(0.274019 1.70078 0)
(0.719974 1.44433 0)
(1.25757 1.25793 0)
(1.69958 1.07549 0)
(2.16305 0.918039 0)
(2.52952 0.760565 0)
(2.88495 0.588414 0)
(3.11025 0.401333 0)
(3.30121 0.160263 0)
(3.28397 -0.104466 0)
(3.21597 -0.474863 0)
(2.79992 -0.87438 0)
(2.33718 -1.50034 0)
(1.32574 -2.22243 0)
(0.4323 -3.34441 0)
(-0.717642 -3.99618 0)
(-0.699557 -2.96231 0)
(-0.256064 2.42504 0)
(-0.100385 2.06171 0)
(0.685156 1.86963 0)
(1.32607 1.32908 0)
(2.1321 1.06637 0)
(2.74725 0.821999 0)
(3.38875 0.668601 0)
(3.89056 0.541215 0)
(4.38188 0.441705 0)
(4.75857 0.351846 0)
(5.1116 0.261023 0)
(5.33373 0.166634 0)
(5.52222 0.0505185 0)
(5.51759 -0.0761617 0)
(5.47592 -0.251989 0)
(5.12029 -0.447604 0)
(4.7392 -0.78492 0)
(3.81459 -1.24229 0)
(2.85624 -2.25349 0)
(1.08764 -3.32913 0)
(-0.0452954 -3.79963 0)
(1.66818 1.67047 0)
(2.70684 0.975637 0)
(4.54889 0.748876 0)
(5.38661 0.423489 0)
(6.25023 0.285377 0)
(6.75489 0.17662 0)
(7.22829 0.119837 0)
(7.54604 0.0798009 0)
(7.83965 0.0539415 0)
(8.03996 0.034063 0)
(8.22218 0.0164039 0)
(8.31426 -0.000330934 0)
(8.39135 -0.0211571 0)
(8.33966 -0.0420223 0)
(8.28451 -0.0777075 0)
(8.00282 -0.111262 0)
(7.75034 -0.201107 0)
(6.99793 -0.294151 0)
(6.2641 -0.626393 0)
(4.04672 -0.998457 0)
(2.0066 -1.81935 0)
)
;

boundaryField
{
    movingWall
    {
        type            fixedValue;
        value           uniform (10 0 0);
    }
    fixedWalls
    {
        type            noSlip;
    }
    frontAndBack
    {
        type            empty;
    }
}


// ************************************************************************* //
