/*--------------------------------*- C++ -*----------------------------------*\
| =========                 |                                                 |
| \\      /  F ield         | OpenFOAM: The Open Source CFD Toolbox           |
|  \\    /   O peration     | Version:  4.1                                   |
|   \\  /    A nd           | Web:      www.OpenFOAM.org                      |
|    \\/     M anipulation  |                                                 |
\*---------------------------------------------------------------------------*/
FoamFile
{
    version     2.0;
    format      ascii;
    class       volVectorField;
    location    "0.0798";
    object      U;
}
// * * * * * * * * * * * * * * * * * * * * * * * * * * * * * * * * * * * * * //

dimensions      [0 1 -1 0 0 0 0];

internalField   nonuniform List<vector> 
441
(
(0.00367021 -0.00478065 0)
(0.00957223 -0.0025396 0)
(-0.000634901 -2.20108e-165 0)
(0.00192902 -3.25738e-266 0)
(-0.00838786 -0.00771653 0)
(-0.00192902 -3.01092e-232 0)
(-1.13121e-202 -5.48522e-203 0)
(-1.37121e-203 -7.19069e-228 0)
(-1.69394e-212 -3.13513e-213 0)
(-0.00604748 8.97807e-266 0)
(-0.0740626 0.0241912 0)
(-0.0931563 0.0126762 0)
(-0.105085 0.00582489 0)
(-0.0926736 0.000425429 0)
(-0.0765168 -0.00159827 0)
(-0.0512683 -0.00296595 0)
(-0.0294462 -0.00214043 0)
(-0.00986701 -0.00161973 0)
(0.00215672 0.00067649 0)
(0.00417194 0.00143179 0)
(0.00449398 0.00293758 0)
(0.00374963 -0.00827518 0)
(-0.00107822 0.00677737 0)
(-0.0273141 0.00837362 0)
(-0.0587812 0.0106712 0)
(-0.105683 0.0107058 0)
(-0.149899 -0.00332486 0)
(-0.191512 -0.000173754 0)
(-0.231526 0.00162655 0)
(-0.267069 0.0130171 0)
(-0.302934 0.065929 0)
(-0.327419 0.06077 0)
(-0.321935 0.0187636 0)
(-0.307528 -0.00689618 0)
(-0.266186 -0.0297717 0)
(-0.217519 -0.039982 0)
(-0.155918 -0.0454136 0)
(-0.100071 -0.0390816 0)
(-0.0501315 -0.0312583 0)
(-0.0161957 -0.0141981 0)
(-0.00156746 -0.00449645 0)
(0.00484712 0.00595353 0)
(0.00746321 -0.00796202 0)
(-0.00522696 0.0281368 0)
(-0.0537147 0.0563151 0)
(-0.119368 0.0758492 0)
(-0.199536 0.0822377 0)
(-0.2825 0.0817248 0)
(-0.371638 0.0787756 0)
(-0.444139 0.0730972 0)
(-0.515405 0.0686715 0)
(-0.550359 0.0648894 0)
(-0.546547 0.0441207 0)
(-0.528945 -0.00597448 0)
(-0.492921 -0.0492377 0)
(-0.429041 -0.0893856 0)
(-0.352714 -0.110895 0)
(-0.260057 -0.120702 0)
(-0.173923 -0.106739 0)
(-0.0947959 -0.0860165 0)
(-0.0388435 -0.0467819 0)
(-0.00849582 -0.0200572 0)
(0.006271 0.00661221 0)
(0.00629158 -0.0108309 0)
(-0.0159742 0.0697077 0)
(-0.0957196 0.122486 0)
(-0.189749 0.158908 0)
(-0.300521 0.174204 0)
(-0.412026 0.171526 0)
(-0.521893 0.16318 0)
(-0.617058 0.1463 0)
(-0.695434 0.121686 0)
(-0.741758 0.0943685 0)
(-0.751269 0.0390881 0)
(-0.728284 -0.0359993 0)
(-0.679606 -0.106967 0)
(-0.595329 -0.171172 0)
(-0.493961 -0.208808 0)
(-0.370671 -0.225754 0)
(-0.254054 -0.203784 0)
(-0.143762 -0.16803 0)
(-0.064017 -0.0996153 0)
(-0.015889 -0.051004 0)
(0.00793182 0.0041144 0)
(6.83714e-165 0.0015729 0)
(-0.0241886 0.129693 0)
(-0.138935 0.229296 0)
(-0.256409 0.279193 0)
(-0.396149 0.303398 0)
(-0.532027 0.301236 0)
(-0.667306 0.282477 0)
(-0.782029 0.245523 0)
(-0.877408 0.192629 0)
(-0.934002 0.121435 0)
(-0.951386 0.0310592 0)
(-0.929713 -0.0773787 0)
(-0.873411 -0.181425 0)
(-0.773323 -0.275395 0)
(-0.649004 -0.334467 0)
(-0.493443 -0.361525 0)
(-0.343901 -0.332151 0)
(-0.195639 -0.277201 0)
(-0.0894716 -0.172928 0)
(-0.0181576 -0.0928961 0)
(0.014541 -0.000554737 0)
(-5.5431e-266 0.0057219 0)
(-0.0885121 0.213399 0)
(-0.194103 0.352696 0)
(-0.335143 0.417972 0)
(-0.488108 0.44968 0)
(-0.644917 0.44376 0)
(-0.796458 0.413813 0)
(-0.930351 0.356659 0)
(-1.04099 0.274553 0)
(-1.1149 0.167554 0)
(-1.14951 0.0351004 0)
(-1.13618 -0.115016 0)
(-1.08082 -0.263112 0)
(-0.969752 -0.397236 0)
(-0.825406 -0.488248 0)
(-0.636307 -0.533384 0)
(-0.449746 -0.500535 0)
(-0.256919 -0.425654 0)
(-0.118815 -0.275094 0)
(-0.0202041 -0.158267 0)
(0.0161336 0.00183361 0)
(-0.0228876 0.0933013 0)
(-0.123384 0.320213 0)
(-0.245037 0.47629 0)
(-0.400249 0.571342 0)
(-0.572145 0.612326 0)
(-0.747372 0.608089 0)
(-0.919208 0.567062 0)
(-1.07315 0.489095 0)
(-1.20482 0.376928 0)
(-1.2993 0.229701 0)
(-1.35392 0.0528241 0)
(-1.35541 -0.146396 0)
(-1.30771 -0.346853 0)
(-1.192 -0.531785 0)
(-1.03203 -0.666453 0)
(-0.808299 -0.739119 0)
(-0.582035 -0.709258 0)
(-0.33133 -0.610637 0)
(-0.158569 -0.406363 0)
(-0.00716642 -0.229716 0)
(5.9529e-266 -0.0040334 0)
(-0.0168829 0.154449 0)
(-0.118148 0.436711 0)
(-0.267908 0.630103 0)
(-0.443598 0.745853 0)
(-0.635384 0.797013 0)
(-0.829794 0.791099 0)
(-1.02024 0.739885 0)
(-1.19535 0.642123 0)
(-1.34929 0.501119 0)
(-1.46897 0.316085 0)
(-1.54961 0.0916321 0)
(-1.5738 -0.162331 0)
(-1.5432 -0.426004 0)
(-1.43224 -0.675183 0)
(-1.26418 -0.871268 0)
(-1.01011 -0.987612 0)
(-0.741548 -0.97587 0)
(-0.427728 -0.855547 0)
(-0.206041 -0.594614 0)
(-0.00360053 -0.326421 0)
(2.58334e-24 -1.08002e-24 0)
(-0.0150005 0.224695 0)
(-0.1218 0.569359 0)
(-0.288279 0.800091 0)
(-0.4789 0.936925 0)
(-0.687112 0.997161 0)
(-0.89697 0.991284 0)
(-1.10428 0.931665 0)
(-1.29864 0.816952 0)
(-1.47487 0.650267 0)
(-1.6208 0.429359 0)
(-1.73025 0.158238 0)
(-1.78369 -0.153374 0)
(-1.77925 -0.486971 0)
(-1.68495 -0.812154 0)
(-1.52092 -1.08641 0)
(-1.24596 -1.26505 0)
(-0.939544 -1.28798 0)
(-0.556995 -1.15158 0)
(-0.276553 -0.822693 0)
(-0.00494755 -0.443743 0)
(1.05212e-76 -6.45834e-25 0)
(-0.013046 0.291817 0)
(-0.119487 0.7117 0)
(-0.295429 0.987912 0)
(-0.494802 1.14524 0)
(-0.712972 1.21547 0)
(-0.932621 1.20818 0)
(-1.15048 1.14175 0)
(-1.35905 1.01226 0)
(-1.55294 0.823436 0)
(-1.72297 0.570724 0)
(-1.86143 0.25485 0)
(-1.94859 -0.114532 0)
(-1.97898 -0.52407 0)
(-1.91496 -0.936194 0)
(-1.77097 -1.3094 0)
(-1.49191 -1.57506 0)
(-1.15798 -1.66332 0)
(-0.708654 -1.52903 0)
(-0.360504 -1.14098 0)
(-0.00707921 -0.618453 0)
(2.92648e-164 -2.6303e-77 0)
(-0.0130759 0.353765 0)
(-0.120545 0.849976 0)
(-0.301874 1.17306 0)
(-0.504399 1.35216 0)
(-0.72468 1.43323 0)
(-0.945481 1.42672 0)
(-1.16392 1.35694 0)
(-1.37671 1.2179 0)
(-1.57809 1.01376 0)
(-1.76413 0.736974 0)
(-1.92549 0.384453 0)
(-2.04626 -0.0362365 0)
(-2.11656 -0.518563 0)
(-2.09706 -1.02112 0)
(-1.99317 -1.50605 0)
(-1.73624 -1.88192 0)
(-1.39877 -2.06626 0)
(-0.900789 -1.95749 0)
(-0.48533 -1.51249 0)
(-0.0803644 -0.817592 0)
(1.78208e-265 0.0132632 0)
(-0.013618 0.42633 0)
(-0.117505 1.00267 0)
(-0.29664 1.37324 0)
(-0.493075 1.56873 0)
(-0.704243 1.65768 0)
(-0.914133 1.64735 0)
(-1.11936 1.57361 0)
(-1.32214 1.42596 0)
(-1.5159 1.21101 0)
(-1.70391 0.917408 0)
(-1.87602 0.537069 0)
(-2.02313 0.0755282 0)
(-2.13273 -0.472657 0)
(-2.16742 -1.0618 0)
(-2.12321 -1.66901 0)
(-1.91878 -2.17608 0)
(-1.60742 -2.49754 0)
(-1.08033 -2.45696 0)
(-0.584232 -1.95551 0)
(-0.0757585 -1.12366 0)
(0.053053 -0.0760929 0)
(-0.0168931 0.480502 0)
(-0.121096 1.13005 0)
(-0.299499 1.54572 0)
(-0.485367 1.75645 0)
(-0.676315 1.85248 0)
(-0.861695 1.83927 0)
(-1.03513 1.764 0)
(-1.20889 1.61291 0)
(-1.37304 1.39529 0)
(-1.54273 1.09661 0)
(-1.70487 0.704447 0)
(-1.86409 0.220952 0)
(-2.00292 -0.37157 0)
(-2.09658 -1.0298 0)
(-2.12755 -1.74922 0)
(-2.00991 -2.39944 0)
(-1.77281 -2.89802 0)
(-1.24247 -2.98963 0)
(-0.714156 -2.51062 0)
(0.0425755 -1.46208 0)
(2.4501e-231 -0.0132632 0)
(-0.0214289 0.567283 0)
(-0.123066 1.28833 0)
(-0.293463 1.7414 0)
(-0.458377 1.94666 0)
(-0.615199 2.03721 0)
(-0.760257 2.00658 0)
(-0.883594 1.92284 0)
(-1.00817 1.76402 0)
(-1.12036 1.5457 0)
(-1.24771 1.24933 0)
(-1.37514 0.858446 0)
(-1.52258 0.373678 0)
(-1.67175 -0.24015 0)
(-1.81517 -0.937531 0)
(-1.92971 -1.7546 0)
(-1.93532 -2.53496 0)
(-1.83211 -3.26339 0)
(-1.40518 -3.53383 0)
(-0.892495 -3.23409 0)
(-0.00306141 -1.87556 0)
(5.80973e-202 4.57942e-184 0)
(-0.037387 0.618083 0)
(-0.153975 1.39603 0)
(-0.326396 1.87732 0)
(-0.46884 2.07279 0)
(-0.574191 2.15292 0)
(-0.660859 2.10439 0)
(-0.707516 2.01184 0)
(-0.758814 1.84862 0)
(-0.790432 1.63551 0)
(-0.849457 1.3523 0)
(-0.911805 0.980827 0)
(-1.02212 0.52026 0)
(-1.15087 -0.0756085 0)
(-1.33077 -0.767673 0)
(-1.51303 -1.62091 0)
(-1.67697 -2.49359 0)
(-1.74372 -3.41156 0)
(-1.5332 -3.9378 0)
(-1.1097 -3.88918 0)
(-0.011396 -2.38491 0)
(1.83177e-183 -1.23255e-184 0)
(-0.0560451 0.766817 0)
(-0.188275 1.58167 0)
(-0.351929 2.06583 0)
(-0.458095 2.19592 0)
(-0.495263 2.23652 0)
(-0.505684 2.14074 0)
(-0.457923 2.02522 0)
(-0.416457 1.84789 0)
(-0.347613 1.63832 0)
(-0.314625 1.37225 0)
(-0.286401 1.03123 0)
(-0.32649 0.615269 0)
(-0.401173 0.0669683 0)
(-0.573519 -0.571824 0)
(-0.796281 -1.41143 0)
(-1.095 -2.30062 0)
(-1.38621 -3.41178 0)
(-1.50291 -4.17451 0)
(-1.39985 -4.77278 0)
(-0.465411 -3.03248 0)
(4.39849e-254 -4.57942e-184 0)
(-0.121854 0.848647 0)
(-0.321881 1.67885 0)
(-0.477447 2.14217 0)
(-0.535054 2.20652 0)
(-0.454461 2.1999 0)
(-0.354101 2.0622 0)
(-0.168135 1.92369 0)
(-0.00423039 1.73743 0)
(0.195383 1.53538 0)
(0.341709 1.29367 0)
(0.484776 0.995073 0)
(0.532105 0.641144 0)
(0.542946 0.175225 0)
(0.393393 -0.363108 0)
(0.185626 -1.09139 0)
(-0.270789 -1.89259 0)
(-0.721335 -2.97751 0)
(-1.46104 -3.92301 0)
(-1.64939 -4.83602 0)
(-2.07232 -3.86107 0)
(-2.58741e-264 -0.215757 0)
(-0.178189 1.23223 0)
(-0.418708 1.94165 0)
(-0.508468 2.30144 0)
(-0.465332 2.17316 0)
(-0.230714 2.0694 0)
(0.013579 1.85397 0)
(0.354426 1.68192 0)
(0.656537 1.48447 0)
(0.992764 1.29457 0)
(1.2604 1.08475 0)
(1.52138 0.840435 0)
(1.67084 0.562198 0)
(1.77945 0.20239 0)
(1.70525 -0.204987 0)
(1.55603 -0.758148 0)
(1.11236 -1.37738 0)
(0.577326 -2.25308 0)
(-0.352505 -3.20254 0)
(-1.08435 -4.25183 0)
(-1.84231 -4.53183 0)
(-0.863029 -2.3155 0)
(-0.400486 1.41134 0)
(-0.726525 1.98047 0)
(-0.521965 2.18303 0)
(-0.243819 1.91178 0)
(0.309791 1.72191 0)
(0.771216 1.469 0)
(1.32422 1.28267 0)
(1.77963 1.09702 0)
(2.25349 0.933506 0)
(2.62607 0.768068 0)
(2.98299 0.587117 0)
(3.205 0.391841 0)
(3.3888 0.144298 0)
(3.36132 -0.124074 0)
(3.28194 -0.49499 0)
(2.854 -0.892053 0)
(2.38084 -1.51364 0)
(1.35862 -2.23192 0)
(0.454725 -3.35169 0)
(-0.70828 -4.00438 0)
(-0.700996 -2.96382 0)
(-0.257129 2.42118 0)
(-0.103873 2.05778 0)
(0.682725 1.86913 0)
(1.32869 1.33323 0)
(2.14361 1.07441 0)
(2.7698 0.832403 0)
(3.42337 0.679495 0)
(3.9364 0.550857 0)
(4.43691 0.448588 0)
(4.8194 0.354986 0)
(5.17435 0.260016 0)
(5.39417 0.161808 0)
(5.57684 0.0428235 0)
(5.56361 -0.0852855 0)
(5.51232 -0.260849 0)
(5.14707 -0.454807 0)
(4.75821 -0.789254 0)
(3.82746 -1.24422 0)
(2.86479 -2.25343 0)
(1.09159 -3.33009 0)
(-0.0461258 -3.799 0)
(1.66732 1.66964 0)
(2.70316 0.974682 0)
(4.54335 0.748352 0)
(5.38182 0.423715 0)
(6.24885 0.286261 0)
(6.75874 0.177889 0)
(7.23829 0.121141 0)
(7.56187 0.0808424 0)
(7.86018 0.0544753 0)
(8.06317 0.0339765 0)
(8.24581 0.0156888 0)
(8.33587 -0.00152997 0)
(8.40913 -0.022617 0)
(8.35224 -0.0434301 0)
(8.2919 -0.0787818 0)
(8.00547 -0.111778 0)
(7.75008 -0.200955 0)
(6.99624 -0.293479 0)
(6.26268 -0.625339 0)
(4.04598 -0.997492 0)
(2.00543 -1.81813 0)
)
;

boundaryField
{
    movingWall
    {
        type            fixedValue;
        value           uniform (10 0 0);
    }
    fixedWalls
    {
        type            noSlip;
    }
    frontAndBack
    {
        type            empty;
    }
}


// ************************************************************************* //
