/*--------------------------------*- C++ -*----------------------------------*\
| =========                 |                                                 |
| \\      /  F ield         | OpenFOAM: The Open Source CFD Toolbox           |
|  \\    /   O peration     | Version:  4.1                                   |
|   \\  /    A nd           | Web:      www.OpenFOAM.org                      |
|    \\/     M anipulation  |                                                 |
\*---------------------------------------------------------------------------*/
FoamFile
{
    version     2.0;
    format      ascii;
    class       volVectorField;
    location    "0.0739";
    object      U;
}
// * * * * * * * * * * * * * * * * * * * * * * * * * * * * * * * * * * * * * //

dimensions      [0 1 -1 0 0 0 0];

internalField   nonuniform List<vector> 
441
(
(0.00361362 -0.00473888 0)
(0.00939908 -0.00254054 0)
(-0.000635137 -2.1941e-165 0)
(0.00189469 -3.1865e-266 0)
(-0.00841557 -0.00757927 0)
(-0.00189469 -2.9651e-232 0)
(-1.12155e-202 -5.35822e-203 0)
(-1.33944e-203 -7.01275e-228 0)
(-1.66462e-212 -3.05262e-213 0)
(-0.00594042 8.82872e-266 0)
(-0.072661 0.0237633 0)
(-0.0915044 0.0124805 0)
(-0.103395 0.00576299 0)
(-0.0914384 0.000465299 0)
(-0.0758187 -0.00152777 0)
(-0.0511817 -0.00289549 0)
(-0.0298028 -0.00211076 0)
(-0.0104555 -0.00163511 0)
(0.00159277 0.000608808 0)
(0.00386055 0.00135122 0)
(0.00442067 0.00287576 0)
(0.00366292 -0.00808581 0)
(-0.00123837 0.00672689 0)
(-0.0271953 0.00825709 0)
(-0.0581886 0.0106233 0)
(-0.104275 0.0105153 0)
(-0.147533 -0.00341603 0)
(-0.188157 -0.00019882 0)
(-0.227134 0.0015824 0)
(-0.261742 0.012758 0)
(-0.296727 0.0646638 0)
(-0.32073 0.0597009 0)
(-0.315532 0.0186581 0)
(-0.301811 -0.00639536 0)
(-0.261747 -0.0288056 0)
(-0.214519 -0.0388869 0)
(-0.154423 -0.0444111 0)
(-0.0997625 -0.0384293 0)
(-0.0505763 -0.0310267 0)
(-0.0168656 -0.0144126 0)
(-0.00199599 -0.00491012 0)
(0.00474749 0.00562944 0)
(0.00731545 -0.00767741 0)
(-0.00527008 0.0279306 0)
(-0.0530925 0.0555679 0)
(-0.117582 0.0746076 0)
(-0.196112 0.0806206 0)
(-0.277288 0.0798432 0)
(-0.364336 0.0768163 0)
(-0.434915 0.0711853 0)
(-0.504364 0.0669274 0)
(-0.538358 0.0634512 0)
(-0.534662 0.0434876 0)
(-0.517704 -0.00522223 0)
(-0.482967 -0.0473422 0)
(-0.420997 -0.0866372 0)
(-0.346848 -0.107887 0)
(-0.256449 -0.117941 0)
(-0.172205 -0.104777 0)
(-0.0944318 -0.0850507 0)
(-0.0391343 -0.0468702 0)
(-0.00881244 -0.0207043 0)
(0.00616443 0.0060299 0)
(0.00621991 -0.0104361 0)
(-0.0156141 0.0688632 0)
(-0.0939585 0.120556 0)
(-0.186104 0.156014 0)
(-0.294492 0.170586 0)
(-0.403426 0.167518 0)
(-0.510621 0.159104 0)
(-0.603343 0.142495 0)
(-0.679743 0.118595 0)
(-0.724944 0.0922963 0)
(-0.734406 0.0387857 0)
(-0.712279 -0.0341606 0)
(-0.665254 -0.103258 0)
(-0.583391 -0.166102 0)
(-0.484794 -0.203267 0)
(-0.364438 -0.220586 0)
(-0.250396 -0.199886 0)
(-0.142129 -0.165777 0)
(-0.0635917 -0.0991556 0)
(-0.0159074 -0.0515974 0)
(0.0078527 0.00336503 0)
(6.73513e-165 0.00155498 0)
(-0.0235681 0.127659 0)
(-0.136044 0.225274 0)
(-0.250962 0.273711 0)
(-0.387566 0.296852 0)
(-0.520242 0.294149 0)
(-0.652257 0.275438 0)
(-0.764133 0.239219 0)
(-0.857256 0.18781 0)
(-0.912627 0.118814 0)
(-0.929933 0.0312369 0)
(-0.909204 -0.0741204 0)
(-0.854792 -0.175464 0)
(-0.757459 -0.267456 0)
(-0.636383 -0.325752 0)
(-0.484368 -0.35324 0)
(-0.338081 -0.325592 0)
(-0.192589 -0.272989 0)
(-0.0882453 -0.171374 0)
(-0.0178799 -0.0930304 0)
(0.0144581 -0.00123121 0)
(-5.46276e-266 0.00562105 0)
(-0.0867685 0.209596 0)
(-0.189921 0.345984 0)
(-0.327796 0.409366 0)
(-0.477222 0.439739 0)
(-0.630364 0.433278 0)
(-0.778345 0.403623 0)
(-0.909139 0.347748 0)
(-1.0174 0.267966 0)
(-1.08995 0.164188 0)
(-1.12432 0.0356608 0)
(-1.11189 -0.110333 0)
(-1.05845 -0.254754 0)
(-0.950286 -0.386145 0)
(-0.809462 -0.475908 0)
(-0.624394 -0.521384 0)
(-0.44169 -0.490609 0)
(-0.252382 -0.41878 0)
(-0.116728 -0.271876 0)
(-0.0195362 -0.157537 0)
(0.0161295 0.00125685 0)
(-0.0224842 0.0915094 0)
(-0.120894 0.314044 0)
(-0.239797 0.466669 0)
(-0.391559 0.55919 0)
(-0.559625 0.598601 0)
(-0.730961 0.593809 0)
(-0.89906 0.553394 0)
(-1.0498 0.477334 0)
(-1.179 0.368382 0)
(-1.27204 0.225486 0)
(-1.32629 0.0536669 0)
(-1.32854 -0.140319 0)
(-1.28263 -0.33607 0)
(-1.16975 -0.517396 0)
(-1.01334 -0.650182 0)
(-0.793902 -0.722912 0)
(-0.57194 -0.695323 0)
(-0.325496 -0.600422 0)
(-0.155819 -0.400959 0)
(-0.00659004 -0.227743 0)
(5.9279e-266 -0.00403238 0)
(-0.0165662 0.15143 0)
(-0.115725 0.428063 0)
(-0.262379 0.617205 0)
(-0.434447 0.729974 0)
(-0.622321 0.779371 0)
(-0.812836 0.773 0)
(-0.999621 0.722766 0)
(-1.17163 0.62755 0)
(-1.32318 0.49062 0)
(-1.44142 0.310914 0)
(-1.52159 0.0925862 0)
(-1.54633 -0.155095 0)
(-1.5172 -0.413032 0)
(-1.40874 -0.657677 0)
(-1.24391 -0.851073 0)
(-0.994029 -0.966966 0)
(-0.729877 -0.957372 0)
(-0.420887 -0.841266 0)
(-0.202793 -0.586154 0)
(-0.00347719 -0.322888 0)
(2.55177e-24 -1.09716e-24 0)
(-0.0147224 0.220226 0)
(-0.119518 0.558003 0)
(-0.282984 0.78378 0)
(-0.470172 0.917275 0)
(-0.674726 0.975665 0)
(-0.88102 0.969486 0)
(-1.08504 0.911258 0)
(-1.27665 0.799722 0)
(-1.45081 0.637912 0)
(-1.59547 0.42323 0)
(-1.70444 0.159152 0)
(-1.75822 -0.145273 0)
(-1.75482 -0.472239 0)
(-1.66239 -0.792015 0)
(-1.50088 -1.06271 0)
(-1.22948 -1.24019 0)
(-0.927042 -1.26481 0)
(-0.549343 -1.13286 0)
(-0.272768 -0.810638 0)
(-0.00487892 -0.438415 0)
(1.04078e-76 -6.37943e-25 0)
(-0.0128484 0.286252 0)
(-0.117675 0.69803 0)
(-0.291075 0.968586 0)
(-0.487568 1.12229 0)
(-0.702703 1.19063 0)
(-0.919464 1.18324 0)
(-1.13474 1.11862 0)
(-1.34123 0.99287 0)
(-1.53363 0.809594 0)
(-1.70279 0.563803 0)
(-1.84091 0.255645 0)
(-1.92825 -0.105931 0)
(-1.95917 -0.508215 0)
(-1.8962 -0.914278 0)
(-1.75365 -1.28315 0)
(-1.47695 -1.54682 0)
(-1.14595 -1.63599 0)
(-0.700849 -1.50593 0)
(-0.356364 -1.12497 0)
(-0.00693452 -0.610993 0)
(2.89728e-164 -2.60194e-77 0)
(-0.0129616 0.347324 0)
(-0.119409 0.834478 0)
(-0.29904 1.15136 0)
(-0.499615 1.32662 0)
(-0.717862 1.40584 0)
(-0.936805 1.39947 0)
(-1.15369 1.33189 0)
(-1.36538 1.1971 0)
(-1.56609 0.999025 0)
(-1.75187 0.729631 0)
(-1.91323 0.385191 0)
(-2.03412 -0.0274385 0)
(-2.10449 -0.502286 0)
(-2.08511 -0.998505 0)
(-1.98133 -1.47858 0)
(-1.7251 -1.85174 0)
(-1.38887 -2.03598 0)
(-0.893627 -1.93077 0)
(-0.481085 -1.49285 0)
(-0.0794093 -0.807974 0)
(1.77339e-265 0.0131864 0)
(-0.0136107 0.419525 0)
(-0.117276 0.98628 0)
(-0.295868 1.35028 0)
(-0.4916 1.54179 0)
(-0.702047 1.62896 0)
(-0.911386 1.61901 0)
(-1.11634 1.54781 0)
(-1.31918 1.40479 0)
(-1.51326 1.19623 0)
(-1.70176 0.910194 0)
(-1.8743 0.53795 0)
(-2.0216 0.0843004 0)
(-2.13091 -0.45666 0)
(-2.16487 -1.03969 0)
(-2.11941 -1.64201 0)
(-1.91386 -2.14589 0)
(-1.60169 -2.46628 0)
(-1.07535 -2.42811 0)
(-0.5809 -1.93333 0)
(-0.0753419 -1.11184 0)
(0.0527457 -0.0751318 0)
(-0.0170004 0.473832 0)
(-0.121889 1.11379 0)
(-0.301092 1.52278 0)
(-0.487706 1.72949 0)
(-0.679441 1.82381 0)
(-0.865727 1.81118 0)
(-1.04026 1.73872 0)
(-1.21527 1.59247 0)
(-1.38072 1.38134 0)
(-1.55161 1.09015 0)
(-1.71459 0.705762 0)
(-1.87411 0.229612 0)
(-2.01241 -0.356378 0)
(-2.10468 -1.00921 0)
(-2.13329 -1.7242 0)
(-2.01287 -2.37122 0)
(-1.77284 -2.86787 0)
(-1.24099 -2.96047 0)
(-0.712232 -2.48642 0)
(0.0419221 -1.44876 0)
(2.43519e-231 -0.0131864 0)
(-0.0216521 0.561365 0)
(-0.124902 1.27343 0)
(-0.297482 1.71997 0)
(-0.464638 1.92126 0)
(-0.623782 2.01016 0)
(-0.771175 1.98021 0)
(-0.896879 1.89936 0)
(-1.02373 1.74537 0)
(-1.13798 1.53337 0)
(-1.26698 1.24411 0)
(-1.39547 0.86041 0)
(-1.54318 0.38216 0)
(-1.69164 -0.226135 0)
(-1.83324 -0.919227 0)
(-1.94475 -1.73281 0)
(-1.94637 -2.51054 0)
(-1.83855 -3.23672 0)
(-1.40762 -3.50692 0)
(-0.892247 -3.2099 0)
(-0.00313777 -1.86161 0)
(5.79563e-202 4.57352e-184 0)
(-0.0377034 0.613444 0)
(-0.156693 1.38357 0)
(-0.332518 1.85877 0)
(-0.478548 2.05037 0)
(-0.587596 2.12888 0)
(-0.677826 2.08098 0)
(-0.727862 1.99116 0)
(-0.782135 1.83248 0)
(-0.816199 1.62522 0)
(-0.876948 1.34849 0)
(-0.940216 0.983413 0)
(-1.05054 0.528425 0)
(-1.17832 -0.062999 0)
(-1.35618 -0.751981 0)
(-1.53523 -1.60297 0)
(-1.69474 -2.47403 0)
(-1.75609 -3.39014 0)
(-1.53992 -3.9154 0)
(-1.11165 -3.86744 0)
(-0.0113365 -2.37126 0)
(1.82941e-183 -1.07559e-184 0)
(-0.0564125 0.763891 0)
(-0.191531 1.57257 0)
(-0.359418 2.05136 0)
(-0.47014 2.17778 0)
(-0.512005 2.2167 0)
(-0.526842 2.12129 0)
(-0.483088 2.00805 0)
(-0.444912 1.83462 0)
(-0.378522 1.63012 0)
(-0.346983 1.36963 0)
(-0.319225 1.03407 0)
(-0.358799 0.622746 0)
(-0.432117 0.0779377 0)
(-0.602228 -0.558803 0)
(-0.821927 -1.39729 0)
(-1.11647 -2.28606 0)
(-1.4025 -3.39623 0)
(-1.51289 -4.15809 0)
(-1.40401 -4.75548 0)
(-0.464825 -3.02046 0)
(4.39594e-254 -4.57352e-184 0)
(-0.122188 0.847579 0)
(-0.32506 1.67349 0)
(-0.485041 2.13237 0)
(-0.547533 2.19334 0)
(-0.472057 2.18494 0)
(-0.376462 2.0472 0)
(-0.19473 1.91029 0)
(-0.0341398 1.72701 0)
(0.163189 1.52897 0)
(0.308429 1.29174 0)
(0.451519 0.997571 0)
(0.499915 0.647396 0)
(0.512578 0.184212 0)
(0.365525 -0.35272 0)
(0.160638 -1.08068 0)
(-0.292119 -1.88237 0)
(-0.738511 -2.96757 0)
(-1.47235 -3.91276 0)
(-1.65525 -4.82507 0)
(-2.0712 -3.8516 0)
(-2.58239e-264 -0.21549 0)
(-0.17836 1.23275 0)
(-0.420965 1.93979 0)
(-0.514429 2.29624 0)
(-0.47567 2.16503 0)
(-0.245852 2.05946 0)
(-0.00612517 1.84354 0)
(0.330609 1.67231 0)
(0.629505 1.47681 0)
(0.963554 1.28972 0)
(1.23024 1.08317 0)
(1.49145 0.842149 0)
(1.64223 0.566759 0)
(1.75294 0.209023 0)
(1.68141 -0.19734 0)
(1.53505 -0.750503 0)
(1.09447 -1.37057 0)
(0.562557 -2.2474 0)
(-0.363298 -3.19741 0)
(-1.09082 -4.24675 0)
(-1.8435 -4.52617 0)
(-0.861961 -2.31388 0)
(-0.400391 1.41266 0)
(-0.727117 1.98089 0)
(-0.524689 2.18129 0)
(-0.249593 1.9078 0)
(0.300226 1.71634 0)
(0.75775 1.46272 0)
(1.307 1.27661 0)
(1.75931 1.092 0)
(2.23094 0.930192 0)
(2.6024 0.766826 0)
(2.95935 0.588031 0)
(3.18251 0.39465 0)
(3.3683 0.148499 0)
(3.34343 -0.119199 0)
(3.26684 -0.490182 0)
(2.84171 -0.887964 0)
(2.37095 -1.51065 0)
(1.35117 -2.22984 0)
(0.449636 -3.3501 0)
(-0.710406 -4.00255 0)
(-0.700658 -2.9635 0)
(-0.256853 2.42218 0)
(-0.103017 2.05875 0)
(0.683207 1.86915 0)
(1.32775 1.33203 0)
(2.14029 1.07224 0)
(2.76361 0.829708 0)
(3.41417 0.676783 0)
(3.92451 0.548572 0)
(4.42295 0.447083 0)
(4.80428 0.35446 0)
(5.15906 0.260512 0)
(5.37971 0.16319 0)
(5.56401 0.0448188 0)
(5.55299 -0.0830409 0)
(5.50405 -0.258754 0)
(5.14107 -0.453165 0)
(4.75398 -0.788313 0)
(3.82461 -1.24384 0)
(2.86289 -2.25349 0)
(1.09071 -3.32988 0)
(-0.0459294 -3.79915 0)
(1.66755 1.66986 0)
(2.70412 0.974927 0)
(4.54474 0.748473 0)
(5.38294 0.423637 0)
(6.24902 0.286017 0)
(6.75752 0.177558 0)
(7.23551 0.120817 0)
(7.55767 0.0805994 0)
(7.8549 0.0543705 0)
(8.05737 0.0340293 0)
(8.24004 0.0158915 0)
(8.33073 -0.0012208 0)
(8.40501 -0.0222607 0)
(8.34942 -0.0431017 0)
(8.29032 -0.0785447 0)
(8.00498 -0.111677 0)
(7.75023 -0.201009 0)
(6.99668 -0.293647 0)
(6.26302 -0.625587 0)
(4.04616 -0.997712 0)
(2.0057 -1.8184 0)
)
;

boundaryField
{
    movingWall
    {
        type            fixedValue;
        value           uniform (10 0 0);
    }
    fixedWalls
    {
        type            noSlip;
    }
    frontAndBack
    {
        type            empty;
    }
}


// ************************************************************************* //
