/*--------------------------------*- C++ -*----------------------------------*\
| =========                 |                                                 |
| \\      /  F ield         | OpenFOAM: The Open Source CFD Toolbox           |
|  \\    /   O peration     | Version:  4.1                                   |
|   \\  /    A nd           | Web:      www.OpenFOAM.org                      |
|    \\/     M anipulation  |                                                 |
\*---------------------------------------------------------------------------*/
FoamFile
{
    version     2.0;
    format      ascii;
    class       volVectorField;
    location    "0.0618";
    object      U;
}
// * * * * * * * * * * * * * * * * * * * * * * * * * * * * * * * * * * * * * //

dimensions      [0 1 -1 0 0 0 0];

internalField   nonuniform List<vector> 
441
(
(0.00349102 -0.00465296 0)
(0.00901103 -0.00254893 0)
(-0.00063724 -2.18207e-165 0)
(0.00181306 -3.01474e-266 0)
(-0.00853682 -0.00725281 0)
(-0.00181306 -2.8563e-232 0)
(-1.1021e-202 -5.03436e-203 0)
(-1.25844e-203 -6.54422e-228 0)
(-1.59087e-212 -2.8286e-213 0)
(-0.00566585 8.45271e-266 0)
(-0.0689782 0.0226654 0)
(-0.0870961 0.0119777 0)
(-0.0988023 0.00560316 0)
(-0.0879866 0.000576067 0)
(-0.0737644 -0.00133086 0)
(-0.0507664 -0.00269228 0)
(-0.0306098 -0.00201476 0)
(-0.0119332 -0.00165976 0)
(0.000131502 0.000439175 0)
(0.00304452 0.00114263 0)
(0.00422163 0.00271147 0)
(0.00346652 -0.00765741 0)
(-0.00163876 0.00662712 0)
(-0.0270224 0.00800981 0)
(-0.0569755 0.0105602 0)
(-0.101182 0.0100626 0)
(-0.142135 -0.00368016 0)
(-0.180286 -0.000273011 0)
(-0.216581 0.00146702 0)
(-0.248655 0.0120782 0)
(-0.28116 0.0613254 0)
(-0.303634 0.0567849 0)
(-0.29888 0.018217 0)
(-0.28669 -0.00522488 0)
(-0.249798 -0.026344 0)
(-0.206283 -0.0360044 0)
(-0.150174 -0.0417023 0)
(-0.0987242 -0.0366147 0)
(-0.051623 -0.0303213 0)
(-0.0185868 -0.0149184 0)
(-0.00311559 -0.00597151 0)
(0.00447787 0.00477529 0)
(0.00697669 -0.00700569 0)
(-0.00541848 0.027554 0)
(-0.0518126 0.0539646 0)
(-0.113668 0.0718055 0)
(-0.188356 0.0768078 0)
(-0.265223 0.0752229 0)
(-0.347038 0.0718284 0)
(-0.412578 0.0661245 0)
(-0.477061 0.0621048 0)
(-0.508125 0.0592529 0)
(-0.504216 0.0412804 0)
(-0.488453 -0.00381089 0)
(-0.456681 -0.0428121 0)
(-0.399482 -0.0796606 0)
(-0.330968 -0.100009 0)
(-0.246566 -0.110539 0)
(-0.167423 -0.099406 0)
(-0.0933552 -0.0823055 0)
(-0.0398799 -0.0469794 0)
(-0.00965371 -0.0223533 0)
(0.00587087 0.00449669 0)
(0.00606958 -0.00948704 0)
(-0.0147902 0.0670896 0)
(-0.089977 0.11628 0)
(-0.177749 0.149371 0)
(-0.28045 0.161973 0)
(-0.383059 0.157617 0)
(-0.483435 0.148658 0)
(-0.56965 0.13232 0)
(-0.64048 0.109866 0)
(-0.682134 0.0859091 0)
(-0.690766 0.0368657 0)
(-0.670245 -0.0304075 0)
(-0.627075 -0.0943269 0)
(-0.551297 -0.153194 0)
(-0.45995 -0.188731 0)
(-0.347462 -0.206729 0)
(-0.240417 -0.189261 0)
(-0.137697 -0.159508 0)
(-0.0624693 -0.0977616 0)
(-0.0159766 -0.0530973 0)
(0.00762718 0.00136987 0)
(6.50665e-165 0.0015174 0)
(-0.0221113 0.123164 0)
(-0.129329 0.216162 0)
(-0.238171 0.260914 0)
(-0.367143 0.281086 0)
(-0.491769 0.276476 0)
(-0.615284 0.257214 0)
(-0.719386 0.222153 0)
(-0.805966 0.173937 0)
(-0.857286 0.110209 0)
(-0.873496 0.0298098 0)
(-0.854491 -0.0672607 0)
(-0.804535 -0.160996 0)
(-0.714262 -0.247123 0)
(-0.601817 -0.302757 0)
(-0.459459 -0.330932 0)
(-0.322132 -0.307689 0)
(-0.184295 -0.26135 0)
(-0.084974 -0.167006 0)
(-0.0171653 -0.0933068 0)
(0.0142151 -0.00304878 0)
(-5.28698e-266 0.00539149 0)
(-0.0827232 0.200954 0)
(-0.180009 0.330472 0)
(-0.31019 0.388968 0)
(-0.450762 0.415479 0)
(-0.594455 0.406811 0)
(-0.732895 0.376891 0)
(-0.854974 0.323252 0)
(-0.956076 0.248601 0)
(-1.02399 0.152673 0)
(-1.05669 0.0343585 0)
(-1.0458 -0.10037 0)
(-0.996918 -0.234299 0)
(-0.89636 -0.357487 0)
(-0.765108 -0.443061 0)
(-0.59123 -0.488823 0)
(-0.419327 -0.463364 0)
(-0.239886 -0.399759 0)
(-0.111052 -0.262943 0)
(-0.0177333 -0.155479 0)
(0.016109 -0.000328008 0)
(-0.021566 0.0873692 0)
(-0.11501 0.29974 0)
(-0.227138 0.444014 0)
(-0.370291 0.529925 0)
(-0.528532 0.564604 0)
(-0.689556 0.557231 0)
(-0.847342 0.516989 0)
(-0.988767 0.444458 0)
(-1.11029 0.342748 0)
(-1.19824 0.210579 0)
(-1.25037 0.0521188 0)
(-1.25379 -0.127338 0)
(-1.21216 -0.309444 0)
(-1.10688 -0.479835 0)
(-0.960369 -0.606413 0)
(-0.753116 -0.678512 0)
(-0.543439 -0.656758 0)
(-0.309141 -0.571998 0)
(-0.148191 -0.385952 0)
(-0.0050087 -0.222278 0)
(5.85682e-266 -0.00402724 0)
(-0.015821 0.144344 0)
(-0.109821 0.407659 0)
(-0.248688 0.58634 0)
(-0.411511 0.691154 0)
(-0.589092 0.735026 0)
(-0.768995 0.725941 0)
(-0.94536 0.676441 0)
(-1.10801 0.586094 0)
(-1.25187 0.458497 0)
(-1.36488 0.292191 0)
(-1.44255 0.090304 0)
(-1.46795 -0.139645 0)
(-1.44239 -0.380706 0)
(-1.3408 -0.611457 0)
(-1.18527 -0.796119 0)
(-0.947592 -0.909788 0)
(-0.696313 -0.905674 0)
(-0.401341 -0.801198 0)
(-0.193605 -0.562498 0)
(-0.00313533 -0.313056 0)
(2.46256e-24 -1.14913e-24 0)
(-0.0140417 0.209585 0)
(-0.113793 0.53081 0)
(-0.26953 0.744183 0)
(-0.447725 0.868558 0)
(-0.64239 0.920856 0)
(-0.83866 0.911965 0)
(-1.03296 0.855151 0)
(-1.21597 0.749863 0)
(-1.3831 0.599392 0)
(-1.52295 0.400617 0)
(-1.62945 0.155755 0)
(-1.6834 -0.12805 0)
(-1.68253 -0.4352 0)
(-1.59548 -0.738238 0)
(-1.44151 -0.997452 0)
(-1.18082 -1.17055 0)
(-0.890367 -1.19937 0)
(-0.52706 -1.07982 0)
(-0.261855 -0.776618 0)
(-0.0046825 -0.423463 0)
(1.00819e-76 -6.15639e-25 0)
(-0.0123388 0.272801 0)
(-0.112956 0.66484 0)
(-0.279644 0.921052 0)
(-0.468366 1.06463 0)
(-0.675023 1.12644 0)
(-0.883345 1.1165 0)
(-1.09063 1.05402 0)
(-1.29023 0.935817 0)
(-1.47716 0.765642 0)
(-1.64266 0.537798 0)
(-1.77885 0.25103 0)
(-1.8661 -0.0877737 0)
(-1.89835 -0.468038 0)
(-1.83861 -0.855115 0)
(-1.70071 -1.20998 0)
(-1.43161 -1.46679 0)
(-1.10983 -1.55791 0)
(-0.677646 -1.43979 0)
(-0.344214 -1.07933 0)
(-0.00653725 -0.589837 0)
(2.81245e-164 -2.52047e-77 0)
(-0.0126453 0.331549 0)
(-0.116282 0.796396 0)
(-0.291225 1.09736 0)
(-0.486289 1.26172 0)
(-0.698559 1.33419 0)
(-0.91172 1.32558 0)
(-1.12338 1.26095 0)
(-1.33089 1.13491 0)
(-1.52859 0.951385 0)
(-1.71264 0.701417 0)
(-1.8732 0.379721 0)
(-1.9941 -0.00900623 0)
(-2.06467 -0.460774 0)
(-2.04603 -0.936853 0)
(-1.94319 -1.40119 0)
(-1.68991 -1.76518 0)
(-1.35819 -1.94847 0)
(-0.871808 -1.85346 0)
(-0.468379 -1.43626 0)
(-0.0767097 -0.780435 0)
(1.74514e-265 0.012952 0)
(-0.0135609 0.402664 0)
(-0.116412 0.945589 0)
(-0.293223 1.29258 0)
(-0.486639 1.47267 0)
(-0.694566 1.55303 0)
(-0.901686 1.54127 0)
(-1.10503 1.4738 0)
(-1.30714 1.34052 0)
(-1.50131 1.14748 0)
(-1.69052 0.881613 0)
(-1.86386 0.532459 0)
(-2.0116 0.102584 0)
(-2.12026 -0.415679 0)
(-2.15254 -0.978919 0)
(-2.10416 -1.56513 0)
(-1.89622 -2.05837 0)
(-1.58262 -2.37496 0)
(-1.05945 -2.34372 0)
(-0.57058 -1.86868 0)
(-0.0740636 -1.07763 0)
(0.0518078 -0.0724448 0)
(-0.0172503 0.457166 0)
(-0.123678 1.07312 0)
(-0.30459 1.46469 0)
(-0.492727 1.65976 0)
(-0.686054 1.74741 0)
(-0.874252 1.73345 0)
(-1.05124 1.66541 0)
(-1.22926 1.52958 0)
(-1.39802 1.33442 0)
(-1.57211 1.06335 0)
(-1.7375 0.701407 0)
(-1.89802 0.247713 0)
(-2.03514 -0.317351 0)
(-2.12385 -0.952281 0)
(-2.14618 -1.65235 0)
(-2.01839 -2.28858 0)
(-1.77052 -2.77883 0)
(-1.23512 -2.87428 0)
(-0.705839 -2.41517 0)
(0.0401298 -1.40975 0)
(2.39107e-231 -0.012952 0)
(-0.0222163 0.546513 0)
(-0.129466 1.23599 0)
(-0.307438 1.66548 0)
(-0.480175 1.85523 0)
(-0.645197 1.93769 0)
(-0.79868 1.90678 0)
(-0.930761 1.83074 0)
(-1.064 1.68732 0)
(-1.18425 1.49101 0)
(-1.31829 1.22099 0)
(-1.45025 0.858182 0)
(-1.59923 0.400107 0)
(-1.7461 -0.190089 0)
(-1.88287 -0.868442 0)
(-1.98596 -1.66983 0)
(-1.97636 -2.43839 0)
(-1.85551 -3.15716 0)
(-1.41342 -3.42654 0)
(-0.890763 -3.13795 0)
(-0.00334522 -1.82041 0)
(5.75014e-202 4.55359e-184 0)
(-0.0385249 0.601838 0)
(-0.163635 1.35228 0)
(-0.348146 1.81158 0)
(-0.503451 1.99205 0)
(-0.622272 2.06436 0)
(-0.722244 2.01563 0)
(-0.78188 1.93051 0)
(-0.845008 1.78186 0)
(-0.886728 1.58922 0)
(-0.95327 1.33006 0)
(-1.02007 0.983627 0)
(-1.13119 0.54604 0)
(-1.25681 -0.030555 0)
(-1.42914 -0.708443 0)
(-1.59907 -1.55095 0)
(-1.74579 -2.41584 0)
(-1.79135 -3.32566 0)
(-1.55879 -3.84782 0)
(-1.11677 -3.80213 0)
(-0.0111441 -2.3305 0)
(1.82143e-183 -6.22047e-185 0)
(-0.0573741 0.756696 0)
(-0.199921 1.54992 0)
(-0.378725 2.01474 0)
(-0.501381 2.13076 0)
(-0.555857 2.16366 0)
(-0.582996 2.06714 0)
(-0.550902 1.9578 0)
(-0.522861 1.79299 0)
(-0.464589 1.6011 0)
(-0.438485 1.35569 0)
(-0.413313 1.03602 0)
(-0.452455 0.639177 0)
(-0.522569 0.106162 0)
(-0.686623 -0.522763 0)
(-0.897525 -1.3563 0)
(-1.17978 -2.24256 0)
(-1.4504 -3.34903 0)
(-1.54209 -4.10807 0)
(-1.41596 -4.70297 0)
(-0.463011 -2.98424 0)
(4.38655e-254 -4.55359e-184 0)
(-0.123056 0.845185 0)
(-0.333211 1.66051 0)
(-0.504556 2.1079 0)
(-0.57984 2.15951 0)
(-0.518122 2.14526 0)
(-0.435839 2.00578 0)
(-0.26651 1.87138 0)
(-0.116292 1.69459 0)
(0.0731842 1.50643 0)
(0.213794 1.28123 0)
(0.355481 0.999817 0)
(0.40572 0.661262 0)
(0.422784 0.207305 0)
(0.282502 -0.324077 0)
(0.085867 -1.04974 0)
(-0.356062 -1.85181 0)
(-0.789956 -2.9372 0)
(-1.50613 -3.88124 0)
(-1.6726 -4.79146 0)
(-2.06765 -3.82282 0)
(-2.5674e-264 -0.214684 0)
(-0.178782 1.23442 0)
(-0.426603 1.93576 0)
(-0.529462 2.2837 0)
(-0.502026 2.14458 0)
(-0.284981 2.03351 0)
(-0.0578796 1.81517 0)
(0.266924 1.64485 0)
(0.555843 1.45342 0)
(0.882414 1.27313 0)
(1.1449 1.07521 0)
(1.40525 0.843563 0)
(1.5585 0.576856 0)
(1.67431 0.226018 0)
(1.60997 -0.176327 0)
(1.47171 -0.728481 0)
(1.04024 -1.35026 0)
(0.517746 -2.22996 0)
(-0.396021 -3.18144 0)
(-1.11035 -4.23093 0)
(-1.84701 -4.50881 0)
(-0.858735 -2.30884 0)
(-0.400115 1.41622 0)
(-0.728372 1.9825 0)
(-0.531134 2.17752 0)
(-0.263709 1.89815 0)
(0.276264 1.70213 0)
(0.723265 1.44598 0)
(1.26194 1.25966 0)
(1.70496 1.07709 0)
(2.16926 0.919289 0)
(2.5363 0.761303 0)
(2.89197 0.588538 0)
(3.11717 0.400845 0)
(3.30772 0.159251 0)
(3.2898 -0.105815 0)
(3.221 -0.476322 0)
(2.80408 -0.875713 0)
(2.34055 -1.50138 0)
(1.32828 -2.22319 0)
(0.434027 -3.345 0)
(-0.716922 -3.99682 0)
(-0.699663 -2.96244 0)
(-0.256134 2.42479 0)
(-0.100628 2.06144 0)
(0.684951 1.86956 0)
(1.32615 1.32931 0)
(2.13274 1.06687 0)
(2.74861 0.82268 0)
(3.39094 0.66935 0)
(3.89356 0.541917 0)
(4.38559 0.44225 0)
(4.76277 0.352152 0)
(5.11605 0.261041 0)
(5.33811 0.166368 0)
(5.52627 0.0500191 0)
(5.52107 -0.0767988 0)
(5.47872 -0.25264 0)
(5.12239 -0.448157 0)
(4.7407 -0.785272 0)
(3.81561 -1.24246 0)
(2.85691 -2.2535 0)
(1.08795 -3.3292 0)
(-0.0453561 -3.79959 0)
(1.66812 1.67042 0)
(2.7066 0.975573 0)
(4.54851 0.748837 0)
(5.38626 0.423498 0)
(6.25008 0.28543 0)
(6.75508 0.176702 0)
(7.22889 0.119927 0)
(7.54705 0.0798779 0)
(7.84101 0.0539878 0)
(8.04155 0.034068 0)
(8.22385 0.0163636 0)
(8.31584 -0.000409419 0)
(8.39269 -0.02126 0)
(8.34064 -0.0421272 0)
(8.28512 -0.0777928 0)
(8.00307 -0.111308 0)
(7.75035 -0.201103 0)
(6.99782 -0.294105 0)
(6.26399 -0.626315 0)
(4.04667 -0.998383 0)
(2.00651 -1.81925 0)
)
;

boundaryField
{
    movingWall
    {
        type            fixedValue;
        value           uniform (10 0 0);
    }
    fixedWalls
    {
        type            noSlip;
    }
    frontAndBack
    {
        type            empty;
    }
}


// ************************************************************************* //
