/*--------------------------------*- C++ -*----------------------------------*\
| =========                 |                                                 |
| \\      /  F ield         | OpenFOAM: The Open Source CFD Toolbox           |
|  \\    /   O peration     | Version:  4.1                                   |
|   \\  /    A nd           | Web:      www.OpenFOAM.org                      |
|    \\/     M anipulation  |                                                 |
\*---------------------------------------------------------------------------*/
FoamFile
{
    version     2.0;
    format      ascii;
    class       volVectorField;
    location    "0.0953";
    object      U;
}
// * * * * * * * * * * * * * * * * * * * * * * * * * * * * * * * * * * * * * //

dimensions      [0 1 -1 0 0 0 0];

internalField   nonuniform List<vector> 
441
(
(0.00379618 -0.00487528 0)
(0.00994756 -0.00254041 0)
(-0.000635101 -2.21757e-165 0)
(0.00199915 -3.40032e-266 0)
(-0.00836996 -0.0079969 0)
(-0.00199915 -3.10451e-232 0)
(-1.1532e-202 -5.72898e-203 0)
(-1.43218e-203 -7.52258e-228 0)
(-1.75088e-212 -3.2847e-213 0)
(-0.00625243 9.26854e-266 0)
(-0.0766868 0.0250105 0)
(-0.0962098 0.0130515 0)
(-0.108166 0.0059442 0)
(-0.0948679 0.000355147 0)
(-0.0776955 -0.00172336 0)
(-0.0513158 -0.00308813 0)
(-0.0286922 -0.00218593 0)
(-0.00871166 -0.00158192 0)
(0.00323733 0.000809073 0)
(0.00476239 0.00158558 0)
(0.00462986 0.00305329 0)
(0.00393697 -0.00868466 0)
(-0.000756715 0.0068946 0)
(-0.0276312 0.00863659 0)
(-0.0601364 0.0108062 0)
(-0.108757 0.0110949 0)
(-0.154909 -0.00317202 0)
(-0.198459 -0.000133123 0)
(-0.240428 0.0017093 0)
(-0.277668 0.0135026 0)
(-0.315068 0.068289 0)
(-0.340291 0.062707 0)
(-0.33408 0.0188646 0)
(-0.318225 -0.00791896 0)
(-0.274379 -0.0316286 0)
(-0.222961 -0.0420366 0)
(-0.158544 -0.0472575 0)
(-0.10051 -0.0402517 0)
(-0.0492106 -0.0316382 0)
(-0.0148989 -0.0137561 0)
(-0.000750302 -0.00369793 0)
(0.00503288 0.00656642 0)
(0.00777831 -0.00855768 0)
(-0.00516914 0.0286404 0)
(-0.055142 0.057979 0)
(-0.123288 0.0785087 0)
(-0.206866 0.0855732 0)
(-0.293449 0.0854643 0)
(-0.386673 0.0825403 0)
(-0.462777 0.0766389 0)
(-0.537311 0.0717725 0)
(-0.5738 0.0673132 0)
(-0.569455 0.0449705 0)
(-0.550345 -0.00772497 0)
(-0.511662 -0.0530611 0)
(-0.444035 -0.0946948 0)
(-0.363549 -0.116575 0)
(-0.266657 -0.125825 0)
(-0.177022 -0.110317 0)
(-0.0954094 -0.0877203 0)
(-0.0382733 -0.0465378 0)
(-0.00789681 -0.0187988 0)
(0.00646784 0.00771624 0)
(0.00645367 -0.0116445 0)
(-0.0167446 0.071618 0)
(-0.0995117 0.126695 0)
(-0.197508 0.165033 0)
(-0.313175 0.181622 0)
(-0.429809 0.179466 0)
(-0.544833 0.17098 0)
(-0.644523 0.153295 0)
(-0.726374 0.12708 0)
(-0.774442 0.0976592 0)
(-0.783633 0.0389691 0)
(-0.758662 -0.0400939 0)
(-0.706591 -0.114417 0)
(-0.617612 -0.180965 0)
(-0.510977 -0.219275 0)
(-0.382201 -0.235368 0)
(-0.260813 -0.210945 0)
(-0.146784 -0.172101 0)
(-0.0648162 -0.100374 0)
(-0.0158621 -0.0498396 0)
(0.00807497 0.00552689 0)
(7.05794e-165 0.00161342 0)
(-0.0254894 0.13414 0)
(-0.145039 0.237929 0)
(-0.267802 0.290659 0)
(-0.413892 0.316706 0)
(-0.556063 0.315185 0)
(-0.697548 0.295853 0)
(-0.817454 0.257014 0)
(-0.916722 0.200903 0)
(-0.97514 0.125309 0)
(-0.992184 0.0296005 0)
(-0.968323 -0.0844973 0)
(-0.908179 -0.193344 0)
(-0.802776 -0.290684 0)
(-0.67235 -0.350901 0)
(-0.51021 -0.376931 0)
(-0.354669 -0.34423 0)
(-0.201313 -0.284887 0)
(-0.0917801 -0.175717 0)
(-0.018692 -0.0925949 0)
(0.0146884 0.00071358 0)
(-5.71939e-266 0.00593791 0)
(-0.0921969 0.221558 0)
(-0.202801 0.3669 0)
(-0.350277 0.435778 0)
(-0.510263 0.469705 0)
(-0.674149 0.464214 0)
(-0.832324 0.433006 0)
(-0.971749 0.372731 0)
(-1.08639 0.285689 0)
(-1.16231 0.172317 0)
(-1.19683 0.0324573 0)
(-1.18139 -0.12516 0)
(-1.12218 -0.279728 0)
(-1.00557 -0.418493 0)
(-0.85467 -0.51142 0)
(-0.658172 -0.555633 0)
(-0.464564 -0.518796 0)
(-0.265304 -0.438233 0)
(-0.122707 -0.280967 0)
(-0.0214539 -0.159586 0)
(0.016138 0.00290009 0)
(-0.0237516 0.0970995 0)
(-0.12858 0.333255 0)
(-0.255783 0.496364 0)
(-0.417871 0.596191 0)
(-0.597219 0.639676 0)
(-0.779808 0.635682 0)
(-0.958468 0.59255 0)
(-1.11801 0.510081 0)
(-1.25373 0.391184 0)
(-1.35031 0.235486 0)
(-1.40507 0.0491682 0)
(-1.40473 -0.159481 0)
(-1.35348 -0.368162 0)
(-1.23246 -0.559199 0)
(-1.06597 -0.696845 0)
(-0.834461 -0.769035 0)
(-0.600425 -0.734817 0)
(-0.342005 -0.629312 0)
(-0.163635 -0.416253 0)
(-0.00823353 -0.23334 0)
(5.99845e-266 -0.00403449 0)
(-0.0175453 0.160777 0)
(-0.123087 0.454767 0)
(-0.279034 0.656706 0)
(-0.461822 0.777975 0)
(-0.661087 0.831811 0)
(-0.862721 0.825718 0)
(-1.0597 0.771477 0)
(-1.24012 0.667842 0)
(-1.39789 0.51842 0)
(-1.51964 0.323077 0)
(-1.60065 0.0873112 0)
(-1.62345 -0.177859 0)
(-1.58997 -0.451478 0)
(-1.47442 -0.708319 0)
(-1.30053 -0.90875 0)
(-1.03898 -1.0255 0)
(-0.762569 -1.00964 0)
(-0.440103 -0.881562 0)
(-0.211951 -0.610065 0)
(-0.00382749 -0.332899 0)
(2.64081e-24 -1.05043e-24 0)
(-0.0155652 0.233964 0)
(-0.126346 0.592808 0)
(-0.298721 0.833378 0)
(-0.495949 0.97628 0)
(-0.711018 1.03914 0)
(-0.927345 1.03257 0)
(-1.14039 0.968946 0)
(-1.33931 0.84704 0)
(-1.51879 0.670405 0)
(-1.66647 0.437577 0)
(-1.77636 0.15358 0)
(-1.82889 -0.170726 0)
(-1.82245 -0.515735 0)
(-1.72478 -0.850019 0)
(-1.55633 -1.13009 0)
(-1.27517 -1.31039 0)
(-0.961777 -1.33002 0)
(-0.570668 -1.18551 0)
(-0.283356 -0.844609 0)
(-0.00507142 -0.453469 0)
(1.07256e-76 -6.60202e-25 0)
(-0.0134315 0.303231 0)
(-0.122992 0.739645 0)
(-0.303802 1.02698 0)
(-0.508594 1.1908 0)
(-0.732327 1.26355 0)
(-0.957082 1.25498 0)
(-1.17931 1.18362 0)
(-1.39118 1.04577 0)
(-1.58729 0.84575 0)
(-1.75843 0.579921 0)
(-1.89714 0.250082 0)
(-1.98377 -0.132953 0)
(-2.01316 -0.554868 0)
(-1.94735 -0.977135 0)
(-1.80099 -1.35748 0)
(-1.51794 -1.62623 0)
(-1.17906 -1.71262 0)
(-0.722412 -1.57067 0)
(-0.367859 -1.16992 0)
(-0.007347 -0.631992 0)
(2.97871e-164 -2.68139e-77 0)
(-0.0132862 0.36685 0)
(-0.122649 0.881384 0)
(-0.307112 1.21658 0)
(-0.513183 1.40245 0)
(-0.737056 1.48584 0)
(-0.960997 1.47745 0)
(-1.18189 1.40187 0)
(-1.39627 1.2535 0)
(-1.59844 1.03723 0)
(-1.78457 0.746572 0)
(-1.94572 0.379559 0)
(-2.06614 -0.0550914 0)
(-2.13634 -0.550052 0)
(-2.11678 -1.06312 0)
(-2.01297 -1.55602 0)
(-1.75508 -1.93625 0)
(-1.41575 -2.12053 0)
(-0.913215 -2.00533 0)
(-0.492777 -1.54775 0)
(-0.0821019 -0.834944 0)
(1.79646e-265 0.0133963 0)
(-0.0136143 0.440041 0)
(-0.117797 1.03565 0)
(-0.297781 1.41897 0)
(-0.495331 1.62141 0)
(-0.707593 1.71249 0)
(-0.918215 1.69976 0)
(-1.12363 1.61954 0)
(-1.326 1.46187 0)
(-1.51889 1.23426 0)
(-1.70581 0.926538 0)
(-1.87705 0.5318 0)
(-2.02381 0.0567266 0)
(-2.13402 -0.50352 0)
(-2.17022 -1.10268 0)
(-2.12848 -1.71786 0)
(-1.92635 -2.23006 0)
(-1.61678 -2.55317 0)
(-1.08869 -2.50827 0)
(-0.589948 -1.99508 0)
(-0.0764772 -1.14485 0)
(0.053585 -0.077853 0)
(-0.016669 0.493864 0)
(-0.119404 1.16259 0)
(-0.296058 1.5912 0)
(-0.480284 1.80895 0)
(-0.669518 1.90692 0)
(-0.853007 1.89093 0)
(-1.02426 1.80874 0)
(-1.1956 1.64728 0)
(-1.35731 1.41687 0)
(-1.52485 1.10432 0)
(-1.68551 0.698407 0)
(-1.84432 0.202435 0)
(-1.98424 -0.400842 0)
(-2.08057 -1.06774 0)
(-2.11595 -1.79427 0)
(-2.00349 -2.44961 0)
(-1.7719 -2.95136 0)
(-1.24456 -3.04118 0)
(-0.717294 -2.55355 0)
(0.0437851 -1.48581 0)
(2.47646e-231 -0.0133963 0)
(-0.0209873 0.579106 0)
(-0.119388 1.31809 0)
(-0.285402 1.78376 0)
(-0.445863 1.99601 0)
(-0.598159 2.08845 0)
(-0.738792 2.05495 0)
(-0.857779 1.96423 0)
(-0.978298 1.79516 0)
(-1.08693 1.56444 0)
(-1.21152 1.25493 0)
(-1.33729 0.851394 0)
(-1.48447 0.355644 0)
(-1.6351 -0.267151 0)
(-1.78193 -0.971237 0)
(-1.902 -1.79371 0)
(-1.91486 -2.57816 0)
(-1.81998 -3.31029 0)
(-1.40038 -3.58111 0)
(-0.892658 -3.27673 0)
(-0.00291951 -1.90023 0)
(5.83326e-202 4.58891e-184 0)
(-0.036773 0.627379 0)
(-0.148634 1.42096 0)
(-0.314359 1.91402 0)
(-0.449842 2.11634 0)
(-0.548161 2.19847 0)
(-0.628256 2.14734 0)
(-0.668879 2.04824 0)
(-0.715067 1.87544 0)
(-0.742657 1.65086 0)
(-0.799012 1.35569 0)
(-0.860114 0.972958 0)
(-0.970764 0.503036 0)
(-1.10147 -0.0999227 0)
(-1.28517 -0.796604 0)
(-1.47321 -1.65307 0)
(-1.64504 -2.52809 0)
(-1.72141 -3.44903 0)
(-1.52099 -3.97693 0)
(-1.10601 -3.92725 0)
(-0.0114954 -2.40894 0)
(1.83556e-183 -1.51426e-184 0)
(-0.0553355 0.772768 0)
(-0.181907 1.60001 0)
(-0.337288 2.0946 0)
(-0.434671 2.23131 0)
(-0.462974 2.27421 0)
(-0.465319 2.17655 0)
(-0.410495 2.05552 0)
(-0.363508 1.86995 0)
(-0.290801 1.65044 0)
(-0.255809 1.37401 0)
(-0.2273 1.02335 0)
(-0.26875 0.599599 0)
(-0.346167 0.045784 0)
(-0.522656 -0.595907 0)
(-0.750911 -1.43683 0)
(-1.05702 -2.32628 0)
(-1.35735 -3.43888 0)
(-1.48516 -4.20305 0)
(-1.39235 -4.80288 0)
(-0.466418 -3.05352 0)
(4.40232e-254 -4.58891e-184 0)
(-0.121203 0.850971 0)
(-0.315627 1.68987 0)
(-0.46254 2.16191 0)
(-0.510706 2.23246 0)
(-0.420437 2.22856 0)
(-0.311355 2.09003 0)
(-0.117941 1.94755 0)
(0.0514703 1.7549 0)
(0.254555 1.54493 0)
(0.402135 1.29483 0)
(0.544511 0.988345 0)
(0.589409 0.628066 0)
(0.596636 0.157821 0)
(0.442429 -0.3824 0)
(0.229477 -1.1107 0)
(-0.233398 -1.91063 0)
(-0.691203 -2.99479 0)
(-1.44115 -3.94072 0)
(-1.63902 -4.85497 0)
(-2.07422 -3.87754 0)
(-2.59623e-264 -0.216223 0)
(-0.177844 1.23139 0)
(-0.414171 1.94576 0)
(-0.496576 2.31217 0)
(-0.444887 2.1894 0)
(-0.201102 2.08868 0)
(0.0516385 1.87357 0)
(0.399798 1.69927 0)
(0.707303 1.49755 0)
(1.04685 1.302 0)
(1.31548 1.086 0)
(1.57538 0.835732 0)
(1.72191 0.552618 0)
(1.82635 0.189493 0)
(1.74713 -0.219246 0)
(1.59271 -0.771988 0)
(1.14354 -1.38941 0)
(0.60305 -2.26293 0)
(-0.333696 -3.21135 0)
(-1.07305 -4.26054 0)
(-1.8402 -4.54162 0)
(-0.864893 -2.31826 0)
(-0.400652 1.40886 0)
(-0.725192 1.97996 0)
(-0.516262 2.18688 0)
(-0.232016 1.91993 0)
(0.32898 1.73291 0)
(0.797776 1.481 0)
(1.3576 1.2938 0)
(1.81839 1.10577 0)
(2.29584 0.938787 0)
(2.66984 0.769367 0)
(3.02608 0.584476 0)
(3.24548 0.385907 0)
(3.42526 0.136105 0)
(3.3928 -0.133182 0)
(3.30831 -0.503705 0)
(2.87533 -0.899279 0)
(2.39795 -1.51879 0)
(1.37148 -2.23545 0)
(0.463527 -3.35435 0)
(-0.704598 -4.00752 0)
(-0.701596 -2.96436 0)
(-0.257664 2.41922 0)
(-0.105438 2.05602 0)
(0.682096 1.86932 0)
(1.33105 1.33582 0)
(2.15077 1.07879 0)
(2.78251 0.837638 0)
(3.44174 0.68456 0)
(3.95959 0.554921 0)
(4.4636 0.45104 0)
(4.84778 0.355542 0)
(5.20255 0.258697 0)
(5.42041 0.158944 0)
(5.59977 0.0389685 0)
(5.58234 -0.0894499 0)
(5.5267 -0.264616 0)
(5.15738 -0.457674 0)
(4.7654 -0.790832 0)
(3.83231 -1.24482 0)
(2.86804 -2.25328 0)
(1.09311 -3.33041 0)
(-0.0464763 -3.79872 0)
(1.66686 1.66918 0)
(2.70129 0.97421 0)
(4.54074 0.748145 0)
(5.37987 0.423904 0)
(6.24889 0.286762 0)
(6.76153 0.178537 0)
(7.24407 0.121746 0)
(7.57025 0.0812663 0)
(7.8704 0.0546218 0)
(8.07416 0.0338248 0)
(8.25647 0.0152696 0)
(8.34518 -0.00212472 0)
(8.41641 -0.0232724 0)
(8.35709 -0.0440121 0)
(8.29449 -0.0791821 0)
(8.00615 -0.111927 0)
(7.74969 -0.20083 0)
(6.99541 -0.293164 0)
(6.26205 -0.624894 0)
(4.04567 -0.997106 0)
(2.00496 -1.81764 0)
)
;

boundaryField
{
    movingWall
    {
        type            fixedValue;
        value           uniform (10 0 0);
    }
    fixedWalls
    {
        type            noSlip;
    }
    frontAndBack
    {
        type            empty;
    }
}


// ************************************************************************* //
