/*--------------------------------*- C++ -*----------------------------------*\
| =========                 |                                                 |
| \\      /  F ield         | OpenFOAM: The Open Source CFD Toolbox           |
|  \\    /   O peration     | Version:  4.1                                   |
|   \\  /    A nd           | Web:      www.OpenFOAM.org                      |
|    \\/     M anipulation  |                                                 |
\*---------------------------------------------------------------------------*/
FoamFile
{
    version     2.0;
    format      ascii;
    class       volVectorField;
    location    "0.0018";
    object      U;
}
// * * * * * * * * * * * * * * * * * * * * * * * * * * * * * * * * * * * * * //

dimensions      [0 1 -1 0 0 0 0];

internalField   nonuniform List<vector> 
441
(
(0.00115499 -0.00398353 0)
(-0.000148054 -0.00454854 0)
(-0.00113334 -3.90499e-165 0)
(0.00104188 -4.46283e-267 0)
(-0.0166638 -0.00418534 0)
(-0.00104188 -2.57838e-232 0)
(-1.64349e-202 -2.34909e-203 0)
(-5.86573e-204 -2.46232e-228 0)
(-1.68125e-212 -5.86411e-214 0)
(-0.00514429 9.26487e-266 0)
(-0.0511553 0.0206198 0)
(-0.0638296 0.0107804 0)
(-0.0736873 0.00476963 0)
(-0.0709073 0.000766855 0)
(-0.067262 -0.00111702 0)
(-0.0582741 -0.00246218 0)
(-0.049573 -0.00293977 0)
(-0.0380386 -0.00360332 0)
(-0.026814 -0.00350713 0)
(-0.0148039 -0.00390683 0)
(-0.00229096 -0.00275835 0)
(-0.000543177 0.00323562 0)
(-0.0147646 0.00718808 0)
(-0.0345082 0.00201885 0)
(-0.0491387 0.0146138 0)
(-0.0689807 0.00568022 0)
(-0.0833343 -0.011322 0)
(-0.0950953 -0.00142906 0)
(-0.105739 0.000757498 0)
(-0.11325 0.0091689 0)
(-0.123212 0.0431296 0)
(-0.125506 0.0360874 0)
(-0.117692 0.0121893 0)
(-0.115214 0.00180971 0)
(-0.105664 -0.00724361 0)
(-0.0970548 -0.0115066 0)
(-0.0831234 -0.0155707 0)
(-0.0699171 -0.017041 0)
(-0.0531101 -0.0197122 0)
(-0.0370494 -0.0193968 0)
(-0.0199828 -0.021249 0)
(-0.00245358 -0.014135 0)
(0.00260411 0.00991902 0)
(-0.0110031 0.0286566 0)
(-0.0405194 0.0320031 0)
(-0.0617799 0.0335334 0)
(-0.0791689 0.0290822 0)
(-0.103486 0.0228605 0)
(-0.126417 0.021011 0)
(-0.138793 0.0174927 0)
(-0.154192 0.0166255 0)
(-0.152665 0.0175741 0)
(-0.137135 0.0161561 0)
(-0.129934 0.00213129 0)
(-0.123712 -0.00683774 0)
(-0.113887 -0.0169112 0)
(-0.103915 -0.0232068 0)
(-0.0886241 -0.0295968 0)
(-0.0742077 -0.0323383 0)
(-0.0552495 -0.0366966 0)
(-0.0381478 -0.0359154 0)
(-0.0195533 -0.0387263 0)
(-0.000977384 -0.0245276 0)
(0.00773544 0.0120601 0)
(-0.00133177 0.0519689 0)
(-0.0401433 0.0537534 0)
(-0.0662195 0.054388 0)
(-0.0901623 0.0478307 0)
(-0.11257 0.0382241 0)
(-0.131078 0.0344743 0)
(-0.145091 0.0287644 0)
(-0.154848 0.0238863 0)
(-0.158153 0.022985 0)
(-0.152873 0.0125173 0)
(-0.145313 -0.0022548 0)
(-0.137468 -0.0147073 0)
(-0.124932 -0.0276384 0)
(-0.1125 -0.0367944 0)
(-0.0943517 -0.0459693 0)
(-0.0777813 -0.0500933 0)
(-0.055454 -0.0567312 0)
(-0.0368027 -0.0545963 0)
(-0.0153037 -0.0595121 0)
(0.00242484 -0.0344871 0)
(6.48356e-165 0.00193386 0)
(-0.00265874 0.076188 0)
(-0.0487876 0.0963467 0)
(-0.0741237 0.0827329 0)
(-0.100934 0.0750673 0)
(-0.123725 0.0627457 0)
(-0.144052 0.0531313 0)
(-0.158111 0.0411199 0)
(-0.168632 0.0296263 0)
(-0.171083 0.0168552 0)
(-0.166522 0.00372394 0)
(-0.159673 -0.0125579 0)
(-0.150383 -0.0267916 0)
(-0.136526 -0.0416784 0)
(-0.122311 -0.0532101 0)
(-0.101371 -0.0645111 0)
(-0.0831815 -0.0703686 0)
(-0.0560059 -0.0781768 0)
(-0.0361696 -0.0748985 0)
(-0.0079658 -0.0784926 0)
(0.0094708 -0.0363866 0)
(-8.88934e-266 0.00628193 0)
(-0.0580729 0.105213 0)
(-0.0644693 0.123591 0)
(-0.0945177 0.108011 0)
(-0.113694 0.0975449 0)
(-0.137379 0.0822763 0)
(-0.155228 0.0692286 0)
(-0.17057 0.0534259 0)
(-0.180324 0.0370863 0)
(-0.184998 0.0199864 0)
(-0.183599 0.000862781 0)
(-0.177253 -0.0191216 0)
(-0.167561 -0.038045 0)
(-0.151872 -0.0564763 0)
(-0.135428 -0.0718186 0)
(-0.111058 -0.0862337 0)
(-0.0897894 -0.0947911 0)
(-0.0563593 -0.105621 0)
(-0.0324127 -0.101297 0)
(0.0106682 -0.107867 0)
(0.018932 -0.0326397 0)
(-0.0251277 0.0677024 0)
(-0.0680263 0.135225 0)
(-0.0807086 0.135269 0)
(-0.106807 0.130165 0)
(-0.128888 0.118358 0)
(-0.152793 0.103443 0)
(-0.172464 0.086357 0)
(-0.1886 0.0659711 0)
(-0.199411 0.04417 0)
(-0.20459 0.0203745 0)
(-0.203778 -0.00373253 0)
(-0.197498 -0.0284064 0)
(-0.187008 -0.051757 0)
(-0.169796 -0.0738862 0)
(-0.151599 -0.0933115 0)
(-0.123682 -0.110628 0)
(-0.101041 -0.123784 0)
(-0.0600937 -0.136619 0)
(-0.0393878 -0.139823 0)
(0.0240155 -0.13146 0)
(6.20353e-266 -0.00473299 0)
(-0.018772 0.102299 0)
(-0.0546456 0.161325 0)
(-0.0833273 0.163548 0)
(-0.115627 0.156823 0)
(-0.142034 0.144318 0)
(-0.16891 0.126308 0)
(-0.189935 0.105597 0)
(-0.207862 0.0804675 0)
(-0.219439 0.0533508 0)
(-0.225945 0.0240373 0)
(-0.226057 -0.00625694 0)
(-0.220061 -0.0364347 0)
(-0.209015 -0.0658508 0)
(-0.190573 -0.0927821 0)
(-0.170199 -0.117768 0)
(-0.140009 -0.138451 0)
(-0.114235 -0.157261 0)
(-0.0728786 -0.170721 0)
(-0.0485204 -0.181384 0)
(0.0030058 -0.155589 0)
(1.13736e-24 -4.04185e-24 0)
(-0.0157102 0.139425 0)
(-0.0549094 0.197575 0)
(-0.0924299 0.196413 0)
(-0.128633 0.187434 0)
(-0.160036 0.171735 0)
(-0.189271 0.150516 0)
(-0.212551 0.125384 0)
(-0.23178 0.0950981 0)
(-0.244252 0.0623875 0)
(-0.251458 0.0269211 0)
(-0.251838 -0.00940104 0)
(-0.24612 -0.0454547 0)
(-0.234543 -0.0808777 0)
(-0.215385 -0.112843 0)
(-0.193218 -0.143081 0)
(-0.160806 -0.167135 0)
(-0.132187 -0.189177 0)
(-0.0875499 -0.203798 0)
(-0.0598743 -0.212372 0)
(-0.00214051 -0.183291 0)
(4.08357e-77 -2.8434e-25 0)
(-0.0145131 0.174523 0)
(-0.05573 0.239374 0)
(-0.100428 0.23913 0)
(-0.141405 0.225327 0)
(-0.177597 0.206423 0)
(-0.210042 0.179391 0)
(-0.235272 0.149113 0)
(-0.256055 0.11241 0)
(-0.26909 0.0735314 0)
(-0.277204 0.03153 0)
(-0.277902 -0.0115775 0)
(-0.27288 -0.05417 0)
(-0.261115 -0.096909 0)
(-0.24177 -0.135041 0)
(-0.21783 -0.17271 0)
(-0.183077 -0.20127 0)
(-0.150604 -0.23036 0)
(-0.101663 -0.24645 0)
(-0.0702136 -0.265141 0)
(-0.00926454 -0.222131 0)
(9.61741e-165 -1.02089e-77 0)
(-0.0156361 0.207737 0)
(-0.0629016 0.281687 0)
(-0.115325 0.281421 0)
(-0.161618 0.262999 0)
(-0.202283 0.240159 0)
(-0.237323 0.207095 0)
(-0.263533 0.171423 0)
(-0.284842 0.128333 0)
(-0.297423 0.0836486 0)
(-0.305874 0.0355517 0)
(-0.306519 -0.0135965 0)
(-0.302802 -0.0621763 0)
(-0.291546 -0.111752 0)
(-0.273842 -0.155975 0)
(-0.249257 -0.20106 0)
(-0.214688 -0.23441 0)
(-0.178377 -0.268539 0)
(-0.130891 -0.285169 0)
(-0.092798 -0.29936 0)
(-0.0625247 -0.257503 0)
(-4.16731e-266 0.00279334 0)
(-0.0180593 0.255283 0)
(-0.0711238 0.341328 0)
(-0.131177 0.340889 0)
(-0.18272 0.31378 0)
(-0.227073 0.284725 0)
(-0.264187 0.24156 0)
(-0.290209 0.198417 0)
(-0.311351 0.146773 0)
(-0.32259 0.0954261 0)
(-0.33115 0.0407146 0)
(-0.331638 -0.0147059 0)
(-0.32984 -0.0694515 0)
(-0.319911 -0.126774 0)
(-0.305131 -0.178176 0)
(-0.281099 -0.233423 0)
(-0.246133 -0.273831 0)
(-0.205201 -0.315964 0)
(-0.144176 -0.334836 0)
(-0.094693 -0.336022 0)
(-0.0174643 -0.317172 0)
(0.0111734 -0.0738623 0)
(-0.0231614 0.293632 0)
(-0.08725 0.391763 0)
(-0.159308 0.391453 0)
(-0.217857 0.356125 0)
(-0.264461 0.321061 0)
(-0.301901 0.268318 0)
(-0.324342 0.218539 0)
(-0.342956 0.159703 0)
(-0.350305 0.103528 0)
(-0.35789 0.0443665 0)
(-0.35746 -0.0148893 0)
(-0.358561 -0.0734694 0)
(-0.351085 -0.136469 0)
(-0.342478 -0.193779 0)
(-0.321356 -0.259757 0)
(-0.28973 -0.308969 0)
(-0.245545 -0.369171 0)
(-0.166361 -0.394675 0)
(-0.106456 -0.423224 0)
(0.0543145 -0.363291 0)
(1.03148e-231 -0.00279334 0)
(-0.0297873 0.370313 0)
(-0.104454 0.481396 0)
(-0.187793 0.477396 0)
(-0.252102 0.421303 0)
(-0.298848 0.373574 0)
(-0.334804 0.302772 0)
(-0.351685 0.242577 0)
(-0.366593 0.173416 0)
(-0.369014 0.111746 0)
(-0.375251 0.0481446 0)
(-0.373648 -0.0142849 0)
(-0.378044 -0.0758755 0)
(-0.373734 -0.144805 0)
(-0.373604 -0.208436 0)
(-0.358117 -0.28984 0)
(-0.337914 -0.35127 0)
(-0.294746 -0.443663 0)
(-0.223998 -0.47865 0)
(-0.146214 -0.555803 0)
(0.00249157 -0.438757 0)
(8.42474e-203 7.15338e-185 0)
(-0.0454989 0.421342 0)
(-0.143237 0.543319 0)
(-0.245198 0.536042 0)
(-0.316839 0.461717 0)
(-0.356596 0.402754 0)
(-0.386215 0.317562 0)
(-0.389675 0.250216 0)
(-0.396802 0.175203 0)
(-0.389989 0.112235 0)
(-0.39339 0.0487061 0)
(-0.389283 -0.0122016 0)
(-0.39824 -0.0721937 0)
(-0.397942 -0.141196 0)
(-0.411641 -0.206623 0)
(-0.404539 -0.295576 0)
(-0.407062 -0.368092 0)
(-0.366751 -0.481959 0)
(-0.312887 -0.538805 0)
(-0.206652 -0.64543 0)
(-0.00353176 -0.50914 0)
(2.86135e-184 -1.34613e-183 0)
(-0.0626733 0.569564 0)
(-0.180988 0.687638 0)
(-0.295485 0.663203 0)
(-0.369323 0.535919 0)
(-0.398054 0.451798 0)
(-0.419124 0.337263 0)
(-0.408996 0.258258 0)
(-0.408953 0.174325 0)
(-0.394067 0.110371 0)
(-0.395201 0.0478274 0)
(-0.388765 -0.0100336 0)
(-0.401055 -0.0667293 0)
(-0.403924 -0.135009 0)
(-0.428826 -0.201204 0)
(-0.432006 -0.302318 0)
(-0.457733 -0.388531 0)
(-0.434856 -0.551704 0)
(-0.417953 -0.639599 0)
(-0.316813 -0.88327 0)
(-0.161218 -0.655243 0)
(5.25123e-256 -7.15338e-185 0)
(-0.117682 0.650758 0)
(-0.291072 0.762189 0)
(-0.415908 0.718909 0)
(-0.48741 0.553744 0)
(-0.478879 0.451184 0)
(-0.480971 0.322053 0)
(-0.442218 0.239978 0)
(-0.430029 0.15712 0)
(-0.40158 0.0985214 0)
(-0.3994 0.0429768 0)
(-0.389279 -0.00660237 0)
(-0.406773 -0.0547008 0)
(-0.413187 -0.114034 0)
(-0.457363 -0.172774 0)
(-0.472575 -0.267213 0)
(-0.548845 -0.355124 0)
(-0.543924 -0.519947 0)
(-0.650539 -0.643241 0)
(-0.524172 -0.888168 0)
(-0.681034 -0.820022 0)
(-1.39296e-264 -0.0938518 0)
(-0.16262 1.00422 0)
(-0.37314 0.994959 0)
(-0.483133 0.885267 0)
(-0.539527 0.601391 0)
(-0.497472 0.460627 0)
(-0.485052 0.300691 0)
(-0.429256 0.214751 0)
(-0.412082 0.133391 0)
(-0.377571 0.0823292 0)
(-0.37494 0.0357727 0)
(-0.362671 -0.00370828 0)
(-0.381618 -0.0415312 0)
(-0.387831 -0.0898695 0)
(-0.437281 -0.138924 0)
(-0.459396 -0.224161 0)
(-0.551776 -0.311211 0)
(-0.580381 -0.480179 0)
(-0.712376 -0.643719 0)
(-0.689547 -0.925103 0)
(-0.75481 -1.12003 0)
(-0.375407 -0.818563 0)
(-0.356498 1.15133 0)
(-0.669311 1.05306 0)
(-0.641535 0.87696 0)
(-0.644673 0.549232 0)
(-0.492509 0.395678 0)
(-0.447102 0.24345 0)
(-0.349317 0.167376 0)
(-0.321475 0.100661 0)
(-0.274166 0.0615274 0)
(-0.269988 0.0274322 0)
(-0.254356 -0.00042444 0)
(-0.276804 -0.0260399 0)
(-0.283484 -0.0596544 0)
(-0.34637 -0.0919097 0)
(-0.375268 -0.154569 0)
(-0.508976 -0.215522 0)
(-0.560043 -0.360312 0)
(-0.787046 -0.501357 0)
(-0.791414 -0.841573 0)
(-0.894739 -1.08537 0)
(-0.497838 -1.20421 0)
(-0.230416 2.09963 0)
(-0.282115 1.28163 0)
(-0.0163524 0.912029 0)
(0.0691357 0.446614 0)
(0.269471 0.284997 0)
(0.32835 0.152723 0)
(0.431177 0.0977697 0)
(0.457684 0.0557363 0)
(0.504463 0.0333894 0)
(0.507746 0.0156723 0)
(0.525293 0.00166035 0)
(0.505736 -0.0103077 0)
(0.506576 -0.026709 0)
(0.453048 -0.0419087 0)
(0.441725 -0.0774609 0)
(0.326111 -0.116872 0)
(0.301592 -0.23839 0)
(0.0746285 -0.398099 0)
(0.039712 -0.89253 0)
(-0.290356 -1.4069 0)
(-0.187428 -2.31136 0)
(1.61013 1.55043 0)
(2.31858 0.772389 0)
(3.53825 0.518439 0)
(3.82477 0.234978 0)
(4.18308 0.139431 0)
(4.27235 0.0684767 0)
(4.39045 0.0405073 0)
(4.41824 0.021794 0)
(4.46254 0.0123357 0)
(4.46614 0.0058695 0)
(4.48309 0.000840919 0)
(4.4677 -0.00338009 0)
(4.47219 -0.00956468 0)
(4.42692 -0.0159553 0)
(4.42246 -0.0322155 0)
(4.30633 -0.0501748 0)
(4.27406 -0.112571 0)
(3.93056 -0.183681 0)
(3.73573 -0.458479 0)
(2.51229 -0.739678 0)
(1.68985 -1.54422 0)
)
;

boundaryField
{
    movingWall
    {
        type            fixedValue;
        value           uniform (10 0 0);
    }
    fixedWalls
    {
        type            noSlip;
    }
    frontAndBack
    {
        type            empty;
    }
}


// ************************************************************************* //
