/*--------------------------------*- C++ -*----------------------------------*\
| =========                 |                                                 |
| \\      /  F ield         | OpenFOAM: The Open Source CFD Toolbox           |
|  \\    /   O peration     | Version:  4.1                                   |
|   \\  /    A nd           | Web:      www.OpenFOAM.org                      |
|    \\/     M anipulation  |                                                 |
\*---------------------------------------------------------------------------*/
FoamFile
{
    version     2.0;
    format      ascii;
    class       volVectorField;
    location    "0.0689";
    object      U;
}
// * * * * * * * * * * * * * * * * * * * * * * * * * * * * * * * * * * * * * //

dimensions      [0 1 -1 0 0 0 0];

internalField   nonuniform List<vector> 
441
(
(0.0035634 -0.00470271 0)
(0.00924257 -0.00254265 0)
(-0.000635664 -2.18848e-165 0)
(0.00186255 -3.11946e-266 0)
(-0.00845369 -0.00745075 0)
(-0.00186255 -2.92222e-232 0)
(-1.11327e-202 -5.23443e-203 0)
(-1.30848e-203 -6.8361e-228 0)
(-1.63627e-212 -2.96924e-213 0)
(-0.00583577 8.68426e-266 0)
(-0.0712716 0.0233449 0)
(-0.0898526 0.0122892 0)
(-0.101687 0.00570242 0)
(-0.0901707 0.00050619 0)
(-0.0750805 -0.0014554 0)
(-0.051056 -0.00282191 0)
(-0.0301281 -0.00207759 0)
(-0.0110234 -0.00164707 0)
(0.00103915 0.000543523 0)
(0.00355281 0.00127207 0)
(0.00434688 0.00281416 0)
(0.00358414 -0.00791389 0)
(-0.00139197 0.00668405 0)
(-0.027108 0.00815487 0)
(-0.0576774 0.0105897 0)
(-0.103014 0.010337 0)
(-0.145369 -0.00351183 0)
(-0.18504 -0.000225538 0)
(-0.222999 0.00153875 0)
(-0.256662 0.0125015 0)
(-0.290738 0.0634065 0)
(-0.314207 0.0586183 0)
(-0.309227 0.018519 0)
(-0.296128 -0.00592949 0)
(-0.25729 -0.0278643 0)
(-0.211474 -0.0378007 0)
(-0.152875 -0.0434025 0)
(-0.0994085 -0.0377621 0)
(-0.05099 -0.030777 0)
(-0.0175195 -0.0146125 0)
(-0.00241846 -0.00531406 0)
(0.00464747 0.00530829 0)
(0.0071802 -0.00741289 0)
(-0.00532039 0.0277628 0)
(-0.0525551 0.0549077 0)
(-0.115986 0.0734798 0)
(-0.192996 0.0791146 0)
(-0.272487 0.0780492 0)
(-0.35752 0.0749084 0)
(-0.426195 0.0692809 0)
(-0.493801 0.0651456 0)
(-0.526756 0.0619346 0)
(-0.523064 0.0427436 0)
(-0.506639 -0.0045968 0)
(-0.473088 -0.045559 0)
(-0.412958 -0.0839661 0)
(-0.340947 -0.104913 0)
(-0.252796 -0.115176 0)
(-0.170449 -0.102789 0)
(-0.0940458 -0.0840514 0)
(-0.039417 -0.0469312 0)
(-0.00912708 -0.0213334 0)
(0.00605651 0.00545342 0)
(0.00615732 -0.0100653 0)
(-0.0152849 0.0681256 0)
(-0.0923588 0.118821 0)
(-0.182767 0.153362 0)
(-0.288922 0.167199 0)
(-0.395405 0.163684 0)
(-0.499997 0.155121 0)
(-0.59028 0.138684 0)
(-0.66464 0.115399 0)
(-0.708602 0.0900398 0)
(-0.717869 0.0382462 0)
(-0.696456 -0.0325669 0)
(-0.650967 -0.0997553 0)
(-0.571439 -0.161168 0)
(-0.475577 -0.197787 0)
(-0.358154 -0.215414 0)
(-0.246704 -0.195949 0)
(-0.140486 -0.163476 0)
(-0.0631694 -0.0986613 0)
(-0.0159295 -0.0521715 0)
(0.00777117 0.00261912 0)
(6.64289e-165 0.00153933 0)
(-0.0229928 0.125834 0)
(-0.133379 0.221615 0)
(-0.245909 0.268639 0)
(-0.379544 0.290685 0)
(-0.509129 0.287336 0)
(-0.63793 0.268522 0)
(-0.746927 0.232864 0)
(-0.837686 0.182775 0)
(-0.891672 0.115851 0)
(-0.908718 0.0310134 0)
(-0.888769 -0.0712498 0)
(-0.836125 -0.16981 0)
(-0.741481 -0.259708 0)
(-0.623634 -0.31711 0)
(-0.475191 -0.344935 0)
(-0.3322 -0.318968 0)
(-0.18952 -0.268708 0)
(-0.0870233 -0.169779 0)
(-0.0176082 -0.0931469 0)
(0.0143715 -0.00190764 0)
(-5.39099e-266 0.00552907 0)
(-0.0851619 0.206132 0)
(-0.186022 0.339811 0)
(-0.320904 0.401337 0)
(-0.466927 0.430307 0)
(-0.616483 0.423134 0)
(-0.760904 0.393542 0)
(-0.888513 0.338692 0)
(-0.994231 0.261006 0)
(-1.06522 0.160294 0)
(-1.09915 0.0356381 0)
(-1.08745 -0.10618 0)
(-1.03581 -0.246791 0)
(-0.930513 -0.375272 0)
(-0.793233 -0.463619 0)
(-0.612264 -0.509311 0)
(-0.4335 -0.480563 0)
(-0.247789 -0.411793 0)
(-0.114628 -0.268598 0)
(-0.0188669 -0.156786 0)
(0.0161237 0.000673505 0)
(-0.0221163 0.089862 0)
(-0.118576 0.308363 0)
(-0.234859 0.457731 0)
(-0.383312 0.547754 0)
(-0.547645 0.585473 0)
(-0.715117 0.579883 0)
(-0.87942 0.539762 0)
(-1.02681 0.465276 0)
(-1.15333 0.359258 0)
(-1.24468 0.220521 0)
(-1.29835 0.0537297 0)
(-1.3012 -0.134913 0)
(-1.25697 -0.325747 0)
(-1.14693 -0.503215 0)
(-0.99414 -0.633891 0)
(-0.779116 -0.706531 0)
(-0.56159 -0.681165 0)
(-0.319537 -0.590015 0)
(-0.153025 -0.395459 0)
(-0.00600758 -0.225737 0)
(5.9022e-266 -0.00403093 0)
(-0.016272 0.14863 0)
(-0.113432 0.420022 0)
(-0.257098 0.605115 0)
(-0.425648 0.714907 0)
(-0.609655 0.762362 0)
(-0.796246 0.755209 0)
(-0.979253 0.70555 0)
(-1.14795 0.612472 0)
(-1.29687 0.479297 0)
(-1.41341 0.304751 0)
(-1.49287 0.0925641 0)
(-1.51801 -0.148648 0)
(-1.49028 -0.400551 0)
(-1.38434 -0.640322 0)
(-1.22287 -0.830738 0)
(-0.977356 -0.945989 0)
(-0.717801 -0.93849 0)
(-0.413831 -0.826661 0)
(-0.19946 -0.577518 0)
(-0.00335189 -0.319291 0)
(2.5194e-24 -1.11541e-24 0)
(-0.0144585 0.216049 0)
(-0.117323 0.547358 0)
(-0.277855 0.768371 0)
(-0.461659 0.898487 0)
(-0.662545 0.954781 0)
(-0.865187 0.947891 0)
(-1.06574 0.890566 0)
(-1.25437 0.781741 0)
(-1.42618 0.624461 0)
(-1.56931 0.415861 0)
(-1.67758 0.158905 0)
(-1.73157 -0.13806 0)
(-1.72915 -0.457995 0)
(-1.63867 -0.771934 0)
(-1.47983 -1.03871 0)
(-1.21219 -1.21479 0)
(-0.913976 -1.24104 0)
(-0.541375 -1.11362 0)
(-0.268847 -0.798277 0)
(-0.00480807 -0.432969 0)
(1.02904e-76 -6.29849e-25 0)
(-0.0126554 0.281009 0)
(-0.115896 0.685118 0)
(-0.286779 0.950199 0)
(-0.480389 1.10018 0)
(-0.692427 1.16632 0)
(-0.906168 1.15836 0)
(-1.11866 1.09497 0)
(-1.32283 0.972464 0)
(-1.51345 0.794387 0)
(-1.6815 0.55541 0)
(-1.8191 0.255119 0)
(-1.90652 -0.0982854 0)
(-1.93797 -0.492819 0)
(-1.87613 -0.892305 0)
(-1.73515 -1.25639 0)
(-1.46106 -1.5178 0)
(-1.13323 -1.60779 0)
(-0.692636 -1.48207 0)
(-0.352037 -1.10847 0)
(-0.00678821 -0.603326 0)
(2.86691e-164 -2.57261e-77 0)
(-0.0128455 0.34121 0)
(-0.118257 0.819743 0)
(-0.296167 1.13058 0)
(-0.494739 1.30188 0)
(-0.710853 1.37887 0)
(-0.927788 1.37209 0)
(-1.14292 1.30611 0)
(-1.35328 1.17503 0)
(-1.5531 0.982692 0)
(-1.73845 0.720624 0)
(-1.89966 0.384488 0)
(-2.02063 -0.0196338 0)
(-2.09108 -0.486425 0)
(-2.0719 -0.975719 0)
(-1.96834 -1.45044 0)
(-1.71301 -1.82053 0)
(-1.37823 -2.00455 0)
(-0.885995 -1.90303 0)
(-0.476602 -1.47251 0)
(-0.0784295 -0.798043 0)
(1.76381e-265 0.0131045 0)
(-0.0135972 0.413026 0)
(-0.116995 0.97061 0)
(-0.294979 1.32818 0)
(-0.489923 1.51557 0)
(-0.699537 1.60052 0)
(-0.908186 1.59036 0)
(-1.1127 1.52108 0)
(-1.31544 1.38215 0)
(-1.50971 1.17967 0)
(-1.6986 0.901196 0)
(-1.87152 0.537325 0)
(-2.01901 0.0920732 0)
(-2.12806 -0.441034 0)
(-2.16133 -1.01733 0)
(-2.11471 -1.6142 0)
(-1.90814 -2.11451 0)
(-1.5953 -2.43367 0)
(-1.06991 -2.398 0)
(-0.577319 -1.91022 0)
(-0.0748962 -1.09957 0)
(0.052418 -0.0741512 0)
(-0.0170997 0.467433 0)
(-0.122611 1.09818 0)
(-0.302522 1.50061 0)
(-0.489785 1.70313 0)
(-0.682206 1.79531 0)
(-0.869301 1.78267 0)
(-1.04484 1.71238 0)
(-1.22105 1.57047 0)
(-1.38779 1.36555 0)
(-1.55988 1.08187 0)
(-1.72375 0.705577 0)
(-1.8836 0.237302 0)
(-2.02143 -0.341516 0)
(-2.11233 -0.988321 0)
(-2.13859 -1.69832 0)
(-2.01541 -2.34175 0)
(-1.77244 -2.83624 0)
(-1.23917 -2.92988 0)
(-0.710087 -2.46107 0)
(0.0412617 -1.43484 0)
(2.41955e-231 -0.0131045 0)
(-0.0218678 0.555674 0)
(-0.12666 1.25909 0)
(-0.301323 1.69922 0)
(-0.470629 1.89635 0)
(-0.632024 1.98319 0)
(-0.781721 1.95336 0)
(-0.909804 1.8748 0)
(-1.039 1.72518 0)
(-1.15541 1.51925 0)
(-1.28618 1.23715 0)
(-1.41586 0.860953 0)
(-1.56394 0.389735 0)
(-1.71175 -0.212417 0)
(-1.85154 -0.900624 0)
(-1.95996 -1.7102 0)
(-1.95749 -2.48492 0)
(-1.84495 -3.2086 0)
(-1.40992 -3.47853 0)
(-0.891853 -3.18443 0)
(-0.00321462 -1.84698 0)
(5.78015e-202 4.56689e-184 0)
(-0.0380135 0.608992 0)
(-0.159332 1.37158 0)
(-0.338462 1.84081 0)
(-0.488 2.02839 0)
(-0.60071 2.1049 0)
(-0.694537 2.05712 0)
(-0.748059 1.9695 0)
(-0.805483 1.81494 0)
(-0.842209 1.61333 0)
(-0.904909 1.34312 0)
(-0.9693 0.984727 0)
(-1.07977 0.535781 0)
(-1.20667 -0.0506562 0)
(-1.38248 -0.736037 0)
(-1.55822 -1.58433 0)
(-1.71314 -2.45344 0)
(-1.76884 -3.36746 0)
(-1.54679 -3.89165 0)
(-1.11358 -3.84445 0)
(-0.0112711 -2.35686 0)
(1.82676e-183 -9.12773e-185 0)
(-0.056774 0.761108 0)
(-0.194707 1.56386 0)
(-0.366726 2.03739 0)
(-0.481933 2.16003 0)
(-0.528486 2.19696 0)
(-0.547823 2.1015 0)
(-0.508252 1.9901 0)
(-0.473621 1.82021 0)
(-0.409982 1.62058 0)
(-0.380188 1.36569 0)
(-0.353148 1.03584 0)
(-0.392384 0.629536 0)
(-0.464419 0.0886717 0)
(-0.632283 -0.545592 0)
(-0.84881 -1.38261 0)
(-1.13897 -2.2707 0)
(-1.41955 -3.37969 0)
(-1.52331 -4.1406 0)
(-1.40832 -4.73709 0)
(-0.464196 -3.00772 0)
(4.39294e-254 -4.56689e-184 0)
(-0.122516 0.846611 0)
(-0.328152 1.66844 0)
(-0.492436 2.12297 0)
(-0.559735 2.18051 0)
(-0.489368 2.17012 0)
(-0.398632 2.03201 0)
(-0.221332 1.89634 0)
(-0.0643423 1.71575 0)
(0.130371 1.52154 0)
(0.274198 1.2888 0)
(0.417036 0.999222 0)
(0.466309 0.653094 0)
(0.480706 0.192996 0)
(0.336164 -0.342206 0)
(0.134254 -1.06959 0)
(-0.31466 -1.87159 0)
(-0.756653 -2.95697 0)
(-1.48428 -3.90179 0)
(-1.6614 -4.81336 0)
(-2.06998 -3.84152 0)
(-2.5771e-264 -0.215207 0)
(-0.178522 1.23333 0)
(-0.423129 1.93814 0)
(-0.520174 2.29135 0)
(-0.485692 2.15721 0)
(-0.260638 2.0497 0)
(-0.0255394 1.83307 0)
(0.306915 1.6624 0)
(0.602337 1.46861 0)
(0.933896 1.28419 0)
(1.19933 1.08087 0)
(1.46048 0.843255 0)
(1.61237 0.570909 0)
(1.72508 0.215494 0)
(1.65623 -0.189616 0)
(1.5128 -0.742596 0)
(1.07546 -1.36341 0)
(0.546859 -2.24133 0)
(-0.374766 -3.19189 0)
(-1.09768 -4.24128 0)
(-1.84474 -4.52012 0)
(-0.860828 -2.31214 0)
(-0.400291 1.41398 0)
(-0.727638 1.98141 0)
(-0.527225 2.17974 0)
(-0.255065 1.90405 0)
(0.291042 1.71094 0)
(0.744667 1.45649 0)
(1.29008 1.27043 0)
(1.7391 1.08672 0)
(2.20824 0.926496 0)
(2.57832 0.765165 0)
(2.93504 0.588572 0)
(3.15915 0.397199 0)
(3.34682 0.152593 0)
(3.32455 -0.11428 0)
(3.25079 -0.485208 0)
(2.82858 -0.88365 0)
(2.36037 -1.50744 0)
(1.34321 -2.22757 0)
(0.444198 -3.34836 0)
(-0.712678 -4.00057 0)
(-0.700304 -2.96314 0)
(-0.256583 2.42316 0)
(-0.102144 2.05973 0)
(0.683781 1.86924 0)
(1.327 1.33093 0)
(2.13726 1.07017 0)
(2.75778 0.827063 0)
(3.4053 0.674049 0)
(3.91286 0.54619 0)
(4.40907 0.445427 0)
(4.78905 0.353762 0)
(5.14345 0.260852 0)
(5.36478 0.164467 0)
(5.5506 0.0467799 0)
(5.54176 -0.0807614 0)
(5.49522 -0.256574 0)
(5.13461 -0.451417 0)
(4.74941 -0.78728 0)
(3.82151 -1.24339 0)
(2.86083 -2.25352 0)
(1.08975 -3.32965 0)
(-0.0457247 -3.79931 0)
(1.66777 1.67008 0)
(2.70506 0.975169 0)
(4.54614 0.748602 0)
(5.38413 0.423574 0)
(6.24932 0.285788 0)
(6.75648 0.177234 0)
(7.23291 0.120489 0)
(7.55362 0.0803433 0)
(7.8497 0.0542459 0)
(8.05154 0.0340619 0)
(8.23416 0.0160798 0)
(8.3254 -0.000915904 0)
(8.40067 -0.0218969 0)
(8.34638 -0.0427567 0)
(8.28857 -0.0782867 0)
(8.00439 -0.111559 0)
(7.75033 -0.201054 0)
(6.99711 -0.293816 0)
(6.26337 -0.625846 0)
(4.04634 -0.997947 0)
(2.00599 -1.8187 0)
)
;

boundaryField
{
    movingWall
    {
        type            fixedValue;
        value           uniform (10 0 0);
    }
    fixedWalls
    {
        type            noSlip;
    }
    frontAndBack
    {
        type            empty;
    }
}


// ************************************************************************* //
