/*--------------------------------*- C++ -*----------------------------------*\
| =========                 |                                                 |
| \\      /  F ield         | OpenFOAM: The Open Source CFD Toolbox           |
|  \\    /   O peration     | Version:  4.1                                   |
|   \\  /    A nd           | Web:      www.OpenFOAM.org                      |
|    \\/     M anipulation  |                                                 |
\*---------------------------------------------------------------------------*/
FoamFile
{
    version     2.0;
    format      ascii;
    class       volVectorField;
    location    "0.053";
    object      U;
}
// * * * * * * * * * * * * * * * * * * * * * * * * * * * * * * * * * * * * * //

dimensions      [0 1 -1 0 0 0 0];

internalField   nonuniform List<vector> 
441
(
(0.00340501 -0.00460027 0)
(0.00872222 -0.00256503 0)
(-0.00064127 -2.17929e-165 0)
(0.0017481 -2.8741e-266 0)
(-0.00869536 -0.00699298 0)
(-0.0017481 -2.77034e-232 0)
(-1.09063e-202 -4.75449e-203 0)
(-1.18846e-203 -6.1246e-228 0)
(-1.52824e-212 -2.62163e-213 0)
(-0.00542696 8.13267e-266 0)
(-0.0656893 0.0217101 0)
(-0.0830857 0.0115368 0)
(-0.0945338 0.00545975 0)
(-0.084675 0.000679703 0)
(-0.071686 -0.00114285 0)
(-0.0501965 -0.00248921 0)
(-0.0312034 -0.00190824 0)
(-0.0131979 -0.0016632 0)
(-0.00117158 0.000295376 0)
(0.00231063 0.000959139 0)
(0.00403176 0.00256192 0)
(0.00331728 -0.00733167 0)
(-0.00199164 0.00657198 0)
(-0.0270148 0.00784129 0)
(-0.0562239 0.0105652 0)
(-0.0989901 0.00970227 0)
(-0.138072 -0.00394294 0)
(-0.174133 -0.000347375 0)
(-0.208071 0.0013649 0)
(-0.237813 0.011471 0)
(-0.267942 0.0583313 0)
(-0.288783 0.0540694 0)
(-0.284103 0.0176453 0)
(-0.272988 -0.0043405 0)
(-0.238744 -0.0242262 0)
(-0.198484 -0.033416 0)
(-0.146008 -0.0391836 0)
(-0.0975595 -0.0348727 0)
(-0.0524593 -0.0295794 0)
(-0.0201231 -0.0153196 0)
(-0.00412762 -0.00690534 0)
(0.00421956 0.00399753 0)
(0.00671664 -0.00646213 0)
(-0.00559134 0.0273817 0)
(-0.0510013 0.0528639 0)
(-0.110876 0.0697163 0)
(-0.182534 0.0737926 0)
(-0.255895 0.0713894 0)
(-0.333265 0.0675258 0)
(-0.394315 0.0615752 0)
(-0.454162 0.0575681 0)
(-0.48219 0.0550849 0)
(-0.477541 0.0387446 0)
(-0.462307 -0.00315091 0)
(-0.432735 -0.0392459 0)
(-0.379552 -0.073667 0)
(-0.316029 -0.0929526 0)
(-0.237143 -0.103696 0)
(-0.162795 -0.0943182 0)
(-0.0922704 -0.0795943 0)
(-0.0405688 -0.046961 0)
(-0.0104424 -0.0238015 0)
(0.00557986 0.00309559 0)
(0.00597174 -0.00870186 0)
(-0.0141568 0.0659217 0)
(-0.0869824 0.113174 0)
(-0.171342 0.144281 0)
(-0.269446 0.155065 0)
(-0.366759 0.149327 0)
(-0.46119 0.139555 0)
(-0.54146 0.123044 0)
(-0.606885 0.101448 0)
(-0.644697 0.0792184 0)
(-0.651776 0.0339454 0)
(-0.631942 -0.028221 0)
(-0.591655 -0.0872108 0)
(-0.521083 -0.14203 0)
(-0.43629 -0.17562 0)
(-0.331186 -0.19385 0)
(-0.230838 -0.17918 0)
(-0.133488 -0.153412 0)
(-0.0614662 -0.0963092 0)
(-0.0160778 -0.0544131 0)
(0.00739083 -0.000494374 0)
(6.33848e-165 0.00149294 0)
(-0.020949 0.11991 0)
(-0.124066 0.209303 0)
(-0.228 0.250867 0)
(-0.35063 0.268226 0)
(-0.468312 0.261475 0)
(-0.584191 0.241096 0)
(-0.680931 0.206316 0)
(-0.760889 0.16021 0)
(-0.807551 0.100626 0)
(-0.82165 0.026411 0)
(-0.803225 -0.0630373 0)
(-0.756618 -0.149347 0)
(-0.672519 -0.229349 0)
(-0.568097 -0.281766 0)
(-0.435068 -0.309963 0)
(-0.306549 -0.290549 0)
(-0.176295 -0.250022 0)
(-0.0819196 -0.162702 0)
(-0.0165384 -0.0934881 0)
(0.0139483 -0.00477548 0)
(-5.16338e-266 0.00521797 0)
(-0.0795669 0.194407 0)
(-0.172021 0.31843 0)
(-0.295788 0.372589 0)
(-0.428721 0.395306 0)
(-0.563974 0.383929 0)
(-0.693493 0.352777 0)
(-0.806956 0.299991 0)
(-0.900429 0.228865 0)
(-0.962719 0.139233 0)
(-0.992443 0.0298949 0)
(-0.981774 -0.0942282 0)
(-0.936298 -0.217657 0)
(-0.842576 -0.33207 0)
(-0.720525 -0.412584 0)
(-0.557828 -0.457719 0)
(-0.396886 -0.436892 0)
(-0.227495 -0.381054 0)
(-0.105548 -0.254161 0)
(-0.0160037 -0.153426 0)
(0.016071 -0.0018935 0)
(-0.0208719 0.0841602 0)
(-0.110295 0.288569 0)
(-0.216664 0.425929 0)
(-0.35238 0.505886 0)
(-0.501844 0.535725 0)
(-0.653294 0.524942 0)
(-0.80102 0.483399 0)
(-0.932783 0.412432 0)
(-1.04569 0.315809 0)
(-1.12715 0.192416 0)
(-1.17551 0.0459583 0)
(-1.17862 -0.119473 0)
(-1.14017 -0.287556 0)
(-1.04193 -0.445968 0)
(-0.905319 -0.565035 0)
(-0.710709 -0.635298 0)
(-0.513941 -0.618616 0)
(-0.292401 -0.543629 0)
(-0.140522 -0.371043 0)
(-0.00345025 -0.216869 0)
(5.78169e-266 -0.00401775 0)
(-0.0152288 0.138723 0)
(-0.104878 0.391314 0)
(-0.236973 0.561131 0)
(-0.39156 0.658574 0)
(-0.559618 0.696547 0)
(-0.729264 0.683461 0)
(-0.894978 0.632639 0)
(-1.04739 0.544585 0)
(-1.18211 0.423655 0)
(-1.28806 0.268522 0)
(-1.36135 0.0817552 0)
(-1.38584 -0.130615 0)
(-1.36286 -0.353853 0)
(-1.2679 -0.569023 0)
(-1.1221 -0.743088 0)
(-0.897646 -0.852978 0)
(-0.660438 -0.853517 0)
(-0.380667 -0.760482 0)
(-0.184045 -0.538593 0)
(-0.00279266 -0.30318 0)
(2.36981e-24 -1.20891e-24 0)
(-0.0134687 0.200962 0)
(-0.108807 0.508557 0)
(-0.257609 0.711165 0)
(-0.427505 0.826831 0)
(-0.61266 0.872281 0)
(-0.798786 0.858851 0)
(-0.982621 0.800757 0)
(-1.15564 0.698527 0)
(-1.31383 0.556291 0)
(-1.44672 0.371049 0)
(-1.54869 0.144301 0)
(-1.60129 -0.118493 0)
(-1.60215 -0.404127 0)
(-1.52055 -0.687941 0)
(-1.37499 -0.933133 0)
(-1.12654 -1.09987 0)
(-0.849826 -1.13198 0)
(-0.502721 -1.02489 0)
(-0.250129 -0.741582 0)
(-0.0044744 -0.408182 0)
(9.7336e-77 -5.92452e-25 0)
(-0.0118791 0.261661 0)
(-0.108639 0.637136 0)
(-0.269069 0.880657 0)
(-0.450319 1.01428 0)
(-0.648437 1.06837 0)
(-0.847734 1.05347 0)
(-1.04582 0.98981 0)
(-1.23676 0.875423 0)
(-1.41603 0.714925 0)
(-1.57561 0.502672 0)
(-1.70785 0.236578 0)
(-1.79364 -0.0783675 0)
(-1.82666 -0.434043 0)
(-1.77053 -0.798767 0)
(-1.63844 -1.13634 0)
(-1.37879 -1.38381 0)
(-1.06836 -1.4758 0)
(-0.65142 -1.36991 0)
(-0.330766 -1.03142 0)
(-0.00614786 -0.567794 0)
(2.72009e-164 -2.4334e-77 0)
(-0.0123335 0.318233 0)
(-0.113221 0.764053 0)
(-0.28353 1.05068 0)
(-0.472963 1.20405 0)
(-0.678783 1.26812 0)
(-0.885211 1.25431 0)
(-1.09017 1.18876 0)
(-1.29159 1.0673 0)
(-1.48411 0.894731 0)
(-1.66435 0.662 0)
(-1.82242 0.362831 0)
(-1.94227 -0.000161132 0)
(-2.01275 -0.425412 0)
(-1.99539 -0.877142 0)
(-1.89469 -1.32171 0)
(-1.64623 -1.67357 0)
(-1.32116 -1.85454 0)
(-0.846163 -1.77016 0)
(-0.45386 -1.37564 0)
(-0.0739122 -0.751237 0)
(1.70881e-265 0.0126756 0)
(-0.0134771 0.388188 0)
(-0.115298 0.910506 0)
(-0.289999 1.24196 0)
(-0.480617 1.41028 0)
(-0.685256 1.48182 0)
(-0.889045 1.46483 0)
(-1.08932 1.39683 0)
(-1.28901 1.26887 0)
(-1.48151 1.08777 0)
(-1.66991 0.840143 0)
(-1.8429 0.514385 0)
(-1.99052 0.110789 0)
(-2.09852 -0.380624 0)
(-2.12972 -0.919204 0)
(-2.07939 -1.4847 0)
(-1.87052 -1.96387 0)
(-1.55719 -2.27494 0)
(-1.0394 -2.25101 0)
(-0.558142 -1.79805 0)
(-0.0725465 -1.04065 0)
(0.0507025 -0.069716 0)
(-0.0174421 0.442676 0)
(-0.124975 1.03765 0)
(-0.306971 1.41312 0)
(-0.495904 1.59602 0)
(-0.689936 1.67474 0)
(-0.879023 1.65577 0)
(-1.05734 1.58771 0)
(-1.23725 1.45786 0)
(-1.40837 1.27522 0)
(-1.58498 1.02269 0)
(-1.75246 0.683934 0)
(-1.91404 0.255664 0)
(-2.05027 -0.2839 0)
(-2.13594 -0.895726 0)
(-2.15256 -1.57598 0)
(-2.01813 -2.19771 0)
(-1.76321 -2.67946 0)
(-1.22567 -2.77781 0)
(-0.697321 -2.33598 0)
(0.0383767 -1.36678 0)
(2.34144e-231 -0.0126756 0)
(-0.0227122 0.533507 0)
(-0.13339 1.2031 0)
(-0.315936 1.61672 0)
(-0.493419 1.79432 0)
(-0.663493 1.86804 0)
(-0.822356 1.83251 0)
(-0.960272 1.75691 0)
(-1.09963 1.61983 0)
(-1.22595 1.43605 0)
(-1.36543 1.184 0)
(-1.50146 0.843089 0)
(-1.65242 0.408317 0)
(-1.79833 -0.159164 0)
(-1.93069 -0.817655 0)
(-2.02545 -1.60205 0)
(-2.00449 -2.35773 0)
(-1.87027 -3.06674 0)
(-1.41714 -3.33493 0)
(-0.887626 -3.0565 0)
(-0.00354303 -1.77422 0)
(5.6918e-202 4.52629e-184 0)
(-0.0392778 0.591709 0)
(-0.169866 1.3248 0)
(-0.362148 1.76927 0)
(-0.525883 1.93805 0)
(-0.653822 2.00203 0)
(-0.76325 1.94909 0)
(-0.832638 1.86466 0)
(-0.905282 1.72221 0)
(-0.955765 1.54138 0)
(-1.02952 1.29875 0)
(-1.10134 0.972028 0)
(-1.21458 0.554811 0)
(-1.33895 -0.00267848 0)
(-1.50612 -0.664812 0)
(-1.66664 -1.49452 0)
(-1.79971 -2.34989 0)
(-1.82814 -3.25113 0)
(-1.57794 -3.76944 0)
(-1.12122 -3.72684 0)
(-0.0108969 -2.28405 0)
(1.81052e-183 -1.33844e-185 0)
(-0.0582686 0.750579 0)
(-0.207565 1.53027 0)
(-0.396325 1.98211 0)
(-0.530091 2.08735 0)
(-0.596687 2.1125 0)
(-0.636212 2.01201 0)
(-0.61651 1.90315 0)
(-0.600006 1.74368 0)
(-0.551785 1.56199 0)
(-0.533326 1.33078 0)
(-0.512895 1.0279 0)
(-0.553371 0.648069 0)
(-0.621414 0.130496 0)
(-0.779771 -0.486697 0)
(-0.98142 -1.3117 0)
(-1.25016 -2.19281 0)
(-1.50344 -3.29364 0)
(-1.57414 -4.04904 0)
(-1.42861 -4.64136 0)
(-0.460814 -2.94228 0)
(4.37235e-254 -4.52629e-184 0)
(-0.123857 0.843468 0)
(-0.340602 1.6497 0)
(-0.522314 2.08654 0)
(-0.60955 2.12868 0)
(-0.56115 2.10736 0)
(-0.492415 1.96397 0)
(-0.336491 1.82939 0)
(-0.198411 1.65647 0)
(-0.019136 1.4762 0)
(0.114226 1.26219 0)
(0.252003 0.994147 0)
(0.302079 0.669146 0)
(0.32228 0.227276 0)
(0.188392 -0.295483 0)
(0.000443395 -1.01611 0)
(-0.429381 -1.8167 0)
(-0.848891 -2.90106 0)
(-1.54464 -3.84338 0)
(-1.69207 -4.75128 0)
(-2.06319 -3.78897 0)
(-2.55027e-264 -0.213745 0)
(-0.179146 1.23636 0)
(-0.431533 1.93302 0)
(-0.542804 2.27331 0)
(-0.5258 2.12646 0)
(-0.320988 2.00922 0)
(-0.106619 1.78705 0)
(0.205384 1.61578 0)
(0.482672 1.42647 0)
(0.799488 1.25145 0)
(1.05518 1.06139 0)
(1.31213 0.839407 0)
(1.4658 0.582659 0)
(1.58538 0.240727 0)
(1.52778 -0.155382 0)
(1.39799 -0.704585 0)
(0.976681 -1.32685 0)
(0.465139 -2.20894 0)
(-0.434384 -3.16183 0)
(-1.13309 -4.21158 0)
(-1.85095 -4.48805 0)
(-0.854979 -2.30268 0)
(-0.399822 1.41971 0)
(-0.729173 1.98465 0)
(-0.536306 2.17496 0)
(-0.275674 1.89006 0)
(0.255161 1.68927 0)
(0.691867 1.42984 0)
(1.21956 1.24219 0)
(1.65213 1.06042 0)
(2.10733 0.905592 0)
(2.46775 0.752399 0)
(2.81988 0.585723 0)
(3.04518 0.404426 0)
(3.23916 0.168611 0)
(3.22767 -0.0924266 0)
(3.16692 -0.461218 0)
(2.75911 -0.861484 0)
(2.30403 -1.48999 0)
(1.30076 -2.21473 0)
(0.415346 -3.33844 0)
(-0.724706 -3.98981 0)
(-0.69856 -2.96104 0)
(-0.255463 2.4272 0)
(-0.0982027 2.06417 0)
(0.687198 1.87042 0)
(1.32576 1.32732 0)
(2.12714 1.06223 0)
(2.73605 0.816109 0)
(3.37019 0.661893 0)
(3.86455 0.53468 0)
(4.34906 0.436342 0)
(4.72058 0.348482 0)
(5.07067 0.260222 0)
(5.29263 0.168515 0)
(5.4836 0.0547469 0)
(5.48382 -0.0703951 0)
(5.44831 -0.24583 0)
(5.09941 -0.442175 0)
(4.72415 -0.781321 0)
(3.80437 -1.24046 0)
(2.84953 -2.25325 0)
(1.08458 -3.32831 0)
(-0.0447277 -3.80006 0)
(1.66862 1.67091 0)
(2.70891 0.976187 0)
(4.55221 0.749237 0)
(5.38985 0.423451 0)
(6.25186 0.284947 0)
(6.75372 0.175916 0)
(7.2235 0.119037 0)
(7.5375 0.0790775 0)
(7.82771 0.0534642 0)
(8.02563 0.033943 0)
(8.20676 0.0167006 0)
(8.29938 0.000339985 0)
(8.37839 -0.0202196 0)
(8.32985 -0.0410223 0)
(8.27821 -0.0768539 0)
(8 -0.110761 0)
(7.7499 -0.201086 0)
(6.99884 -0.294555 0)
(6.26503 -0.627135 0)
(4.04726 -0.999183 0)
(2.00744 -1.82028 0)
)
;

boundaryField
{
    movingWall
    {
        type            fixedValue;
        value           uniform (10 0 0);
    }
    fixedWalls
    {
        type            noSlip;
    }
    frontAndBack
    {
        type            empty;
    }
}


// ************************************************************************* //
