/*--------------------------------*- C++ -*----------------------------------*\
| =========                 |                                                 |
| \\      /  F ield         | OpenFOAM: The Open Source CFD Toolbox           |
|  \\    /   O peration     | Version:  4.1                                   |
|   \\  /    A nd           | Web:      www.OpenFOAM.org                      |
|    \\/     M anipulation  |                                                 |
\*---------------------------------------------------------------------------*/
FoamFile
{
    version     2.0;
    format      ascii;
    class       volVectorField;
    location    "0.0876";
    object      U;
}
// * * * * * * * * * * * * * * * * * * * * * * * * * * * * * * * * * * * * * //

dimensions      [0 1 -1 0 0 0 0];

internalField   nonuniform List<vector> 
441
(
(0.00373828 -0.00483166 0)
(0.00977658 -0.00253973 0)
(-0.000634933 -2.20995e-165 0)
(0.00196791 -3.33691e-266 0)
(-0.00837184 -0.00787201 0)
(-0.00196791 -3.06283e-232 0)
(-1.14307e-202 -5.62288e-203 0)
(-1.40564e-203 -7.37968e-228 0)
(-1.72598e-212 -3.22101e-213 0)
(-0.00616327 9.14145e-266 0)
(-0.0755548 0.0246541 0)
(-0.0948989 0.012888 0)
(-0.106851 0.00589209 0)
(-0.0939403 0.000384726 0)
(-0.0772077 -0.0016705 0)
(-0.0513143 -0.00303693 0)
(-0.0290322 -0.00216789 0)
(-0.00921967 -0.00159968 0)
(0.00276624 0.000750852 0)
(0.004506 0.00151867 0)
(0.00457131 0.00300331 0)
(0.00385164 -0.00849812 0)
(-0.000899625 0.00684014 0)
(-0.0274783 0.00851521 0)
(-0.0595093 0.0107401 0)
(-0.107356 0.0109216 0)
(-0.152648 -0.00323482 0)
(-0.195349 -0.000149533 0)
(-0.236473 0.00167361 0)
(-0.27299 0.0132931 0)
(-0.309747 0.0672725 0)
(-0.334678 0.061882 0)
(-0.328812 0.0188365 0)
(-0.313608 -0.0074641 0)
(-0.270861 -0.0308196 0)
(-0.220639 -0.0411491 0)
(-0.157438 -0.0464667 0)
(-0.100343 -0.0397547 0)
(-0.0496233 -0.0314828 0)
(-0.0154666 -0.0139537 0)
(-0.001106 -0.00404695 0)
(0.00495263 0.00630049 0)
(0.00763548 -0.00828927 0)
(-0.00519025 0.0284027 0)
(-0.0544802 0.0572149 0)
(-0.121496 0.0773032 0)
(-0.203543 0.0840816 0)
(-0.288518 0.083815 0)
(-0.379951 0.0809011 0)
(-0.454501 0.0751184 0)
(-0.527648 0.0704627 0)
(-0.563518 0.0663122 0)
(-0.559455 0.0446587 0)
(-0.541045 -0.0069144 0)
(-0.50355 -0.051367 0)
(-0.437567 -0.0923769 0)
(-0.358891 -0.114115 0)
(-0.26383 -0.12362 0)
(-0.175702 -0.108786 0)
(-0.0951555 -0.087001 0)
(-0.0385244 -0.0466563 0)
(-0.00815698 -0.0193505 0)
(0.00638304 0.00723665 0)
(0.00637885 -0.0112798 0)
(-0.0163951 0.0707361 0)
(-0.0977878 0.124775 0)
(-0.193995 0.162267 0)
(-0.307475 0.178311 0)
(-0.421841 0.175968 0)
(-0.534614 0.167588 0)
(-0.63236 0.1503 0)
(-0.712749 0.124819 0)
(-0.760123 0.0963365 0)
(-0.769518 0.039132 0)
(-0.745466 -0.0382216 0)
(-0.694906 -0.11112 0)
(-0.607988 -0.176689 0)
(-0.503642 -0.214739 0)
(-0.377237 -0.231224 0)
(-0.257904 -0.207872 0)
(-0.145482 -0.170365 0)
(-0.0644704 -0.100063 0)
(-0.0158728 -0.0503518 0)
(0.00801372 0.00491439 0)
(6.9574e-165 0.00159471 0)
(-0.024903 0.132108 0)
(-0.142282 0.23401 0)
(-0.262673 0.285501 0)
(-0.405938 0.310782 0)
(-0.545342 0.309051 0)
(-0.68413 0.29005 0)
(-0.801823 0.252109 0)
(-0.899466 0.197457 0)
(-0.957171 0.123806 0)
(-0.974439 0.0304119 0)
(-0.951589 -0.081261 0)
(-0.893152 -0.188076 0)
(-0.790071 -0.284012 0)
(-0.662291 -0.343781 0)
(-0.502988 -0.370289 0)
(-0.350029 -0.33904 0)
(-0.198864 -0.281595 0)
(-0.0907794 -0.17453 0)
(-0.0184587 -0.0927332 0)
(0.0146257 0.000164537 0)
(-5.6388e-266 0.00583988 0)
(-0.0905317 0.217853 0)
(-0.198891 0.360482 0)
(-0.343498 0.427797 0)
(-0.500383 0.460819 0)
(-0.661175 0.455245 0)
(-0.816488 0.424703 0)
(-0.953566 0.365896 0)
(-1.06655 0.281078 0)
(-1.14169 0.170509 0)
(-1.17633 0.0338532 0)
(-1.16186 -0.120561 0)
(-1.10436 -0.272397 0)
(-0.990159 -0.40923 0)
(-0.84209 -0.501392 0)
(-0.648773 -0.546046 0)
(-0.458189 -0.510948 0)
(-0.26169 -0.432837 0)
(-0.121025 -0.278451 0)
(-0.0209131 -0.159023 0)
(0.0161365 0.00244055 0)
(-0.0233595 0.0953815 0)
(-0.126241 0.32736 0)
(-0.250976 0.487334 0)
(-0.410019 0.585096 0)
(-0.586096 0.627582 0)
(-0.765489 0.623622 0)
(-0.941227 0.581562 0)
(-1.09841 0.501189 0)
(-1.23247 0.38531 0)
(-1.32823 0.233324 0)
(-1.38301 0.0510752 0)
(-1.38352 -0.15356 0)
(-1.33384 -0.358778 0)
(-1.21511 -0.547273 0)
(-1.05143 -0.683713 0)
(-0.82325 -0.756161 0)
(-0.592538 -0.723841 0)
(-0.33742 -0.6213 0)
(-0.161454 -0.412008 0)
(-0.0077735 -0.231782 0)
(5.97891e-266 -0.00403412 0)
(-0.017247 0.157925 0)
(-0.120882 0.44664 0)
(-0.274089 0.644786 0)
(-0.453751 0.763684 0)
(-0.649754 0.816476 0)
(-0.848273 0.810638 0)
(-1.04247 0.757904 0)
(-1.22068 0.656985 0)
(-1.37688 0.511322 0)
(-1.49783 0.32048 0)
(-1.57876 0.0895731 0)
(-1.60221 -0.170842 0)
(-1.56999 -0.440282 0)
(-1.45642 -0.693934 0)
(-1.28502 -0.892586 0)
(-1.02665 -1.00922 0)
(-0.753588 -0.995155 0)
(-0.434808 -0.870411 0)
(-0.209417 -0.603436 0)
(-0.00372985 -0.330115 0)
(2.61617e-24 -1.06287e-24 0)
(-0.0153133 0.229801 0)
(-0.124332 0.582292 0)
(-0.294111 0.818515 0)
(-0.488449 0.95883 0)
(-0.700546 1.0207 0)
(-0.914105 1.01465 0)
(-1.12473 0.952983 0)
(-1.32176 0.834384 0)
(-1.49993 0.662174 0)
(-1.64694 0.434532 0)
(-1.75671 0.156047 0)
(-1.80967 -0.16289 0)
(-1.80411 -0.503116 0)
(-1.70788 -0.833615 0)
(-1.5413 -1.11129 0)
(-1.26276 -1.29095 0)
(-0.952319 -1.31202 0)
(-0.564843 -1.17099 0)
(-0.280452 -0.835219 0)
(-0.00501847 -0.449296 0)
(1.06382e-76 -6.54041e-25 0)
(-0.013262 0.298123 0)
(-0.121455 0.727155 0)
(-0.300138 1.00959 0)
(-0.502577 1.17066 0)
(-0.723919 1.2425 0)
(-0.946507 1.23472 0)
(-1.16691 1.16575 0)
(-1.37744 1.03172 0)
(-1.57268 0.836665 0)
(-1.74341 0.576524 0)
(-1.88206 0.252643 0)
(-1.96895 -0.124636 0)
(-1.99877 -0.541378 0)
(-1.93372 -0.959434 0)
(-1.78834 -1.33683 0)
(-1.50695 -1.60433 0)
(-1.17014 -1.69156 0)
(-0.716578 -1.55288 0)
(-0.364731 -1.15754 0)
(-0.00723155 -0.626194 0)
(2.95645e-164 -2.65956e-77 0)
(-0.0131956 0.361013 0)
(-0.121741 0.867387 0)
(-0.304852 1.19726 0)
(-0.509402 1.38028 0)
(-0.73175 1.46286 0)
(-0.95438 1.45555 0)
(-1.17428 1.38275 0)
(-1.38804 1.23862 0)
(-1.58993 1.02771 0)
(-1.77607 0.743055 0)
(-1.93735 0.382207 0)
(-2.05793 -0.0465777 0)
(-2.12817 -0.536276 0)
(-2.10861 -1.04499 0)
(-2.00473 -1.5346 0)
(-1.74721 -1.91305 0)
(-1.40862 -2.0974 0)
(-0.907976 -1.98494 0)
(-0.489625 -1.5327 0)
(-0.0813572 -0.827527 0)
(1.79051e-265 0.0133402 0)
(-0.0136186 0.433942 0)
(-0.117692 1.02099 0)
(-0.297334 1.39871 0)
(-0.49443 1.59823 0)
(-0.706255 1.6886 0)
(-0.916601 1.67718 0)
(-1.12198 1.60004 0)
(-1.32457 1.44692 0)
(-1.51787 1.22488 0)
(-1.70528 0.923253 0)
(-1.87691 0.534624 0)
(-2.02381 0.0652164 0)
(-2.13375 -0.490028 0)
(-2.16928 -1.08506 0)
(-2.12645 -1.69697 0)
(-1.9233 -2.20706 0)
(-1.61292 -2.52951 0)
(-1.08521 -2.48645 0)
(-0.587548 -1.97824 0)
(-0.0761748 -1.13581 0)
(0.0533609 -0.0770969 0)
(-0.0167698 0.487931 0)
(-0.12017 1.14815 0)
(-0.29762 1.57109 0)
(-0.482594 1.78588 0)
(-0.672603 1.88322 0)
(-0.856936 1.86871 0)
(-1.02915 1.78979 0)
(-1.20154 1.63301 0)
(-1.3643 1.40822 0)
(-1.53275 1.10165 0)
(-1.69404 0.701557 0)
(-1.853 0.210791 0)
(-1.99244 -0.388049 0)
(-2.08761 -1.0514 0)
(-2.12108 -1.77503 0)
(-2.00638 -2.42828 0)
(-1.77241 -2.92872 0)
(-1.24375 -3.0193 0)
(-0.716001 -2.53531 0)
(0.0432636 -1.47571 0)
(2.46527e-231 -0.0133402 0)
(-0.0211823 0.57386 0)
(-0.121019 1.30489 0)
(-0.288979 1.76504 0)
(-0.451407 1.97435 0)
(-0.605687 2.06616 0)
(-0.748239 2.03416 0)
(-0.869091 1.94672 0)
(-0.991327 1.78227 0)
(-1.10145 1.55699 0)
(-1.22718 1.25314 0)
(-1.35362 0.854952 0)
(-1.50089 0.363771 0)
(-1.65087 -0.255349 0)
(-1.79622 -0.956726 0)
(-1.91392 -1.77702 0)
(-1.92368 -2.55982 0)
(-1.82524 -3.29042 0)
(-1.40249 -3.56108 0)
(-0.892629 -3.25865 0)
(-0.00298075 -1.88975 0)
(5.82348e-202 4.58502e-184 0)
(-0.0370425 0.623249 0)
(-0.150989 1.4099 0)
(-0.319666 1.8978 0)
(-0.458202 2.09721 0)
(-0.559581 2.17865 0)
(-0.642504 2.12888 0)
(-0.685689 2.03284 0)
(-0.734014 1.86436 0)
(-0.763262 1.64481 0)
(-0.820687 1.35479 0)
(-0.882258 0.976818 0)
(-0.992716 0.510782 0)
(-1.12255 -0.0892892 0)
(-1.30462 -0.784139 0)
(-1.49019 -1.63935 0)
(-1.65866 -2.51346 0)
(-1.73095 -3.43318 0)
(-1.52622 -3.96039 0)
(-1.10761 -3.91115 0)
(-0.0114541 -2.39876 0)
(1.83401e-183 -1.39405e-184 0)
(-0.0556465 0.77011 0)
(-0.184711 1.59185 0)
(-0.343731 2.08185 0)
(-0.44496 2.21574 0)
(-0.477113 2.25779 0)
(-0.482923 2.16114 0)
(-0.431086 2.04268 0)
(-0.386389 1.86082 0)
(-0.315241 1.64569 0)
(-0.281009 1.37373 0)
(-0.252537 1.02715 0)
(-0.293341 0.606634 0)
(-0.36955 0.0550561 0)
(-0.544253 -0.585517 0)
(-0.770167 -1.42598 0)
(-1.07314 -2.31539 0)
(-1.36961 -3.42743 0)
(-1.49271 -4.19101 0)
(-1.39555 -4.79017 0)
(-0.465995 -3.04462 0)
(4.4008e-254 -4.58502e-184 0)
(-0.12149 0.849909 0)
(-0.318386 1.68493 0)
(-0.469113 2.15313 0)
(-0.521417 2.22101 0)
(-0.435355 2.21604 0)
(-0.330019 2.07801 0)
(-0.139754 1.93741 0)
(0.0273823 1.74765 0)
(0.229088 1.54117 0)
(0.376243 1.2947 0)
(0.519014 0.991569 0)
(0.565027 0.633937 0)
(0.573848 0.165448 0)
(0.421651 -0.374062 0)
(0.210913 -1.10244 0)
(-0.249221 -1.90297 0)
(-0.703958 -2.98749 0)
(-1.44958 -3.93326 0)
(-1.64342 -4.84699 0)
(-2.07343 -3.87059 0)
(-2.59249e-264 -0.216026 0)
(-0.177998 1.23173 0)
(-0.416189 1.94387 0)
(-0.501851 2.30736 0)
(-0.453927 2.18219 0)
(-0.214143 2.08021 0)
(0.0349534 1.86507 0)
(0.380006 1.69185 0)
(0.685273 1.49208 0)
(1.0235 1.29903 0)
(1.29181 1.08572 0)
(1.55228 0.837996 0)
(1.70015 0.556926 0)
(1.80643 0.195154 0)
(1.72939 -0.213073 0)
(1.5772 -0.766057 0)
(1.13037 -1.3843 0)
(0.592187 -2.25877 0)
(-0.34164 -3.20765 0)
(-1.07783 -4.25689 0)
(-1.84109 -4.5375 0)
(-0.864105 -2.3171 0)
(-0.400582 1.40993 0)
(-0.725808 1.98013 0)
(-0.518836 2.18511 0)
(-0.237297 1.91628 0)
(0.320451 1.72804 0)
(0.786041 1.47576 0)
(1.34294 1.28901 0)
(1.80146 1.10208 0)
(2.27746 0.936643 0)
(2.65094 0.768963 0)
(3.00757 0.585763 0)
(3.22817 0.388581 0)
(3.40974 0.139706 0)
(3.37944 -0.129235 0)
(3.29716 -0.499968 0)
(2.86633 -0.896208 0)
(2.39074 -1.51662 0)
(1.36606 -2.23397 0)
(0.459819 -3.35324 0)
(-0.706149 -4.0062 0)
(-0.701341 -2.96414 0)
(-0.257429 2.42008 0)
(-0.104767 2.05677 0)
(0.682322 1.8692 0)
(1.32993 1.33464 0)
(2.14751 1.07684 0)
(2.77681 0.835338 0)
(3.43359 0.682367 0)
(3.94938 0.553194 0)
(4.45194 0.450035 0)
(4.83546 0.355368 0)
(5.19038 0.259329 0)
(5.40915 0.160228 0)
(5.58998 0.040658 0)
(5.57439 -0.0876496 0)
(5.52063 -0.263005 0)
(5.15305 -0.456461 0)
(4.76239 -0.790174 0)
(3.83028 -1.24458 0)
(2.86668 -2.25336 0)
(1.09247 -3.33028 0)
(-0.046327 -3.79884 0)
(1.66706 1.66938 0)
(2.70212 0.974416 0)
(4.54187 0.748231 0)
(5.38069 0.423815 0)
(6.24881 0.286537 0)
(6.76023 0.178252 0)
(7.24147 0.121484 0)
(7.56653 0.0810876 0)
(7.86591 0.0545662 0)
(8.06937 0.0338988 0)
(8.25187 0.0154574 0)
(8.34119 -0.00186444 0)
(8.41331 -0.02299 0)
(8.35505 -0.0437646 0)
(8.29342 -0.0790149 0)
(8.00589 -0.111868 0)
(7.74988 -0.200887 0)
(6.99577 -0.293301 0)
(6.26232 -0.625084 0)
(4.04581 -0.997269 0)
(2.00516 -1.81785 0)
)
;

boundaryField
{
    movingWall
    {
        type            fixedValue;
        value           uniform (10 0 0);
    }
    fixedWalls
    {
        type            noSlip;
    }
    frontAndBack
    {
        type            empty;
    }
}


// ************************************************************************* //
