/*--------------------------------*- C++ -*----------------------------------*\
| =========                 |                                                 |
| \\      /  F ield         | OpenFOAM: The Open Source CFD Toolbox           |
|  \\    /   O peration     | Version:  4.1                                   |
|   \\  /    A nd           | Web:      www.OpenFOAM.org                      |
|    \\/     M anipulation  |                                                 |
\*---------------------------------------------------------------------------*/
FoamFile
{
    version     2.0;
    format      ascii;
    class       volVectorField;
    location    "0.105";
    object      U;
}
// * * * * * * * * * * * * * * * * * * * * * * * * * * * * * * * * * * * * * //

dimensions      [0 1 -1 0 0 0 0];

internalField   nonuniform List<vector> 
441
(
(0.00385535 -0.00491969 0)
(0.0101199 -0.0025412 0)
(-0.0006353 -2.22517e-165 0)
(0.00202951 -3.46164e-266 0)
(-0.00837657 -0.00811827 0)
(-0.00202951 -3.14496e-232 0)
(-1.16349e-202 -5.82858e-203 0)
(-1.4571e-203 -7.65463e-228 0)
(-1.77441e-212 -3.34259e-213 0)
(-0.0063361 9.38882e-266 0)
(-0.0777359 0.025345 0)
(-0.0974165 0.0132053 0)
(-0.109367 0.00599349 0)
(-0.0957024 0.000328725 0)
(-0.0781194 -0.00177098 0)
(-0.0512905 -0.00313372 0)
(-0.0283552 -0.0022006 0)
(-0.00822526 -0.00156349 0)
(0.00368291 0.00086464 0)
(0.00500346 0.00164861 0)
(0.00468437 0.00309992 0)
(0.00402318 -0.00887303 0)
(-0.000616789 0.00695065 0)
(-0.0277956 0.00876115 0)
(-0.0607797 0.0108789 0)
(-0.110167 0.0112634 0)
(-0.15715 -0.00311835 0)
(-0.201504 -0.000119582 0)
(-0.24426 0.00174235 0)
(-0.282156 0.013697 0)
(-0.320127 0.069229 0)
(-0.345582 0.0634576 0)
(-0.33901 0.01887 0)
(-0.322517 -0.00835899 0)
(-0.277624 -0.03239 0)
(-0.225082 -0.0428622 0)
(-0.159533 -0.0479861 0)
(-0.100634 -0.0407031 0)
(-0.0488043 -0.031771 0)
(-0.014358 -0.0135624 0)
(-0.000414379 -0.00336655 0)
(0.00510795 0.00681632 0)
(0.00792145 -0.00882479 0)
(-0.00515472 0.0288905 0)
(-0.0558244 0.0587562 0)
(-0.125102 0.0797121 0)
(-0.210186 0.0870323 0)
(-0.298327 0.087044 0)
(-0.393252 0.0840796 0)
(-0.470794 0.0780367 0)
(-0.546583 0.0729473 0)
(-0.583586 0.0681801 0)
(-0.578912 0.0451855 0)
(-0.559086 -0.00855122 0)
(-0.519245 -0.0546929 0)
(-0.450052 -0.0968838 0)
(-0.367864 -0.118873 0)
(-0.269263 -0.127867 0)
(-0.178228 -0.111722 0)
(-0.0956303 -0.088368 0)
(-0.0380315 -0.0464088 0)
(-0.00765156 -0.0182725 0)
(0.00654692 0.00816785 0)
(0.0065304 -0.0120049 0)
(-0.0170954 0.0725222 0)
(-0.101245 0.128632 0)
(-0.201018 0.167782 0)
(-0.318829 0.184854 0)
(-0.437645 0.182814 0)
(-0.554795 0.17416 0)
(-0.656278 0.156037 0)
(-0.739434 0.129083 0)
(-0.788066 0.0987534 0)
(-0.79698 0.0386674 0)
(-0.771076 -0.0419735 0)
(-0.717534 -0.11759 0)
(-0.626595 -0.185007 0)
(-0.517808 -0.22352 0)
(-0.386817 -0.239218 0)
(-0.263516 -0.213783 0)
(-0.147994 -0.17369 0)
(-0.0651394 -0.100642 0)
(-0.0158531 -0.0493484 0)
(0.00813162 0.00610258 0)
(7.15922e-165 0.0016326 0)
(-0.026073 0.136196 0)
(-0.14779 0.241856 0)
(-0.272891 0.295758 0)
(-0.421731 0.32247 0)
(-0.566551 0.321042 0)
(-0.710567 0.301281 0)
(-0.832498 0.261488 0)
(-0.933204 0.20393 0)
(-0.992188 0.126475 0)
(-1.00892 0.028603 0)
(-0.984034 -0.0877231 0)
(-0.922238 -0.198405 0)
(-0.814633 -0.29699 0)
(-0.681723 -0.357566 0)
(-0.516937 -0.383111 0)
(-0.358996 -0.349038 0)
(-0.203602 -0.287924 0)
(-0.0927202 -0.176801 0)
(-0.0189132 -0.0924543 0)
(0.014746 0.00122862 0)
(-5.80092e-266 0.00603628 0)
(-0.093859 0.225278 0)
(-0.206676 0.373297 0)
(-0.35696 0.443633 0)
(-0.519938 0.478319 0)
(-0.686762 0.472749 0)
(-0.8476 0.440745 0)
(-0.989155 0.37894 0)
(-1.10525 0.289708 0)
(-1.18178 0.173663 0)
(-1.21609 0.0308212 0)
(-1.19965 -0.129729 0)
(-1.1388 -0.286761 0)
(-1.01991 -0.427237 0)
(-0.866371 -0.520803 0)
(-0.666915 -0.564554 0)
(-0.4705 -0.526075 0)
(-0.268676 -0.443228 0)
(-0.124282 -0.283293 0)
(-0.0219608 -0.160103 0)
(0.0161389 0.0033287 0)
(-0.0241451 0.0988164 0)
(-0.130901 0.339137 0)
(-0.260519 0.505311 0)
(-0.42556 0.607058 0)
(-0.608037 0.651346 0)
(-0.793635 0.647111 0)
(-0.974992 0.60275 0)
(-1.13665 0.518121 0)
(-1.27383 0.39627 0)
(-1.37105 0.237053 0)
(-1.42569 0.0469621 0)
(-1.42447 -0.165348 0)
(-1.37172 -0.377146 0)
(-1.24853 -0.570437 0)
(-1.07945 -0.709115 0)
(-0.844852 -0.781006 0)
(-0.607743 -0.744996 0)
(-0.346267 -0.636734 0)
(-0.165667 -0.420189 0)
(-0.00866288 -0.234786 0)
(6.01663e-266 -0.00403474 0)
(-0.0178417 0.163615 0)
(-0.125254 0.462835 0)
(-0.283865 0.668458 0)
(-0.469663 0.791909 0)
(-0.672025 0.846544 0)
(-0.876568 0.839951 0)
(-1.07608 0.784024 0)
(-1.25849 0.677616 0)
(-1.41759 0.524534 0)
(-1.53998 0.324944 0)
(-1.62097 0.0846898 0)
(-1.64311 -0.184803 0)
(-1.60841 -0.462176 0)
(-1.49101 -0.721848 0)
(-1.31483 -0.923825 0)
(-1.05034 -1.04062 0)
(-0.770862 -1.02305 0)
(-0.445 -0.891886 0)
(-0.2143 -0.616212 0)
(-0.00391838 -0.335486 0)
(2.66366e-24 -1.03918e-24 0)
(-0.0158123 0.238087 0)
(-0.128307 0.6032 0)
(-0.303184 0.847966 0)
(-0.503172 0.993223 0)
(-0.721039 1.05679 0)
(-0.939928 1.04943 0)
(-1.15517 0.983643 0)
(-1.35574 0.858385 0)
(-1.53633 0.677464 0)
(-1.68454 0.439761 0)
(-1.79446 0.150694 0)
(-1.84653 -0.178475 0)
(-1.83926 -0.527769 0)
(-1.74026 -0.865413 0)
(-1.5701 -1.14759 0)
(-1.28654 -1.3284 0)
(-0.970462 -1.34667 0)
(-0.576028 -1.19894 0)
(-0.286035 -0.853303 0)
(-0.00512035 -0.457342 0)
(1.08062e-76 -6.65915e-25 0)
(-0.0135948 0.308266 0)
(-0.124467 0.751934 0)
(-0.307308 1.04398 0)
(-0.514327 1.21028 0)
(-0.74029 1.28363 0)
(-0.967029 1.27396 0)
(-1.19088 1.20001 0)
(-1.40391 1.05831 0)
(-1.60075 0.853505 0)
(-1.77218 0.58235 0)
(-1.91088 0.247051 0)
(-1.99723 -0.141179 0)
(-2.0262 -0.567712 0)
(-1.95972 -0.99371 0)
(-1.81248 -1.37665 0)
(-1.52794 -1.64646 0)
(-1.1872 -1.73206 0)
(-0.727748 -1.58707 0)
(-0.370729 -1.18136 0)
(-0.0074548 -0.63736 0)
(2.9992e-164 -2.70155e-77 0)
(-0.0133709 0.37258 0)
(-0.123501 0.895105 0)
(-0.309235 1.2354 0)
(-0.516725 1.42383 0)
(-0.741999 1.50768 0)
(-0.967119 1.4979 0)
(-1.18889 1.41935 0)
(-1.40377 1.26672 0)
(-1.60612 1.04531 0)
(-1.79219 0.749049 0)
(-1.95317 0.376407 0)
(-2.07342 -0.0635153 0)
(-2.14359 -0.563153 0)
(-2.12405 -1.08006 0)
(-2.02033 -1.57585 0)
(-1.76216 -1.95764 0)
(-1.42219 -2.14182 0)
(-0.917972 -2.02409 0)
(-0.495654 -1.56161 0)
(-0.0827923 -0.841793 0)
(1.80174e-265 0.0134471 0)
(-0.0136067 0.446008 0)
(-0.11787 1.04998 0)
(-0.298148 1.43865 0)
(-0.496095 1.64371 0)
(-0.708731 1.73514 0)
(-0.91957 1.72079 0)
(-1.12498 1.63731 0)
(-1.3271 1.47512 0)
(-1.51957 1.24215 0)
(-1.70602 0.928763 0)
(-1.87688 0.528466 0)
(-2.02349 0.0483218 0)
(-2.13397 -0.516345 0)
(-2.1708 -1.11912 0)
(-2.13009 -1.73717 0)
(-1.92896 -2.25121 0)
(-1.62018 -2.57489 0)
(-1.09181 -2.5283 0)
(-0.592116 -2.01056 0)
(-0.0767509 -1.15317 0)
(0.0537884 -0.0785559 0)
(-0.0165695 0.499655 0)
(-0.118642 1.17668 0)
(-0.2945 1.61071 0)
(-0.477981 1.8311 0)
(-0.666454 1.92935 0)
(-0.84913 1.9116 0)
(-1.01947 1.82598 0)
(-1.18983 1.65986 0)
(-1.35058 1.42408 0)
(-1.51728 1.10598 0)
(-1.67739 0.694773 0)
(-1.83607 0.194163 0)
(-1.97645 -0.413006 0)
(-2.07387 -1.08298 0)
(-2.11102 -1.81202 0)
(-2.00065 -2.46918 0)
(-1.77128 -2.97208 0)
(-1.2452 -3.06119 0)
(-0.718433 -2.57026 0)
(0.0442721 -1.49508 0)
(2.4867e-231 -0.0134471 0)
(-0.0207988 0.584225 0)
(-0.117802 1.33096 0)
(-0.281927 1.80191 0)
(-0.440492 2.01681 0)
(-0.590899 2.10955 0)
(-0.729739 2.07428 0)
(-0.847009 1.98014 0)
(-0.965974 1.80649 0)
(-1.07327 1.57057 0)
(-1.19687 1.2558 0)
(-1.32206 0.847413 0)
(-1.46921 0.347609 0)
(-1.62046 -0.278382 0)
(-1.76866 -0.984779 0)
(-1.89092 -1.80909 0)
(-1.90664 -2.59496 0)
(-1.81504 -3.32843 0)
(-1.39837 -3.59938 0)
(-0.892637 -3.29325 0)
(-0.0028623 -1.90982 0)
(5.84199e-202 4.59232e-184 0)
(-0.0365147 0.63142 0)
(-0.146361 1.43177 0)
(-0.309241 1.92977 0)
(-0.441804 2.13472 0)
(-0.537232 2.21725 0)
(-0.614703 2.16452 0)
(-0.652993 2.06224 0)
(-0.697278 1.88517 0)
(-0.723428 1.65577 0)
(-0.778886 1.3558 0)
(-0.839633 0.968752 0)
(-0.95052 0.49539 0)
(-1.08206 -0.110057 0)
(-1.26728 -0.808254 0)
(-1.45759 -1.66574 0)
(-1.6325 -2.54149 0)
(-1.71262 -3.46348 0)
(-1.51614 -3.99199 0)
(-1.10451 -3.94193 0)
(-0.0115323 -2.41823 0)
(1.83693e-183 -1.62507e-184 0)
(-0.0550376 0.775391 0)
(-0.179205 1.60803 0)
(-0.33108 2.10701 0)
(-0.42479 2.24631 0)
(-0.449462 2.28982 0)
(-0.448597 2.19093 0)
(-0.391066 2.06722 0)
(-0.342065 1.87796 0)
(-0.26804 1.65426 0)
(-0.232471 1.37366 0)
(-0.204034 1.01928 0)
(-0.246159 0.592662 0)
(-0.324736 0.0369318 0)
(-0.502891 -0.605642 0)
(-0.733296 -1.44686 0)
(-1.04228 -2.33624 0)
(-1.34612 -3.4493 0)
(-1.47824 -4.21398 0)
(-1.38939 -4.81443 0)
(-0.466801 -3.06162 0)
(4.4036e-254 -4.59232e-184 0)
(-0.120928 0.852055 0)
(-0.312954 1.69478 0)
(-0.456185 2.17051 0)
(-0.500387 2.24355 0)
(-0.406138 2.24052 0)
(-0.293578 2.1013 0)
(-0.0973066 1.95684 0)
(0.0740963 1.76131 0)
(0.278316 1.54797 0)
(0.426143 1.29446 0)
(0.568028 0.98491 0)
(0.611801 0.622272 0)
(0.617497 0.150522 0)
(0.461407 -0.390236 0)
(0.246412 -1.11837 0)
(-0.218968 -1.91766 0)
(-0.679566 -3.00142 0)
(-1.43346 -3.94749 0)
(-1.63499 -4.8622 0)
(-2.07494 -3.88386 0)
(-2.59965e-264 -0.216402 0)
(-0.177692 1.23112 0)
(-0.412191 1.94771 0)
(-0.491425 2.31696 0)
(-0.436105 2.19645 0)
(-0.188508 2.09683 0)
(0.0676403 1.8816 0)
(0.418639 1.70612 0)
(0.728119 1.50244 0)
(1.06875 1.30445 0)
(1.33753 1.08591 0)
(1.59677 0.833304 0)
(1.74196 0.548353 0)
(1.84462 0.184059 0)
(1.76335 -0.225065 0)
(1.60686 -0.777504 0)
(1.15553 -1.39412 0)
(0.612935 -2.26672 0)
(-0.326467 -3.21469 0)
(-1.0687 -4.26385 0)
(-1.83938 -4.54535 0)
(-0.86561 -2.31931 0)
(-0.400715 1.40785 0)
(-0.724553 1.97988 0)
(-0.513683 2.1887 0)
(-0.226791 1.92355 0)
(0.337335 1.73763 0)
(0.809167 1.48599 0)
(1.37171 1.29828 0)
(1.83453 1.10912 0)
(2.31324 0.940614 0)
(2.68758 0.769536 0)
(3.04335 0.583076 0)
(3.26151 0.383251 0)
(3.43955 0.132642 0)
(3.40503 -0.136909 0)
(3.31848 -0.507185 0)
(2.88352 -0.902106 0)
(2.40449 -1.52077 0)
(1.37639 -2.23677 0)
(0.46689 -3.35533 0)
(-0.70319 -4.0087 0)
(-0.701829 -2.96455 0)
(-0.257889 2.41839 0)
(-0.106058 2.05532 0)
(0.681958 1.86949 0)
(1.33227 1.33702 0)
(2.15408 1.08071 0)
(2.78816 0.839851 0)
(3.44971 0.686626 0)
(3.96945 0.556503 0)
(4.47475 0.45191 0)
(4.85945 0.355617 0)
(5.21399 0.25802 0)
(5.4309 0.157675 0)
(5.60882 0.0373484 0)
(5.58964 -0.091145 0)
(5.53224 -0.266111 0)
(5.16131 -0.458784 0)
(4.76812 -0.791422 0)
(3.83413 -1.24503 0)
(2.86926 -2.25321 0)
(1.09368 -3.33053 0)
(-0.0466136 -3.7986 0)
(1.66665 1.66898 0)
(2.7005 0.974012 0)
(4.53967 0.748069 0)
(5.37915 0.424 0)
(6.24905 0.286985 0)
(6.76288 0.178812 0)
(7.24667 0.121992 0)
(7.57389 0.0814277 0)
(7.87473 0.0546633 0)
(8.07871 0.0337438 0)
(8.26081 0.0150841 0)
(8.34889 -0.00237374 0)
(8.41926 -0.0235369 0)
(8.35895 -0.0442397 0)
(8.29545 -0.0793322 0)
(8.00636 -0.111976 0)
(7.74949 -0.200773 0)
(6.99505 -0.293035 0)
(6.26179 -0.624719 0)
(4.04555 -0.996956 0)
(2.00478 -1.81746 0)
)
;

boundaryField
{
    movingWall
    {
        type            fixedValue;
        value           uniform (10 0 0);
    }
    fixedWalls
    {
        type            noSlip;
    }
    frontAndBack
    {
        type            empty;
    }
}


// ************************************************************************* //
