/*--------------------------------*- C++ -*----------------------------------*\
| =========                 |                                                 |
| \\      /  F ield         | OpenFOAM: The Open Source CFD Toolbox           |
|  \\    /   O peration     | Version:  4.1                                   |
|   \\  /    A nd           | Web:      www.OpenFOAM.org                      |
|    \\/     M anipulation  |                                                 |
\*---------------------------------------------------------------------------*/
FoamFile
{
    version     2.0;
    format      ascii;
    class       volVectorField;
    location    "0.067";
    object      U;
}
// * * * * * * * * * * * * * * * * * * * * * * * * * * * * * * * * * * * * * //

dimensions      [0 1 -1 0 0 0 0];

internalField   nonuniform List<vector> 
441
(
(0.00354404 -0.00468907 0)
(0.00918138 -0.00254389 0)
(-0.000635976 -2.18653e-165 0)
(0.0018497 -3.09244e-266 0)
(-0.00847237 -0.00739934 0)
(-0.0018497 -2.90508e-232 0)
(-1.11018e-202 -5.18358e-203 0)
(-1.29576e-203 -6.76263e-228 0)
(-1.62468e-212 -2.93416e-213 0)
(-0.00579267 8.62518e-266 0)
(-0.0706941 0.0231725 0)
(-0.089162 0.0122103 0)
(-0.100969 0.00567739 0)
(-0.0896313 0.000523535 0)
(-0.0747604 -0.00142461 0)
(-0.0509924 -0.00279022 0)
(-0.0302556 -0.00206271 0)
(-0.0112554 -0.00165109 0)
(0.000810097 0.000516869 0)
(0.00342494 0.00123935 0)
(0.00431579 0.00278843 0)
(0.0035532 -0.0078464 0)
(-0.00145471 0.00666818 0)
(-0.0270798 0.00811578 0)
(-0.0574851 0.0105794 0)
(-0.102525 0.0102657 0)
(-0.144518 -0.00355308 0)
(-0.1838 -0.000237123 0)
(-0.221337 0.00152064 0)
(-0.254604 0.0123948 0)
(-0.288292 0.0628831 0)
(-0.311523 0.0581619 0)
(-0.306616 0.0184512 0)
(-0.293759 -0.00574464 0)
(-0.25542 -0.0274777 0)
(-0.210187 -0.0373489 0)
(-0.152212 -0.0429786 0)
(-0.0992476 -0.0374786 0)
(-0.0511548 -0.0306673 0)
(-0.0177893 -0.0146922 0)
(-0.00259383 -0.00548054 0)
(0.00460537 0.00517454 0)
(0.00712683 -0.00730728 0)
(-0.00534338 0.0277027 0)
(-0.0523523 0.0546542 0)
(-0.115368 0.0730378 0)
(-0.191773 0.0785142 0)
(-0.270586 0.0773227 0)
(-0.354797 0.074125 0)
(-0.422681 0.0684873 0)
(-0.48951 0.0643909 0)
(-0.522008 0.0612793 0)
(-0.518287 0.0424018 0)
(-0.502054 -0.00437079 0)
(-0.468972 -0.0448448 0)
(-0.409592 -0.0828703 0)
(-0.338464 -0.103678 0)
(-0.251251 -0.114018 0)
(-0.169702 -0.10195 0)
(-0.093878 -0.0836232 0)
(-0.0395336 -0.0469493 0)
(-0.0092586 -0.0215921 0)
(0.00601076 0.00521339 0)
(0.00613352 -0.0099162 0)
(-0.0151551 0.0678449 0)
(-0.0917311 0.118146 0)
(-0.18145 0.152315 0)
(-0.286711 0.165843 0)
(-0.3922 0.162128 0)
(-0.495722 0.153481 0)
(-0.584985 0.13709 0)
(-0.658475 0.114035 0)
(-0.701886 0.0890457 0)
(-0.71103 0.0379545 0)
(-0.689875 -0.0319692 0)
(-0.644995 -0.0983481 0)
(-0.566422 -0.159141 0)
(-0.471696 -0.19551 0)
(-0.355503 -0.213246 0)
(-0.245146 -0.194289 0)
(-0.139793 -0.162497 0)
(-0.0629935 -0.0984445 0)
(-0.01594 -0.0524067 0)
(0.00773614 0.00230716 0)
(6.60684e-165 0.00153338 0)
(-0.0227636 0.125125 0)
(-0.132322 0.220178 0)
(-0.243896 0.266624 0)
(-0.376331 0.288205 0)
(-0.504653 0.284559 0)
(-0.632123 0.265663 0)
(-0.739903 0.230192 0)
(-0.829643 0.18061 0)
(-0.883003 0.114516 0)
(-0.899886 0.0308065 0)
(-0.880216 -0.0701589 0)
(-0.828275 -0.167532 0)
(-0.734739 -0.256517 0)
(-0.618242 -0.313509 0)
(-0.471306 -0.341447 0)
(-0.329713 -0.316172 0)
(-0.188225 -0.266891 0)
(-0.0865118 -0.169098 0)
(-0.0174961 -0.0931908 0)
(0.0143339 -0.00219159 0)
(-5.36321e-266 0.00549288 0)
(-0.0845249 0.20477 0)
(-0.184463 0.337368 0)
(-0.318136 0.398128 0)
(-0.46277 0.426494 0)
(-0.610845 0.41898 0)
(-0.753774 0.389353 0)
(-0.880024 0.334862 0)
(-0.98463 0.257989 0)
(-1.05491 0.158513 0)
(-1.08859 0.0354608 0)
(-1.07714 -0.104596 0)
(-1.02621 -0.243571 0)
(-0.922112 -0.370778 0)
(-0.786327 -0.45848 0)
(-0.607101 -0.504226 0)
(-0.430018 -0.476311 0)
(-0.245842 -0.408827 0)
(-0.113743 -0.267205 0)
(-0.0185854 -0.156466 0)
(0.0161207 0.000426462 0)
(-0.0219715 0.0892099 0)
(-0.117651 0.30611 0)
(-0.23287 0.454166 0)
(-0.379972 0.543153 0)
(-0.542766 0.580134 0)
(-0.708625 0.574147 0)
(-0.871319 0.534064 0)
(-1.01726 0.460143 0)
(-1.14259 0.355272 0)
(-1.23317 0.218224 0)
(-1.28652 0.053527 0)
(-1.28956 -0.132846 0)
(-1.24601 -0.321557 0)
(-1.13715 -0.497331 0)
(-0.985909 -0.627052 0)
(-0.772778 -0.699604 0)
(-0.557161 -0.675153 0)
(-0.316993 -0.585587 0)
(-0.151837 -0.393121 0)
(-0.00576105 -0.224886 0)
(5.89117e-266 -0.00403017 0)
(-0.0161548 0.147515 0)
(-0.112504 0.416812 0)
(-0.254949 0.600263 0)
(-0.422051 0.70881 0)
(-0.604448 0.755405 0)
(-0.789383 0.747837 0)
(-0.970769 0.698309 0)
(-1.13801 0.606011 0)
(-1.28575 0.474313 0)
(-1.40149 0.301874 0)
(-1.48058 0.0922619 0)
(-1.50583 -0.146185 0)
(-1.47867 -0.395467 0)
(-1.37381 -0.633088 0)
(-1.21378 -0.82216 0)
(-0.970155 -0.937079 0)
(-0.712594 -0.930441 0)
(-0.410797 -0.820426 0)
(-0.198033 -0.573835 0)
(-0.00329865 -0.31776 0)
(2.50553e-24 -1.12343e-24 0)
(-0.0143517 0.214376 0)
(-0.116425 0.543083 0)
(-0.275747 0.762151 0)
(-0.458145 0.890842 0)
(-0.657487 0.946191 0)
(-0.858568 0.938892 0)
(-1.05761 0.881807 0)
(-1.24492 0.773982 0)
(-1.41565 0.618496 0)
(-1.55805 0.412396 0)
(-1.66595 0.158445 0)
(-1.71998 -0.135309 0)
(-1.71797 -0.452172 0)
(-1.62832 -0.763526 0)
(-1.47065 -1.02853 0)
(-1.20466 -1.20395 0)
(-0.908298 -1.23087 0)
(-0.537923 -1.10538 0)
(-0.267154 -0.792988 0)
(-0.00477758 -0.430643 0)
(1.02399e-76 -6.26383e-25 0)
(-0.0125756 0.278895 0)
(-0.115157 0.679905 0)
(-0.284992 0.942738 0)
(-0.477389 1.09114 0)
(-0.688106 1.15627 0)
(-0.900538 1.14792 0)
(-1.11179 1.0849 0)
(-1.31491 0.963602 0)
(-1.5047 0.787596 0)
(-1.6722 0.551437 0)
(-1.80951 0.254486 0)
(-1.89694 -0.0953794 0)
(-1.92859 -0.486505 0)
(-1.86725 -0.883064 0)
(-1.72699 -1.245 0)
(-1.45406 -1.50536 0)
(-1.12765 -1.59566 0)
(-0.689049 -1.4718 0)
(-0.350156 -1.10139 0)
(-0.00672626 -0.600039 0)
(2.85377e-164 -2.55997e-77 0)
(-0.0127962 0.338734 0)
(-0.11777 0.813766 0)
(-0.294948 1.12211 0)
(-0.492663 1.29171 0)
(-0.707851 1.36766 0)
(-0.923893 1.36056 0)
(-1.13823 1.29506 0)
(-1.34796 1.16539 0)
(-1.54733 0.975348 0)
(-1.73242 0.716326 0)
(-1.89352 0.383736 0)
(-2.01451 -0.0166775 0)
(-2.08499 -0.479904 0)
(-2.06592 -0.966099 0)
(-1.96249 -1.43841 0)
(-1.70761 -1.8071 0)
(-1.37351 -1.99098 0)
(-0.882631 -1.89104 0)
(-0.47464 -1.46373 0)
(-0.0780099 -0.793769 0)
(1.75948e-265 0.0130683 0)
(-0.0135897 0.41038 0)
(-0.116863 0.964227 0)
(-0.294572 1.31913 0)
(-0.489159 1.50474 0)
(-0.698387 1.58865 0)
(-0.9067 1.57824 0)
(-1.11098 1.50958 0)
(-1.31362 1.3722 0)
(-1.50792 1.17217 0)
(-1.69694 0.896857 0)
(-1.86998 0.536581 0)
(-2.01755 0.0950107 0)
(-2.1265 -0.434598 0)
(-2.15951 -1.00785 0)
(-2.11242 -1.60225 0)
(-1.90547 -2.10094 0)
(-1.59238 -2.41952 0)
(-1.06747 -2.38493 0)
(-0.575731 -1.90021 0)
(-0.0746993 -1.09427 0)
(0.0522734 -0.0737331 0)
(-0.0171391 0.46482 0)
(-0.122893 1.09181 0)
(-0.303076 1.49151 0)
(-0.490583 1.69222 0)
(-0.683259 1.78338 0)
(-0.870662 1.77056 0)
(-1.0466 1.701 0)
(-1.22328 1.56075 0)
(-1.39054 1.35835 0)
(-1.56314 1.07782 0)
(-1.72739 0.705015 0)
(-1.8874 0.240211 0)
(-2.02503 -0.335388 0)
(-2.11538 -0.979451 0)
(-2.14066 -1.68717 0)
(-2.01632 -2.32895 0)
(-1.77212 -2.82246 0)
(-1.23828 -2.91654 0)
(-0.709111 -2.45005 0)
(0.0409822 -1.4288 0)
(2.41272e-231 -0.0130683 0)
(-0.0219562 0.553346 0)
(-0.127376 1.25322 0)
(-0.302885 1.69068 0)
(-0.473068 1.88603 0)
(-0.635385 1.97188 0)
(-0.786038 1.94193 0)
(-0.915119 1.86416 0)
(-1.04531 1.71622 0)
(-1.16266 1.51277 0)
(-1.29421 1.23367 0)
(-1.42442 0.86072 0)
(-1.5727 0.392617 0)
(-1.72025 -0.206758 0)
(-1.85928 -0.892715 0)
(-1.9664 -1.70044 0)
(-1.96218 -2.47376 0)
(-1.84761 -3.19631 0)
(-1.41084 -3.46611 0)
(-0.891636 -3.17331 0)
(-0.00324702 -1.84061 0)
(5.77318e-202 4.56385e-184 0)
(-0.038142 0.607172 0)
(-0.160419 1.36668 0)
(-0.340909 1.83342 0)
(-0.491899 2.01927 0)
(-0.606137 2.09483 0)
(-0.701484 2.04695 0)
(-0.756501 1.9601 0)
(-0.815298 1.80713 0)
(-0.853207 1.60782 0)
(-0.916797 1.34036 0)
(-0.981725 0.984865 0)
(-1.09231 0.538602 0)
(-1.21887 -0.0455628 0)
(-1.3938 -0.729257 0)
(-1.56813 -1.57627 0)
(-1.72106 -2.44445 0)
(-1.77432 -3.3575 0)
(-1.54973 -3.88122 0)
(-1.11439 -3.83436 0)
(-0.0112416 -2.35056 0)
(1.82554e-183 -8.42445e-185 0)
(-0.0569243 0.759979 0)
(-0.19602 1.56031 0)
(-0.369747 2.03165 0)
(-0.486819 2.15268 0)
(-0.535341 2.18869 0)
(-0.556593 2.09308 0)
(-0.518833 1.98231 0)
(-0.485768 1.81379 0)
(-0.423377 1.61615 0)
(-0.39441 1.36362 0)
(-0.367753 1.03623 0)
(-0.406906 0.632162 0)
(-0.478432 0.0931016 0)
(-0.645349 -0.53998 0)
(-0.86051 -1.37626 0)
(-1.14877 -2.26399 0)
(-1.42696 -3.37242 0)
(-1.52783 -4.13289 0)
(-1.41017 -4.72899 0)
(-0.463917 -3.00213 0)
(4.39152e-254 -4.56385e-184 0)
(-0.122651 0.846233 0)
(-0.329428 1.6664 0)
(-0.49549 2.11914 0)
(-0.564787 2.17522 0)
(-0.496567 2.16393 0)
(-0.407903 2.02556 0)
(-0.232526 1.89031 0)
(-0.0771364 1.71075 0)
(0.116375 1.5181 0)
(0.259504 1.28724 0)
(0.402145 0.999641 0)
(0.451722 0.655306 0)
(0.466816 0.19662 0)
(0.323333 -0.337745 0)
(0.122704 -1.06479 0)
(-0.324535 -1.86687 0)
(-0.764599 -2.95229 0)
(-1.4895 -3.89694 0)
(-1.66409 -4.80818 0)
(-2.06944 -3.83709 0)
(-2.57478e-264 -0.215083 0)
(-0.178589 1.23359 0)
(-0.424013 1.9375 0)
(-0.522529 2.28938 0)
(-0.489817 2.154 0)
(-0.266757 2.04564 0)
(-0.0336239 1.82865 0)
(0.296979 1.65814 0)
(0.590862 1.465 0)
(0.921276 1.28165 0)
(1.18607 1.07969 0)
(1.44712 0.843524 0)
(1.59942 0.572519 0)
(1.71293 0.218161 0)
(1.6452 -0.186344 0)
(1.50303 -0.739183 0)
(1.0671 -1.36027 0)
(0.539949 -2.23865 0)
(-0.379813 -3.18943 0)
(-1.10069 -4.23884 0)
(-1.84529 -4.51745 0)
(-0.86033 -2.31136 0)
(-0.400249 1.41453 0)
(-0.727837 1.98166 0)
(-0.528239 2.17914 0)
(-0.25728 1.90253 0)
(0.287287 1.70872 0)
(0.739271 1.45388 0)
(1.28304 1.2678 0)
(1.73063 1.08441 0)
(2.19864 0.924822 0)
(2.56805 0.764334 0)
(2.92459 0.58868 0)
(3.14903 0.398187 0)
(3.33745 0.154279 0)
(3.31627 -0.112196 0)
(3.24373 -0.483061 0)
(2.82279 -0.88176 0)
(2.35569 -1.50602 0)
(1.33968 -2.22655 0)
(0.441794 -3.34758 0)
(-0.713681 -3.99969 0)
(-0.70015 -2.96298 0)
(-0.25647 2.42357 0)
(-0.101772 2.06015 0)
(0.684049 1.8693 0)
(1.32675 1.33051 0)
(2.13607 1.06933 0)
(2.75542 0.825965 0)
(3.40166 0.672892 0)
(3.90803 0.545159 0)
(4.40324 0.444683 0)
(4.78259 0.353414 0)
(5.13677 0.260946 0)
(5.35834 0.164971 0)
(5.54477 0.0475938 0)
(5.53684 -0.0797908 0)
(5.49132 -0.255628 0)
(5.13174 -0.450646 0)
(4.74737 -0.786815 0)
(3.82013 -1.24318 0)
(2.85991 -2.25352 0)
(1.08933 -3.32955 0)
(-0.0456359 -3.79938 0)
(1.66786 1.67016 0)
(2.70545 0.97527 0)
(4.54673 0.748659 0)
(5.38464 0.423551 0)
(6.24948 0.285696 0)
(6.75609 0.1771 0)
(7.23187 0.120351 0)
(7.55196 0.0802316 0)
(7.84753 0.0541875 0)
(8.04908 0.0340693 0)
(8.23165 0.0161545 0)
(8.3231 -0.000789013 0)
(8.39877 -0.0217414 0)
(8.34503 -0.0426061 0)
(8.28777 -0.0781713 0)
(8.0041 -0.111503 0)
(7.75035 -0.201069 0)
(6.99729 -0.293888 0)
(6.26353 -0.625959 0)
(4.04641 -0.99805 0)
(2.00611 -1.81883 0)
)
;

boundaryField
{
    movingWall
    {
        type            fixedValue;
        value           uniform (10 0 0);
    }
    fixedWalls
    {
        type            noSlip;
    }
    frontAndBack
    {
        type            empty;
    }
}


// ************************************************************************* //
