/*--------------------------------*- C++ -*----------------------------------*\
| =========                 |                                                 |
| \\      /  F ield         | OpenFOAM: The Open Source CFD Toolbox           |
|  \\    /   O peration     | Version:  4.1                                   |
|   \\  /    A nd           | Web:      www.OpenFOAM.org                      |
|    \\/     M anipulation  |                                                 |
\*---------------------------------------------------------------------------*/
FoamFile
{
    version     2.0;
    format      ascii;
    class       volVectorField;
    location    "0.0503";
    object      U;
}
// * * * * * * * * * * * * * * * * * * * * * * * * * * * * * * * * * * * * * //

dimensions      [0 1 -1 0 0 0 0];

internalField   nonuniform List<vector> 
441
(
(0.00338063 -0.00458751 0)
(0.00863578 -0.00257255 0)
(-0.000643153 -2.18021e-165 0)
(0.00172793 -2.82957e-266 0)
(-0.00875771 -0.00691232 0)
(-0.00172793 -2.74391e-232 0)
(-1.08785e-202 -4.66383e-203 0)
(-1.16579e-203 -5.98653e-228 0)
(-1.5082e-212 -2.55279e-213 0)
(-0.00534969 8.03022e-266 0)
(-0.0646134 0.0214011 0)
(-0.0817627 0.0113933 0)
(-0.0931106 0.00541213 0)
(-0.0835557 0.000714188 0)
(-0.0709681 -0.00107945 0)
(-0.0499817 -0.00241878 0)
(-0.0313823 -0.00186989 0)
(-0.0136084 -0.001661 0)
(-0.00160254 0.000249263 0)
(0.00206874 0.000899686 0)
(0.00396641 0.00251265 0)
(0.00327194 -0.00723231 0)
(-0.00211098 0.00656061 0)
(-0.0270423 0.00779419 0)
(-0.056036 0.0105782 0)
(-0.0983634 0.00959028 0)
(-0.136857 -0.00403563 0)
(-0.172246 -0.000373392 0)
(-0.205416 0.00133155 0)
(-0.234381 0.011272 0)
(-0.263708 0.0573502 0)
(-0.283973 0.0531644 0)
(-0.279269 0.0174307 0)
(-0.268459 -0.00407668 0)
(-0.235055 -0.0235447 0)
(-0.195856 -0.0325646 0)
(-0.144587 -0.0383397 0)
(-0.0971497 -0.0342819 0)
(-0.0527302 -0.0293188 0)
(-0.0206381 -0.0154475 0)
(-0.00446533 -0.00721205 0)
(0.00412974 0.00373821 0)
(0.00663749 -0.00628889 0)
(-0.00565746 0.0273565 0)
(-0.0507921 0.0525567 0)
(-0.110072 0.0690922 0)
(-0.180788 0.0728563 0)
(-0.253042 0.070168 0)
(-0.32898 0.0661321 0)
(-0.388552 0.060077 0)
(-0.446846 0.0560467 0)
(-0.473812 0.0536571 0)
(-0.468828 0.0378278 0)
(-0.453679 -0.00302835 0)
(-0.424753 -0.0381527 0)
(-0.372851 -0.0717358 0)
(-0.310968 -0.0906285 0)
(-0.233934 -0.101404 0)
(-0.161215 -0.0925967 0)
(-0.0919049 -0.0786614 0)
(-0.0408134 -0.0469453 0)
(-0.0107143 -0.0242808 0)
(0.00547583 0.00262522 0)
(0.00594618 -0.00844886 0)
(-0.0139628 0.0656096 0)
(-0.0860821 0.112265 0)
(-0.169389 0.142731 0)
(-0.266044 0.1529 0)
(-0.361658 0.146673 0)
(-0.454144 0.136588 0)
(-0.532429 0.119963 0)
(-0.595999 0.0985864 0)
(-0.632428 0.0768664 0)
(-0.638848 0.0327918 0)
(-0.619101 -0.0276951 0)
(-0.579657 -0.0850158 0)
(-0.510759 -0.138414 0)
(-0.42815 -0.171273 0)
(-0.325568 -0.189507 0)
(-0.227535 -0.175747 0)
(-0.132053 -0.151313 0)
(-0.0611445 -0.0958071 0)
(-0.0161231 -0.0548539 0)
(0.00730302 -0.00113235 0)
(6.28913e-165 0.00148655 0)
(-0.0205844 0.118963 0)
(-0.122438 0.207241 0)
(-0.224824 0.247757 0)
(-0.345421 0.264157 0)
(-0.460836 0.256634 0)
(-0.574172 0.235796 0)
(-0.668399 0.200998 0)
(-0.746023 0.155469 0)
(-0.790946 0.09715 0)
(-0.804118 0.0249221 0)
(-0.78568 -0.0619868 0)
(-0.740038 -0.14574 0)
(-0.657948 -0.223551 0)
(-0.556248 -0.274739 0)
(-0.426475 -0.302817 0)
(-0.301067 -0.284651 0)
(-0.173508 -0.246091 0)
(-0.0808818 -0.161215 0)
(-0.0163351 -0.0935472 0)
(0.013846 -0.00537416 0)
(-5.12856e-266 0.00516599 0)
(-0.0785971 0.192433 0)
(-0.169508 0.314731 0)
(-0.291213 0.367446 0)
(-0.421643 0.388848 0)
(-0.554085 0.376462 0)
(-0.68056 0.344751 0)
(-0.791003 0.292064 0)
(-0.881695 0.221917 0)
(-0.94181 0.134221 0)
(-0.970212 0.0277965 0)
(-0.959331 -0.0927412 0)
(-0.914806 -0.21249 0)
(-0.823338 -0.323702 0)
(-0.70448 -0.402255 0)
(-0.545782 -0.446977 0)
(-0.388807 -0.427654 0)
(-0.223071 -0.374481 0)
(-0.103614 -0.251092 0)
(-0.0153992 -0.152709 0)
(0.0160526 -0.00245259 0)
(-0.020664 0.0831791 0)
(-0.108821 0.285127 0)
(-0.213318 0.420269 0)
(-0.346593 0.498231 0)
(-0.493122 0.526359 0)
(-0.641308 0.514268 0)
(-0.785513 0.472057 0)
(-0.913782 0.401332 0)
(-1.02343 0.306125 0)
(-1.10228 0.18545 0)
(-1.14894 0.042935 0)
(-1.15157 -0.117677 0)
(-1.11396 -0.280748 0)
(-1.01808 -0.434702 0)
(-0.884991 -0.550816 0)
(-0.695027 -0.620148 0)
(-0.503059 -0.605099 0)
(-0.286271 -0.533515 0)
(-0.137749 -0.365758 0)
(-0.00289463 -0.214958 0)
(5.75339e-266 -0.00401314 0)
(-0.0150455 0.136979 0)
(-0.103291 0.386195 0)
(-0.233156 0.553128 0)
(-0.384991 0.648061 0)
(-0.549799 0.683904 0)
(-0.715859 0.66922 0)
(-0.877734 0.61761 0)
(-1.02632 0.529924 0)
(-1.15745 0.410848 0)
(-1.26045 0.259199 0)
(-1.33169 0.0774649 0)
(-1.35542 -0.128756 0)
(-1.33305 -0.345492 0)
(-1.24036 -0.554744 0)
(-1.09813 -0.724585 0)
(-0.878688 -0.832733 0)
(-0.646867 -0.834723 0)
(-0.372902 -0.745729 0)
(-0.180497 -0.529972 0)
(-0.00266901 -0.299632 0)
(2.33536e-24 -1.23265e-24 0)
(-0.0132845 0.198249 0)
(-0.107167 0.501493 0)
(-0.253644 0.700549 0)
(-0.420709 0.813196 0)
(-0.60254 0.856107 0)
(-0.785015 0.840779 0)
(-0.964948 0.781774 0)
(-1.13407 0.680036 0)
(-1.2886 0.540084 0)
(-1.41844 0.359097 0)
(-1.51821 0.138469 0)
(-1.56984 -0.116833 0)
(-1.57102 -0.394448 0)
(-1.49134 -0.670809 0)
(-1.34899 -0.910335 0)
(-1.10536 -1.07426 0)
(-0.834093 -1.10727 0)
(-0.493353 -1.00466 0)
(-0.245669 -0.728732 0)
(-0.00439614 -0.402607 0)
(9.60151e-77 -5.83839e-25 0)
(-0.0117252 0.258107 0)
(-0.107179 0.628233 0)
(-0.265463 0.867515 0)
(-0.444098 0.997622 0)
(-0.639144 1.04877 0)
(-0.835077 1.03169 0)
(-1.02959 0.967011 0)
(-1.21698 0.85323 0)
(-1.39293 0.695415 0)
(-1.54974 0.488111 0)
(-1.67994 0.229116 0)
(-1.76472 -0.0771523 0)
(-1.79775 -0.423463 0)
(-1.74295 -0.779336 0)
(-1.61322 -1.10982 0)
(-1.35751 -1.35322 0)
(-1.0518 -1.44519 0)
(-0.641064 -1.34376 0)
(-0.325536 -1.01356 0)
(-0.00601095 -0.559619 0)
(2.68457e-164 -2.40038e-77 0)
(-0.0122236 0.313933 0)
(-0.112145 0.753545 0)
(-0.28081 1.03533 0)
(-0.4682 1.18475 0)
(-0.671598 1.24554 0)
(-0.875384 1.22933 0)
(-1.07756 1.16268 0)
(-1.27629 1.04197 0)
(-1.46633 0.872444 0)
(-1.64455 0.645248 0)
(-1.80113 0.353945 0)
(-1.92018 0.000501993 0)
(-1.99043 -0.414426 0)
(-1.97362 -0.856306 0)
(-1.87401 -1.29263 0)
(-1.62785 -1.63923 0)
(-1.30584 -1.81894 0)
(-0.835745 -1.73847 0)
(-0.448078 -1.35267 0)
(-0.0728787 -0.740252 0)
(1.69321e-265 0.0125631 0)
(-0.0134411 0.383462 0)
(-0.114854 0.898995 0)
(-0.288737 1.22514 0)
(-0.478247 1.38917 0)
(-0.681525 1.45718 0)
(-0.883835 1.43766 0)
(-1.0826 1.36856 0)
(-1.28093 1.24151 0)
(-1.47228 1.06376 0)
(-1.65983 0.822069 0)
(-1.83225 0.504615 0)
(-1.97953 0.110961 0)
(-2.08719 -0.36977 0)
(-2.11812 -0.898149 0)
(-2.06738 -1.45485 0)
(-1.85865 -1.92789 0)
(-1.54599 -2.23641 0)
(-1.03086 -2.21518 0)
(-0.552999 -1.77086 0)
(-0.0719261 -1.02652 0)
(0.0502525 -0.068725 0)
(-0.0174993 0.437905 0)
(-0.125344 1.02592 0)
(-0.307602 1.39585 0)
(-0.496662 1.57425 0)
(-0.690732 1.64931 0)
(-0.879863 1.62781 0)
(-1.05831 1.55875 0)
(-1.23854 1.42999 0)
(-1.41012 1.25092 0)
(-1.58732 1.0045 0)
(-1.75533 0.674095 0)
(-1.91719 0.255618 0)
(-2.05312 -0.273585 0)
(-2.13782 -0.87562 0)
(-2.15257 -1.54727 0)
(-2.01603 -2.1626 0)
(-1.75889 -2.6406 0)
(-1.22108 -2.73998 0)
(-0.693566 -2.30506 0)
(0.0377615 -1.3501 0)
(2.32186e-231 -0.0125631 0)
(-0.0228763 0.529203 0)
(-0.134671 1.19216 0)
(-0.318692 1.60029 0)
(-0.497698 1.77338 0)
(-0.669385 1.84347 0)
(-0.829978 1.8055 0)
(-0.969793 1.72907 0)
(-1.1112 1.59322 0)
(-1.2396 1.41307 0)
(-1.38101 1.16699 0)
(-1.51858 0.834067 0)
(-1.67037 0.408407 0)
(-1.81608 -0.149656 0)
(-1.94699 -0.799501 0)
(-2.0388 -1.57629 0)
(-2.01378 -2.32615 0)
(-1.87472 -3.03087 0)
(-1.41773 -3.29848 0)
(-0.885935 -3.02424 0)
(-0.00361046 -1.75606 0)
(5.66662e-202 4.51403e-184 0)
(-0.0395342 0.588363 0)
(-0.171962 1.31565 0)
(-0.366851 1.75497 0)
(-0.53344 1.9194 0)
(-0.664504 1.97993 0)
(-0.77724 1.92472 0)
(-0.850121 1.83961 0)
(-0.926283 1.69843 0)
(-0.980124 1.52105 0)
(-1.05678 1.28397 0)
(-1.13076 0.96449 0)
(-1.24511 0.555324 0)
(-1.36929 0.00589329 0)
(-1.53474 -0.64918 0)
(-1.69183 -1.47292 0)
(-1.81978 -2.32377 0)
(-1.84168 -3.22115 0)
(-1.58481 -3.73781 0)
(-1.12255 -3.6966 0)
(-0.0107902 -2.26554 0)
(1.80561e-183 5.17639e-186 0)
(-0.0585768 0.748596 0)
(-0.210167 1.52378 0)
(-0.40232 1.97111 0)
(-0.539921 2.07237 0)
(-0.610778 2.09434 0)
(-0.654776 1.99178 0)
(-0.639686 1.88229 0)
(-0.627649 1.7239 0)
(-0.583503 1.54522 0)
(-0.568355 1.31878 0)
(-0.550213 1.02209 0)
(-0.591682 0.649007 0)
(-0.659338 0.138017 0)
(-0.815793 -0.473769 0)
(-1.01401 -1.29456 0)
(-1.27755 -2.17293 0)
(-1.52403 -3.27107 0)
(-1.58648 -4.02489 0)
(-1.43332 -4.61625 0)
(-0.459897 -2.92535 0)
(4.36559e-254 -4.51403e-184 0)
(-0.124132 0.84299 0)
(-0.343116 1.64623 0)
(-0.528371 2.07942 0)
(-0.619756 2.11811 0)
(-0.57608 2.09395 0)
(-0.512296 1.94867 0)
(-0.361446 1.8134 0)
(-0.22817 1.64121 0)
(-0.0531672 1.46322 0)
(0.0768865 1.25296 0)
(0.212548 0.989832 0)
(0.261964 0.670202 0)
(0.282883 0.233495 0)
(0.151142 -0.285228 0)
(-0.033582 -1.00317 0)
(-0.458678 -1.80259 0)
(-0.872432 -2.88618 0)
(-1.55996 -3.82767 0)
(-1.69972 -4.73467 0)
(-2.06129 -3.77515 0)
(-2.54343e-264 -0.213364 0)
(-0.179266 1.23711 0)
(-0.433174 1.9323 0)
(-0.54729 2.26998 0)
(-0.533884 2.12035 0)
(-0.333397 2.00073 0)
(-0.123673 1.77686 0)
(0.183483 1.6048 0)
(0.456156 1.41579 0)
(0.768859 1.24225 0)
(1.02139 1.05479 0)
(1.27641 0.836323 0)
(1.42961 0.58349 0)
(1.55013 0.245338 0)
(1.49478 -0.147852 0)
(1.36813 -0.695375 0)
(0.950804 -1.31741 0)
(0.443692 -2.20018 0)
(-0.450009 -3.15356 0)
(-1.14231 -4.20343 0)
(-1.85251 -4.47946 0)
(-0.853455 -2.30008 0)
(-0.399713 1.42097 0)
(-0.729371 1.98554 0)
(-0.537922 2.17428 0)
(-0.279577 1.88744 0)
(0.248084 1.68486 0)
(0.681093 1.42408 0)
(1.20468 1.23569 0)
(1.63319 1.05392 0)
(2.08462 0.899887 0)
(2.44206 0.748257 0)
(2.79227 0.583774 0)
(3.01704 0.404966 0)
(3.21185 0.171582 0)
(3.20252 -0.0875825 0)
(3.14474 -0.455364 0)
(2.74051 -0.855701 0)
(2.28887 -1.48518 0)
(1.28933 -2.21107 0)
(0.40761 -3.33558 0)
(-0.727926 -3.98686 0)
(-0.69813 -2.96043 0)
(-0.255229 2.42804 0)
(-0.0973137 2.06517 0)
(0.688117 1.87082 0)
(1.32587 1.32674 0)
(2.1255 1.06069 0)
(2.73198 0.81381 0)
(3.36314 0.659163 0)
(3.85436 0.531897 0)
(4.33585 0.433916 0)
(4.70491 0.346787 0)
(5.05339 0.259553 0)
(5.27489 0.169002 0)
(5.46655 0.0563222 0)
(5.46861 -0.0680252 0)
(5.43565 -0.243146 0)
(5.0897 -0.439697 0)
(4.71709 -0.779592 0)
(3.79956 -1.23952 0)
(2.8464 -2.25306 0)
(1.08316 -3.32792 0)
(-0.0444855 -3.80024 0)
(1.66879 1.67108 0)
(2.70971 0.976404 0)
(4.55355 0.74939 0)
(5.39121 0.423453 0)
(6.25266 0.284792 0)
(6.75344 0.175644 0)
(7.2218 0.118712 0)
(7.53423 0.078767 0)
(7.82296 0.0532385 0)
(8.01974 0.033855 0)
(8.20024 0.0167864 0)
(8.29289 0.0005942 0)
(8.37257 -0.0198313 0)
(8.32529 -0.0405832 0)
(8.27514 -0.0764563 0)
(7.99851 -0.110507 0)
(7.74955 -0.201043 0)
(6.99916 -0.294713 0)
(6.26543 -0.62746 0)
(4.0475 -0.999515 0)
(2.00782 -1.8207 0)
)
;

boundaryField
{
    movingWall
    {
        type            fixedValue;
        value           uniform (10 0 0);
    }
    fixedWalls
    {
        type            noSlip;
    }
    frontAndBack
    {
        type            empty;
    }
}


// ************************************************************************* //
