/*--------------------------------*- C++ -*----------------------------------*\
| =========                 |                                                 |
| \\      /  F ield         | OpenFOAM: The Open Source CFD Toolbox           |
|  \\    /   O peration     | Version:  4.1                                   |
|   \\  /    A nd           | Web:      www.OpenFOAM.org                      |
|    \\/     M anipulation  |                                                 |
\*---------------------------------------------------------------------------*/
FoamFile
{
    version     2.0;
    format      ascii;
    class       volVectorField;
    location    "0.0614";
    object      U;
}
// * * * * * * * * * * * * * * * * * * * * * * * * * * * * * * * * * * * * * //

dimensions      [0 1 -1 0 0 0 0];

internalField   nonuniform List<vector> 
441
(
(0.00348698 -0.0046503 0)
(0.00899783 -0.00254944 0)
(-0.000637366 -2.1818e-165 0)
(0.00181017 -3.00857e-266 0)
(-0.00854263 -0.00724125 0)
(-0.00181017 -2.85246e-232 0)
(-1.10151e-202 -5.02231e-203 0)
(-1.25543e-203 -6.52642e-228 0)
(-1.58815e-212 -2.81992e-213 0)
(-0.00565559 8.43885e-266 0)
(-0.0688384 0.0226244 0)
(-0.0869269 0.0119589 0)
(-0.0986239 0.00559711 0)
(-0.0878499 0.000580404 0)
(-0.0736804 -0.00132308 0)
(-0.0507456 -0.00268405 0)
(-0.0306372 -0.00201061 0)
(-0.0119877 -0.00166025 0)
(7.62673e-05 0.000432936 0)
(0.00301347 0.00113478 0)
(0.00421383 0.00270517 0)
(0.00345976 -0.00764269 0)
(-0.00165366 0.00662416 0)
(-0.0270194 0.00800179 0)
(-0.0569378 0.0105593 0)
(-0.10108 0.0100465 0)
(-0.14195 -0.0036908 0)
(-0.18001 -0.000276026 0)
(-0.216204 0.00146267 0)
(-0.24818 0.0120524 0)
(-0.280587 0.0611983 0)
(-0.302997 0.0566713 0)
(-0.298251 0.0181959 0)
(-0.286112 -0.00518442 0)
(-0.249335 -0.0262526 0)
(-0.20596 -0.0358947 0)
(-0.150004 -0.0415972 0)
(-0.0986787 -0.0365429 0)
(-0.0516598 -0.0302918 0)
(-0.0186517 -0.0149362 0)
(-0.00315821 -0.00601133 0)
(0.0044673 0.0047426 0)
(0.00696496 -0.0069818 0)
(-0.00542504 0.0275438 0)
(-0.0517724 0.0539123 0)
(-0.113537 0.0717099 0)
(-0.188091 0.0766734 0)
(-0.264803 0.0750554 0)
(-0.346426 0.0716431 0)
(-0.411775 0.0659316 0)
(-0.476065 0.0619158 0)
(-0.507006 0.0590829 0)
(-0.503076 0.0411824 0)
(-0.487345 -0.00377232 0)
(-0.455675 -0.0426521 0)
(-0.398651 -0.0794019 0)
(-0.330349 -0.0997096 0)
(-0.246178 -0.110253 0)
(-0.167233 -0.0991953 0)
(-0.0933111 -0.0821952 0)
(-0.0399083 -0.0469805 0)
(-0.00968628 -0.022415 0)
(0.00585917 0.00443797 0)
(0.00606479 -0.00945284 0)
(-0.0147617 0.0670329 0)
(-0.0898407 0.116136 0)
(-0.17746 0.149141 0)
(-0.279958 0.161667 0)
(-0.382337 0.157256 0)
(-0.482459 0.148267 0)
(-0.568424 0.131929 0)
(-0.639032 0.109519 0)
(-0.680535 0.085642 0)
(-0.689116 0.0367629 0)
(-0.668638 -0.0302938 0)
(-0.625601 -0.0940093 0)
(-0.550048 -0.152713 0)
(-0.458978 -0.188177 0)
(-0.346795 -0.206193 0)
(-0.240024 -0.188844 0)
(-0.137524 -0.159259 0)
(-0.0624265 -0.0977035 0)
(-0.01598 -0.0531532 0)
(0.00761794 0.00129266 0)
(6.4989e-165 0.0015162 0)
(-0.0220598 0.123013 0)
(-0.129094 0.215849 0)
(-0.237719 0.260465 0)
(-0.366416 0.280521 0)
(-0.490743 0.275827 0)
(-0.613935 0.256527 0)
(-0.717733 0.221492 0)
(-0.804047 0.173378 0)
(-0.855189 0.109836 0)
(-0.871331 0.0297041 0)
(-0.85237 -0.0670465 0)
(-0.802569 -0.160478 0)
(-0.712559 -0.246363 0)
(-0.600449 -0.301876 0)
(-0.458471 -0.330064 0)
(-0.3215 -0.306986 0)
(-0.183969 -0.260888 0)
(-0.0848473 -0.166831 0)
(-0.0171384 -0.0933154 0)
(0.0142049 -0.0031197 0)
(-5.28116e-266 0.0053836 0)
(-0.0825817 0.200657 0)
(-0.179657 0.329932 0)
(-0.309558 0.388243 0)
(-0.449803 0.414599 0)
(-0.593139 0.405829 0)
(-0.731209 0.375874 0)
(-0.85294 0.322291 0)
(-0.953742 0.247809 0)
(-1.02144 0.152161 0)
(-1.05405 0.0342311 0)
(-1.0432 -0.100057 0)
(-0.994471 -0.233562 0)
(-0.894202 -0.356407 0)
(-0.763326 -0.441793 0)
(-0.589897 -0.487547 0)
(-0.41843 -0.462286 0)
(-0.239388 -0.399002 0)
(-0.110829 -0.262587 0)
(-0.0176626 -0.155396 0)
(0.0161078 -0.000391046 0)
(-0.0215344 0.087225 0)
(-0.114802 0.29924 0)
(-0.226681 0.443212 0)
(-0.369515 0.528873 0)
(-0.527386 0.563357 0)
(-0.688013 0.555858 0)
(-0.845389 0.515587 0)
(-0.986432 0.44315 0)
(-1.10763 0.341682 0)
(-1.19534 0.209901 0)
(-1.24735 0.0519504 0)
(-1.25078 -0.126931 0)
(-1.20931 -0.308479 0)
(-1.10432 -0.478407 0)
(-0.958207 -0.604707 0)
(-0.751451 -0.676755 0)
(-0.542278 -0.65522 0)
(-0.308479 -0.570858 0)
(-0.147885 -0.385351 0)
(-0.00494587 -0.22206 0)
(5.8539e-266 -0.00402695 0)
(-0.0157946 0.144094 0)
(-0.109606 0.406936 0)
(-0.248184 0.585234 0)
(-0.410659 0.689742 0)
(-0.587844 0.73338 0)
(-0.767329 0.724154 0)
(-0.94327 0.674633 0)
(-1.10552 0.584422 0)
(-1.24905 0.45714 0)
(-1.36181 0.291325 0)
(-1.43934 0.0900723 0)
(-1.46473 -0.139165 0)
(-1.4393 -0.379526 0)
(-1.33798 -0.609683 0)
(-1.18283 -0.793955 0)
(-0.945665 -0.907503 0)
(-0.694925 -0.903592 0)
(-0.400537 -0.799579 0)
(-0.19323 -0.561545 0)
(-0.00312163 -0.312661 0)
(2.45892e-24 -1.15137e-24 0)
(-0.0140168 0.209205 0)
(-0.11358 0.529834 0)
(-0.269025 0.742748 0)
(-0.446875 0.866765 0)
(-0.641151 0.918799 0)
(-0.837017 0.909754 0)
(-1.03091 0.852933 0)
(-1.21355 0.747823 0)
(-1.38036 0.59774 0)
(-1.51997 0.399555 0)
(-1.62633 0.155444 0)
(-1.68026 -0.127522 0)
(-1.67948 -0.433839 0)
(-1.59264 -0.736153 0)
(-1.439 -0.994855 0)
(-1.17876 -1.16774 0)
(-0.888825 -1.19671 0)
(-0.526129 -1.07766 0)
(-0.261403 -0.775236 0)
(-0.00467441 -0.422857 0)
(1.00684e-76 -6.1473e-25 0)
(-0.0123195 0.272315 0)
(-0.112775 0.663636 0)
(-0.279204 0.919311 0)
(-0.467622 1.06248 0)
(-0.673938 1.124 0)
(-0.881908 1.1139 0)
(-1.08885 1.05143 0)
(-1.28814 0.93345 0)
(-1.4748 0.763728 0)
(-1.64012 0.536558 0)
(-1.77618 0.250637 0)
(-1.86341 -0.0872267 0)
(-1.89571 -0.466553 0)
(-1.83611 -0.8528 0)
(-1.69842 -1.20704 0)
(-1.42965 -1.46352 0)
(-1.10828 -1.5547 0)
(-0.67666 -1.43706 0)
(-0.343703 -1.07746 0)
(-0.00652148 -0.588972 0)
(2.80891e-164 -2.5171e-77 0)
(-0.0126327 0.330973 0)
(-0.116158 0.795001 0)
(-0.290914 1.09536 0)
(-0.485755 1.25929 0)
(-0.697775 1.33144 0)
(-0.910685 1.32268 0)
(-1.12211 1.25808 0)
(-1.32941 1.1323 0)
(-1.52694 0.94928 0)
(-1.71089 0.70005 0)
(-1.87139 0.379267 0)
(-1.99228 -0.00846113 0)
(-2.06285 -0.459232 0)
(-2.04425 -0.934421 0)
(-1.94147 -1.39805 0)
(-1.68834 -1.76162 0)
(-1.35684 -1.94484 0)
(-0.870863 -1.85025 0)
(-0.467837 -1.43392 0)
(-0.0765998 -0.779301 0)
(1.74386e-265 0.0129418 0)
(-0.0135581 0.402042 0)
(-0.116372 0.944087 0)
(-0.293103 1.29043 0)
(-0.486416 1.47006 0)
(-0.694226 1.5501 0)
(-0.901234 1.53818 0)
(-1.10448 1.47077 0)
(-1.30654 1.33779 0)
(-1.50067 1.1453 0)
(-1.68989 0.880201 0)
(-1.86324 0.531984 0)
(-2.01099 0.103117 0)
(-2.11962 -0.414151 0)
(-2.15186 -0.976503 0)
(-2.10337 -1.56198 0)
(-1.89536 -2.05473 0)
(-1.58174 -2.37114 0)
(-1.05874 -2.34019 0)
(-0.570128 -1.86598 0)
(-0.0740079 -1.07621 0)
(0.0517672 -0.0723364 0)
(-0.017259 0.456548 0)
(-0.123738 1.07161 0)
(-0.304705 1.46251 0)
(-0.492887 1.65711 0)
(-0.686259 1.74444 0)
(-0.874514 1.73034 0)
(-1.05158 1.66238 0)
(-1.2297 1.52688 0)
(-1.39858 1.33228 0)
(-1.57278 1.06199 0)
(-1.73827 0.700971 0)
(-1.89884 0.24824 0)
(-2.03591 -0.315894 0)
(-2.12449 -0.950006 0)
(-2.14658 -1.64938 0)
(-2.01851 -2.28512 0)
(-1.77034 -2.77507 0)
(-1.23482 -2.87063 0)
(-0.705544 -2.41217 0)
(0.0400587 -1.40812 0)
(2.3892e-231 -0.0129418 0)
(-0.0222374 0.54596 0)
(-0.129635 1.23459 0)
(-0.307804 1.66343 0)
(-0.480746 1.8527 0)
(-0.645986 1.93485 0)
(-0.7997 1.90383 0)
(-0.932027 1.82788 0)
(-1.06552 1.6848 0)
(-1.18602 1.48905 0)
(-1.32027 1.21979 0)
(-1.45238 0.85784 0)
(-1.60143 0.400638 0)
(-1.74825 -0.188742 0)
(-1.88483 -0.866407 0)
(-1.98759 -1.66722 0)
(-1.97753 -2.43534 0)
(-1.85615 -3.15377 0)
(-1.41361 -3.42311 0)
(-0.890673 -3.13489 0)
(-0.00335337 -1.81866 0)
(5.74808e-202 4.55265e-184 0)
(-0.0385563 0.601407 0)
(-0.163897 1.35111 0)
(-0.348735 1.80981 0)
(-0.504393 1.98981 0)
(-0.623592 2.06183 0)
(-0.723948 2.01299 0)
(-0.783973 1.92798 0)
(-0.847472 1.77965 0)
(-0.889523 1.58754 0)
(-0.956328 1.32906 0)
(-1.0233 0.983405 0)
(-1.13447 0.546575 0)
(-1.26003 -0.0293415 0)
(-1.43214 -0.706696 0)
(-1.60171 -1.54878 0)
(-1.74789 -2.41336 0)
(-1.7928 -3.32289 0)
(-1.55955 -3.84492 0)
(-1.11697 -3.79933 0)
(-0.0111354 -2.32876 0)
(1.82106e-183 -6.03224e-185 0)
(-0.0574111 0.756432 0)
(-0.20024 1.54908 0)
(-0.379459 2.01337 0)
(-0.502574 2.12896 0)
(-0.557544 2.16159 0)
(-0.585177 2.06496 0)
(-0.553567 1.9557 0)
(-0.525961 1.79117 0)
(-0.468055 1.59973 0)
(-0.442214 1.35492 0)
(-0.417188 1.03591 0)
(-0.456346 0.63969 0)
(-0.526353 0.107219 0)
(-0.690171 -0.521319 0)
(-0.900711 -1.35459 0)
(-1.18245 -2.24071 0)
(-1.45241 -3.34699 0)
(-1.54332 -4.1059 0)
(-1.41646 -4.7007 0)
(-0.462932 -2.98268 0)
(4.38609e-254 -4.55265e-184 0)
(-0.123089 0.845105 0)
(-0.33352 1.66004 0)
(-0.505297 2.107 0)
(-0.581073 2.15822 0)
(-0.519896 2.14372 0)
(-0.43815 2.00411 0)
(-0.269338 1.86976 0)
(-0.119573 1.69318 0)
(0.0695416 1.50538 0)
(0.209914 1.28064 0)
(0.351495 0.999752 0)
(0.40177 0.661702 0)
(0.418987 0.20817 0)
(0.27897 -0.322932 0)
(0.0826742 -1.04845 0)
(-0.358796 -1.85051 0)
(-0.792155 -2.93588 0)
(-1.50757 -3.87986 0)
(-1.67333 -4.78999 0)
(-2.06749 -3.82158 0)
(-2.56676e-264 -0.214649 0)
(-0.178797 1.23449 0)
(-0.426812 1.93563 0)
(-0.530025 2.28325 0)
(-0.503022 2.14382 0)
(-0.286475 2.03251 0)
(-0.0598796 1.81404 0)
(0.264429 1.64372 0)
(0.552914 1.45241 0)
(0.879141 1.27237 0)
(1.14141 1.07477 0)
(1.40167 0.84351 0)
(1.55498 0.577177 0)
(1.67097 0.226654 0)
(1.60691 -0.175489 0)
(1.46898 -0.727565 0)
(1.0379 -1.34939 0)
(0.515809 -2.22919 0)
(-0.397435 -3.18073 0)
(-1.11119 -4.23023 0)
(-1.84716 -4.50805 0)
(-0.858596 -2.30862 0)
(-0.400103 1.41636 0)
(-0.728412 1.98258 0)
(-0.531363 2.17739 0)
(-0.264225 1.8978 0)
(0.27537 1.7016 0)
(0.721957 1.44533 0)
(1.26021 1.25898 0)
(1.70282 1.07646 0)
(2.1668 0.918797 0)
(2.53362 0.761015 0)
(2.88919 0.588493 0)
(3.11444 0.401042 0)
(3.30515 0.159654 0)
(3.2875 -0.10528 0)
(3.21902 -0.475745 0)
(2.80244 -0.875187 0)
(2.33922 -1.50097 0)
(1.32728 -2.22289 0)
(0.433346 -3.34477 0)
(-0.717206 -3.99657 0)
(-0.699621 -2.96239 0)
(-0.256106 2.42488 0)
(-0.100532 2.06154 0)
(0.685032 1.86959 0)
(1.32612 1.32922 0)
(2.13248 1.06667 0)
(2.74807 0.822409 0)
(3.39007 0.669053 0)
(3.89237 0.541639 0)
(4.38412 0.442035 0)
(4.76111 0.352032 0)
(5.11429 0.261036 0)
(5.33638 0.166474 0)
(5.52467 0.0502176 0)
(5.51969 -0.0765465 0)
(5.47762 -0.252383 0)
(5.12156 -0.447939 0)
(4.74011 -0.785133 0)
(3.81521 -1.2424 0)
(2.85665 -2.2535 0)
(1.08783 -3.32917 0)
(-0.0453321 -3.79961 0)
(1.66814 1.67044 0)
(2.7067 0.975599 0)
(4.54866 0.748852 0)
(5.3864 0.423494 0)
(6.25014 0.285409 0)
(6.755 0.176669 0)
(7.22865 0.119892 0)
(7.54665 0.0798475 0)
(7.84047 0.0539696 0)
(8.04092 0.0340662 0)
(8.22319 0.0163797 0)
(8.31522 -0.000378237 0)
(8.39216 -0.0212192 0)
(8.34025 -0.0420858 0)
(8.28488 -0.0777592 0)
(8.00297 -0.11129 0)
(7.75035 -0.201104 0)
(6.99786 -0.294123 0)
(6.26403 -0.626346 0)
(4.04669 -0.998412 0)
(2.00654 -1.81929 0)
)
;

boundaryField
{
    movingWall
    {
        type            fixedValue;
        value           uniform (10 0 0);
    }
    fixedWalls
    {
        type            noSlip;
    }
    frontAndBack
    {
        type            empty;
    }
}


// ************************************************************************* //
