/*--------------------------------*- C++ -*----------------------------------*\
| =========                 |                                                 |
| \\      /  F ield         | OpenFOAM: The Open Source CFD Toolbox           |
|  \\    /   O peration     | Version:  4.1                                   |
|   \\  /    A nd           | Web:      www.OpenFOAM.org                      |
|    \\/     M anipulation  |                                                 |
\*---------------------------------------------------------------------------*/
FoamFile
{
    version     2.0;
    format      ascii;
    class       volVectorField;
    location    "0.00171";
    object      U;
}
// * * * * * * * * * * * * * * * * * * * * * * * * * * * * * * * * * * * * * //

dimensions      [0 1 -1 0 0 0 0];

internalField   nonuniform List<vector> 
1681
(
(-0.000231431 0.000234019 0)
(-0.00202654 0.000978149 0)
(-0.00530619 0.00138434 0)
(-0.00919816 0.00156815 0)
(-0.0133489 0.00162473 0)
(-0.0175443 0.00162452 0)
(-0.0216868 0.00159211 0)
(-0.0257127 0.00153894 0)
(-0.0295783 0.00147024 0)
(-0.0332492 0.0013892 0)
(-0.0366973 0.00129789 0)
(-0.0398989 0.00119779 0)
(-0.0428333 0.00109001 0)
(-0.0454822 0.000975464 0)
(-0.0478296 0.000854955 0)
(-0.0498613 0.00072923 0)
(-0.051565 0.000599013 0)
(-0.0529304 0.000465029 0)
(-0.0539486 0.000328012 0)
(-0.0546131 0.000188718 0)
(-0.054919 4.79239e-05 0)
(-0.0548634 -9.35671e-05 0)
(-0.0544457 -0.000234927 0)
(-0.0536673 -0.000375305 0)
(-0.0525316 -0.000513826 0)
(-0.0510446 -0.000649599 0)
(-0.0492142 -0.00078172 0)
(-0.047051 -0.000909278 0)
(-0.0445676 -0.00103137 0)
(-0.041779 -0.00114708 0)
(-0.0387027 -0.00125555 0)
(-0.035358 -0.00135593 0)
(-0.0317668 -0.00144743 0)
(-0.0279526 -0.00152927 0)
(-0.0239411 -0.00160062 0)
(-0.0197609 -0.00165976 0)
(-0.0154474 -0.00170068 0)
(-0.0110608 -0.0017008 0)
(-0.00675647 -0.00158738 0)
(-0.00290113 -0.00120636 0)
(-0.000436581 -0.000417777 0)
(-0.00073082 0.00186646 0)
(-0.00495058 0.00567244 0)
(-0.0119444 0.00776334 0)
(-0.0200425 0.00868856 0)
(-0.0285911 0.00897607 0)
(-0.0371819 0.00895809 0)
(-0.0456332 0.00876931 0)
(-0.0538269 0.00846932 0)
(-0.061682 0.00808663 0)
(-0.0691341 0.00763797 0)
(-0.0761298 0.00713421 0)
(-0.0826232 0.00658305 0)
(-0.0885739 0.00599037 0)
(-0.0939458 0.00536101 0)
(-0.0987071 0.00469925 0)
(-0.102829 0.0040091 0)
(-0.106288 0.00329445 0)
(-0.109062 0.00255923 0)
(-0.111134 0.0018074 0)
(-0.112489 0.00104304 0)
(-0.113119 0.000270365 0)
(-0.113017 -0.000506274 0)
(-0.112182 -0.00128239 0)
(-0.110615 -0.00205336 0)
(-0.108324 -0.00281443 0)
(-0.10532 -0.00356077 0)
(-0.101619 -0.00428746 0)
(-0.0972416 -0.00498953 0)
(-0.092213 -0.00566203 0)
(-0.0865631 -0.00630005 0)
(-0.0803263 -0.00689879 0)
(-0.0735417 -0.00745361 0)
(-0.0662525 -0.00796009 0)
(-0.0585061 -0.00841395 0)
(-0.0503538 -0.00881033 0)
(-0.0418522 -0.00913973 0)
(-0.0330699 -0.00937069 0)
(-0.0241152 -0.00938973 0)
(-0.0152477 -0.00885033 0)
(-0.00708893 -0.00697482 0)
(-0.0012428 -0.00285451 0)
(-0.000757994 0.00434501 0)
(-0.00565406 0.0122998 0)
(-0.0143821 0.0165762 0)
(-0.0244594 0.0184266 0)
(-0.0350462 0.0189585 0)
(-0.0456038 0.0188625 0)
(-0.0559317 0.0184252 0)
(-0.0659053 0.0177691 0)
(-0.0754428 0.0169506 0)
(-0.084477 0.0160013 0)
(-0.0929502 0.0149415 0)
(-0.100811 0.0137855 0)
(-0.108013 0.0125445 0)
(-0.114515 0.0112279 0)
(-0.120278 0.00984417 0)
(-0.12527 0.00840133 0)
(-0.12946 0.00690734 0)
(-0.132823 0.00537019 0)
(-0.135337 0.00379807 0)
(-0.136987 0.00219941 0)
(-0.137759 0.000582914 0)
(-0.137646 -0.00104239 0)
(-0.136646 -0.00266717 0)
(-0.134761 -0.00428181 0)
(-0.132 -0.00587643 0)
(-0.128374 -0.00744092 0)
(-0.123904 -0.008965 0)
(-0.118613 -0.0104383 0)
(-0.112531 -0.0118505 0)
(-0.105695 -0.0131912 0)
(-0.0981452 -0.0144504 0)
(-0.0899286 -0.0156183 0)
(-0.0810971 -0.0166857 0)
(-0.0717079 -0.0176434 0)
(-0.0618231 -0.0184813 0)
(-0.0515108 -0.0191805 0)
(-0.0408525 -0.0196803 0)
(-0.0299733 -0.0197649 0)
(-0.019161 -0.0187712 0)
(-0.00911158 -0.0151537 0)
(-0.00164831 -0.00673316 0)
(-0.000302528 0.00622982 0)
(-0.0045994 0.0194116 0)
(-0.0143313 0.0264616 0)
(-0.0255576 0.029399 0)
(-0.0372603 0.0301316 0)
(-0.0487837 0.0298636 0)
(-0.0599591 0.0290873 0)
(-0.0706893 0.0279975 0)
(-0.0809147 0.0266756 0)
(-0.0905803 0.0251635 0)
(-0.0996346 0.0234871 0)
(-0.108029 0.0216656 0)
(-0.115717 0.019714 0)
(-0.122657 0.0176459 0)
(-0.12881 0.0154735 0)
(-0.13414 0.013209 0)
(-0.138616 0.0108644 0)
(-0.142212 0.00845191 0)
(-0.144903 0.00598425 0)
(-0.146673 0.00347447 0)
(-0.147509 0.000936097 0)
(-0.1474 -0.0016168 0)
(-0.146345 -0.00416967 0)
(-0.144345 -0.00670748 0)
(-0.141409 -0.00921473 0)
(-0.13755 -0.0116756 0)
(-0.132786 -0.0140739 0)
(-0.127144 -0.0163934 0)
(-0.120655 -0.0186177 0)
(-0.113357 -0.0207305 0)
(-0.105293 -0.0227161 0)
(-0.0965121 -0.0245588 0)
(-0.0870706 -0.0262439 0)
(-0.077029 -0.0277571 0)
(-0.0664535 -0.0290822 0)
(-0.0554168 -0.0301902 0)
(-0.0440055 -0.0309903 0)
(-0.0323506 -0.031161 0)
(-0.0207496 -0.0297087 0)
(-0.0099303 -0.0242601 0)
(-0.00180936 -0.0111621 0)
(0.000301893 0.00763466 0)
(-0.00225309 0.0270662 0)
(-0.0132777 0.0374616 0)
(-0.025565 0.0414215 0)
(-0.0381632 0.0421543 0)
(-0.0503517 0.0415361 0)
(-0.0620502 0.0402987 0)
(-0.0732123 0.0386952 0)
(-0.0838114 0.0368149 0)
(-0.0938097 0.0346985 0)
(-0.103165 0.0323714 0)
(-0.111833 0.0298536 0)
(-0.119769 0.0271622 0)
(-0.126933 0.0243135 0)
(-0.133286 0.0213232 0)
(-0.138791 0.018207 0)
(-0.143417 0.0149808 0)
(-0.147136 0.0116613 0)
(-0.149925 0.00826538 0)
(-0.151765 0.00481083 0)
(-0.152641 0.00131609 0)
(-0.152544 -0.00219968 0)
(-0.151471 -0.00571655 0)
(-0.149422 -0.00921394 0)
(-0.146405 -0.0126706 0)
(-0.142433 -0.0160647 0)
(-0.137525 -0.019374 0)
(-0.131707 -0.0225759 0)
(-0.12501 -0.025648 0)
(-0.117472 -0.0285677 0)
(-0.109138 -0.0313128 0)
(-0.100058 -0.0338619 0)
(-0.0902896 -0.0361943 0)
(-0.0798954 -0.0382899 0)
(-0.0689438 -0.0401265 0)
(-0.0575104 -0.0416644 0)
(-0.0456848 -0.0427821 0)
(-0.0336023 -0.0430508 0)
(-0.0215684 -0.0411363 0)
(-0.0103356 -0.0338029 0)
(-0.00188352 -0.015837 0)
(7.1761e-268 7.54733e-05 0)
(-0.00186358 0.033668 0)
(-0.013426 0.0491529 0)
(-0.0262392 0.0542328 0)
(-0.0393357 0.0548139 0)
(-0.0519492 0.0536992 0)
(-0.0640174 0.0519041 0)
(-0.0755083 0.0497253 0)
(-0.086405 0.0472456 0)
(-0.0966753 0.0444949 0)
(-0.10628 0.0414929 0)
(-0.115177 0.0382573 0)
(-0.123324 0.0348061 0)
(-0.130678 0.0311573 0)
(-0.137202 0.0273295 0)
(-0.142859 0.0233417 0)
(-0.147616 0.0192136 0)
(-0.151446 0.0149659 0)
(-0.154324 0.0106198 0)
(-0.156229 0.00619765 0)
(-0.157148 0.00172283 0)
(-0.157069 -0.00278039 0)
(-0.155988 -0.00728673 0)
(-0.153905 -0.01177 0)
(-0.150826 -0.016203 0)
(-0.146764 -0.0205578 0)
(-0.141737 -0.024806 0)
(-0.13577 -0.0289187 0)
(-0.128894 -0.0328665 0)
(-0.121148 -0.0366206 0)
(-0.112577 -0.0401522 0)
(-0.103232 -0.0434335 0)
(-0.0931723 -0.0464375 0)
(-0.082461 -0.0491381 0)
(-0.0711693 -0.0515063 0)
(-0.0593753 -0.0534915 0)
(-0.047172 -0.0549407 0)
(-0.0346995 -0.0553145 0)
(-0.0222736 -0.0529277 0)
(-0.0106734 -0.0436538 0)
(-0.00194352 -0.0206674 0)
(5.23783e-27 4.57419e-25 0)
(-0.00378269 0.0416144 0)
(-0.0151288 0.0611604 0)
(-0.0280128 0.0672935 0)
(-0.0412349 0.0677554 0)
(-0.0540811 0.0661642 0)
(-0.0664269 0.0638121 0)
(-0.0782128 0.0610479 0)
(-0.0894027 0.0579536 0)
(-0.0999555 0.0545514 0)
(-0.109828 0.0508562 0)
(-0.118974 0.0468845 0)
(-0.127351 0.0426549 0)
(-0.134917 0.0381871 0)
(-0.141632 0.0335024 0)
(-0.147459 0.028623 0)
(-0.152366 0.0235723 0)
(-0.156322 0.0183747 0)
(-0.159302 0.0130558 0)
(-0.161285 0.00764242 0)
(-0.162256 0.00216273 0)
(-0.162201 -0.0033539 0)
(-0.161116 -0.0088768 0)
(-0.158999 -0.0143741 0)
(-0.155855 -0.0198127 0)
(-0.151695 -0.0251584 0)
(-0.146537 -0.0303763 0)
(-0.140405 -0.0354308 0)
(-0.133331 -0.0402859 0)
(-0.125352 -0.0449055 0)
(-0.116513 -0.0492542 0)
(-0.106868 -0.0532971 0)
(-0.0964753 -0.0570007 0)
(-0.0854017 -0.0603322 0)
(-0.0737203 -0.0632554 0)
(-0.0615122 -0.0657082 0)
(-0.0488743 -0.0675045 0)
(-0.0359529 -0.0679906 0)
(-0.0230766 -0.0651178 0)
(-0.0110556 -0.0538373 0)
(-0.00201154 -0.0256596 0)
(-5.37633e-79 1.30946e-27 0)
(-0.00567673 0.0498463 0)
(-0.0173196 0.0731757 0)
(-0.030367 0.080385 0)
(-0.0436912 0.0808295 0)
(-0.0567475 0.0788543 0)
(-0.0693704 0.0759975 0)
(-0.0814699 0.0726686 0)
(-0.0929829 0.0689608 0)
(-0.103854 0.0648976 0)
(-0.11403 0.0604944 0)
(-0.123464 0.0557688 0)
(-0.132109 0.0507412 0)
(-0.139921 0.0454338 0)
(-0.14686 0.0398707 0)
(-0.152887 0.0340772 0)
(-0.157969 0.0280801 0)
(-0.162075 0.0219078 0)
(-0.165178 0.0155901 0)
(-0.167255 0.00915806 0)
(-0.16829 0.00264469 0)
(-0.168267 -0.00391562 0)
(-0.167181 -0.0104868 0)
(-0.165027 -0.0170314 0)
(-0.16181 -0.0235101 0)
(-0.15754 -0.0298825 0)
(-0.152232 -0.0361068 0)
(-0.145909 -0.0421406 0)
(-0.138603 -0.0479406 0)
(-0.13035 -0.0534635 0)
(-0.121198 -0.0586662 0)
(-0.111198 -0.0635066 0)
(-0.100412 -0.0679438 0)
(-0.0889093 -0.0719378 0)
(-0.076765 -0.0754448 0)
(-0.0640642 -0.07839 0)
(-0.0509084 -0.0805529 0)
(-0.0374515 -0.0811601 0)
(-0.0240374 -0.0777844 0)
(-0.0115134 -0.0644178 0)
(-0.00209353 -0.0308441 0)
(-3.58564e-166 -1.34408e-79 0)
(-0.00849613 0.058954 0)
(-0.0201515 0.085565 0)
(-0.0332263 0.0936183 0)
(-0.0466038 0.0940753 0)
(-0.0598908 0.0917994 0)
(-0.0728352 0.0884955 0)
(-0.0852989 0.0846275 0)
(-0.0971848 0.0803097 0)
(-0.108421 0.0755766 0)
(-0.118948 0.0704497 0)
(-0.128713 0.064951 0)
(-0.137666 0.0591041 0)
(-0.145764 0.0529341 0)
(-0.152962 0.0464681 0)
(-0.159223 0.0397347 0)
(-0.164511 0.0327643 0)
(-0.168793 0.0255889 0)
(-0.172041 0.0182422 0)
(-0.174231 0.0107599 0)
(-0.175343 0.00317944 0)
(-0.175363 -0.00445979 0)
(-0.174279 -0.0121164 0)
(-0.172088 -0.0197471 0)
(-0.168791 -0.0273066 0)
(-0.164396 -0.0347479 0)
(-0.158917 -0.0420223 0)
(-0.152376 -0.0490799 0)
(-0.144803 -0.05587 0)
(-0.136234 -0.0623412 0)
(-0.126716 -0.0684426 0)
(-0.116304 -0.0741238 0)
(-0.105059 -0.079336 0)
(-0.0930522 -0.0840312 0)
(-0.0803638 -0.0881569 0)
(-0.0670828 -0.091625 0)
(-0.0533163 -0.0941781 0)
(-0.0392268 -0.0949173 0)
(-0.025177 -0.0910193 0)
(-0.0120575 -0.0754729 0)
(-0.00219137 -0.0362593 0)
(-5.78704e-267 0.000360069 0)
(-0.0131133 0.0681504 0)
(-0.0234175 0.0974068 0)
(-0.0362678 0.106627 0)
(-0.0497462 0.107409 0)
(-0.0633919 0.105029 0)
(-0.076773 0.101365 0)
(-0.0896897 0.0969846 0)
(-0.102018 0.0920558 0)
(-0.113678 0.0866391 0)
(-0.124606 0.0807693 0)
(-0.134749 0.0744753 0)
(-0.144054 0.0677848 0)
(-0.152477 0.0607264 0)
(-0.159974 0.0533302 0)
(-0.166503 0.0456281 0)
(-0.172027 0.0376539 0)
(-0.176513 0.0294432 0)
(-0.179931 0.0210337 0)
(-0.182254 0.0124652 0)
(-0.18346 0.0037796 0)
(-0.183533 -0.00497876 0)
(-0.182459 -0.0137633 0)
(-0.180231 -0.0225249 0)
(-0.176849 -0.0312123 0)
(-0.172318 -0.0397715 0)
(-0.166649 -0.0481468 0)
(-0.159863 -0.0562806 0)
(-0.151988 -0.064114 0)
(-0.14306 -0.071587 0)
(-0.133125 -0.07864 0)
(-0.122239 -0.0852138 0)
(-0.110464 -0.0912505 0)
(-0.0978767 -0.0966932 0)
(-0.0845584 -0.10148 0)
(-0.070604 -0.105508 0)
(-0.0561272 -0.10848 0)
(-0.041301 -0.109365 0)
(-0.0265098 -0.104922 0)
(-0.0126948 -0.0870866 0)
(-0.00230629 -0.041947 0)
(-0.00144027 0.0232146 0)
(-0.0117088 0.0803971 0)
(-0.0234533 0.109499 0)
(-0.0376778 0.119986 0)
(-0.0524093 0.121256 0)
(-0.06699 0.118814 0)
(-0.0811039 0.114771 0)
(-0.0946287 0.109846 0)
(-0.107493 0.104274 0)
(-0.119643 0.0981441 0)
(-0.131026 0.0915042 0)
(-0.141594 0.0843879 0)
(-0.151297 0.0768263 0)
(-0.160088 0.0688506 0)
(-0.16792 0.060494 0)
(-0.174754 0.0517912 0)
(-0.180548 0.0427795 0)
(-0.185268 0.0334979 0)
(-0.188882 0.0239878 0)
(-0.19136 0.0142931 0)
(-0.192679 0.00446001 0)
(-0.192819 -0.00546258 0)
(-0.191764 -0.0154229 0)
(-0.189503 -0.0253662 0)
(-0.186033 -0.0352349 0)
(-0.181356 -0.0449683 0)
(-0.17548 -0.0545031 0)
(-0.168424 -0.0637735 0)
(-0.160214 -0.072712 0)
(-0.150884 -0.0812494 0)
(-0.14048 -0.0893163 0)
(-0.129057 -0.0968436 0)
(-0.116682 -0.103763 0)
(-0.103431 -0.110009 0)
(-0.0893926 -0.115507 0)
(-0.0746656 -0.120138 0)
(-0.0593723 -0.123564 0)
(-0.0436975 -0.124613 0)
(-0.0280509 -0.119601 0)
(-0.0134326 -0.0993498 0)
(-0.00243964 -0.0479523 0)
(0.000545284 0.0259433 0)
(-0.00241036 0.0914872 0)
(-0.0199341 0.124618 0)
(-0.0377121 0.135932 0)
(-0.0548682 0.136852 0)
(-0.0708814 0.133743 0)
(-0.0859476 0.12899 0)
(-0.100187 0.12335 0)
(-0.113654 0.117046 0)
(-0.126347 0.110153 0)
(-0.138235 0.102706 0)
(-0.149276 0.0947359 0)
(-0.159421 0.0862724 0)
(-0.168621 0.0773479 0)
(-0.176831 0.0679976 0)
(-0.184006 0.0582594 0)
(-0.190104 0.0481733 0)
(-0.19509 0.0377819 0)
(-0.198928 0.0271301 0)
(-0.201587 0.0162654 0)
(-0.20304 0.00523815 0)
(-0.203264 -0.00589841 0)
(-0.202239 -0.0170876 0)
(-0.199953 -0.0282692 0)
(-0.196396 -0.0393793 0)
(-0.191567 -0.0503503 0)
(-0.185471 -0.0611112 0)
(-0.178123 -0.0715876 0)
(-0.169545 -0.0817024 0)
(-0.159771 -0.0913766 0)
(-0.148845 -0.10053 0)
(-0.136823 -0.109082 0)
(-0.123772 -0.116954 0)
(-0.109773 -0.124068 0)
(-0.0949176 -0.130337 0)
(-0.0793124 -0.135625 0)
(-0.0630881 -0.139547 0)
(-0.0464438 -0.140779 0)
(-0.0298186 -0.135171 0)
(-0.0142799 -0.11236 0)
(-0.00259304 -0.0543239 0)
(4.65251e-282 0.000136321 0)
(-0.00243329 0.100618 0)
(-0.021992 0.142888 0)
(-0.041164 0.154469 0)
(-0.0592833 0.154129 0)
(-0.0760217 0.149757 0)
(-0.0917138 0.143996 0)
(-0.106544 0.137502 0)
(-0.120585 0.130399 0)
(-0.133837 0.122702 0)
(-0.146266 0.114417 0)
(-0.157822 0.105564 0)
(-0.168453 0.0961669 0)
(-0.178107 0.0862601 0)
(-0.186735 0.0758807 0)
(-0.19429 0.0650693 0)
(-0.200729 0.0538692 0)
(-0.206013 0.0423261 0)
(-0.210106 0.0304883 0)
(-0.212973 0.0184065 0)
(-0.214585 0.00613463 0)
(-0.214913 -0.00627001 0)
(-0.213936 -0.0187462 0)
(-0.211635 -0.0312284 0)
(-0.207996 -0.0436467 0)
(-0.203013 -0.0559265 0)
(-0.196687 -0.0679886 0)
(-0.189027 -0.0797495 0)
(-0.180053 -0.0911222 0)
(-0.169795 -0.102017 0)
(-0.158295 -0.11234 0)
(-0.145609 -0.122001 0)
(-0.131806 -0.130907 0)
(-0.116968 -0.138965 0)
(-0.101194 -0.146076 0)
(-0.0845973 -0.152083 0)
(-0.0673186 -0.15655 0)
(-0.0495735 -0.157993 0)
(-0.0318348 -0.151759 0)
(-0.0152474 -0.126226 0)
(-0.0027685 -0.0611152 0)
(-6.8508e-248 2.28321e-165 0)
(-0.013877 0.114713 0)
(-0.0310326 0.161673 0)
(-0.0488721 0.17293 0)
(-0.0660192 0.171477 0)
(-0.0825542 0.166062 0)
(-0.0984534 0.159443 0)
(-0.11372 0.152176 0)
(-0.128301 0.144308 0)
(-0.142131 0.135811 0)
(-0.15514 0.126676 0)
(-0.167258 0.116915 0)
(-0.178423 0.106555 0)
(-0.188576 0.0956305 0)
(-0.197664 0.0841839 0)
(-0.205639 0.0722592 0)
(-0.212457 0.0599029 0)
(-0.218075 0.0471638 0)
(-0.222455 0.0340929 0)
(-0.225561 0.0207439 0)
(-0.227359 0.00717365 0)
(-0.227817 -0.0065571 0)
(-0.226909 -0.0203831 0)
(-0.224608 -0.0342339 0)
(-0.220898 -0.0480337 0)
(-0.215764 -0.061701 0)
(-0.209203 -0.0751482 0)
(-0.201217 -0.0882825 0)
(-0.19182 -0.101006 0)
(-0.18104 -0.113216 0)
(-0.168916 -0.124807 0)
(-0.155501 -0.135673 0)
(-0.140866 -0.145706 0)
(-0.125096 -0.1548 0)
(-0.108294 -0.162838 0)
(-0.0905835 -0.169637 0)
(-0.072116 -0.17471 0)
(-0.0531262 -0.176396 0)
(-0.0341258 -0.169504 0)
(-0.0163481 -0.141064 0)
(-0.00296843 -0.0683852 0)
(-9.13283e-165 0.00204424 0)
(-0.0301795 0.128777 0)
(-0.0428234 0.177339 0)
(-0.0582352 0.18912 0)
(-0.0737504 0.187708 0)
(-0.0898205 0.182113 0)
(-0.105855 0.175114 0)
(-0.121574 0.167313 0)
(-0.136746 0.158784 0)
(-0.151216 0.149522 0)
(-0.164867 0.139533 0)
(-0.177606 0.128841 0)
(-0.189358 0.117484 0)
(-0.200059 0.105504 0)
(-0.209652 0.0929498 0)
(-0.218089 0.0798688 0)
(-0.225323 0.0663118 0)
(-0.231312 0.0523301 0)
(-0.236016 0.0379772 0)
(-0.239395 0.0233087 0)
(-0.241411 0.00838362 0)
(-0.242029 -0.00673455 0)
(-0.241215 -0.0219773 0)
(-0.238938 -0.0372699 0)
(-0.235173 -0.0525312 0)
(-0.229898 -0.0676726 0)
(-0.223102 -0.0825983 0)
(-0.214781 -0.0972052 0)
(-0.204942 -0.111384 0)
(-0.193605 -0.125018 0)
(-0.180807 -0.137989 0)
(-0.166598 -0.150172 0)
(-0.151049 -0.161444 0)
(-0.134248 -0.17168 0)
(-0.116303 -0.180742 0)
(-0.0973462 -0.188424 0)
(-0.0775431 -0.194173 0)
(-0.05715 -0.196142 0)
(-0.0367234 -0.18856 0)
(-0.0175977 -0.157007 0)
(-0.00319577 -0.0761996 0)
(-0.00817696 0.0569595 0)
(-0.0369213 0.15052 0)
(-0.0496779 0.191857 0)
(-0.0647336 0.203806 0)
(-0.0803135 0.203266 0)
(-0.0967925 0.198182 0)
(-0.113453 0.191197 0)
(-0.129905 0.183049 0)
(-0.145845 0.173933 0)
(-0.161078 0.163918 0)
(-0.175462 0.153058 0)
(-0.188894 0.141403 0)
(-0.201292 0.129009 0)
(-0.212591 0.11593 0)
(-0.222735 0.102222 0)
(-0.231674 0.087939 0)
(-0.239365 0.0731346 0)
(-0.245764 0.0578625 0)
(-0.250829 0.0421773 0)
(-0.254518 0.0261357 0)
(-0.256789 0.00979775 0)
(-0.257602 -0.00677162 0)
(-0.256916 -0.0235016 0)
(-0.254693 -0.040314 0)
(-0.250897 -0.0571228 0)
(-0.245499 -0.0738329 0)
(-0.238478 -0.09034 0)
(-0.229819 -0.106531 0)
(-0.219523 -0.122283 0)
(-0.207601 -0.137466 0)
(-0.194083 -0.151944 0)
(-0.179017 -0.165574 0)
(-0.16247 -0.178214 0)
(-0.144534 -0.189716 0)
(-0.125322 -0.199922 0)
(-0.104975 -0.208591 0)
(-0.0836751 -0.215104 0)
(-0.0617028 -0.217405 0)
(-0.0396662 -0.2091 0)
(-0.0190153 -0.1742 0)
(-0.00345412 -0.0846322 0)
(-0.00752807 0.0724311 0)
(-0.0309883 0.167161 0)
(-0.048938 0.207616 0)
(-0.0671078 0.219964 0)
(-0.0850217 0.220055 0)
(-0.103132 0.215302 0)
(-0.121092 0.208242 0)
(-0.138656 0.199695 0)
(-0.155594 0.189943 0)
(-0.171737 0.179127 0)
(-0.186958 0.167342 0)
(-0.201159 0.15467 0)
(-0.214264 0.141186 0)
(-0.226212 0.126956 0)
(-0.23695 0.112044 0)
(-0.246434 0.0965105 0)
(-0.25462 0.0804108 0)
(-0.261468 0.0638 0)
(-0.266934 0.0467324 0)
(-0.270975 0.0292642 0)
(-0.273544 0.0114548 0)
(-0.274594 -0.00663086 0)
(-0.274077 -0.0249211 0)
(-0.271944 -0.0433354 0)
(-0.268152 -0.0617836 0)
(-0.262659 -0.0801647 0)
(-0.255431 -0.0983662 0)
(-0.246443 -0.116264 0)
(-0.235684 -0.133722 0)
(-0.223154 -0.150594 0)
(-0.208876 -0.166726 0)
(-0.19289 -0.181955 0)
(-0.175262 -0.196113 0)
(-0.156083 -0.20903 0)
(-0.135471 -0.220518 0)
(-0.113578 -0.2303 0)
(-0.0906027 -0.237681 0)
(-0.0668546 -0.240379 0)
(-0.043001 -0.231315 0)
(-0.0206243 -0.192811 0)
(-0.00374788 -0.0937667 0)
(-0.0059184 0.0880433 0)
(-0.0270746 0.18701 0)
(-0.0480254 0.227511 0)
(-0.0690551 0.239348 0)
(-0.0894829 0.239179 0)
(-0.109545 0.234157 0)
(-0.129091 0.226672 0)
(-0.147991 0.217515 0)
(-0.166093 0.206991 0)
(-0.183271 0.195269 0)
(-0.19942 0.182475 0)
(-0.214461 0.168711 0)
(-0.228327 0.154069 0)
(-0.240968 0.138628 0)
(-0.252341 0.122458 0)
(-0.262405 0.105623 0)
(-0.271125 0.0881798 0)
(-0.27846 0.070183 0)
(-0.28437 0.0516847 0)
(-0.288808 0.0327381 0)
(-0.291722 0.0133999 0)
(-0.293059 -0.00626701 0)
(-0.292761 -0.0261918 0)
(-0.290769 -0.0462932 0)
(-0.287026 -0.0664781 0)
(-0.281477 -0.0866402 0)
(-0.274073 -0.106659 0)
(-0.264776 -0.1264 0)
(-0.253558 -0.145712 0)
(-0.240408 -0.164434 0)
(-0.225336 -0.182387 0)
(-0.208374 -0.199388 0)
(-0.189581 -0.215241 0)
(-0.169046 -0.229746 0)
(-0.146894 -0.242683 0)
(-0.123285 -0.253732 0)
(-0.098436 -0.262108 0)
(-0.072691 -0.26528 0)
(-0.0467855 -0.255428 0)
(-0.0224535 -0.213029 0)
(-0.00408253 -0.103699 0)
(-0.00510189 0.10038 0)
(-0.0251889 0.207265 0)
(-0.0481835 0.249576 0)
(-0.0716076 0.261206 0)
(-0.0943869 0.260492 0)
(-0.116457 0.254841 0)
(-0.137717 0.246643 0)
(-0.158089 0.236661 0)
(-0.177474 0.2252 0)
(-0.195781 0.212442 0)
(-0.212933 0.19853 0)
(-0.228869 0.183583 0)
(-0.24354 0.167705 0)
(-0.25691 0.150985 0)
(-0.268948 0.133498 0)
(-0.279625 0.115311 0)
(-0.288911 0.0964791 0)
(-0.296774 0.0770529 0)
(-0.303171 0.0570796 0)
(-0.308055 0.0366067 0)
(-0.31137 0.0156856 0)
(-0.313053 -0.0056256 0)
(-0.313035 -0.027259 0)
(-0.311246 -0.0491345 0)
(-0.30761 -0.0711576 0)
(-0.302059 -0.0932178 0)
(-0.294526 -0.115187 0)
(-0.284953 -0.136921 0)
(-0.273296 -0.158253 0)
(-0.259526 -0.179003 0)
(-0.243636 -0.198971 0)
(-0.225647 -0.217945 0)
(-0.205609 -0.235699 0)
(-0.183605 -0.251999 0)
(-0.159762 -0.266584 0)
(-0.134251 -0.279082 0)
(-0.107309 -0.28861 0)
(-0.0793174 -0.292357 0)
(-0.0510907 -0.281688 0)
(-0.0245387 -0.235074 0)
(-0.00446487 -0.114541 0)
(-0.00483426 0.112177 0)
(-0.0250065 0.228594 0)
(-0.0497082 0.273656 0)
(-0.0752228 0.285321 0)
(-0.100159 0.283921 0)
(-0.124203 0.277396 0)
(-0.147223 0.268244 0)
(-0.169144 0.25723 0)
(-0.189888 0.244658 0)
(-0.209391 0.230718 0)
(-0.227596 0.215563 0)
(-0.244465 0.199328 0)
(-0.259969 0.182127 0)
(-0.27409 0.164055 0)
(-0.286813 0.145194 0)
(-0.298126 0.125605 0)
(-0.308008 0.105343 0)
(-0.316433 0.0844506 0)
(-0.323364 0.0629652 0)
(-0.328749 0.0409253 0)
(-0.332528 0.018373 0)
(-0.334627 -0.00464126 0)
(-0.334964 -0.0280553 0)
(-0.333452 -0.0517923 0)
(-0.330001 -0.0757583 0)
(-0.324519 -0.09984 0)
(-0.31692 -0.123904 0)
(-0.307124 -0.147793 0)
(-0.295064 -0.171328 0)
(-0.28069 -0.194309 0)
(-0.263975 -0.21651 0)
(-0.244919 -0.237689 0)
(-0.22356 -0.257586 0)
(-0.199974 -0.275925 0)
(-0.174283 -0.292398 0)
(-0.146668 -0.306571 0)
(-0.117388 -0.317443 0)
(-0.0868644 -0.321892 0)
(-0.0560058 -0.310389 0)
(-0.0269251 -0.259198 0)
(-0.00490352 -0.126422 0)
(-0.00490609 0.123988 0)
(-0.0258891 0.251074 0)
(-0.0523507 0.299546 0)
(-0.0799145 0.311493 0)
(-0.106959 0.30937 0)
(-0.132986 0.301818 0)
(-0.15781 0.291521 0)
(-0.181337 0.279283 0)
(-0.203495 0.265423 0)
(-0.224235 0.250142 0)
(-0.243523 0.233609 0)
(-0.261341 0.215971 0)
(-0.277686 0.197352 0)
(-0.292561 0.177854 0)
(-0.305976 0.157559 0)
(-0.317935 0.136528 0)
(-0.328434 0.114803 0)
(-0.337456 0.092417 0)
(-0.344967 0.0693934 0)
(-0.350914 0.045756 0)
(-0.355229 0.0215333 0)
(-0.357826 -0.00323579 0)
(-0.358608 -0.028498 0)
(-0.357468 -0.0541824 0)
(-0.354295 -0.0801976 0)
(-0.348975 -0.10643 0)
(-0.341396 -0.13274 0)
(-0.331452 -0.158962 0)
(-0.319048 -0.184903 0)
(-0.304107 -0.21034 0)
(-0.286576 -0.235024 0)
(-0.26643 -0.258677 0)
(-0.243687 -0.280999 0)
(-0.218407 -0.301666 0)
(-0.190707 -0.320316 0)
(-0.16077 -0.336437 0)
(-0.128876 -0.348895 0)
(-0.0954962 -0.354213 0)
(-0.0616438 -0.341869 0)
(-0.0296702 -0.285704 0)
(-0.00540951 -0.139497 0)
(-0.00517243 0.136352 0)
(-0.0274853 0.275053 0)
(-0.0559318 0.327387 0)
(-0.085673 0.339764 0)
(-0.114898 0.336873 0)
(-0.142977 0.328151 0)
(-0.169668 0.316525 0)
(-0.194853 0.30287 0)
(-0.218463 0.287533 0)
(-0.240461 0.27074 0)
(-0.260835 0.252679 0)
(-0.279595 0.233512 0)
(-0.296764 0.213375 0)
(-0.312376 0.192376 0)
(-0.326467 0.170596 0)
(-0.339068 0.148088 0)
(-0.350195 0.124882 0)
(-0.359843 0.100992 0)
(-0.367983 0.0764198 0)
(-0.374561 0.0511694 0)
(-0.379497 0.02525 0)
(-0.38269 -0.00131571 0)
(-0.384024 -0.0284868 0)
(-0.38337 -0.0562008 0)
(-0.380592 -0.0843715 0)
(-0.37555 -0.112886 0)
(-0.368103 -0.141603 0)
(-0.358113 -0.170349 0)
(-0.345452 -0.198917 0)
(-0.330008 -0.227064 0)
(-0.311695 -0.254511 0)
(-0.290458 -0.280945 0)
(-0.266283 -0.306022 0)
(-0.239209 -0.329363 0)
(-0.209336 -0.350539 0)
(-0.176846 -0.368948 0)
(-0.142033 -0.383294 0)
(-0.105422 -0.389699 0)
(-0.0681501 -0.376531 0)
(-0.0328487 -0.314947 0)
(-0.00599718 -0.153951 0)
(-0.00557172 0.149574 0)
(-0.0296304 0.300845 0)
(-0.060374 0.357404 0)
(-0.0925289 0.370285 0)
(-0.1241 0.366538 0)
(-0.154352 0.35648 0)
(-0.182994 0.34332 0)
(-0.209891 0.328031 0)
(-0.234976 0.311009 0)
(-0.25823 0.292514 0)
(-0.279668 0.272759 0)
(-0.299331 0.251927 0)
(-0.317279 0.230167 0)
(-0.33358 0.207594 0)
(-0.348309 0.184286 0)
(-0.361528 0.160283 0)
(-0.373279 0.135596 0)
(-0.383577 0.110212 0)
(-0.392399 0.0841048 0)
(-0.399685 0.0572467 0)
(-0.405341 0.0296214 0)
(-0.409246 0.00123062 0)
(-0.411261 -0.0279005 0)
(-0.41123 -0.0577206 0)
(-0.40899 -0.0881507 0)
(-0.404371 -0.119082 0)
(-0.397197 -0.150373 0)
(-0.387295 -0.181846 0)
(-0.374496 -0.213281 0)
(-0.358648 -0.244416 0)
(-0.339621 -0.274942 0)
(-0.31732 -0.30451 0)
(-0.291693 -0.332725 0)
(-0.262743 -0.359149 0)
(-0.230541 -0.383275 0)
(-0.195254 -0.404393 0)
(-0.157186 -0.421013 0)
(-0.116913 -0.428794 0)
(-0.0757151 -0.414855 0)
(-0.0365592 -0.347363 0)
(-0.00668555 -0.170011 0)
(-0.00608264 0.163912 0)
(-0.0322833 0.328798 0)
(-0.0657024 0.389909 0)
(-0.100586 0.40329 0)
(-0.134738 0.398537 0)
(-0.167326 0.386922 0)
(-0.19802 0.371978 0)
(-0.226676 0.354801 0)
(-0.25324 0.335852 0)
(-0.277722 0.315437 0)
(-0.300169 0.293804 0)
(-0.320662 0.271158 0)
(-0.339305 0.247666 0)
(-0.356214 0.223449 0)
(-0.371506 0.198581 0)
(-0.385291 0.173088 0)
(-0.397649 0.14695 0)
(-0.408615 0.120116 0)
(-0.418174 0.092516 0)
(-0.426258 0.0640827 0)
(-0.432754 0.0347644 0)
(-0.437511 0.00453659 0)
(-0.440361 -0.026594 0)
(-0.441118 -0.0585885 0)
(-0.439587 -0.0913771 0)
(-0.435565 -0.124858 0)
(-0.428842 -0.158895 0)
(-0.419199 -0.193308 0)
(-0.406422 -0.227868 0)
(-0.390308 -0.262296 0)
(-0.370676 -0.296254 0)
(-0.34738 -0.329354 0)
(-0.320317 -0.36115 0)
(-0.28944 -0.391141 0)
(-0.254773 -0.41873 0)
(-0.216446 -0.443082 0)
(-0.174756 -0.462474 0)
(-0.130323 -0.472022 0)
(-0.0845936 -0.457421 0)
(-0.0409351 -0.383481 0)
(-0.00750047 -0.187957 0)
(-0.00670813 0.179613 0)
(-0.0354817 0.359303 0)
(-0.0720292 0.425276 0)
(-0.110031 0.439083 0)
(-0.147054 0.43309 0)
(-0.182173 0.41962 0)
(-0.215025 0.402574 0)
(-0.245474 0.383199 0)
(-0.273496 0.362038 0)
(-0.299139 0.339453 0)
(-0.3225 0.315732 0)
(-0.343708 0.291109 0)
(-0.362919 0.265768 0)
(-0.380303 0.239843 0)
(-0.396043 0.213405 0)
(-0.410309 0.186455 0)
(-0.423229 0.158935 0)
(-0.434874 0.130737 0)
(-0.445236 0.101731 0)
(-0.45423 0.0717911 0)
(-0.46171 0.0408197 0)
(-0.467488 0.00876172 0)
(-0.471356 -0.0243948 0)
(-0.473092 -0.0586227 0)
(-0.472471 -0.0938614 0)
(-0.469257 -0.13002 0)
(-0.4632 -0.166973 0)
(-0.454033 -0.204545 0)
(-0.441485 -0.242505 0)
(-0.425293 -0.280556 0)
(-0.405214 -0.318335 0)
(-0.381044 -0.355412 0)
(-0.352615 -0.391296 0)
(-0.319812 -0.425418 0)
(-0.282585 -0.457094 0)
(-0.240995 -0.485339 0)
(-0.195293 -0.508152 0)
(-0.146131 -0.520002 0)
(-0.0951345 -0.504942 0)
(-0.0461617 -0.42397 0)
(-0.0084779 -0.208146 0)
(-0.00746748 0.196955 0)
(-0.0393265 0.392819 0)
(-0.0795545 0.463958 0)
(-0.121146 0.478031 0)
(-0.161387 0.470455 0)
(-0.19925 0.454727 0)
(-0.234359 0.435173 0)
(-0.266606 0.413217 0)
(-0.29602 0.389504 0)
(-0.322713 0.364461 0)
(-0.346844 0.338416 0)
(-0.368599 0.311633 0)
(-0.388192 0.284319 0)
(-0.405863 0.256628 0)
(-0.421875 0.22863 0)
(-0.436486 0.200302 0)
(-0.449898 0.171526 0)
(-0.462225 0.142114 0)
(-0.473468 0.111846 0)
(-0.483513 0.0805127 0)
(-0.492162 0.0479595 0)
(-0.499167 0.0140971 0)
(-0.504267 -0.0211003 0)
(-0.507204 -0.0576109 0)
(-0.507724 -0.0953803 0)
(-0.505566 -0.134333 0)
(-0.500436 -0.174366 0)
(-0.492013 -0.215321 0)
(-0.479956 -0.256967 0)
(-0.46393 -0.298996 0)
(-0.443623 -0.341016 0)
(-0.418762 -0.382561 0)
(-0.389108 -0.423097 0)
(-0.354459 -0.462005 0)
(-0.314653 -0.498514 0)
(-0.269627 -0.531481 0)
(-0.219528 -0.558571 0)
(-0.16499 -0.573473 0)
(-0.107829 -0.558306 0)
(-0.0525035 -0.469681 0)
(-0.00966955 -0.231037 0)
(-0.00839579 0.216276 0)
(-0.0439856 0.429913 0)
(-0.0885847 0.50651 0)
(-0.134342 0.520569 0)
(-0.178199 0.510925 0)
(-0.219026 0.492399 0)
(-0.256457 0.469811 0)
(-0.290452 0.444804 0)
(-0.321133 0.41814 0)
(-0.348704 0.390309 0)
(-0.373402 0.361674 0)
(-0.395478 0.332527 0)
(-0.415202 0.303101 0)
(-0.43289 0.273587 0)
(-0.44892 0.244071 0)
(-0.463671 0.2145 0)
(-0.47746 0.184675 0)
(-0.490467 0.154287 0)
(-0.502698 0.122982 0)
(-0.513986 0.0904289 0)
(-0.524042 0.0563988 0)
(-0.532527 0.020772 0)
(-0.539111 -0.0164758 0)
(-0.543497 -0.0553113 0)
(-0.545416 -0.0956778 0)
(-0.544594 -0.137522 0)
(-0.540703 -0.180783 0)
(-0.533352 -0.225337 0)
(-0.522115 -0.270966 0)
(-0.506566 -0.317349 0)
(-0.486314 -0.364062 0)
(-0.461017 -0.4106 0)
(-0.430373 -0.456401 0)
(-0.394072 -0.500826 0)
(-0.351798 -0.54305 0)
(-0.303276 -0.581778 0)
(-0.248444 -0.614286 0)
(-0.18782 -0.63331 0)
(-0.123386 -0.618638 0)
(-0.0603514 -0.521734 0)
(-0.0111522 -0.257247 0)
(-0.00954841 0.238015 0)
(-0.0497162 0.471307 0)
(-0.0995708 0.553618 0)
(-0.150199 0.567218 0)
(-0.198119 0.554815 0)
(-0.242109 0.532762 0)
(-0.281858 0.506468 0)
(-0.317462 0.477839 0)
(-0.349194 0.447762 0)
(-0.377396 0.416778 0)
(-0.402398 0.385263 0)
(-0.42451 0.35352 0)
(-0.444037 0.321813 0)
(-0.461371 0.290411 0)
(-0.477044 0.259451 0)
(-0.49163 0.228854 0)
(-0.505621 0.198306 0)
(-0.519301 0.167313 0)
(-0.532677 0.13531 0)
(-0.545482 0.101785 0)
(-0.557268 0.0664134 0)
(-0.567551 0.029062 0)
(-0.575907 -0.0102563 0)
(-0.582005 -0.0514602 0)
(-0.585592 -0.0944693 0)
(-0.586421 -0.139265 0)
(-0.584138 -0.18587 0)
(-0.578264 -0.234226 0)
(-0.568253 -0.284142 0)
(-0.553564 -0.335278 0)
(-0.533712 -0.387162 0)
(-0.508309 -0.439236 0)
(-0.477013 -0.490933 0)
(-0.439421 -0.541653 0)
(-0.395002 -0.5906 0)
(-0.343145 -0.636381 0)
(-0.28339 -0.675843 0)
(-0.215945 -0.700545 0)
(-0.142868 -0.687388 0)
(-0.070303 -0.581637 0)
(-0.0130444 -0.287622 0)
(-0.0110112 0.262757 0)
(-0.0569077 0.517947 0)
(-0.113176 0.606152 0)
(-0.169542 0.618587 0)
(-0.222008 0.602445 0)
(-0.26929 0.575882 0)
(-0.311229 0.545027 0)
(-0.348156 0.512094 0)
(-0.380596 0.478093 0)
(-0.409089 0.443578 0)
(-0.434075 0.408879 0)
(-0.455892 0.374275 0)
(-0.474815 0.340058 0)
(-0.491284 0.306664 0)
(-0.506055 0.274364 0)
(-0.520013 0.243069 0)
(-0.533938 0.212303 0)
(-0.548284 0.181272 0)
(-0.563054 0.149082 0)
(-0.577789 0.114927 0)
(-0.59176 0.0783675 0)
(-0.604248 0.0392978 0)
(-0.614695 -0.00215514 0)
(-0.622756 -0.0457889 0)
(-0.628263 -0.0914559 0)
(-0.631079 -0.139196 0)
(-0.630846 -0.189199 0)
(-0.626954 -0.241532 0)
(-0.618678 -0.296052 0)
(-0.605306 -0.352379 0)
(-0.586248 -0.409944 0)
(-0.561113 -0.468088 0)
(-0.529616 -0.526261 0)
(-0.491311 -0.584024 0)
(-0.445409 -0.640776 0)
(-0.390777 -0.69518 0)
(-0.326238 -0.743672 0)
(-0.251322 -0.776364 0)
(-0.167913 -0.766461 0)
(-0.0833067 -0.651492 0)
(-0.015536 -0.323375 0)
(-0.0129196 0.291316 0)
(-0.0661602 0.571102 0)
(-0.130388 0.66522 0)
(-0.193557 0.675385 0)
(-0.251046 0.654097 0)
(-0.301601 0.621696 0)
(-0.34537 0.585196 0)
(-0.383103 0.547174 0)
(-0.415722 0.50873 0)
(-0.444066 0.470343 0)
(-0.46869 0.432178 0)
(-0.489885 0.394403 0)
(-0.507733 0.357321 0)
(-0.522633 0.321726 0)
(-0.535684 0.288199 0)
(-0.548295 0.256695 0)
(-0.56174 0.22649 0)
(-0.576755 0.196306 0)
(-0.593331 0.164697 0)
(-0.610653 0.130372 0)
(-0.627481 0.0927587 0)
(-0.642701 0.0518757 0)
(-0.655569 0.00811332 0)
(-0.665774 -0.0380645 0)
(-0.673374 -0.0863534 0)
(-0.678513 -0.136902 0)
(-0.680871 -0.190243 0)
(-0.67962 -0.24668 0)
(-0.673727 -0.306153 0)
(-0.662211 -0.368184 0)
(-0.644341 -0.432 0)
(-0.619826 -0.496705 0)
(-0.588648 -0.561777 0)
(-0.550484 -0.627138 0)
(-0.504283 -0.692712 0)
(-0.448134 -0.757563 0)
(-0.379631 -0.81788 0)
(-0.296915 -0.862055 0)
(-0.201127 -0.858397 0)
(-0.100924 -0.734329 0)
(-0.0189441 -0.366315 0)
(-0.0154953 0.324868 0)
(-0.0784225 0.632524 0)
(-0.152709 0.732256 0)
(-0.223968 0.738404 0)
(-0.286864 0.709936 0)
(-0.340371 0.669895 0)
(-0.385224 0.626401 0)
(-0.422877 0.582434 0)
(-0.454884 0.539106 0)
(-0.482532 0.496649 0)
(-0.506494 0.454824 0)
(-0.52686 0.413514 0)
(-0.543156 0.372953 0)
(-0.555506 0.334698 0)
(-0.565577 0.30002 0)
(-0.575692 0.269024 0)
(-0.587994 0.2406 0)
(-0.603708 0.212656 0)
(-0.622801 0.18281 0)
(-0.643792 0.148921 0)
(-0.664499 0.11029 0)
(-0.683149 0.0672644 0)
(-0.698737 0.0207824 0)
(-0.711082 -0.0281708 0)
(-0.720746 -0.0789522 0)
(-0.728504 -0.13192 0)
(-0.734155 -0.18832 0)
(-0.736451 -0.248915 0)
(-0.733812 -0.313768 0)
(-0.724783 -0.382193 0)
(-0.708405 -0.452976 0)
(-0.684671 -0.524664 0)
(-0.654275 -0.596706 0)
(-0.61741 -0.669721 0)
(-0.572873 -0.744756 0)
(-0.517656 -0.821976 0)
(-0.447317 -0.897827 0)
(-0.357317 -0.958834 0)
(-0.246788 -0.966632 0)
(-0.125817 -0.834682 0)
(-0.0238177 -0.419266 0)
(-0.0191137 0.365171 0)
(-0.0952391 0.704681 0)
(-0.182461 0.809111 0)
(-0.26331 0.808468 0)
(-0.331723 0.769857 0)
(-0.387306 0.719739 0)
(-0.43185 0.667603 0)
(-0.467957 0.616849 0)
(-0.498172 0.568438 0)
(-0.524484 0.522061 0)
(-0.54768 0.476629 0)
(-0.567389 0.431356 0)
(-0.58179 0.386165 0)
(-0.590195 0.344241 0)
(-0.595268 0.308337 0)
(-0.601003 0.278909 0)
(-0.611076 0.254216 0)
(-0.627569 0.230758 0)
(-0.650431 0.204538 0)
(-0.676925 0.171867 0)
(-0.703112 0.131989 0)
(-0.726125 0.0860081 0)
(-0.744604 0.0359299 0)
(-0.758675 -0.0162692 0)
(-0.769929 -0.0692326 0)
(-0.780496 -0.123727 0)
(-0.790419 -0.182499 0)
(-0.797609 -0.24718 0)
(-0.799469 -0.318023 0)
(-0.793685 -0.393914 0)
(-0.778847 -0.472744 0)
(-0.755534 -0.55178 0)
(-0.726033 -0.630207 0)
(-0.691876 -0.70988 0)
(-0.652079 -0.794004 0)
(-0.602213 -0.88518 0)
(-0.534608 -0.981301 0)
(-0.439729 -1.0674 0)
(-0.312049 -1.09583 0)
(-0.162656 -0.959595 0)
(-0.0311401 -0.486863 0)
(-0.024436 0.414954 0)
(-0.119196 0.791115 0)
(-0.2233 0.898152 0)
(-0.315327 0.886286 0)
(-0.388726 0.833206 0)
(-0.444521 0.769735 0)
(-0.486314 0.707011 0)
(-0.51851 0.648801 0)
(-0.545175 0.59565 0)
(-0.569426 0.546227 0)
(-0.592223 0.497795 0)
(-0.612342 0.448099 0)
(-0.624963 0.396052 0)
(-0.627363 0.348287 0)
(-0.624105 0.310699 0)
(-0.622297 0.284441 0)
(-0.628322 0.266651 0)
(-0.645755 0.251377 0)
(-0.674602 0.231806 0)
(-0.709748 0.201326 0)
(-0.743952 0.15938 0)
(-0.772561 0.108701 0)
(-0.793783 0.053276 0)
(-0.808339 -0.00310598 0)
(-0.819815 -0.0575862 0)
(-0.833143 -0.111712 0)
(-0.848832 -0.17139 0)
(-0.863037 -0.23989 0)
(-0.871291 -0.317706 0)
(-0.869727 -0.402925 0)
(-0.855949 -0.491718 0)
(-0.831586 -0.578536 0)
(-0.802163 -0.661651 0)
(-0.772147 -0.744993 0)
(-0.741666 -0.835654 0)
(-0.704702 -0.941031 0)
(-0.648764 -1.063 0)
(-0.555315 -1.18688 0)
(-0.408849 -1.25225 0)
(-0.219695 -1.12035 0)
(-0.0426986 -0.577055 0)
(-0.0326684 0.478647 0)
(-0.1547 0.897003 0)
(-0.280955 1.00231 0)
(-0.385424 0.972121 0)
(-0.461928 0.898289 0)
(-0.514378 0.81714 0)
(-0.549326 0.741654 0)
(-0.573862 0.675782 0)
(-0.594307 0.619262 0)
(-0.61565 0.569071 0)
(-0.639288 0.519437 0)
(-0.662727 0.464976 0)
(-0.674766 0.401679 0)
(-0.668007 0.343516 0)
(-0.650804 0.302973 0)
(-0.636125 0.282384 0)
(-0.635043 0.27677 0)
(-0.653666 0.275897 0)
(-0.692353 0.268025 0)
(-0.74149 0.240853 0)
(-0.787612 0.19477 0)
(-0.823311 0.135921 0)
(-0.846433 0.071816 0)
(-0.858686 0.00941781 0)
(-0.867321 -0.0452277 0)
(-0.882928 -0.0951135 0)
(-0.906766 -0.152793 0)
(-0.931371 -0.224544 0)
(-0.948944 -0.311026 0)
(-0.952955 -0.408949 0)
(-0.938878 -0.511403 0)
(-0.909995 -0.606888 0)
(-0.87798 -0.691227 0)
(-0.853095 -0.771743 0)
(-0.83835 -0.862173 0)
(-0.826496 -0.978625 0)
(-0.798471 -1.13189 0)
(-0.720084 -1.31271 0)
(-0.55589 -1.44382 0)
(-0.310918 -1.33531 0)
(-0.0616735 -0.70395 0)
(-0.0460059 0.56353 0)
(-0.209143 1.02973 0)
(-0.363956 1.12477 0)
(-0.480591 1.06495 0)
(-0.555564 0.961436 0)
(-0.59826 0.857126 0)
(-0.619721 0.766682 0)
(-0.630751 0.693822 0)
(-0.640794 0.637037 0)
(-0.657965 0.590837 0)
(-0.684893 0.544215 0)
(-0.717897 0.48529 0)
(-0.732606 0.402209 0)
(-0.711613 0.324448 0)
(-0.671095 0.278141 0)
(-0.634868 0.26722 0)
(-0.62169 0.282501 0)
(-0.641729 0.306426 0)
(-0.696636 0.318773 0)
(-0.768304 0.295945 0)
(-0.831665 0.241268 0)
(-0.8756 0.167877 0)
(-0.898263 0.0891664 0)
(-0.902743 0.0173159 0)
(-0.90259 -0.034883 0)
(-0.919315 -0.0729468 0)
(-0.955054 -0.123227 0)
(-0.995051 -0.19723 0)
(-1.02607 -0.29522 0)
(-1.03753 -0.411745 0)
(-1.0206 -0.534912 0)
(-0.980914 -0.6412 0)
(-0.94096 -0.720749 0)
(-0.921231 -0.786368 0)
(-0.930593 -0.862564 0)
(-0.962119 -0.9801 0)
(-0.989132 -1.16743 0)
(-0.951301 -1.4328 0)
(-0.776505 -1.67897 0)
(-0.456212 -1.63329 0)
(-0.093137 -0.892479 0)
(-0.0683605 0.682207 0)
(-0.293633 1.19988 0)
(-0.48214 1.26812 0)
(-0.605737 1.16095 0)
(-0.66891 1.01558 0)
(-0.690655 0.881681 0)
(-0.688205 0.774556 0)
(-0.676813 0.69687 0)
(-0.669684 0.645583 0)
(-0.679851 0.612291 0)
(-0.712973 0.577604 0)
(-0.76626 0.516578 0)
(-0.789391 0.397185 0)
(-0.745721 0.281924 0)
(-0.667571 0.224594 0)
(-0.597447 0.230067 0)
(-0.565051 0.280594 0)
(-0.586201 0.346586 0)
(-0.666351 0.393629 0)
(-0.771724 0.37519 0)
(-0.856692 0.302686 0)
(-0.907001 0.203655 0)
(-0.923617 0.100512 0)
(-0.910993 0.0130687 0)
(-0.892385 -0.0317982 0)
(-0.908532 -0.0438018 0)
(-0.96124 -0.0774896 0)
(-1.02211 -0.152528 0)
(-1.07061 -0.266572 0)
(-1.09148 -0.411207 0)
(-1.06829 -0.5676 0)
(-1.00983 -0.689149 0)
(-0.955449 -0.75443 0)
(-0.940811 -0.785158 0)
(-0.984285 -0.822189 0)
(-1.08287 -0.918849 0)
(-1.20427 -1.13541 0)
(-1.24663 -1.52218 0)
(-1.07771 -1.96179 0)
(-0.668743 -2.05271 0)
(-0.142803 -1.18321 0)
(-0.104957 0.852857 0)
(-0.418479 1.41726 0)
(-0.634303 1.42854 0)
(-0.745426 1.24829 0)
(-0.774582 1.04652 0)
(-0.755902 0.877202 0)
(-0.713591 0.753271 0)
(-0.666657 0.674874 0)
(-0.631335 0.637752 0)
(-0.627081 0.631509 0)
(-0.665278 0.625249 0)
(-0.751898 0.569791 0)
(-0.787667 0.385371 0)
(-0.706397 0.202202 0)
(-0.573261 0.126325 0)
(-0.457618 0.158656 0)
(-0.399494 0.264833 0)
(-0.41989 0.397898 0)
(-0.534098 0.501724 0)
(-0.68033 0.484273 0)
(-0.780465 0.377799 0)
(-0.824122 0.237627 0)
(-0.822331 0.0975237 0)
(-0.779335 -0.0143739 0)
(-0.730984 -0.0435987 0)
(-0.746618 -0.00612915 0)
(-0.821001 -0.0104815 0)
(-0.903374 -0.0856808 0)
(-0.967859 -0.220987 0)
(-0.998107 -0.405144 0)
(-0.966313 -0.612552 0)
(-0.886734 -0.756208 0)
(-0.819792 -0.794575 0)
(-0.816311 -0.763516 0)
(-0.905112 -0.725542 0)
(-1.09287 -0.763927 0)
(-1.35255 -0.990094 0)
(-1.52064 -1.53963 0)
(-1.38166 -2.27668 0)
(-0.904747 -2.61529 0)
(-0.208429 -1.6227 0)
(-0.157865 1.10611 0)
(-0.562576 1.68748 0)
(-0.753615 1.58817 0)
(-0.796362 1.30087 0)
(-0.745769 1.0295 0)
(-0.654443 0.823395 0)
(-0.550192 0.686649 0)
(-0.451236 0.614383 0)
(-0.372222 0.602504 0)
(-0.336785 0.642625 0)
(-0.361866 0.692564 0)
(-0.480351 0.663001 0)
(-0.50975 0.362105 0)
(-0.368048 0.065824 0)
(-0.17637 -0.0325866 0)
(-0.0245787 0.0432775 0)
(0.0526174 0.23023 0)
(0.0372115 0.462666 0)
(-0.105999 0.655882 0)
(-0.268844 0.624919 0)
(-0.340787 0.454625 0)
(-0.338971 0.255162 0)
(-0.297385 0.0676519 0)
(-0.214072 -0.079001 0)
(-0.136676 -0.078582 0)
(-0.161031 0.0434097 0)
(-0.253678 0.0795803 0)
(-0.339426 0.000531845 0)
(-0.401543 -0.159821 0)
(-0.435383 -0.390955 0)
(-0.400749 -0.667897 0)
(-0.324669 -0.837409 0)
(-0.280294 -0.833333 0)
(-0.317156 -0.71361 0)
(-0.4643 -0.561395 0)
(-0.741169 -0.488732 0)
(-1.1554 -0.678333 0)
(-1.46852 -1.42585 0)
(-1.38834 -2.55794 0)
(-0.961351 -3.24148 0)
(-0.252398 -2.20378 0)
(-0.185503 1.41855 0)
(-0.566145 1.93045 0)
(-0.554404 1.65439 0)
(-0.399072 1.24327 0)
(-0.187802 0.912156 0)
(0.0202815 0.686354 0)
(0.208923 0.551117 0)
(0.372699 0.493468 0)
(0.50942 0.511425 0)
(0.602302 0.605777 0)
(0.641081 0.736667 0)
(0.538753 0.765599 0)
(0.611294 0.302577 0)
(0.829848 -0.121509 0)
(1.03129 -0.223611 0)
(1.15438 -0.0951272 0)
(1.21052 0.169251 0)
(1.20506 0.503064 0)
(1.07348 0.798971 0)
(0.997015 0.717757 0)
(1.05872 0.466032 0)
(1.17342 0.221183 0)
(1.27578 0.00853757 0)
(1.3898 -0.16549 0)
(1.45945 -0.122535 0)
(1.39928 0.101549 0)
(1.31219 0.165 0)
(1.26963 0.0778069 0)
(1.24975 -0.0901773 0)
(1.224 -0.341929 0)
(1.23924 -0.672893 0)
(1.23527 -0.856269 0)
(1.16525 -0.807132 0)
(1.02024 -0.608247 0)
(0.799562 -0.345064 0)
(0.48467 -0.128467 0)
(-0.0131451 -0.205792 0)
(-0.395092 -1.11187 0)
(-0.422441 -2.59365 0)
(-0.375502 -3.58835 0)
(-0.125837 -2.6973 0)
(0.0819244 1.7691 0)
(0.248719 1.97744 0)
(0.831677 1.4636 0)
(1.35 0.972824 0)
(1.77909 0.644165 0)
(2.11016 0.447605 0)
(2.36831 0.343289 0)
(2.57632 0.311229 0)
(2.755 0.353966 0)
(2.91412 0.489182 0)
(3.07828 0.715103 0)
(3.18322 0.883024 0)
(3.66117 0.172403 0)
(3.78818 -0.337379 0)
(3.80718 -0.37803 0)
(3.75705 -0.199052 0)
(3.71272 0.102862 0)
(3.7165 0.505027 0)
(3.73189 0.922542 0)
(4.05276 0.718146 0)
(4.35089 0.353603 0)
(4.56952 0.113077 0)
(4.69759 -0.0683217 0)
(4.77124 -0.263754 0)
(4.69797 -0.168391 0)
(4.57919 0.179416 0)
(4.61905 0.225189 0)
(4.67933 0.102827 0)
(4.72476 -0.0414464 0)
(4.71969 -0.256463 0)
(4.66818 -0.613064 0)
(4.42146 -0.765458 0)
(4.11008 -0.665075 0)
(3.78288 -0.430841 0)
(3.48699 -0.115271 0)
(3.23903 0.241136 0)
(2.95322 0.423598 0)
(2.96247 -0.513313 0)
(2.74162 -2.14602 0)
(1.71073 -3.22292 0)
(0.608052 -2.688 0)
(2.81522 0.900509 0)
(3.97888 0.771883 0)
(5.11069 0.481719 0)
(5.80829 0.285331 0)
(6.2687 0.17025 0)
(6.57224 0.108898 0)
(6.78381 0.0797934 0)
(6.94832 0.0736728 0)
(7.10395 0.0915395 0)
(7.29455 0.140982 0)
(7.59936 0.226875 0)
(8.13552 0.257711 0)
(9.91324 -3.91928e-180 0)
(8.86835 -0.0871687 0)
(8.38878 -0.105574 0)
(8.08616 -0.0549896 0)
(7.95962 0.0381988 0)
(8.05256 0.171619 0)
(8.45994 0.278579 0)
(9.9298 2.82742e-265 0)
(10 1.65968e-24 0)
(10 -1.67885e-77 0)
(10 -1.4708e-164 0)
(10.0002 -2.1774e-265 0)
(9.38892 0.000707186 0)
(9.25748 0.0721931 0)
(9.98179 2.66268e-280 0)
(10 8.89886e-233 0)
(10 -5.14188e-218 0)
(10 -6.12364e-232 0)
(9.96773 -3.94906e-217 0)
(9.08149 -0.128228 0)
(8.50778 -0.138338 0)
(8.10329 -0.0832601 0)
(7.88166 0.00907636 0)
(7.89452 0.129073 0)
(8.2563 0.178601 0)
(9.95483 -6.01365e-217 0)
(9.84011 -1.9442e-163 0)
(7.00433 -0.639433 0)
(3.80424 -0.877364 0)
)
;

boundaryField
{
    movingWall
    {
        type            fixedValue;
        value           uniform (10 0 0);
    }
    fixedWalls
    {
        type            noSlip;
    }
    frontAndBack
    {
        type            empty;
    }
}


// ************************************************************************* //
