/*--------------------------------*- C++ -*----------------------------------*\
| =========                 |                                                 |
| \\      /  F ield         | OpenFOAM: The Open Source CFD Toolbox           |
|  \\    /   O peration     | Version:  4.1                                   |
|   \\  /    A nd           | Web:      www.OpenFOAM.org                      |
|    \\/     M anipulation  |                                                 |
\*---------------------------------------------------------------------------*/
FoamFile
{
    version     2.0;
    format      ascii;
    class       volVectorField;
    location    "0.0845";
    object      U;
}
// * * * * * * * * * * * * * * * * * * * * * * * * * * * * * * * * * * * * * //

dimensions      [0 1 -1 0 0 0 0];

internalField   nonuniform List<vector> 
441
(
(0.00371228 -0.00481212 0)
(0.009699 -0.00253957 0)
(-0.000634892 -2.20653e-165 0)
(0.00195335 -3.30722e-266 0)
(-0.008376 -0.0078138 0)
(-0.00195335 -3.0434e-232 0)
(-1.13852e-202 -5.57209e-203 0)
(-1.39294e-203 -7.31042e-228 0)
(-1.71413e-212 -3.18975e-213 0)
(-0.00612057 9.08097e-266 0)
(-0.0750074 0.0244834 0)
(-0.0942616 0.0128099 0)
(-0.106207 0.00586725 0)
(-0.0934815 0.000399437 0)
(-0.0769606 -0.00164434 0)
(-0.0513031 -0.00301136 0)
(-0.0291883 -0.00215831 0)
(-0.00945988 -0.00160748 0)
(0.00254133 0.000723276 0)
(0.00438304 0.00148665 0)
(0.00454299 0.00297919 0)
(0.00381293 -0.00841352 0)
(-0.000966281 0.00681597 0)
(-0.0274133 0.00846098 0)
(-0.0592297 0.0107125 0)
(-0.10672 0.0108408 0)
(-0.15161 -0.00326693 0)
(-0.193908 -0.000158095 0)
(-0.234624 0.00165635 0)
(-0.270786 0.0131918 0)
(-0.307222 0.0667801 0)
(-0.331997 0.0614773 0)
(-0.326281 0.0188145 0)
(-0.311377 -0.00725158 0)
(-0.269152 -0.0304328 0)
(-0.219503 -0.0407207 0)
(-0.156889 -0.0460819 0)
(-0.10025 -0.0395102 0)
(-0.0498142 -0.031403 0)
(-0.0157363 -0.0140454 0)
(-0.0012761 -0.0042131 0)
(0.00491393 0.00617285 0)
(0.00757031 -0.00816598 0)
(-0.00520256 0.0282992 0)
(-0.054186 0.0568713 0)
(-0.120686 0.0767528 0)
(-0.202027 0.0833896 0)
(-0.28625 0.0830373 0)
(-0.376832 0.0801167 0)
(-0.450631 0.074379 0)
(-0.523094 0.0698139 0)
(-0.558641 0.0658037 0)
(-0.554686 0.044478 0)
(-0.536587 -0.00655269 0)
(-0.499644 -0.0505723 0)
(-0.434441 -0.0912714 0)
(-0.356631 -0.112932 0)
(-0.262453 -0.122552 0)
(-0.175055 -0.10804 0)
(-0.0950269 -0.0866448 0)
(-0.0386428 -0.0467063 0)
(-0.00828168 -0.0196122 0)
(0.00634203 0.00700678 0)
(0.00634542 -0.0111112 0)
(-0.0162358 0.070342 0)
(-0.0970038 0.123905 0)
(-0.192389 0.160999 0)
(-0.304854 0.176772 0)
(-0.418154 0.174316 0)
(-0.529854 0.165963 0)
(-0.626656 0.14884 0)
(-0.706318 0.12369 0)
(-0.753324 0.0956438 0)
(-0.762782 0.0391498 0)
(-0.73914 -0.0373741 0)
(-0.689285 -0.109571 0)
(-0.603345 -0.17465 0)
(-0.500096 -0.212558 0)
(-0.374834 -0.22922 0)
(-0.256495 -0.206379 0)
(-0.144852 -0.169515 0)
(-0.0643039 -0.0999036 0)
(-0.0158784 -0.0505938 0)
(0.00798388 0.00462027 0)
(6.91176e-165 0.00158635 0)
(-0.0246338 0.131189 0)
(-0.141019 0.232225 0)
(-0.260314 0.283126 0)
(-0.402262 0.30802 0)
(-0.540356 0.30615 0)
(-0.677852 0.287262 0)
(-0.794463 0.249709 0)
(-0.891292 0.195723 0)
(-0.948612 0.122988 0)
(-0.965946 0.0307049 0)
(-0.943548 -0.0797865 0)
(-0.885909 -0.185599 0)
(-0.783935 -0.280829 0)
(-0.657427 -0.340357 0)
(-0.499495 -0.367078 0)
(-0.347785 -0.336521 0)
(-0.197682 -0.279992 0)
(-0.0902987 -0.173948 0)
(-0.0183475 -0.0927954 0)
(0.014595 -9.95994e-05 0)
(-5.60238e-266 0.00579521 0)
(-0.0897693 0.216166 0)
(-0.19709 0.357542 0)
(-0.340362 0.424106 0)
(-0.495788 0.456661 0)
(-0.655108 0.450989 0)
(-0.809038 0.420702 0)
(-0.944961 0.362537 0)
(-1.05711 0.278743 0)
(-1.13182 0.169501 0)
(-1.16648 0.034389 0)
(-1.15245 -0.118459 0)
(-1.09574 -0.268942 0)
(-0.982696 -0.404804 0)
(-0.835992 -0.496564 0)
(-0.644217 -0.541409 0)
(-0.455102 -0.507141 0)
(-0.259943 -0.430214 0)
(-0.120215 -0.277226 0)
(-0.0206529 -0.158748 0)
(0.0161356 0.00221836 0)
(-0.0231808 0.0945957 0)
(-0.125166 0.324662 0)
(-0.248749 0.483177 0)
(-0.406365 0.579943 0)
(-0.580893 0.621901 0)
(-0.758753 0.617879 0)
(-0.933067 0.576247 0)
(-1.08908 0.496803 0)
(-1.22229 0.38232 0)
(-1.31761 0.232098 0)
(-1.37236 0.0518183 0)
(-1.37324 -0.150848 0)
(-1.3243 -0.354347 0)
(-1.20668 -0.541565 0)
(-1.04436 -0.677381 0)
(-0.817798 -0.749926 0)
(-0.588706 -0.718513 0)
(-0.335196 -0.617407 0)
(-0.160399 -0.409946 0)
(-0.00755119 -0.231027 0)
(5.96942e-266 -0.00403389 0)
(-0.0171098 0.156615 0)
(-0.119858 0.442902 0)
(-0.271781 0.639273 0)
(-0.449969 0.75702 0)
(-0.644417 0.809244 0)
(-0.84143 0.803431 0)
(-1.03426 0.751314 0)
(-1.21136 0.651608 0)
(-1.36676 0.507693 0)
(-1.48728 0.318998 0)
(-1.56813 0.0904515 0)
(-1.59186 -0.167623 0)
(-1.56025 -0.434984 0)
(-1.44763 -0.687034 0)
(-1.27745 -0.884776 0)
(-1.02063 -1.00133 0)
(-0.749206 -0.988116 0)
(-0.432229 -0.864988 0)
(-0.208186 -0.600215 0)
(-0.00368256 -0.328765 0)
(2.60419e-24 -1.06905e-24 0)
(-0.0151963 0.227881 0)
(-0.123388 0.577435 0)
(-0.291944 0.811615 0)
(-0.484908 0.950661 0)
(-0.695578 1.01198 0)
(-0.907788 1.00605 0)
(-1.11722 0.945204 0)
(-1.31329 0.828092 0)
(-1.49079 0.65795 0)
(-1.63742 0.432791 0)
(-1.7471 0.156993 0)
(-1.80025 -0.159292 0)
(-1.79511 -0.497133 0)
(-1.69957 -0.825729 0)
(-1.53392 -1.10219 0)
(-1.25667 -1.2815 0)
(-0.947683 -1.30326 0)
(-0.561992 -1.16391 0)
(-0.279034 -0.830651 0)
(-0.00499265 -0.447269 0)
(1.05956e-76 -6.51047e-25 0)
(-0.0131819 0.295758 0)
(-0.120727 0.721364 0)
(-0.298398 1.00149 0)
(-0.49971 1.1612 0)
(-0.719893 1.2325 0)
(-0.941416 1.22498 0)
(-1.16091 1.15702 0)
(-1.37074 1.02471 0)
(-1.56552 0.831984 0)
(-1.73601 0.574576 0)
(-1.87461 0.25361 0)
(-1.96161 -0.120817 0)
(-1.99164 -0.534972 0)
(-1.92696 -0.950906 0)
(-1.78208 -1.32681 0)
(-1.50152 -1.59367 0)
(-1.16575 -1.68128 0)
(-0.713708 -1.5442 0)
(-0.363198 -1.15151 0)
(-0.00717577 -0.623372 0)
(2.94556e-164 -2.64891e-77 0)
(-0.0131518 0.358301 0)
(-0.121303 0.860875 0)
(-0.303762 1.18823 0)
(-0.507573 1.36983 0)
(-0.729173 1.45192 0)
(-0.951147 1.44498 0)
(-1.17053 1.37337 0)
(-1.38396 1.23118 0)
(-1.58568 1.02279 0)
(-1.7718 0.741022 0)
(-1.93312 0.383199 0)
(-2.05377 -0.0426685 0)
(-2.12403 -0.529726 0)
(-2.10449 -1.03624 0)
(-2.0006 -1.52419 0)
(-1.74327 -1.90173 0)
(-1.40507 -2.08608 0)
(-0.905383 -1.97496 0)
(-0.488071 -1.52535 0)
(-0.080995 -0.82391 0)
(1.7875e-265 0.0133125 0)
(-0.0136192 0.431099 0)
(-0.11763 1.01415 0)
(-0.297094 1.38922 0)
(-0.493957 1.58728 0)
(-0.705552 1.6772 0)
(-0.915745 1.66626 0)
(-1.12108 1.59045 0)
(-1.32376 1.43941 0)
(-1.51724 1.22 0)
(-1.70487 0.921316 0)
(-1.87668 0.535694 0)
(-2.02366 0.0691144 0)
(-2.13347 -0.483608 0)
(-2.16869 -1.07655 0)
(-2.12535 -1.68678 0)
(-1.92172 -2.1958 0)
(-1.61097 -2.51791 0)
(-1.08346 -2.47575 0)
(-0.586355 -1.96999 0)
(-0.0760248 -1.1314 0)
(0.0532498 -0.0767302 0)
(-0.0168162 0.48516 0)
(-0.12052 1.1414 0)
(-0.298332 1.56165 0)
(-0.483647 1.77498 0)
(-0.674011 1.87189 0)
(-0.858738 1.85794 0)
(-1.03141 1.78045 0)
(-1.2043 1.62582 0)
(-1.36757 1.40369 0)
(-1.53647 1.10001 0)
(-1.69806 0.702787 0)
(-1.85712 0.21463 0)
(-1.99633 -0.38196 0)
(-2.09094 -1.0435 0)
(-2.12349 -1.76564 0)
(-2.00771 -2.41781 0)
(-1.7726 -2.91759 0)
(-1.24332 -3.00855 0)
(-0.715345 -2.52636 0)
(0.0430117 -1.47077 0)
(2.45977e-231 -0.0133125 0)
(-0.021274 0.571408 0)
(-0.121783 1.29872 0)
(-0.290652 1.75625 0)
(-0.454005 1.96409 0)
(-0.609227 2.0555 0)
(-0.752701 2.02408 0)
(-0.874461 1.93808 0)
(-0.997544 1.77575 0)
(-1.10841 1.55305 0)
(-1.23472 1.25194 0)
(-1.36151 0.856394 0)
(-1.50883 0.36751 0)
(-1.6585 -0.249733 0)
(-1.80315 -0.949705 0)
(-1.91969 -1.76887 0)
(-1.92794 -2.55081 0)
(-1.82776 -3.28064 0)
(-1.40349 -3.55122 0)
(-0.892594 -3.24976 0)
(-0.00301031 -1.88461 0)
(5.81856e-202 4.58303e-184 0)
(-0.03717 0.621321 0)
(-0.152098 1.40473 0)
(-0.322165 1.89018 0)
(-0.462149 2.08817 0)
(-0.564992 2.16918 0)
(-0.649284 2.11993 0)
(-0.69373 2.02524 0)
(-0.743124 1.85874 0)
(-0.773215 1.64158 0)
(-0.831201 1.35406 0)
(-0.893034 0.978433 0)
(-1.00342 0.514353 0)
(-1.13285 -0.0842329 0)
(-1.31413 -0.778114 0)
(-1.49849 -1.63264 0)
(-1.66532 -2.50626 0)
(-1.7356 -3.42537 0)
(-1.52877 -3.95223 0)
(-1.10838 -3.9032 0)
(-0.0114333 -2.39375 0)
(1.83321e-183 -1.33533e-184 0)
(-0.055794 0.768877 0)
(-0.186033 1.58804 0)
(-0.346772 2.07589 0)
(-0.449826 2.2084 0)
(-0.483825 2.24995 0)
(-0.491318 2.15368 0)
(-0.440956 2.03636 0)
(-0.397414 1.85621 0)
(-0.327077 1.64314 0)
(-0.293268 1.37333 0)
(-0.264859 1.02877 0)
(-0.305382 0.609884 0)
(-0.381023 0.0594607 0)
(-0.554863 -0.580502 0)
(-0.779631 -1.42069 0)
(-1.08106 -2.31004 0)
(-1.37563 -3.42178 0)
(-1.49641 -4.18506 0)
(-1.39711 -4.78389 0)
(-0.465785 -3.04023 0)
(4.39999e-254 -4.58303e-184 0)
(-0.121625 0.84943 0)
(-0.319685 1.68265 0)
(-0.472207 2.14904 0)
(-0.526473 2.21563 0)
(-0.442424 2.21008 0)
(-0.338906 2.07222 0)
(-0.150196 1.93243 0)
(0.0157871 1.74399 0)
(0.216763 1.53917 0)
(0.363651 1.29444 0)
(0.506561 0.992953 0)
(0.553078 0.636649 0)
(0.562649 0.169065 0)
(0.411422 -0.370047 0)
(0.201765 -1.09842 0)
(-0.257022 -1.89921 0)
(-0.710244 -2.98389 0)
(-1.45372 -3.92957 0)
(-1.64558 -4.84303 0)
(-2.07303 -3.86715 0)
(-2.59065e-264 -0.215929 0)
(-0.17807 1.2319 0)
(-0.41713 1.94302 0)
(-0.504317 2.30514 0)
(-0.458169 2.17883 0)
(-0.220291 2.07621 0)
(0.0270461 1.86099 0)
(0.370573 1.68824 0)
(0.674711 1.48935 0)
(1.01224 1.29747 0)
(1.28034 1.08545 0)
(1.54103 0.838963 0)
(1.6895 0.558911 0)
(1.79665 0.197834 0)
(1.72066 -0.210106 0)
(1.56955 -0.763174 0)
(1.12386 -1.38179 0)
(0.58682 -2.25672 0)
(-0.345565 -3.20581 0)
(-1.08019 -4.25507 0)
(-1.84153 -4.53546 0)
(-0.863716 -2.31652 0)
(-0.400547 1.41045 0)
(-0.726083 1.98024 0)
(-0.520015 2.18432 0)
(-0.239741 1.91459 0)
(0.316473 1.72576 0)
(0.78053 1.47327 0)
(1.33601 1.28669 0)
(1.79341 1.10025 0)
(2.26865 0.935535 0)
(2.64183 0.768684 0)
(2.9986 0.586305 0)
(3.21974 0.38981 0)
(3.40214 0.141408 0)
(3.37288 -0.12734 0)
(3.29166 -0.498153 0)
(2.86188 -0.894702 0)
(2.38717 -1.51555 0)
(1.36338 -2.23324 0)
(0.457982 -3.35268 0)
(-0.706918 -4.00555 0)
(-0.701216 -2.96403 0)
(-0.257318 2.42049 0)
(-0.104441 2.05714 0)
(0.682456 1.86916 0)
(1.32944 1.33411 0)
(2.14603 1.07593 0)
(2.77418 0.834251 0)
(3.42978 0.681313 0)
(3.94457 0.552346 0)
(4.44639 0.449521 0)
(4.82956 0.355248 0)
(5.18451 0.259601 0)
(5.40368 0.160822 0)
(5.5852 0.0414591 0)
(5.57048 -0.0867831 0)
(5.51763 -0.26222 0)
(5.15089 -0.455863 0)
(4.76089 -0.789845 0)
(3.82927 -1.24446 0)
(2.866 -2.25339 0)
(1.09216 -3.33021 0)
(-0.046254 -3.7989 0)
(1.66716 1.66948 0)
(2.7025 0.974515 0)
(4.54242 0.748274 0)
(5.3811 0.423776 0)
(6.2488 0.286434 0)
(6.75966 0.178117 0)
(7.24027 0.121358 0)
(7.5648 0.0809991 0)
(7.86379 0.0545353 0)
(8.06709 0.0339299 0)
(8.24965 0.0155443 0)
(8.33925 -0.00174084 0)
(8.41179 -0.0228535 0)
(8.35404 -0.0436433 0)
(8.29288 -0.0789313 0)
(8.00575 -0.111837 0)
(7.74996 -0.200913 0)
(6.99595 -0.293366 0)
(6.26245 -0.625176 0)
(4.04587 -0.99735 0)
(2.00526 -1.81795 0)
)
;

boundaryField
{
    movingWall
    {
        type            fixedValue;
        value           uniform (10 0 0);
    }
    fixedWalls
    {
        type            noSlip;
    }
    frontAndBack
    {
        type            empty;
    }
}


// ************************************************************************* //
