/*--------------------------------*- C++ -*----------------------------------*\
| =========                 |                                                 |
| \\      /  F ield         | OpenFOAM: The Open Source CFD Toolbox           |
|  \\    /   O peration     | Version:  4.1                                   |
|   \\  /    A nd           | Web:      www.OpenFOAM.org                      |
|    \\/     M anipulation  |                                                 |
\*---------------------------------------------------------------------------*/
FoamFile
{
    version     2.0;
    format      ascii;
    class       volVectorField;
    location    "0.028";
    object      U;
}
// * * * * * * * * * * * * * * * * * * * * * * * * * * * * * * * * * * * * * //

dimensions      [0 1 -1 0 0 0 0];

internalField   nonuniform List<vector> 
441
(
(0.00328275 -0.00464392 0)
(0.00803523 -0.00275713 0)
(-0.000689379 -2.27187e-165 0)
(0.00156757 -2.44557e-266 0)
(-0.00974713 -0.00627084 0)
(-0.00156757 -2.55107e-232 0)
(-1.08539e-202 -3.87434e-203 0)
(-9.68397e-204 -4.79096e-228 0)
(-1.34838e-212 -1.9811e-213 0)
(-0.00475198 7.23823e-266 0)
(-0.0562211 0.0190096 0)
(-0.0716683 0.0103203 0)
(-0.0824468 0.00508105 0)
(-0.0756834 0.00105381 0)
(-0.0665641 -0.000539949 0)
(-0.0498436 -0.00182127 0)
(-0.0343854 -0.00160472 0)
(-0.0181564 -0.00169478 0)
(-0.00588924 -0.000217798 0)
(-3.62988e-05 0.000400026 0)
(0.00337034 0.00215001 0)
(0.00293591 -0.00645952 0)
(-0.00357255 0.00673725 0)
(-0.0285852 0.00759115 0)
(-0.0563541 0.0110975 0)
(-0.095348 0.00868288 0)
(-0.128743 -0.00519742 0)
(-0.158153 -0.000667778 0)
(-0.184595 0.0010451 0)
(-0.206833 0.00967279 0)
(-0.229577 0.0497257 0)
(-0.245234 0.0462857 0)
(-0.240693 0.0161776 0)
(-0.232807 -0.00145358 0)
(-0.206958 -0.0174929 0)
(-0.17699 -0.0253245 0)
(-0.13613 -0.0313405 0)
(-0.0970211 -0.0298786 0)
(-0.0576695 -0.027878 0)
(-0.0267432 -0.0175136 0)
(-0.00783362 -0.0103901 0)
(0.00321756 0.00138052 0)
(0.00607359 -0.00461709 0)
(-0.00670512 0.0283691 0)
(-0.0507803 0.0513557 0)
(-0.105814 0.0647879 0)
(-0.168703 0.0651381 0)
(-0.2314 0.0593998 0)
(-0.294649 0.0538099 0)
(-0.341015 0.0470348 0)
(-0.3857 0.0431815 0)
(-0.403422 0.0421036 0)
(-0.395263 0.0309069 0)
(-0.380967 -0.00110448 0)
(-0.357724 -0.0280861 0)
(-0.317341 -0.0545978 0)
(-0.270009 -0.0705548 0)
(-0.209508 -0.0819937 0)
(-0.15097 -0.0790409 0)
(-0.0917326 -0.0723577 0)
(-0.0450643 -0.0490468 0)
(-0.0137843 -0.0298886 0)
(0.00433184 -0.00194462 0)
(0.00595574 -0.00599223 0)
(-0.0124326 0.065141 0)
(-0.0798447 0.106835 0)
(-0.154784 0.130972 0)
(-0.238966 0.134559 0)
(-0.319422 0.123101 0)
(-0.394223 0.11011 0)
(-0.454429 0.0927354 0)
(-0.501001 0.0737246 0)
(-0.524666 0.0570375 0)
(-0.524374 0.0235606 0)
(-0.504795 -0.0223074 0)
(-0.472253 -0.0652059 0)
(-0.418328 -0.106139 0)
(-0.355518 -0.132972 0)
(-0.276401 -0.151588 0)
(-0.199787 -0.147156 0)
(-0.121329 -0.135197 0)
(-0.0600308 -0.0947454 0)
(-0.0170302 -0.0610499 0)
(0.00627755 -0.00773767 0)
(6.02723e-165 0.00148894 0)
(-0.0174882 0.113774 0)
(-0.109664 0.192979 0)
(-0.198806 0.222738 0)
(-0.301244 0.228917 0)
(-0.395798 0.213213 0)
(-0.485424 0.187893 0)
(-0.555982 0.153063 0)
(-0.611232 0.112968 0)
(-0.638857 0.0660948 0)
(-0.641448 0.0114201 0)
(-0.620952 -0.0529711 0)
(-0.582268 -0.113877 0)
(-0.517962 -0.171522 0)
(-0.441542 -0.211485 0)
(-0.343545 -0.23831 0)
(-0.248823 -0.232762 0)
(-0.147992 -0.212935 0)
(-0.0722109 -0.151807 0)
(-0.01462 -0.0968675 0)
(0.0125853 -0.0118036 0)
(-5.00405e-266 0.00485291 0)
(-0.0716371 0.178997 0)
(-0.149008 0.28651 0)
(-0.252366 0.324215 0)
(-0.359393 0.331525 0)
(-0.465169 0.30831 0)
(-0.562207 0.270834 0)
(-0.642986 0.218806 0)
(-0.705347 0.157245 0)
(-0.741993 0.0865835 0)
(-0.75377 0.00583651 0)
(-0.736667 -0.082346 0)
(-0.697182 -0.168012 0)
(-0.625208 -0.248134 0)
(-0.536829 -0.306944 0)
(-0.419324 -0.346223 0)
(-0.304282 -0.341745 0)
(-0.177794 -0.314413 0)
(-0.0845332 -0.226465 0)
(-0.00890583 -0.148735 0)
(0.015812 -0.00886054 0)
(-0.0194116 0.0763365 0)
(-0.0976759 0.259501 0)
(-0.185336 0.374228 0)
(-0.296042 0.431592 0)
(-0.414346 0.441212 0)
(-0.530491 0.414933 0)
(-0.639252 0.365216 0)
(-0.731283 0.295571 0)
(-0.805326 0.211897 0)
(-0.853107 0.114381 0)
(-0.875569 0.00653337 0)
(-0.865781 -0.109752 0)
(-0.829303 -0.224459 0)
(-0.752964 -0.332456 0)
(-0.654637 -0.415972 0)
(-0.515787 -0.472048 0)
(-0.378697 -0.472165 0)
(-0.21751 -0.434416 0)
(-0.107615 -0.31786 0)
(0.00340833 -0.198718 0)
(5.40916e-266 -0.00395299 0)
(-0.0138193 0.124218 0)
(-0.0904257 0.345977 0)
(-0.200099 0.485585 0)
(-0.325901 0.554086 0)
(-0.45853 0.566441 0)
(-0.587985 0.533706 0)
(-0.709083 0.472108 0)
(-0.815042 0.384956 0)
(-0.903084 0.279512 0)
(-0.966595 0.156422 0)
(-1.00478 0.0188193 0)
(-1.00814 -0.129511 0)
(-0.9808 -0.280481 0)
(-0.905384 -0.424537 0)
(-0.800049 -0.543464 0)
(-0.640473 -0.625269 0)
(-0.476479 -0.638404 0)
(-0.277135 -0.590539 0)
(-0.138212 -0.443257 0)
(-0.00125776 -0.264769 0)
(1.90873e-24 -1.60604e-24 0)
(-0.0118947 0.177613 0)
(-0.0932187 0.444093 0)
(-0.218108 0.608496 0)
(-0.357472 0.68852 0)
(-0.505025 0.702415 0)
(-0.64809 0.664313 0)
(-0.783448 0.591764 0)
(-0.904908 0.488813 0)
(-1.0099 0.363427 0)
(-1.0926 0.215685 0)
(-1.15077 0.0486224 0)
(-1.17355 -0.134094 0)
(-1.16218 -0.32603 0)
(-1.09482 -0.514043 0)
(-0.987806 -0.678872 0)
(-0.808536 -0.797598 0)
(-0.61459 -0.832068 0)
(-0.365359 -0.776229 0)
(-0.186918 -0.587494 0)
(-0.00341601 -0.342624 0)
(7.82844e-77 -4.77181e-25 0)
(-0.0104552 0.230155 0)
(-0.0940373 0.553849 0)
(-0.231555 0.750848 0)
(-0.383291 0.841817 0)
(-0.54463 0.85785 0)
(-0.70118 0.812443 0)
(-0.850365 0.729514 0)
(-0.988225 0.611352 0)
(-1.11149 0.467579 0)
(-1.21663 0.296832 0)
(-1.2994 0.100018 0)
(-1.34855 -0.119114 0)
(-1.36159 -0.35891 0)
(-1.3119 -0.601092 0)
(-1.21135 -0.829199 0)
(-1.01745 -1.00296 0)
(-0.791131 -1.0801 0)
(-0.482606 -1.02595 0)
(-0.249446 -0.800659 0)
(-0.0049344 -0.463694 0)
(2.17817e-164 -1.95711e-77 0)
(-0.0112189 0.279119 0)
(-0.101673 0.66355 0)
(-0.253181 0.895824 0)
(-0.417645 0.999658 0)
(-0.591586 1.01902 0)
(-0.760152 0.968443 0)
(-0.920977 0.878109 0)
(-1.07363 0.748874 0)
(-1.21371 0.591691 0)
(-1.34184 0.403041 0)
(-1.45099 0.181083 0)
(-1.53225 -0.0722049 0)
(-1.57749 -0.361178 0)
(-1.55759 -0.664979 0)
(-1.47577 -0.970569 0)
(-1.2791 -1.22032 0)
(-1.02579 -1.3623 0)
(-0.654871 -1.32339 0)
(-0.354325 -1.05533 0)
(-0.0610374 -0.601654 0)
(1.36226e-265 0.0105302 0)
(-0.0130016 0.344189 0)
(-0.109434 0.79802 0)
(-0.272924 1.06856 0)
(-0.447214 1.18116 0)
(-0.629722 1.20181 0)
(-0.806194 1.14209 0)
(-0.973741 1.04391 0)
(-1.13659 0.903912 0)
(-1.28871 0.736099 0)
(-1.43621 0.533542 0)
(-1.56957 0.290294 0)
(-1.68396 0.00629021 0)
(-1.7665 -0.333747 0)
(-1.78694 -0.705106 0)
(-1.73895 -1.10767 0)
(-1.55719 -1.45853 0)
(-1.28861 -1.70389 0)
(-0.852105 -1.70854 0)
(-0.455464 -1.39008 0)
(-0.0605966 -0.833718 0)
(0.0421207 -0.0585187 0)
(-0.0178587 0.397328 0)
(-0.127058 0.920579 0)
(-0.308623 1.23082 0)
(-0.493854 1.35327 0)
(-0.68046 1.3763 0)
(-0.858716 1.31 0)
(-1.02276 1.20762 0)
(-1.18579 1.06235 0)
(-1.33747 0.890986 0)
(-1.49367 0.683283 0)
(-1.63994 0.429163 0)
(-1.78178 0.124794 0)
(-1.89854 -0.256555 0)
(-1.96841 -0.692293 0)
(-1.96939 -1.19657 0)
(-1.83066 -1.67242 0)
(-1.57822 -2.062 0)
(-1.08135 -2.16321 0)
(-0.604169 -1.84 0)
(0.0329796 -1.10434 0)
(2.00358e-231 -0.0105302 0)
(-0.0242755 0.492013 0)
(-0.145187 1.0919 0)
(-0.340462 1.43922 0)
(-0.529998 1.55413 0)
(-0.711292 1.56978 0)
(-0.880537 1.48468 0)
(-1.02806 1.3728 0)
(-1.17643 1.21848 0)
(-1.31052 1.04439 0)
(-1.45632 0.835546 0)
(-1.59563 0.577591 0)
(-1.74585 0.264089 0)
(-1.88344 -0.148539 0)
(-1.99885 -0.635752 0)
(-2.06302 -1.24666 0)
(-2.00423 -1.85464 0)
(-1.82497 -2.45472 0)
(-1.35081 -2.69868 0)
(-0.821104 -2.50073 0)
(-0.00394943 -1.46911 0)
(5.09355e-202 4.19127e-184 0)
(-0.0419279 0.559542 0)
(-0.191113 1.23065 0)
(-0.409489 1.61152 0)
(-0.601837 1.7184 0)
(-0.761061 1.72491 0)
(-0.903768 1.62304 0)
(-1.00844 1.50284 0)
(-1.11745 1.3431 0)
(-1.20403 1.17076 0)
(-1.31132 0.968336 0)
(-1.41118 0.718998 0)
(-1.54303 0.413945 0)
(-1.67191 -0.00189533 0)
(-1.82471 -0.510137 0)
(-1.94652 -1.18552 0)
(-2.01676 -1.90879 0)
(-1.95948 -2.7029 0)
(-1.62685 -3.17617 0)
(-1.10432 -3.16664 0)
(-0.00842325 -1.9515 0)
(1.67651e-183 2.39656e-184 0)
(-0.0616463 0.732685 0)
(-0.235492 1.46375 0)
(-0.460767 1.85904 0)
(-0.636952 1.90688 0)
(-0.752075 1.87848 0)
(-0.844621 1.73244 0)
(-0.882073 1.59028 0)
(-0.924695 1.41432 0)
(-0.935464 1.23939 0)
(-0.971825 1.04316 0)
(-0.998022 0.808096 0)
(-1.07123 0.525731 0)
(-1.15334 0.129837 0)
(-1.30124 -0.359371 0)
(-1.46347 -1.05957 0)
(-1.65892 -1.8397 0)
(-1.80574 -2.85238 0)
(-1.74683 -3.56221 0)
(-1.47945 -4.13987 0)
(-0.440153 -2.61694 0)
(4.14924e-254 -4.19127e-184 0)
(-0.126946 0.842133 0)
(-0.368343 1.61643 0)
(-0.589864 2.0072 0)
(-0.725708 1.99964 0)
(-0.735151 1.93132 0)
(-0.730564 1.74775 0)
(-0.644658 1.58343 0)
(-0.579023 1.39506 0)
(-0.472203 1.21882 0)
(-0.405705 1.03249 0)
(-0.324675 0.819459 0)
(-0.313848 0.573807 0)
(-0.311777 0.230151 0)
(-0.435999 -0.192147 0)
(-0.587705 -0.821315 0)
(-0.944914 -1.55622 0)
(-1.26376 -2.59117 0)
(-1.80894 -3.50276 0)
(-1.81468 -4.39302 0)
(-2.01413 -3.50456 0)
(-2.42264e-264 -0.206095 0)
(-0.18039 1.24875 0)
(-0.449209 1.93077 0)
(-0.592912 2.23831 0)
(-0.619356 2.0524 0)
(-0.469688 1.89712 0)
(-0.318519 1.6418 0)
(-0.0773773 1.44546 0)
(0.125486 1.24216 0)
(0.366922 1.0681 0)
(0.552601 0.897105 0)
(0.750203 0.71496 0)
(0.863134 0.516712 0)
(0.964974 0.247332 0)
(0.917685 -0.0751942 0)
(0.823644 -0.561878 0)
(0.465327 -1.14716 0)
(0.0369711 -2.01698 0)
(-0.745451 -2.96798 0)
(-1.31189 -4.01969 0)
(-1.8756 -4.29824 0)
(-0.82438 -2.2405 0)
(-0.39823 1.43698 0)
(-0.729245 2.00013 0)
(-0.551486 2.17135 0)
(-0.318164 1.85984 0)
(0.171864 1.63186 0)
(0.557505 1.34825 0)
(1.02419 1.14198 0)
(1.39004 0.949324 0)
(1.77556 0.79379 0)
(2.06988 0.652031 0)
(2.36512 0.510542 0)
(2.55117 0.366718 0)
(2.7284 0.17767 0)
(2.72828 -0.0360605 0)
(2.70344 -0.365647 0)
(2.35455 -0.746328 0)
(1.96745 -1.37786 0)
(1.04529 -2.11994 0)
(0.244617 -3.26104 0)
(-0.795457 -3.91758 0)
(-0.691618 -2.94183 0)
(-0.252476 2.43803 0)
(-0.0854467 2.07868 0)
(0.702816 1.8782 0)
(1.33306 1.32222 0)
(2.11287 1.04305 0)
(2.6887 0.784276 0)
(3.27905 0.620542 0)
(3.72274 0.488003 0)
(4.1528 0.389596 0)
(4.47196 0.307674 0)
(4.77719 0.231769 0)
(4.969 0.15797 0)
(5.14931 0.0656968 0)
(5.16272 -0.0384298 0)
(5.16185 -0.198291 0)
(4.86512 -0.388945 0)
(4.54656 -0.736089 0)
(3.68119 -1.2103 0)
(2.77071 -2.2411 0)
(1.04928 -3.31657 0)
(-0.0414249 -3.80167 0)
(1.67055 1.67286 0)
(2.7193 0.979127 0)
(4.57077 0.751621 0)
(5.41037 0.423939 0)
(6.26621 0.283226 0)
(6.75416 0.172317 0)
(7.20341 0.114224 0)
(7.49279 0.0738672 0)
(7.75669 0.0488183 0)
(7.93029 0.030802 0)
(8.09226 0.0160118 0)
(8.175 0.0026352 0)
(8.2553 -0.014735 0)
(8.22131 -0.0332233 0)
(8.19393 -0.0681107 0)
(7.94721 -0.103501 0)
(7.72542 -0.197478 0)
(6.99555 -0.295716 0)
(6.26928 -0.632966 0)
(4.05156 -1.00656 0)
(2.01481 -1.82993 0)
)
;

boundaryField
{
    movingWall
    {
        type            fixedValue;
        value           uniform (10 0 0);
    }
    fixedWalls
    {
        type            noSlip;
    }
    frontAndBack
    {
        type            empty;
    }
}


// ************************************************************************* //
