/*--------------------------------*- C++ -*----------------------------------*\
| =========                 |                                                 |
| \\      /  F ield         | OpenFOAM: The Open Source CFD Toolbox           |
|  \\    /   O peration     | Version:  4.1                                   |
|   \\  /    A nd           | Web:      www.OpenFOAM.org                      |
|    \\/     M anipulation  |                                                 |
\*---------------------------------------------------------------------------*/
FoamFile
{
    version     2.0;
    format      ascii;
    class       volVectorField;
    location    "0.0459";
    object      U;
}
// * * * * * * * * * * * * * * * * * * * * * * * * * * * * * * * * * * * * * //

dimensions      [0 1 -1 0 0 0 0];

internalField   nonuniform List<vector> 
441
(
(0.00334413 -0.00457166 0)
(0.00849911 -0.00258837 0)
(-0.000647113 -2.18421e-165 0)
(0.00169523 -2.75633e-266 0)
(-0.00887518 -0.00678152 0)
(-0.00169523 -2.70149e-232 0)
(-1.08417e-202 -4.5133e-203 0)
(-1.12815e-203 -5.75598e-228 0)
(-1.47531e-212 -2.43779e-213 0)
(-0.00522248 7.86223e-266 0)
(-0.0628341 0.0208922 0)
(-0.0795694 0.0111565 0)
(-0.0907415 0.00533267 0)
(-0.0816865 0.000771976 0)
(-0.0697633 -0.000973106 0)
(-0.0496195 -0.00229872 0)
(-0.0316818 -0.00180412 0)
(-0.0142973 -0.00165492 0)
(-0.00232767 0.000172848 0)
(0.00166632 0.000802025 0)
(0.00385429 0.00243144 0)
(0.00319948 -0.00707263 0)
(-0.00231893 0.00655015 0)
(-0.0271275 0.00772399 0)
(-0.0557897 0.0106132 0)
(-0.0974135 0.00940834 0)
(-0.13494 -0.00419985 0)
(-0.169214 -0.000418886 0)
(-0.201106 0.0012761 0)
(-0.22877 0.0109418 0)
(-0.256752 0.0557273 0)
(-0.276034 0.0516582 0)
(-0.27126 0.0170602 0)
(-0.260926 -0.0036542 0)
(-0.228904 -0.0224191 0)
(-0.191463 -0.0311484 0)
(-0.14222 -0.0369246 0)
(-0.0964814 -0.0332919 0)
(-0.0532065 -0.0288794 0)
(-0.021523 -0.0156679 0)
(-0.00503651 -0.00772723 0)
(0.00397356 0.00330234 0)
(0.00651119 -0.00600047 0)
(-0.00578117 0.0273532 0)
(-0.0505071 0.0521009 0)
(-0.108842 0.0681066 0)
(-0.178025 0.0713336 0)
(-0.248461 0.0681508 0)
(-0.322023 0.0638156 0)
(-0.379123 0.0575748 0)
(-0.4348 0.0534937 0)
(-0.459949 0.0512479 0)
(-0.454337 0.0362529 0)
(-0.439264 -0.00288272 0)
(-0.411355 -0.0363838 0)
(-0.361565 -0.0685421 0)
(-0.302419 -0.0867521 0)
(-0.228519 -0.097552 0)
(-0.158566 -0.0897021 0)
(-0.0913205 -0.0770903 0)
(-0.0412624 -0.0469363 0)
(-0.0111876 -0.0250967 0)
(0.00529091 0.0018278 0)
(0.00591125 -0.00802544 0)
(-0.0136501 0.0651686 0)
(-0.0846563 0.110855 0)
(-0.166261 0.140246 0)
(-0.260537 0.14936 0)
(-0.353334 0.142277 0)
(-0.442565 0.131641 0)
(-0.5175 0.114793 0)
(-0.5779 0.0937441 0)
(-0.611919 0.0728406 0)
(-0.617106 0.0307333 0)
(-0.597383 -0.0269561 0)
(-0.559245 -0.0814599 0)
(-0.493117 -0.132415 0)
(-0.414188 -0.163982 0)
(-0.315923 -0.18216 0)
(-0.221878 -0.16993 0)
(-0.129625 -0.147749 0)
(-0.0606343 -0.0949843 0)
(-0.0162164 -0.0556209 0)
(0.00714274 -0.00223138 0)
(6.21301e-165 0.00147781 0)
(-0.0199874 0.117504 0)
(-0.119804 0.203976 0)
(-0.219649 0.242716 0)
(-0.336874 0.257462 0)
(-0.44849 0.248582 0)
(-0.557529 0.226913 0)
(-0.647458 0.19201 0)
(-0.721027 0.147367 0)
(-0.762842 0.0910884 0)
(-0.774228 0.0221356 0)
(-0.75556 -0.0605117 0)
(-0.711377 -0.139902 0)
(-0.632619 -0.213893 0)
(-0.535561 -0.262871 0)
(-0.411447 -0.290629 0)
(-0.291492 -0.274551 0)
(-0.168677 -0.239343 0)
(-0.0791185 -0.158702 0)
(-0.0160001 -0.0936726 0)
(0.013655 -0.00641602 0)
(-5.07686e-266 0.00508444 0)
(-0.0770415 0.189305 0)
(-0.165398 0.308776 0)
(-0.28368 0.359029 0)
(-0.409902 0.378148 0)
(-0.537578 0.363964 0)
(-0.658834 0.331199 0)
(-0.764024 0.278541 0)
(-0.849778 0.209889 0)
(-0.905908 0.125313 0)
(-0.931712 0.0237115 0)
(-0.920143 -0.0907574 0)
(-0.876983 -0.204147 0)
(-0.789266 -0.309694 0)
(-0.675928 -0.384659 0)
(-0.524304 -0.428461 0)
(-0.374416 -0.411645 0)
(-0.215237 -0.36305 0)
(-0.100229 -0.245804 0)
(-0.014341 -0.151488 0)
(0.0160135 -0.00344747 0)
(-0.0203378 0.0816117 0)
(-0.106428 0.279588 0)
(-0.207796 0.41104 0)
(-0.336967 0.485589 0)
(-0.478506 0.510721 0)
(-0.62108 0.496268 0)
(-0.759149 0.452736 0)
(-0.88122 0.382186 0)
(-0.984959 0.289119 0)
(-1.05889 0.172818 0)
(-1.10209 0.0368607 0)
(-1.10343 -0.115513 0)
(-1.06691 -0.269802 0)
(-0.974974 -0.415735 0)
(-0.848078 -0.526355 0)
(-0.666499 -0.593727 0)
(-0.483281 -0.581365 0)
(-0.27519 -0.51569 0)
(-0.132785 -0.356509 0)
(-0.00190739 -0.211625 0)
(5.70102e-266 -0.00400338 0)
(-0.0147513 0.134162 0)
(-0.10067 0.37786 0)
(-0.226782 0.539954 0)
(-0.373941 0.630557 0)
(-0.533153 0.662625 0)
(-0.692954 0.644995 0)
(-0.848008 0.591745 0)
(-0.989645 0.504315 0)
(-1.11407 0.387992 0)
(-1.21133 0.241938 0)
(-1.27832 0.0686296 0)
(-1.3001 -0.126958 0)
(-1.27835 -0.332127 0)
(-1.18947 -0.530547 0)
(-1.05366 -0.692407 0)
(-0.843465 -0.796974 0)
(-0.621697 -0.801261 0)
(-0.358571 -0.719357 0)
(-0.174007 -0.514636 0)
(-0.00244751 -0.293339 0)
(2.2722e-24 -1.27842e-24 0)
(-0.0129812 0.193828 0)
(-0.10442 0.489892 0)
(-0.246942 0.682933 0)
(-0.409135 0.790319 0)
(-0.585157 0.82866 0)
(-0.761139 0.809748 0)
(-0.93398 0.74873 0)
(-1.09584 0.647283 0)
(-1.2433 0.510664 0)
(-1.36699 0.336505 0)
(-1.46205 0.126201 0)
(-1.51122 -0.115981 0)
(-1.51244 -0.379095 0)
(-1.43602 -0.641571 0)
(-1.29958 -0.870218 0)
(-1.06512 -1.02841 0)
(-0.804291 -1.06266 0)
(-0.47571 -0.967982 0)
(-0.237345 -0.705516 0)
(-0.00425151 -0.392573 0)
(9.35528e-77 -5.6805e-25 0)
(-0.0114651 0.252264 0)
(-0.104688 0.613494 0)
(-0.259272 0.845543 0)
(-0.433334 0.969462 0)
(-0.622907 1.01523 0)
(-0.812712 0.993925 0)
(-1.00053 0.926832 0)
(-1.18106 0.813333 0)
(-1.35033 0.659368 0)
(-1.5013 0.460015 0)
(-1.62692 0.213104 0)
(-1.70909 -0.0777516 0)
(-1.74163 -0.406836 0)
(-1.68909 -0.745924 0)
(-1.56395 -1.06258 0)
(-1.31603 -1.29771 0)
(-1.01972 -1.38913 0)
(-0.621148 -1.29566 0)
(-0.315594 -0.980815 0)
(-0.00577305 -0.544689 0)
(2.6176e-164 -2.33882e-77 0)
(-0.0120322 0.306807 0)
(-0.110267 0.736024 0)
(-0.276034 1.00948 0)
(-0.459763 1.15186 0)
(-0.658724 1.20654 0)
(-0.857526 1.18552 0)
(-1.05428 1.11613 0)
(-1.24749 0.995723 0)
(-1.43223 0.83053 0)
(-1.60586 0.612254 0)
(-1.75879 0.334484 0)
(-1.87565 -0.00174279 0)
(-1.94504 -0.397349 0)
(-1.92921 -0.820205 0)
(-1.83197 -1.24021 0)
(-1.59077 -1.57607 0)
(-1.27531 -1.75279 0)
(-0.815244 -1.67939 0)
(-0.436874 -1.30995 0)
(-0.0709974 -0.719938 0)
(1.66122e-265 0.0123411 0)
(-0.0133713 0.375574 0)
(-0.114023 0.879675 0)
(-0.286384 1.19664 0)
(-0.473798 1.35294 0)
(-0.674422 1.41425 0)
(-0.873724 1.38951 0)
(-1.06926 1.31748 0)
(-1.26442 1.19082 0)
(-1.45283 1.01782 0)
(-1.63798 0.785744 0)
(-1.80852 0.482737 0)
(-1.95459 0.107279 0)
(-2.06135 -0.353104 0)
(-2.09187 -0.861408 0)
(-2.0408 -1.40039 0)
(-1.83308 -1.86081 0)
(-1.52256 -2.16385 0)
(-1.01342 -2.14748 0)
(-0.542731 -1.71962 0)
(-0.0706988 -1.00005 0)
(0.0493646 -0.0669486 0)
(-0.0175883 0.429895 0)
(-0.125896 1.00612 0)
(-0.308476 1.3664 0)
(-0.497565 1.53663 0)
(-0.691422 1.60466 0)
(-0.880244 1.57777 0)
(-1.05842 1.50581 0)
(-1.23859 1.37764 0)
(-1.41035 1.20365 0)
(-1.58797 0.967193 0)
(-1.75639 0.651486 0)
(-1.91844 0.251189 0)
(-2.05372 -0.257934 0)
(-2.13684 -0.840329 0)
(-2.14855 -1.49432 0)
(-2.00874 -2.09631 0)
(-1.74822 -2.56646 0)
(-1.21084 -2.66758 0)
(-0.685705 -2.2461 0)
(0.0366947 -1.31846 0)
(2.28413e-231 -0.0123411 0)
(-0.0231521 0.52195 0)
(-0.136806 1.17363 0)
(-0.323262 1.57213 0)
(-0.504757 1.73696 0)
(-0.679054 1.8 0)
(-0.842427 1.75676 0)
(-0.985293 1.67763 0)
(-1.13001 1.5426 0)
(-1.26184 1.36766 0)
(-1.40652 1.13143 0)
(-1.54676 0.812685 0)
(-1.70011 0.404153 0)
(-1.84559 -0.135367 0)
(-1.97408 -0.767512 0)
(-2.06078 -1.52835 0)
(-2.02861 -2.26582 0)
(-1.88097 -2.96155 0)
(-1.41739 -3.22784 0)
(-0.881931 -2.96196 0)
(-0.00372363 -1.72119 0)
(5.61465e-202 4.48794e-184 0)
(-0.0399747 0.582732 0)
(-0.175537 1.30014 0)
(-0.374865 1.7304 0)
(-0.546331 1.88685 0)
(-0.682772 1.94062 0)
(-0.801262 1.88047 0)
(-0.880296 1.79297 0)
(-0.962767 1.65275 0)
(-1.02277 1.48039 0)
(-1.10491 1.25249 0)
(-1.18316 0.945976 0)
(-1.29995 0.552087 0)
(-1.42419 0.0187378 0)
(-1.58678 -0.621579 0)
(-1.73773 -1.43244 0)
(-1.85628 -2.27338 0)
(-1.86604 -3.16253 0)
(-1.59684 -3.67576 0)
(-1.12439 -3.63748 0)
(-0.01057 -2.22958 0)
(1.79518e-183 3.97461e-185 0)
(-0.0591121 0.745306 0)
(-0.214652 1.51282 0)
(-0.412653 1.95222 0)
(-0.556925 2.04617 0)
(-0.635281 2.06195 0)
(-0.687279 1.95489 0)
(-0.680599 1.84325 0)
(-0.676906 1.68569 0)
(-0.640608 1.51137 0)
(-0.632108 1.29287 0)
(-0.618866 1.00729 0)
(-0.662873 0.64709 0)
(-0.730418 0.149356 0)
(-0.883758 -0.45092 0)
(-1.07577 -1.2623 0)
(-1.32953 -2.13426 0)
(-1.56301 -3.22646 0)
(-1.60971 -3.97695 0)
(-1.44193 -4.56656 0)
(-0.458044 -2.89209 0)
(4.35062e-254 -4.48794e-184 0)
(-0.12461 0.842304 0)
(-0.347453 1.64049 0)
(-0.538843 2.0673 0)
(-0.637493 2.09968 0)
(-0.60221 2.07008 0)
(-0.547396 1.92078 0)
(-0.405942 1.78346 0)
(-0.281828 1.61167 0)
(-0.115271 1.43699 0)
(0.00788526 1.23295 0)
(0.138722 0.97864 0)
(0.186022 0.66926 0)
(0.207536 0.242977 0)
(0.0793236 -0.267061 0)
(-0.0995461 -0.978745 0)
(-0.515639 -1.77499 0)
(-0.918199 -2.85643 0)
(-1.58965 -3.79611 0)
(-1.71439 -4.70138 0)
(-2.05735 -3.74769 0)
(-2.53007e-264 -0.212612 0)
(-0.179468 1.23856 0)
(-0.435963 1.9313 0)
(-0.554983 2.26444 0)
(-0.547869 2.10981 0)
(-0.35507 1.9857 0)
(-0.15378 1.75837 0)
(0.144364 1.58434 0)
(0.408184 1.39521 0)
(0.712687 1.22374 0)
(0.958558 1.04057 0)
(1.20901 0.828384 0)
(1.3604 0.582995 0)
(1.48189 0.252455 0)
(1.43029 -0.134456 0)
(1.30933 -0.677948 0)
(0.899614 -1.29886 0)
(0.401211 -2.18253 0)
(-0.480937 -3.13671 0)
(-1.16046 -4.18686 0)
(-1.85549 -4.46221 0)
(-0.850448 -2.2948 0)
(-0.39951 1.42322 0)
(-0.72962 1.98727 0)
(-0.540547 2.17333 0)
(-0.286142 1.88303 0)
(0.235929 1.67716 0)
(0.662277 1.41373 0)
(1.1783 1.22368 0)
(1.59905 1.0415 0)
(2.04306 0.88853 0)
(2.39427 0.739448 0)
(2.7401 0.578868 0)
(2.96302 0.40477 0)
(3.15866 0.176256 0)
(3.15289 -0.0788906 0)
(3.10054 -0.444215 0)
(2.70315 -0.844257 0)
(2.25832 -1.47535 0)
(1.26629 -2.20345 0)
(0.392067 -3.32962 0)
(-0.73439 -3.98084 0)
(-0.69731 -2.95912 0)
(-0.254816 2.42951 0)
(-0.0956914 2.06701 0)
(0.689903 1.87165 0)
(1.32633 1.32586 0)
(2.12297 1.05805 0)
(2.72513 0.809728 0)
(3.35088 0.654165 0)
(3.83621 0.526632 0)
(4.31184 0.429126 0)
(4.67587 0.343197 0)
(5.02077 0.257795 0)
(5.24076 0.169432 0)
(5.4332 0.0589428 0)
(5.43835 -0.0636806 0)
(5.41009 -0.23796 0)
(5.06983 -0.434717 0)
(4.70254 -0.77597 0)
(3.78965 -1.23747 0)
(2.83999 -2.25256 0)
(1.08026 -3.3271 0)
(-0.0440299 -3.80057 0)
(1.66907 1.67136 0)
(2.71112 0.97679 0)
(4.55595 0.749677 0)
(5.39374 0.423479 0)
(6.25426 0.284536 0)
(6.75319 0.175167 0)
(7.21897 0.118119 0)
(7.52851 0.0781772 0)
(7.81438 0.0527809 0)
(8.00884 0.0336357 0)
(8.18787 0.0168882 0)
(8.28031 0.00102619 0)
(8.36101 -0.0191146 0)
(8.31597 -0.0397317 0)
(8.26867 -0.0756475 0)
(7.99515 -0.109956 0)
(7.74855 -0.200904 0)
(6.99966 -0.29499 0)
(6.26616 -0.628091 0)
(4.04798 -1.00018 0)
(2.00857 -1.82157 0)
)
;

boundaryField
{
    movingWall
    {
        type            fixedValue;
        value           uniform (10 0 0);
    }
    fixedWalls
    {
        type            noSlip;
    }
    frontAndBack
    {
        type            empty;
    }
}


// ************************************************************************* //
