/*--------------------------------*- C++ -*----------------------------------*\
| =========                 |                                                 |
| \\      /  F ield         | OpenFOAM: The Open Source CFD Toolbox           |
|  \\    /   O peration     | Version:  4.1                                   |
|   \\  /    A nd           | Web:      www.OpenFOAM.org                      |
|    \\/     M anipulation  |                                                 |
\*---------------------------------------------------------------------------*/
FoamFile
{
    version     2.0;
    format      ascii;
    class       volVectorField;
    location    "0.0473";
    object      U;
}
// * * * * * * * * * * * * * * * * * * * * * * * * * * * * * * * * * * * * * //

dimensions      [0 1 -1 0 0 0 0];

internalField   nonuniform List<vector> 
441
(
(0.00335524 -0.00457594 0)
(0.00854194 -0.00258279 0)
(-0.000645717 -2.18255e-165 0)
(0.0017056 -2.77971e-266 0)
(-0.00883549 -0.00682299 0)
(-0.0017056 -2.71486e-232 0)
(-1.08523e-202 -4.56149e-203 0)
(-1.1402e-203 -5.8299e-228 0)
(-1.48578e-212 -2.47463e-213 0)
(-0.00526299 7.91565e-266 0)
(-0.0634014 0.0210543 0)
(-0.080269 0.011232 0)
(-0.091498 0.00535807 0)
(-0.0822834 0.000753412 0)
(-0.070148 -0.0010072 0)
(-0.049734 -0.00233744 0)
(-0.0315841 -0.00182529 0)
(-0.0140751 -0.00165709 0)
(-0.00209417 0.000197333 0)
(0.001795 0.000833082 0)
(0.00389062 0.00245724 0)
(0.0032223 -0.00712308 0)
(-0.00225074 0.00655223 0)
(-0.0270943 0.00774534 0)
(-0.055859 0.0106 0)
(-0.0977048 0.00946609 0)
(-0.135539 -0.00414569 0)
(-0.170171 -0.000403986 0)
(-0.202472 0.00129385 0)
(-0.230554 0.0110473 0)
(-0.258967 0.0562448 0)
(-0.278566 0.0521392 0)
(-0.273816 0.0171794 0)
(-0.263334 -0.00378813 0)
(-0.23087 -0.0227786 0)
(-0.192867 -0.0316014 0)
(-0.142974 -0.0373783 0)
(-0.0966899 -0.0336086 0)
(-0.0530482 -0.0290197 0)
(-0.0212348 -0.0155954 0)
(-0.00485223 -0.00756133 0)
(0.00402451 0.0034424 0)
(0.00655092 -0.00609312 0)
(-0.00573944 0.0273485 0)
(-0.0505893 0.0522391 0)
(-0.109221 0.0684154 0)
(-0.178891 0.0718173 0)
(-0.249907 0.0687958 0)
(-0.32423 0.0645577 0)
(-0.382124 0.0583771 0)
(-0.438642 0.0543129 0)
(-0.464378 0.0520214 0)
(-0.458975 0.0367607 0)
(-0.443884 -0.00292456 0)
(-0.415656 -0.0369456 0)
(-0.365192 -0.0695629 0)
(-0.305167 -0.0879939 0)
(-0.230258 -0.0987887 0)
(-0.159413 -0.0906303 0)
(-0.0915015 -0.0775932 0)
(-0.0411113 -0.0469347 0)
(-0.0110329 -0.024832 0)
(0.00535182 0.00208519 0)
(0.00592133 -0.00816172 0)
(-0.013749 0.0652986 0)
(-0.0851033 0.111292 0)
(-0.167247 0.14103 0)
(-0.262282 0.150487 0)
(-0.355981 0.143684 0)
(-0.446258 0.133228 0)
(-0.522272 0.116454 0)
(-0.583697 0.095303 0)
(-0.618501 0.0741404 0)
(-0.624099 0.0314058 0)
(-0.604382 -0.0271795 0)
(-0.565838 -0.082589 0)
(-0.498824 -0.134335 0)
(-0.41871 -0.166323 0)
(-0.319048 -0.184526 0)
(-0.223708 -0.171803 0)
(-0.130405 -0.148896 0)
(-0.0607928 -0.0952426 0)
(-0.0161838 -0.0553691 0)
(0.00719611 -0.00187404 0)
(6.23654e-165 0.00148033 0)
(-0.0201775 0.117955 0)
(-0.120638 0.204999 0)
(-0.221294 0.244315 0)
(-0.339598 0.259599 0)
(-0.452436 0.251163 0)
(-0.562861 0.229768 0)
(-0.654182 0.194906 0)
(-0.729071 0.149986 0)
(-0.771908 0.0930603 0)
(-0.783897 0.023062 0)
(-0.76533 -0.0609538 0)
(-0.720699 -0.141753 0)
(-0.640876 -0.216988 0)
(-0.542316 -0.266694 0)
(-0.416357 -0.294569 0)
(-0.294619 -0.277819 0)
(-0.170249 -0.241527 0)
(-0.0796871 -0.159508 0)
(-0.0161068 -0.0936265 0)
(0.0137192 -0.00607576 0)
(-5.09253e-266 0.00510987 0)
(-0.0775319 0.190285 0)
(-0.166706 0.310658 0)
(-0.286084 0.36171 0)
(-0.413662 0.381573 0)
(-0.542877 0.36798 0)
(-0.665826 0.335567 0)
(-0.772728 0.282914 0)
(-0.860104 0.213798 0)
(-0.917559 0.128234 0)
(-0.944248 0.0250911 0)
(-0.932945 -0.0913333 0)
(-0.889379 -0.206788 0)
(-0.800462 -0.314192 0)
(-0.68533 -0.390348 0)
(-0.531382 -0.434474 0)
(-0.379158 -0.416854 0)
(-0.217812 -0.366773 0)
(-0.101336 -0.247517 0)
(-0.0146874 -0.15188 0)
(0.0160272 -0.00311944 0)
(-0.0204395 0.0821048 0)
(-0.107186 0.281337 0)
(-0.209559 0.413974 0)
(-0.340052 0.48963 0)
(-0.483205 0.515743 0)
(-0.627601 0.50207 0)
(-0.767674 0.458986 0)
(-0.891781 0.388405 0)
(-0.997482 0.294679 0)
(-1.07307 0.176996 0)
(-1.11746 0.0389396 0)
(-1.11928 -0.116099 0)
(-1.08246 -0.273257 0)
(-0.989263 -0.421838 0)
(-0.860341 -0.534295 0)
(-0.675984 -0.602351 0)
(-0.489855 -0.589134 0)
(-0.278865 -0.521533 0)
(-0.134425 -0.359529 0)
(-0.00223267 -0.212711 0)
(5.71857e-266 -0.00400681 0)
(-0.0148439 0.135052 0)
(-0.101506 0.380506 0)
(-0.228827 0.544158 0)
(-0.377498 0.63617 0)
(-0.538529 0.66948 0)
(-0.700375 0.65283 0)
(-0.857673 0.600146 0)
(-1.00162 0.512678 0)
(-1.12829 0.395515 0)
(-1.2275 0.247697 0)
(-1.29598 0.0716866 0)
(-1.31849 -0.127356 0)
(-1.2966 -0.336328 0)
(-1.2065 -0.53835 0)
(-1.06857 -0.702901 0)
(-0.855285 -0.808712 0)
(-0.630139 -0.812282 0)
(-0.363368 -0.728058 0)
(-0.176171 -0.519683 0)
(-0.00252073 -0.295408 0)
(2.29329e-24 -1.26281e-24 0)
(-0.0130778 0.195231 0)
(-0.105302 0.493588 0)
(-0.249103 0.688573 0)
(-0.412879 0.797679 0)
(-0.590801 0.837531 0)
(-0.768921 0.819823 0)
(-0.944117 0.759513 0)
(-1.10841 0.658042 0)
(-1.25828 0.520418 0)
(-1.38409 0.34411 0)
(-1.48082 0.130487 0)
(-1.53091 -0.11598 0)
(-1.5322 -0.383895 0)
(-1.45473 -0.651025 0)
(-1.31632 -0.883365 0)
(-1.07875 -1.04355 0)
(-0.814378 -1.07745 0)
(-0.481667 -0.980161 0)
(-0.240145 -0.713212 0)
(-0.00429996 -0.395894 0)
(9.43809e-77 -5.73322e-25 0)
(-0.0115488 0.254125 0)
(-0.105494 0.618206 0)
(-0.261281 0.852599 0)
(-0.436839 0.97855 0)
(-0.628216 1.02611 0)
(-0.820058 1.00624 0)
(-1.01013 0.940012 0)
(-1.19299 0.826521 0)
(-1.36457 0.67141 0)
(-1.51759 0.469557 0)
(-1.64486 0.218748 0)
(-1.72802 -0.0771711 0)
(-1.76081 -0.412 0)
(-1.70754 -0.75676 0)
(-1.58084 -1.07814 0)
(-1.33024 -1.31615 0)
(-1.03069 -1.40783 0)
(-0.627935 -1.31173 0)
(-0.318966 -0.99174 0)
(-0.00585045 -0.549663 0)
(2.64023e-164 -2.35952e-77 0)
(-0.0120946 0.309085 0)
(-0.11088 0.741642 0)
(-0.277599 1.01781 0)
(-0.462537 1.16251 0)
(-0.662977 1.21924 0)
(-0.86346 1.19987 0)
(-1.06207 1.13148 0)
(-1.2572 1.01111 0)
(-1.44381 0.844639 0)
(-1.6191 0.623558 0)
(-1.77339 0.341405 0)
(-1.8911 -0.000513853 0)
(-1.96085 -0.402612 0)
(-1.9447 -0.831948 0)
(-1.84662 -1.25757 0)
(-1.60366 -1.59718 0)
(-1.28587 -1.77499 0)
(-0.822299 -1.69925 0)
(-0.440705 -1.32429 0)
(-0.0716233 -0.726744 0)
(1.67241e-265 0.0124176 0)
(-0.0133949 0.378103 0)
(-0.114302 0.885887 0)
(-0.287173 1.20584 0)
(-0.475295 1.36471 0)
(-0.676826 1.42828 0)
(-0.877172 1.40535 0)
(-1.07385 1.33442 0)
(-1.27016 1.20779 0)
(-1.45967 1.0334 0)
(-1.64576 0.798296 0)
(-1.81705 0.490588 0)
(-1.96362 0.109076 0)
(-2.07074 -0.358197 0)
(-2.10139 -0.873393 0)
(-2.05037 -1.41852 0)
(-1.8422 -1.88336 0)
(-1.53082 -2.18835 0)
(-1.01952 -2.17038 0)
(-0.546286 -1.73693 0)
(-0.0711222 -1.00897 0)
(0.0496705 -0.0675354 0)
(-0.0175607 0.43247 0)
(-0.125729 1.0125 0)
(-0.308222 1.37594 0)
(-0.497328 1.54889 0)
(-0.691295 1.61931 0)
(-0.880275 1.5943 0)
(-1.05862 1.52345 0)
(-1.2389 1.39528 0)
(-1.4107 1.2198 0)
(-1.58829 0.980192 0)
(-1.75666 0.65968 0)
(-1.9187 0.253296 0)
(-2.05423 -0.262675 0)
(-2.13785 -0.851868 0)
(-2.15052 -1.51203 0)
(-2.01171 -2.11872 0)
(-1.75221 -2.59164 0)
(-1.21454 -2.69221 0)
(-0.688479 -2.26613 0)
(0.0370415 -1.32918 0)
(2.297e-231 -0.0124176 0)
(-0.0230634 0.524285 0)
(-0.136122 1.17962 0)
(-0.321802 1.58127 0)
(-0.502507 1.74886 0)
(-0.675982 1.8143 0)
(-0.838483 1.77293 0)
(-0.980395 1.69486 0)
(-1.12407 1.55975 0)
(-1.25482 1.38327 0)
(-1.39847 1.14392 0)
(-1.53784 0.820519 0)
(-1.69068 0.406222 0)
(-1.83622 -0.139666 0)
(-1.96548 -0.777989 0)
(-2.05385 -1.54445 0)
(-2.02401 -2.28632 0)
(-1.87919 -2.98523 0)
(-1.41773 -3.252 0)
(-0.883409 -2.98323 0)
(-0.00368747 -1.73307 0)
(5.6329e-202 4.49721e-184 0)
(-0.0398317 0.584544 0)
(-0.17438 1.30515 0)
(-0.372272 1.73839 0)
(-0.542158 1.8975 0)
(-0.676854 1.95358 0)
(-0.793469 1.89519 0)
(-0.870489 1.80864 0)
(-0.95088 1.66829 0)
(-1.00883 1.49445 0)
(-1.08912 1.26363 0)
(-1.16591 0.95284 0)
(-1.28183 0.553787 0)
(-1.406 0.014884 0)
(-1.5695 -0.630626 0)
(-1.72247 -1.44608 0)
(-1.84416 -2.29058 0)
(-1.85799 -3.18266 0)
(-1.59292 -3.6971 0)
(-1.12387 -3.65778 0)
(-0.0106472 -2.24189 0)
(1.79888e-183 2.8131e-185 0)
(-0.0589375 0.746358 0)
(-0.213193 1.51635 0)
(-0.409292 1.95836 0)
(-0.551385 2.05475 0)
(-0.627281 2.07265 0)
(-0.676638 1.96719 0)
(-0.66716 1.8564 0)
(-0.660664 1.69873 0)
(-0.621698 1.52312 0)
(-0.6109 1.30209 0)
(-0.595924 1.01283 0)
(-0.638981 0.648272 0)
(-0.706474 0.145943 0)
(-0.860796 -0.458413 0)
(-1.05487 -1.27319 0)
(-1.31192 -2.14751 0)
(-1.54982 -3.24185 0)
(-1.60187 -3.99352 0)
(-1.43907 -4.58371 0)
(-0.458689 -2.90353 0)
(4.35602e-254 -4.49721e-184 0)
(-0.124454 0.842507 0)
(-0.346041 1.64232 0)
(-0.535431 2.07123 0)
(-0.6317 2.10571 0)
(-0.59365 2.07797 0)
(-0.535857 1.93008 0)
(-0.391253 1.79355 0)
(-0.264033 1.62176 0)
(-0.0945715 1.4461 0)
(0.031005 1.24008 0)
(0.163589 0.982859 0)
(0.211729 0.670004 0)
(0.233154 0.240102 0)
(0.103827 -0.273026 0)
(-0.0769854 -0.987001 0)
(-0.496132 -1.78447 0)
(-0.902525 -2.86674 0)
(-1.5795 -3.80708 0)
(-1.7094 -4.71294 0)
(-2.05874 -3.75718 0)
(-2.53465e-264 -0.212871 0)
(-0.179403 1.23807 0)
(-0.43506 1.93159 0)
(-0.552483 2.26621 0)
(-0.543308 2.11325 0)
(-0.347973 1.99065 0)
(-0.143876 1.76453 0)
(0.157296 1.59123 0)
(0.424127 1.40223 0)
(0.731461 1.23016 0)
(0.979683 1.04563 0)
(1.23181 0.831371 0)
(1.38394 0.583461 0)
(1.50522 0.25028 0)
(1.45243 -0.138866 0)
(1.32958 -0.683849 0)
(0.91728 -1.30524 0)
(0.41588 -2.18867 0)
(-0.470261 -3.1426 0)
(-1.15421 -4.19265 0)
(-1.85447 -4.4682 0)
(-0.851485 -2.29665 0)
(-0.399578 1.42247 0)
(-0.729552 1.98668 0)
(-0.539715 2.17361 0)
(-0.284026 1.88445 0)
(0.239883 1.67969 0)
(0.668442 1.41716 0)
(1.187 1.22771 0)
(1.61038 1.04572 0)
(2.05695 0.892455 0)
(2.41035 0.742567 0)
(2.75777 0.580702 0)
(2.98144 0.405011 0)
(3.1769 0.174811 0)
(3.17 -0.0817647 0)
(3.11585 -0.448001 0)
(2.71613 -0.848208 0)
(2.26895 -1.47879 0)
(1.2743 -2.20613 0)
(0.397468 -3.33173 0)
(-0.732144 -3.98295 0)
(-0.697589 -2.95959 0)
(-0.254952 2.42903 0)
(-0.0962327 2.0664 0)
(0.689292 1.87136 0)
(1.32614 1.32613 0)
(2.12375 1.05891 0)
(2.72734 0.811076 0)
(3.35489 0.655836 0)
(3.84221 0.528415 0)
(4.31985 0.430776 0)
(4.68563 0.344466 0)
(5.03182 0.25846 0)
(5.25241 0.169356 0)
(5.44466 0.0581073 0)
(5.44882 -0.0651317 0)
(5.41899 -0.239732 0)
(5.07679 -0.436447 0)
(4.70765 -0.77725 0)
(3.79313 -1.23821 0)
(2.84224 -2.25275 0)
(1.08127 -3.32739 0)
(-0.0441836 -3.80046 0)
(1.66898 1.67127 0)
(2.71066 0.976662 0)
(4.55515 0.74958 0)
(5.39289 0.423467 0)
(6.25371 0.284618 0)
(6.75324 0.175324 0)
(7.21987 0.118317 0)
(7.53039 0.0783773 0)
(7.81724 0.05294 0)
(8.0125 0.0337173 0)
(8.19207 0.0168622 0)
(8.28462 0.000886869 0)
(8.36501 -0.0193547 0)
(8.31923 -0.040023 0)
(8.27097 -0.0759297 0)
(7.99637 -0.110153 0)
(7.74894 -0.20096 0)
(6.99951 -0.2949 0)
(6.26591 -0.627875 0)
(4.04782 -0.999952 0)
(2.00831 -1.82127 0)
)
;

boundaryField
{
    movingWall
    {
        type            fixedValue;
        value           uniform (10 0 0);
    }
    fixedWalls
    {
        type            noSlip;
    }
    frontAndBack
    {
        type            empty;
    }
}


// ************************************************************************* //
