/*--------------------------------*- C++ -*----------------------------------*\
| =========                 |                                                 |
| \\      /  F ield         | OpenFOAM: The Open Source CFD Toolbox           |
|  \\    /   O peration     | Version:  4.1                                   |
|   \\  /    A nd           | Web:      www.OpenFOAM.org                      |
|    \\/     M anipulation  |                                                 |
\*---------------------------------------------------------------------------*/
FoamFile
{
    version     2.0;
    format      ascii;
    class       volVectorField;
    location    "0.0865";
    object      U;
}
// * * * * * * * * * * * * * * * * * * * * * * * * * * * * * * * * * * * * * //

dimensions      [0 1 -1 0 0 0 0];

internalField   nonuniform List<vector> 
441
(
(0.00372922 -0.00482484 0)
(0.00974962 -0.00253966 0)
(-0.000634916 -2.20876e-165 0)
(0.00196288 -3.32666e-266 0)
(-0.00837303 -0.00785189 0)
(-0.00196288 -3.05612e-232 0)
(-1.14148e-202 -5.60542e-203 0)
(-1.40127e-203 -7.35593e-228 0)
(-1.7219e-212 -3.21032e-213 0)
(-0.0061486 9.12064e-266 0)
(-0.0753671 0.0245955 0)
(-0.0946806 0.0128612 0)
(-0.106631 0.00588355 0)
(-0.0937837 0.000389741 0)
(-0.0771238 -0.00166157 0)
(-0.0513112 -0.00302822 0)
(-0.0290863 -0.00216467 0)
(-0.00930242 -0.00160241 0)
(0.00268892 0.000741355 0)
(0.00446377 0.00150767 0)
(0.00456161 0.00299504 0)
(0.00383819 -0.00846872 0)
(-0.000922646 0.0068317 0)
(-0.0274554 0.0084963 0)
(-0.0594117 0.0107304 0)
(-0.107135 0.0108937 0)
(-0.152288 -0.00324571 0)
(-0.19485 -0.000152425 0)
(-0.235834 0.00166769 0)
(-0.27223 0.0132583 0)
(-0.308877 0.0671037 0)
(-0.333756 0.0617436 0)
(-0.327943 0.0188296 0)
(-0.312843 -0.00739068 0)
(-0.270276 -0.0306866 0)
(-0.22025 -0.0410022 0)
(-0.157251 -0.046335 0)
(-0.100312 -0.0396712 0)
(-0.0496893 -0.0314558 0)
(-0.0155594 -0.0139855 0)
(-0.00116445 -0.0041041 0)
(0.00493935 0.00625666 0)
(0.00761286 -0.00824655 0)
(-0.00519432 0.0283664 0)
(-0.0543775 0.0570952 0)
(-0.121214 0.0771121 0)
(-0.203017 0.0838422 0)
(-0.287732 0.0835469 0)
(-0.378872 0.0806315 0)
(-0.453165 0.0748651 0)
(-0.526078 0.0702413 0)
(-0.561839 0.0661396 0)
(-0.557815 0.0445989 0)
(-0.539513 -0.00678814 0)
(-0.502209 -0.0510927 0)
(-0.436495 -0.0919967 0)
(-0.358117 -0.113709 0)
(-0.263358 -0.123254 0)
(-0.175481 -0.108531 0)
(-0.0951118 -0.0868795 0)
(-0.0385652 -0.0466739 0)
(-0.00819981 -0.0194405 0)
(0.00636899 0.0071577 0)
(0.00636719 -0.0112214 0)
(-0.0163398 0.0705987 0)
(-0.0975155 0.124472 0)
(-0.193438 0.161827 0)
(-0.306566 0.177779 0)
(-0.420565 0.175398 0)
(-0.532969 0.16703 0)
(-0.630392 0.1498 0)
(-0.710533 0.124435 0)
(-0.757782 0.0961028 0)
(-0.767202 0.0391425 0)
(-0.743293 -0.0379267 0)
(-0.692977 -0.110585 0)
(-0.606396 -0.175988 0)
(-0.502426 -0.21399 0)
(-0.376413 -0.230537 0)
(-0.257421 -0.207361 0)
(-0.145266 -0.170074 0)
(-0.0644132 -0.100009 0)
(-0.0158746 -0.0504352 0)
(0.00800351 0.00481341 0)
(6.94154e-165 0.0015918 0)
(-0.0248097 0.131789 0)
(-0.141844 0.23339 0)
(-0.261856 0.284679 0)
(-0.404666 0.309828 0)
(-0.543618 0.308052 0)
(-0.681963 0.289092 0)
(-0.799285 0.251288 0)
(-0.896651 0.196867 0)
(-0.954227 0.123532 0)
(-0.971521 0.0305197 0)
(-0.948828 -0.0807488 0)
(-0.890667 -0.187222 0)
(-0.787967 -0.282918 0)
(-0.660624 -0.342606 0)
(-0.501791 -0.369188 0)
(-0.34926 -0.338177 0)
(-0.198458 -0.281046 0)
(-0.0906144 -0.174331 0)
(-0.0184204 -0.0927549 0)
(0.0146152 7.38918e-05 0)
(-5.62613e-266 0.00582437 0)
(-0.0902673 0.217267 0)
(-0.198268 0.359462 0)
(-0.342412 0.42652 0)
(-0.498795 0.459383 0)
(-0.65908 0.45378 0)
(-0.813919 0.42333 0)
(-0.950603 0.364748 0)
(-1.0633 0.280285 0)
(-1.1383 0.170173 0)
(-1.17295 0.0340472 0)
(-1.15863 -0.119831 0)
(-1.10141 -0.271206 0)
(-0.987602 -0.407708 0)
(-0.840001 -0.499735 0)
(-0.647212 -0.544457 0)
(-0.457131 -0.509644 0)
(-0.261091 -0.431939 0)
(-0.120747 -0.278032 0)
(-0.0208238 -0.158929 0)
(0.0161362 0.00236438 0)
(-0.0232975 0.0951089 0)
(-0.125869 0.326424 0)
(-0.250205 0.485894 0)
(-0.408756 0.583314 0)
(-0.5843 0.625622 0)
(-0.763167 0.621647 0)
(-0.938417 0.579739 0)
(-1.0952 0.499691 0)
(-1.22897 0.384295 0)
(-1.32459 0.232917 0)
(-1.37936 0.0513432 0)
(-1.38 -0.152619 0)
(-1.33057 -0.357251 0)
(-1.21223 -0.545312 0)
(-1.04901 -0.681541 0)
(-0.821384 -0.754024 0)
(-0.591226 -0.722016 0)
(-0.336658 -0.619967 0)
(-0.161092 -0.411302 0)
(-0.00769729 -0.231523 0)
(5.97566e-266 -0.00403404 0)
(-0.0171994 0.157471 0)
(-0.120528 0.445345 0)
(-0.273292 0.642878 0)
(-0.452446 0.761382 0)
(-0.647914 0.813983 0)
(-0.845917 0.808161 0)
(-1.03965 0.755646 0)
(-1.21748 0.655151 0)
(-1.37341 0.510092 0)
(-1.49421 0.319989 0)
(-1.57512 0.0898903 0)
(-1.59867 -0.169725 0)
(-1.56666 -0.438457 0)
(-1.45342 -0.691564 0)
(-1.28243 -0.889908 0)
(-1.0246 -1.00652 0)
(-0.752089 -0.992745 0)
(-0.433926 -0.868555 0)
(-0.208996 -0.602333 0)
(-0.00371365 -0.329653 0)
(2.61207e-24 -1.06498e-24 0)
(-0.0152729 0.229136 0)
(-0.124006 0.580611 0)
(-0.293364 0.816129 0)
(-0.487229 0.95601 0)
(-0.698837 1.0177 0)
(-0.911933 1.01169 0)
(-1.12215 0.950321 0)
(-1.31886 0.832239 0)
(-1.4968 0.660744 0)
(-1.64369 0.433955 0)
(-1.75343 0.156389 0)
(-1.80645 -0.161642 0)
(-1.80104 -0.501056 0)
(-1.70504 -0.830908 0)
(-1.53878 -1.10817 0)
(-1.26068 -1.28771 0)
(-0.950735 -1.30902 0)
(-0.563868 -1.16857 0)
(-0.279967 -0.833656 0)
(-0.00500964 -0.448602 0)
(1.06237e-76 -6.53016e-25 0)
(-0.0132344 0.297305 0)
(-0.121204 0.725152 0)
(-0.299539 1.00679 0)
(-0.501591 1.1674 0)
(-0.722536 1.23905 0)
(-0.944761 1.23138 0)
(-1.16486 1.16276 0)
(-1.37515 1.02933 0)
(-1.57023 0.835082 0)
(-1.74088 0.575879 0)
(-1.87952 0.252995 0)
(-1.96644 -0.123311 0)
(-1.99634 -0.539173 0)
(-1.93141 -0.956508 0)
(-1.7862 -1.3334 0)
(-1.5051 -1.60068 0)
(-1.16864 -1.68804 0)
(-0.715598 -1.54991 0)
(-0.364207 -1.15548 0)
(-0.00721243 -0.625228 0)
(2.95273e-164 -2.65592e-77 0)
(-0.0131806 0.360075 0)
(-0.121591 0.865136 0)
(-0.304478 1.19414 0)
(-0.508775 1.37668 0)
(-0.730868 1.4591 0)
(-0.953275 1.45192 0)
(-1.173 1.37955 0)
(-1.38665 1.23609 0)
(-1.58848 1.02605 0)
(-1.77462 0.742383 0)
(-1.93591 0.382569 0)
(-2.05652 -0.045222 0)
(-2.12676 -0.534022 0)
(-2.10721 -1.04199 0)
(-2.00333 -1.53104 0)
(-1.74587 -1.90918 0)
(-1.40741 -2.09353 0)
(-0.907092 -1.98153 0)
(-0.489094 -1.53019 0)
(-0.0812332 -0.82629 0)
(1.78949e-265 0.0133308 0)
(-0.0136189 0.43296 0)
(-0.117672 1.01862 0)
(-0.297253 1.39544 0)
(-0.494271 1.59446 0)
(-0.706018 1.68468 0)
(-0.916314 1.67344 0)
(-1.12168 1.59677 0)
(-1.3243 1.44436 0)
(-1.51766 1.22324 0)
(-1.70515 0.922615 0)
(-1.87684 0.535013 0)
(-2.02377 0.0665682 0)
(-2.13367 -0.487819 0)
(-2.16909 -1.08214 0)
(-2.12608 -1.69348 0)
(-1.92277 -2.20321 0)
(-1.61226 -2.52554 0)
(-1.08461 -2.48279 0)
(-0.587141 -1.97542 0)
(-0.0761237 -1.1343 0)
(0.053323 -0.0769713 0)
(-0.0167858 0.486975 0)
(-0.120291 1.14582 0)
(-0.297867 1.56783 0)
(-0.48296 1.78213 0)
(-0.673092 1.87933 0)
(-0.857561 1.86502 0)
(-1.02993 1.7866 0)
(-1.20249 1.63057 0)
(-1.36543 1.4067 0)
(-1.53404 1.10111 0)
(-1.69542 0.702001 0)
(-1.85442 0.212122 0)
(-1.99378 -0.385955 0)
(-2.08876 -1.04869 0)
(-2.12191 -1.77182 0)
(-2.00684 -2.4247 0)
(-1.77248 -2.92492 0)
(-1.24361 -3.01563 0)
(-0.715778 -2.53225 0)
(0.0431772 -1.47402 0)
(2.46339e-231 -0.0133308 0)
(-0.0212139 0.573014 0)
(-0.121283 1.30276 0)
(-0.289556 1.76201 0)
(-0.452303 1.97082 0)
(-0.606908 2.0625 0)
(-0.749776 2.03071 0)
(-0.870939 1.94377 0)
(-0.993465 1.78006 0)
(-1.10384 1.55567 0)
(-1.22977 1.25276 0)
(-1.35633 0.855467 0)
(-1.50361 0.365066 0)
(-1.65348 -0.253417 0)
(-1.79859 -0.954319 0)
(-1.9159 -1.77423 0)
(-1.92514 -2.55674 0)
(-1.8261 -3.28708 0)
(-1.40284 -3.55772 0)
(-0.892619 -3.25561 0)
(-0.00299088 -1.88799 0)
(5.82181e-202 4.58434e-184 0)
(-0.0370864 0.622583 0)
(-0.151371 1.40811 0)
(-0.320527 1.89517 0)
(-0.459562 2.0941 0)
(-0.561444 2.1754 0)
(-0.644836 2.12581 0)
(-0.688452 2.03025 0)
(-0.737141 1.86245 0)
(-0.766674 1.64373 0)
(-0.824289 1.35456 0)
(-0.885947 0.977391 0)
(-0.99638 0.512019 0)
(-1.12608 -0.0875497 0)
(-1.30787 -0.782074 0)
(-1.49303 -1.63705 0)
(-1.66094 -2.511 0)
(-1.73254 -3.43052 0)
(-1.52709 -3.9576 0)
(-1.10787 -3.90844 0)
(-0.011447 -2.39705 0)
(1.83374e-183 -1.37397e-184 0)
(-0.0556973 0.769683 0)
(-0.185167 1.59053 0)
(-0.344779 2.07979 0)
(-0.446636 2.21321 0)
(-0.479423 2.25509 0)
(-0.485809 2.15858 0)
(-0.434476 2.04052 0)
(-0.390171 1.85926 0)
(-0.319297 1.64483 0)
(-0.285206 1.37361 0)
(-0.256751 1.02772 0)
(-0.297457 0.60776 0)
(-0.37347 0.0565717 0)
(-0.547877 -0.583797 0)
(-0.7734 -1.42417 0)
(-1.07585 -2.31357 0)
(-1.37167 -3.4255 0)
(-1.49398 -4.18898 0)
(-1.39608 -4.78803 0)
(-0.465924 -3.04313 0)
(4.40053e-254 -4.58434e-184 0)
(-0.121536 0.849742 0)
(-0.318834 1.68414 0)
(-0.470179 2.15171 0)
(-0.523159 2.21916 0)
(-0.437788 2.21399 0)
(-0.333075 2.07602 0)
(-0.143341 1.93571 0)
(0.0234043 1.74641 0)
(0.224864 1.5405 0)
(0.371932 1.29463 0)
(0.514755 0.992056 0)
(0.560944 0.634876 0)
(0.570023 0.166693 0)
(0.418159 -0.372685 0)
(0.207791 -1.10107 0)
(-0.251883 -1.90169 0)
(-0.706103 -2.98627 0)
(-1.45099 -3.932 0)
(-1.64416 -4.84564 0)
(-2.0733 -3.86941 0)
(-2.59187e-264 -0.215993 0)
(-0.178023 1.23179 0)
(-0.416514 1.94358 0)
(-0.502702 2.30659 0)
(-0.455391 2.18103 0)
(-0.216262 2.07883 0)
(0.0322317 1.86367 0)
(0.376763 1.69062 0)
(0.681647 1.49115 0)
(1.01964 1.29851 0)
(1.28788 1.08564 0)
(1.54843 0.838337 0)
(1.69651 0.557614 0)
(1.80309 0.196077 0)
(1.72641 -0.212055 0)
(1.57459 -0.76507 0)
(1.12815 -1.38344 0)
(0.590356 -2.25807 0)
(-0.342979 -3.20702 0)
(-1.07863 -4.25627 0)
(-1.84124 -4.5368 0)
(-0.863972 -2.3169 0)
(-0.40057 1.41011 0)
(-0.725904 1.98017 0)
(-0.519244 2.18484 0)
(-0.238143 1.91569 0)
(0.319077 1.72726 0)
(0.784141 1.4749 0)
(1.34055 1.28822 0)
(1.79869 1.10146 0)
(2.27443 0.936268 0)
(2.64782 0.768873 0)
(3.0045 0.585955 0)
(3.22529 0.389007 0)
(3.40714 0.140292 0)
(3.3772 -0.128585 0)
(3.29528 -0.499347 0)
(2.86482 -0.895693 0)
(2.38953 -1.51626 0)
(1.36515 -2.23372 0)
(0.459193 -3.35305 0)
(-0.706411 -4.00598 0)
(-0.701299 -2.9641 0)
(-0.257391 2.42022 0)
(-0.104656 2.0569 0)
(0.682366 1.86918 0)
(1.32976 1.33445 0)
(2.147 1.07652 0)
(2.7759 0.834963 0)
(3.43227 0.682005 0)
(3.94772 0.552904 0)
(4.45003 0.449861 0)
(4.83343 0.355329 0)
(5.18837 0.259425 0)
(5.40728 0.160434 0)
(5.58835 0.0409337 0)
(5.57305 -0.0873524 0)
(5.5196 -0.262736 0)
(5.15231 -0.456257 0)
(4.76188 -0.790062 0)
(3.82994 -1.24454 0)
(2.86645 -2.25337 0)
(1.09237 -3.33026 0)
(-0.0463021 -3.79886 0)
(1.6671 1.66942 0)
(2.70225 0.97445 0)
(4.54206 0.748246 0)
(5.38083 0.423801 0)
(6.2488 0.286502 0)
(6.76003 0.178205 0)
(7.24105 0.121441 0)
(7.56593 0.0810574 0)
(7.86518 0.0545559 0)
(8.06859 0.0339098 0)
(8.25111 0.0154875 0)
(8.34052 -0.00182192 0)
(8.41279 -0.0229432 0)
(8.35471 -0.0437232 0)
(8.29324 -0.0789865 0)
(8.00584 -0.111858 0)
(7.74991 -0.200896 0)
(6.99583 -0.293323 0)
(6.26237 -0.625116 0)
(4.04583 -0.997297 0)
(2.0052 -1.81788 0)
)
;

boundaryField
{
    movingWall
    {
        type            fixedValue;
        value           uniform (10 0 0);
    }
    fixedWalls
    {
        type            noSlip;
    }
    frontAndBack
    {
        type            empty;
    }
}


// ************************************************************************* //
