/*--------------------------------*- C++ -*----------------------------------*\
| =========                 |                                                 |
| \\      /  F ield         | OpenFOAM: The Open Source CFD Toolbox           |
|  \\    /   O peration     | Version:  4.1                                   |
|   \\  /    A nd           | Web:      www.OpenFOAM.org                      |
|    \\/     M anipulation  |                                                 |
\*---------------------------------------------------------------------------*/
FoamFile
{
    version     2.0;
    format      ascii;
    class       volVectorField;
    location    "0.0137";
    object      U;
}
// * * * * * * * * * * * * * * * * * * * * * * * * * * * * * * * * * * * * * //

dimensions      [0 1 -1 0 0 0 0];

internalField   nonuniform List<vector> 
441
(
(0.00346572 -0.00520616 0)
(0.0075946 -0.00339185 0)
(-0.000848401 -2.66619e-165 0)
(0.00146602 -2.0893e-266 0)
(-0.0119535 -0.00586477 0)
(-0.00146602 -2.50799e-232 0)
(-1.1532e-202 -3.27502e-203 0)
(-8.18516e-204 -3.95272e-228 0)
(-1.29554e-212 -1.65613e-213 0)
(-0.00463003 7.10059e-266 0)
(-0.0539363 0.0185191 0)
(-0.0698277 0.010296 0)
(-0.0815222 0.00522477 0)
(-0.0773602 0.00147456 0)
(-0.07111 -0.000130595 0)
(-0.0574723 -0.0014214 0)
(-0.0440123 -0.00160855 0)
(-0.0277095 -0.00203568 0)
(-0.0135386 -0.00105238 0)
(-0.00337232 -0.000389551 0)
(0.00273733 0.00176996 0)
(0.00263991 -0.00559896 0)
(-0.00676511 0.00780799 0)
(-0.0342273 0.00772336 0)
(-0.0620123 0.012667 0)
(-0.0987403 0.008048 0)
(-0.127414 -0.00727927 0)
(-0.151531 -0.00106174 0)
(-0.172717 0.000853399 0)
(-0.190197 0.00907933 0)
(-0.209512 0.0476951 0)
(-0.22345 0.0450833 0)
(-0.220398 0.0176277 0)
(-0.216147 0.00190094 0)
(-0.197048 -0.0122612 0)
(-0.174905 -0.0198057 0)
(-0.142297 -0.0264503 0)
(-0.109327 -0.028024 0)
(-0.0720912 -0.0294048 0)
(-0.0392614 -0.023034 0)
(-0.0137792 -0.016657 0)
(0.00209254 -0.00222835 0)
(0.00581891 -0.00188627 0)
(-0.00909626 0.0330152 0)
(-0.0552639 0.0535606 0)
(-0.107403 0.0627405 0)
(-0.16259 0.0585459 0)
(-0.216215 0.0495178 0)
(-0.268119 0.0435025 0)
(-0.303283 0.0373459 0)
(-0.338151 0.0351901 0)
(-0.349774 0.0369749 0)
(-0.339636 0.0301102 0)
(-0.327756 0.0040621 0)
(-0.310769 -0.0176667 0)
(-0.281328 -0.039498 0)
(-0.247035 -0.0542013 0)
(-0.200707 -0.0670643 0)
(-0.153785 -0.0709075 0)
(-0.101227 -0.072337 0)
(-0.0556422 -0.0583995 0)
(-0.0191482 -0.0419643 0)
(0.00306903 -0.00925052 0)
(0.00667813 -0.00239819 0)
(-0.0108357 0.0704997 0)
(-0.0765462 0.106291 0)
(-0.143804 0.121823 0)
(-0.215092 0.117107 0)
(-0.280199 0.100589 0)
(-0.338155 0.0869214 0)
(-0.382698 0.0714516 0)
(-0.415899 0.056948 0)
(-0.430889 0.0470067 0)
(-0.426849 0.0226999 0)
(-0.410017 -0.0120682 0)
(-0.385667 -0.0447434 0)
(-0.34657 -0.0767448 0)
(-0.301947 -0.100347 0)
(-0.243472 -0.120692 0)
(-0.184935 -0.127148 0)
(-0.119309 -0.128793 0)
(-0.0639457 -0.104554 0)
(-0.0189691 -0.0765847 0)
(0.00544793 -0.018002 0)
(6.2807e-165 0.00166953 0)
(-0.0143471 0.11585 0)
(-0.0997628 0.18575 0)
(-0.17525 0.200193 0)
(-0.258402 0.194136 0)
(-0.331382 0.171266 0)
(-0.398278 0.145176 0)
(-0.448152 0.114506 0)
(-0.485737 0.0829642 0)
(-0.501536 0.0486393 0)
(-0.498209 0.00954786 0)
(-0.479953 -0.0367425 0)
(-0.450526 -0.0805675 0)
(-0.404406 -0.12322 0)
(-0.351187 -0.156461 0)
(-0.281055 -0.184408 0)
(-0.211977 -0.193898 0)
(-0.131853 -0.193902 0)
(-0.068023 -0.157337 0)
(-0.0125571 -0.111872 0)
(0.0119584 -0.021754 0)
(-5.49378e-266 0.00505036 0)
(-0.0699778 0.174608 0)
(-0.133518 0.265542 0)
(-0.217939 0.282179 0)
(-0.299294 0.273234 0)
(-0.377729 0.241558 0)
(-0.446513 0.204167 0)
(-0.501714 0.159217 0)
(-0.541724 0.110844 0)
(-0.562366 0.0588836 0)
(-0.564428 0.00115859 0)
(-0.547259 -0.060464 0)
(-0.516164 -0.120267 0)
(-0.464339 -0.177088 0)
(-0.403399 -0.223436 0)
(-0.321476 -0.26144 0)
(-0.240803 -0.275625 0)
(-0.144816 -0.274984 0)
(-0.0705655 -0.222502 0)
(-0.000427382 -0.159281 0)
(0.0167388 -0.0179805 0)
(-0.0202014 0.0754832 0)
(-0.0938253 0.245785 0)
(-0.165131 0.334491 0)
(-0.252428 0.36446 0)
(-0.340525 0.353569 0)
(-0.424327 0.317514 0)
(-0.499674 0.26875 0)
(-0.560726 0.209218 0)
(-0.606596 0.143515 0)
(-0.632447 0.0713192 0)
(-0.639176 -0.00525264 0)
(-0.624378 -0.085034 0)
(-0.592708 -0.16282 0)
(-0.536368 -0.236258 0)
(-0.468517 -0.298176 0)
(-0.373739 -0.347707 0)
(-0.281855 -0.368747 0)
(-0.16539 -0.365349 0)
(-0.0850364 -0.299251 0)
(0.0120558 -0.20045 0)
(5.31619e-266 -0.0041847 0)
(-0.0143326 0.121423 0)
(-0.0843611 0.32058 0)
(-0.175966 0.424969 0)
(-0.275681 0.458531 0)
(-0.374703 0.445716 0)
(-0.467782 0.401334 0)
(-0.550562 0.341089 0)
(-0.619719 0.266339 0)
(-0.672487 0.182939 0)
(-0.706013 0.0911841 0)
(-0.719516 -0.00677523 0)
(-0.709415 -0.107631 0)
(-0.679555 -0.208189 0)
(-0.62075 -0.302605 0)
(-0.546801 -0.38571 0)
(-0.440103 -0.450469 0)
(-0.334498 -0.482727 0)
(-0.200181 -0.475938 0)
(-0.105539 -0.396296 0)
(0.000444025 -0.252142 0)
(1.49278e-24 -2.21488e-24 0)
(-0.0119985 0.171362 0)
(-0.0859263 0.405656 0)
(-0.191942 0.524797 0)
(-0.303601 0.561778 0)
(-0.415366 0.544962 0)
(-0.518723 0.492357 0)
(-0.61111 0.42028 0)
(-0.689384 0.330551 0)
(-0.750677 0.229767 0)
(-0.793079 0.118112 0)
(-0.814465 -0.00149137 0)
(-0.811351 -0.125139 0)
(-0.785535 -0.25064 0)
(-0.726923 -0.369397 0)
(-0.648464 -0.477234 0)
(-0.529503 -0.56107 0)
(-0.408389 -0.605803 0)
(-0.249111 -0.596548 0)
(-0.135621 -0.49488 0)
(-0.00254159 -0.31015 0)
(5.93627e-77 -3.73194e-25 0)
(-0.010463 0.220331 0)
(-0.0866315 0.50221 0)
(-0.20544 0.643846 0)
(-0.329138 0.682938 0)
(-0.453635 0.661837 0)
(-0.568131 0.597622 0)
(-0.670207 0.512489 0)
(-0.75847 0.406086 0)
(-0.82885 0.287046 0)
(-0.88177 0.154763 0)
(-0.913062 0.01158 0)
(-0.920125 -0.137287 0)
(-0.902139 -0.292721 0)
(-0.847902 -0.441287 0)
(-0.768131 -0.583112 0)
(-0.638359 -0.693695 0)
(-0.49949 -0.762286 0)
(-0.310315 -0.754261 0)
(-0.170925 -0.639798 0)
(-0.00630413 -0.397053 0)
(1.58576e-164 -1.48407e-77 0)
(-0.0112264 0.265599 0)
(-0.0951891 0.598968 0)
(-0.229364 0.765543 0)
(-0.366891 0.808165 0)
(-0.504504 0.782865 0)
(-0.630146 0.707541 0)
(-0.741088 0.610084 0)
(-0.838787 0.488392 0)
(-0.917534 0.352993 0)
(-0.981642 0.202049 0)
(-1.02398 0.0372573 0)
(-1.04513 -0.136045 0)
(-1.03946 -0.321839 0)
(-0.996865 -0.50355 0)
(-0.921548 -0.684722 0)
(-0.786613 -0.830781 0)
(-0.629801 -0.929889 0)
(-0.408515 -0.928049 0)
(-0.233863 -0.790728 0)
(-0.0570314 -0.487657 0)
(6.56353e-266 0.00687726 0)
(-0.0131858 0.328073 0)
(-0.104998 0.722647 0)
(-0.254088 0.917531 0)
(-0.404511 0.959271 0)
(-0.553487 0.926843 0)
(-0.68872 0.834808 0)
(-0.806386 0.722336 0)
(-0.911963 0.582752 0)
(-0.997597 0.430427 0)
(-1.07267 0.261075 0)
(-1.12713 0.0749383 0)
(-1.16571 -0.122441 0)
(-1.1783 -0.341646 0)
(-1.15556 -0.560859 0)
(-1.09468 -0.794281 0)
(-0.962076 -0.989186 0)
(-0.789485 -1.14092 0)
(-0.521008 -1.15724 0)
(-0.28694 -0.989692 0)
(-0.0402581 -0.64079 0)
(0.0275091 -0.059366 0)
(-0.0182775 0.379625 0)
(-0.12575 0.836971 0)
(-0.297723 1.06237 0)
(-0.464778 1.10451 0)
(-0.624013 1.06554 0)
(-0.766802 0.958216 0)
(-0.885951 0.832648 0)
(-0.995371 0.678451 0)
(-1.08269 0.513573 0)
(-1.16641 0.3314 0)
(-1.23108 0.130655 0)
(-1.29055 -0.0843449 0)
(-1.32628 -0.330849 0)
(-1.33668 -0.586424 0)
(-1.3035 -0.875687 0)
(-1.19213 -1.13624 0)
(-1.01552 -1.36646 0)
(-0.688597 -1.4334 0)
(-0.386375 -1.26498 0)
(0.0402249 -0.804678 0)
(1.48605e-231 -0.00687726 0)
(-0.025156 0.475164 0)
(-0.148684 1.00538 0)
(-0.341769 1.26066 0)
(-0.522496 1.287 0)
(-0.687356 1.23228 0)
(-0.832931 1.0974 0)
(-0.947995 0.953054 0)
(-1.0557 0.779786 0)
(-1.139 0.602203 0)
(-1.22599 0.409503 0)
(-1.29687 0.198459 0)
(-1.37512 -0.0275275 0)
(-1.43707 -0.297359 0)
(-1.48905 -0.584736 0)
(-1.50305 -0.941648 0)
(-1.44105 -1.2808 0)
(-1.29576 -1.64775 0)
(-0.951667 -1.79694 0)
(-0.574965 -1.71668 0)
(-0.00188077 -1.05 0)
(3.52937e-202 3.12537e-184 0)
(-0.0433349 0.546152 0)
(-0.200771 1.14744 0)
(-0.427191 1.432 0)
(-0.624557 1.4444 0)
(-0.784421 1.37402 0)
(-0.923059 1.21517 0)
(-1.01749 1.05475 0)
(-1.11069 0.867838 0)
(-1.17465 0.683754 0)
(-1.25388 0.489374 0)
(-1.31855 0.279987 0)
(-1.41022 0.0573779 0)
(-1.49158 -0.215965 0)
(-1.59569 -0.517893 0)
(-1.66497 -0.92036 0)
(-1.69859 -1.34158 0)
(-1.61495 -1.84748 0)
(-1.32398 -2.15886 0)
(-0.87181 -2.19846 0)
(-0.00318156 -1.39609 0)
(1.25015e-183 2.64767e-184 0)
(-0.0638409 0.726904 0)
(-0.253045 1.39368 0)
(-0.499556 1.69361 0)
(-0.699303 1.64557 0)
(-0.838399 1.53764 0)
(-0.954339 1.33097 0)
(-1.01317 1.14453 0)
(-1.07594 0.937253 0)
(-1.10508 0.746493 0)
(-1.15873 0.553781 0)
(-1.19929 0.353363 0)
(-1.28237 0.146076 0)
(-1.3644 -0.116061 0)
(-1.4986 -0.410535 0)
(-1.62305 -0.846118 0)
(-1.75906 -1.33035 0)
(-1.81356 -2.03448 0)
(-1.67381 -2.5467 0)
(-1.3335 -3.05985 0)
(-0.378938 -1.95364 0)
(3.21887e-254 -3.12537e-184 0)
(-0.129428 0.848148 0)
(-0.391666 1.56963 0)
(-0.64766 1.87198 0)
(-0.827329 1.77279 0)
(-0.88754 1.62728 0)
(-0.938222 1.38422 0)
(-0.910897 1.17633 0)
(-0.907146 0.957773 0)
(-0.865682 0.76683 0)
(-0.866959 0.584443 0)
(-0.854591 0.403683 0)
(-0.907051 0.225845 0)
(-0.957306 0.000402662 0)
(-1.10739 -0.253293 0)
(-1.2495 -0.657118 0)
(-1.53436 -1.14307 0)
(-1.72232 -1.9173 0)
(-2.04626 -2.63925 0)
(-1.85091 -3.43462 0)
(-1.81266 -2.78642 0)
(-2.15491e-264 -0.186051 0)
(-0.181901 1.26837 0)
(-0.470989 1.91586 0)
(-0.65595 2.1508 0)
(-0.74049 1.88554 0)
(-0.663233 1.66207 0)
(-0.594634 1.35409 0)
(-0.444871 1.11998 0)
(-0.34051 0.892146 0)
(-0.204407 0.708043 0)
(-0.127786 0.543651 0)
(-0.0402454 0.391385 0)
(-0.0296905 0.25123 0)
(-0.0149085 0.0776679 0)
(-0.116559 -0.113126 0)
(-0.220656 -0.433437 0)
(-0.519497 -0.845198 0)
(-0.81227 -1.55309 0)
(-1.35426 -2.38233 0)
(-1.62747 -3.3766 0)
(-1.8595 -3.69653 0)
(-0.744205 -2.0115 0)
(-0.396277 1.46573 0)
(-0.733396 2.01442 0)
(-0.586795 2.13484 0)
(-0.408587 1.76326 0)
(0.00363917 1.48249 0)
(0.295091 1.1586 0)
(0.653221 0.924528 0)
(0.900579 0.715705 0)
(1.15952 0.55576 0)
(1.32467 0.42253 0)
(1.4924 0.306078 0)
(1.56326 0.206674 0)
(1.64602 0.0867451 0)
(1.59051 -0.0356177 0)
(1.55796 -0.254712 0)
(1.26973 -0.530198 0)
(1.00497 -1.08055 0)
(0.286071 -1.78686 0)
(-0.259433 -2.92186 0)
(-0.999122 -3.60315 0)
(-0.680288 -2.81056 0)
(-0.247365 2.45952 0)
(-0.0662432 2.10083 0)
(0.716314 1.87735 0)
(1.3136 1.28942 0)
(2.03292 0.981312 0)
(2.52754 0.700969 0)
(3.01996 0.523545 0)
(3.35553 0.38454 0)
(3.67129 0.286358 0)
(3.87621 0.211689 0)
(4.07326 0.150907 0)
(4.17186 0.101548 0)
(4.28386 0.0440793 0)
(4.26659 -0.0156866 0)
(4.2832 -0.125927 0)
(4.06005 -0.272214 0)
(3.86412 -0.5973 0)
(3.15832 -1.08036 0)
(2.42026 -2.14554 0)
(0.885468 -3.23233 0)
(-0.0475003 -3.76766 0)
(1.67507 1.67799 0)
(2.74049 0.985309 0)
(4.60237 0.755009 0)
(5.4348 0.422532 0)
(6.2651 0.277385 0)
(6.71309 0.163524 0)
(7.11232 0.104026 0)
(7.3465 0.0635728 0)
(7.55365 0.0395677 0)
(7.67302 0.0236109 0)
(7.78723 0.0120412 0)
(7.83363 0.0029502 0)
(7.8943 -0.00874926 0)
(7.86373 -0.0212899 0)
(7.86619 -0.0501073 0)
(7.67821 -0.0828851 0)
(7.53284 -0.178798 0)
(6.88379 -0.286497 0)
(6.21577 -0.638994 0)
(4.03293 -1.02492 0)
(2.0267 -1.85723 0)
)
;

boundaryField
{
    movingWall
    {
        type            fixedValue;
        value           uniform (10 0 0);
    }
    fixedWalls
    {
        type            noSlip;
    }
    frontAndBack
    {
        type            empty;
    }
}


// ************************************************************************* //
