/*--------------------------------*- C++ -*----------------------------------*\
| =========                 |                                                 |
| \\      /  F ield         | OpenFOAM: The Open Source CFD Toolbox           |
|  \\    /   O peration     | Version:  4.1                                   |
|   \\  /    A nd           | Web:      www.OpenFOAM.org                      |
|    \\/     M anipulation  |                                                 |
\*---------------------------------------------------------------------------*/
FoamFile
{
    version     2.0;
    format      ascii;
    class       volVectorField;
    location    "0.00099";
    object      U;
}
// * * * * * * * * * * * * * * * * * * * * * * * * * * * * * * * * * * * * * //

dimensions      [0 1 -1 0 0 0 0];

internalField   nonuniform List<vector> 
1681
(
(-0.000656325 0.000640189 0)
(-0.00336925 0.00135181 0)
(-0.00708456 0.00162727 0)
(-0.0111231 0.00172962 0)
(-0.0152832 0.00175571 0)
(-0.0194446 0.0017433 0)
(-0.0235369 0.00170413 0)
(-0.0275073 0.00164494 0)
(-0.0313156 0.00157003 0)
(-0.0349295 0.00148238 0)
(-0.0383225 0.00138407 0)
(-0.0414717 0.00127664 0)
(-0.0443574 0.00116125 0)
(-0.0469623 0.00103887 0)
(-0.0492709 0.000910331 0)
(-0.0512698 0.000776422 0)
(-0.0529472 0.000637893 0)
(-0.054293 0.000495495 0)
(-0.0552989 0.000349988 0)
(-0.0559583 0.000202149 0)
(-0.0562667 5.27768e-05 0)
(-0.056221 -9.73062e-05 0)
(-0.0558206 -0.000247253 0)
(-0.0550664 -0.000396193 0)
(-0.0539619 -0.000543237 0)
(-0.0525122 -0.000687477 0)
(-0.050725 -0.000827995 0)
(-0.0486098 -0.000963866 0)
(-0.0461786 -0.00109417 0)
(-0.0434455 -0.00121798 0)
(-0.0404267 -0.00133441 0)
(-0.0371407 -0.00144258 0)
(-0.0336079 -0.00154164 0)
(-0.0298507 -0.00163077 0)
(-0.0258936 -0.00170913 0)
(-0.0217631 -0.00177568 0)
(-0.0174883 -0.00182839 0)
(-0.013106 -0.00185927 0)
(-0.00868176 -0.00183331 0)
(-0.00440253 -0.00161154 0)
(-0.000934395 -0.000896844 0)
(-0.00113124 0.00315234 0)
(-0.00611778 0.00671633 0)
(-0.0127708 0.00801945 0)
(-0.0199071 0.0084722 0)
(-0.0272019 0.00857221 0)
(-0.0344568 0.00849227 0)
(-0.0415641 0.00828967 0)
(-0.0484431 0.00799525 0)
(-0.055032 0.00762839 0)
(-0.0612806 0.00720229 0)
(-0.0671464 0.00672619 0)
(-0.0725924 0.00620682 0)
(-0.0775856 0.00564937 0)
(-0.0820967 0.00505816 0)
(-0.0860994 0.00443703 0)
(-0.0895701 0.00378958 0)
(-0.0924882 0.0031193 0)
(-0.0948359 0.00242974 0)
(-0.0965981 0.0017245 0)
(-0.097763 0.00100727 0)
(-0.0983218 0.000281884 0)
(-0.0982687 -0.000447684 0)
(-0.0976016 -0.00117734 0)
(-0.0963216 -0.00190286 0)
(-0.0944337 -0.00261989 0)
(-0.0919463 -0.00332401 0)
(-0.0888717 -0.0040107 0)
(-0.085226 -0.00467543 0)
(-0.0810294 -0.00531364 0)
(-0.0763055 -0.00592082 0)
(-0.0710822 -0.00649252 0)
(-0.0653908 -0.00702445 0)
(-0.0592663 -0.00751243 0)
(-0.0527472 -0.00795249 0)
(-0.0458752 -0.00834076 0)
(-0.0386948 -0.00867292 0)
(-0.031253 -0.00894078 0)
(-0.0236053 -0.00911094 0)
(-0.0158357 -0.00902461 0)
(-0.0082159 -0.00802314 0)
(-0.00168593 -0.00432464 0)
(-0.00104346 0.00609674 0)
(-0.00624523 0.0130918 0)
(-0.0138931 0.0156065 0)
(-0.0220863 0.0164398 0)
(-0.0304272 0.0165775 0)
(-0.0386584 0.0163765 0)
(-0.0466779 0.0159536 0)
(-0.0544099 0.015367 0)
(-0.0617982 0.0146508 0)
(-0.0687949 0.0138274 0)
(-0.0753579 0.0129122 0)
(-0.0814491 0.0119166 0)
(-0.0870338 0.0108493 0)
(-0.0920803 0.00971805 0)
(-0.0965599 0.00852959 0)
(-0.100446 0.0072905 0)
(-0.103717 0.00600729 0)
(-0.106351 0.00468656 0)
(-0.108333 0.00333509 0)
(-0.109648 0.00195988 0)
(-0.110285 0.000568237 0)
(-0.11024 -0.000832272 0)
(-0.109507 -0.00223379 0)
(-0.108089 -0.00362821 0)
(-0.10599 -0.00500717 0)
(-0.103219 -0.00636212 0)
(-0.0997901 -0.00768436 0)
(-0.0957202 -0.00896508 0)
(-0.0910315 -0.0101955 0)
(-0.0857504 -0.0113668 0)
(-0.0799076 -0.0124705 0)
(-0.0735379 -0.0134981 0)
(-0.0666804 -0.0144417 0)
(-0.0593779 -0.0152937 0)
(-0.0516769 -0.0160469 0)
(-0.0436273 -0.0166938 0)
(-0.0352815 -0.017221 0)
(-0.0267016 -0.0175715 0)
(-0.0179769 -0.0174591 0)
(-0.00940618 -0.0156677 0)
(-0.00194633 -0.00865202 0)
(-0.000499472 0.00814171 0)
(-0.00494585 0.0196007 0)
(-0.0133574 0.0237464 0)
(-0.0222508 0.0250219 0)
(-0.031197 0.0251343 0)
(-0.0398988 0.024738 0)
(-0.0483019 0.0240345 0)
(-0.0563585 0.0231102 0)
(-0.0640314 0.0220095 0)
(-0.0712832 0.0207599 0)
(-0.0780779 0.0193801 0)
(-0.0843805 0.0178842 0)
(-0.0901577 0.0162837 0)
(-0.0953784 0.0145886 0)
(-0.100014 0.0128085 0)
(-0.104037 0.0109528 0)
(-0.107425 0.0090307 0)
(-0.110157 0.007052 0)
(-0.112215 0.00502665 0)
(-0.113585 0.00296504 0)
(-0.114255 0.000878003 0)
(-0.11422 -0.00122316 0)
(-0.113474 -0.00332672 0)
(-0.112019 -0.00542051 0)
(-0.109859 -0.00749199 0)
(-0.107003 -0.0095283 0)
(-0.103464 -0.0115163 0)
(-0.0992602 -0.0134428 0)
(-0.0944137 -0.0152945 0)
(-0.0889514 -0.017058 0)
(-0.0829048 -0.0187205 0)
(-0.0763097 -0.0202693 0)
(-0.0692064 -0.0216921 0)
(-0.0616391 -0.0229777 0)
(-0.0536559 -0.0241152 0)
(-0.0453086 -0.0250937 0)
(-0.036652 -0.0258935 0)
(-0.0277515 -0.0264321 0)
(-0.0186991 -0.0262915 0)
(-0.0098082 -0.0236856 0)
(-0.00203529 -0.0132495 0)
(0.000200948 0.00974465 0)
(-0.00232848 0.0267486 0)
(-0.0122093 0.0328769 0)
(-0.0220162 0.0343544 0)
(-0.0316167 0.0342064 0)
(-0.0407426 0.0334595 0)
(-0.0494535 0.0323854 0)
(-0.057752 0.0310701 0)
(-0.065628 0.0295517 0)
(-0.073058 0.0278534 0)
(-0.0800126 0.0259923 0)
(-0.0864605 0.0239824 0)
(-0.0923702 0.0218364 0)
(-0.0977112 0.0195659 0)
(-0.102455 0.0171828 0)
(-0.106575 0.0146988 0)
(-0.110047 0.012126 0)
(-0.11285 0.00947689 0)
(-0.114966 0.00676472 0)
(-0.11638 0.00400318 0)
(-0.11708 0.00120665 0)
(-0.117058 -0.00160986 0)
(-0.11631 -0.00443068 0)
(-0.114837 -0.00723957 0)
(-0.112641 -0.0100197 0)
(-0.109731 -0.0127539 0)
(-0.106121 -0.0154244 0)
(-0.101827 -0.0180134 0)
(-0.0968725 -0.0205029 0)
(-0.091284 -0.0228751 0)
(-0.0850934 -0.0251124 0)
(-0.078337 -0.0271975 0)
(-0.0710558 -0.0291142 0)
(-0.0632952 -0.0308468 0)
(-0.0551045 -0.0323808 0)
(-0.0465371 -0.0337014 0)
(-0.0376498 -0.0347822 0)
(-0.0285106 -0.0355146 0)
(-0.0192146 -0.0353463 0)
(-0.0100862 -0.0319105 0)
(-0.00209454 -0.0179893 0)
(7.16255e-268 5.0237e-05 0)
(-0.00195291 0.0326323 0)
(-0.0123282 0.0426762 0)
(-0.0225534 0.0443403 0)
(-0.0325081 0.0437436 0)
(-0.0419244 0.0425137 0)
(-0.0508848 0.0409945 0)
(-0.0594051 0.0392454 0)
(-0.067483 0.0372824 0)
(-0.0750985 0.0351164 0)
(-0.0822248 0.0327589 0)
(-0.0888315 0.0302221 0)
(-0.0948877 0.0275184 0)
(-0.100363 0.0246609 0)
(-0.105229 0.0216629 0)
(-0.109458 0.0185384 0)
(-0.113027 0.0153021 0)
(-0.115912 0.0119694 0)
(-0.118096 0.00855652 0)
(-0.119562 0.00508039 0)
(-0.120298 0.00155894 0)
(-0.120295 -0.00198908 0)
(-0.119548 -0.00554406 0)
(-0.118056 -0.00908562 0)
(-0.115823 -0.0125926 0)
(-0.112856 -0.0160432 0)
(-0.109167 -0.0194153 0)
(-0.104774 -0.022686 0)
(-0.0996981 -0.0258327 0)
(-0.0939672 -0.0288326 0)
(-0.0876131 -0.0316633 0)
(-0.0806728 -0.0343029 0)
(-0.0731881 -0.0367303 0)
(-0.0652056 -0.0389257 0)
(-0.056776 -0.0408705 0)
(-0.0479546 -0.0425454 0)
(-0.0388004 -0.0439174 0)
(-0.0293842 -0.0448502 0)
(-0.0198047 -0.0446542 0)
(-0.0103978 -0.0403656 0)
(-0.00215905 -0.0228677 0)
(5.58055e-28 5.55354e-25 0)
(-0.00417348 0.0400848 0)
(-0.0139439 0.05266 0)
(-0.0240675 0.0544484 0)
(-0.0340339 0.0534563 0)
(-0.0435931 0.0517741 0)
(-0.0527448 0.049817 0)
(-0.0614757 0.0476302 0)
(-0.0697659 0.0452137 0)
(-0.0775882 0.0425691 0)
(-0.0849117 0.0397036 0)
(-0.0917044 0.0366277 0)
(-0.0979342 0.033354 0)
(-0.10357 0.0298964 0)
(-0.108583 0.0262702 0)
(-0.112944 0.0224913 0)
(-0.116629 0.0185768 0)
(-0.119615 0.0145449 0)
(-0.121882 0.0104147 0)
(-0.123413 0.00620659 0)
(-0.124195 0.00194181 0)
(-0.124217 -0.00235711 0)
(-0.123473 -0.0066666 0)
(-0.121962 -0.0109621 0)
(-0.119686 -0.0152179 0)
(-0.116651 -0.0194078 0)
(-0.112869 -0.0235046 0)
(-0.108357 -0.0274808 0)
(-0.103136 -0.0313083 0)
(-0.0972344 -0.0349595 0)
(-0.0906832 -0.0384066 0)
(-0.0835205 -0.0416228 0)
(-0.0757892 -0.0445822 0)
(-0.0675372 -0.0472601 0)
(-0.0588171 -0.0496333 0)
(-0.0496864 -0.0516783 0)
(-0.0402066 -0.0533543 0)
(-0.0304519 -0.054497 0)
(-0.0205252 -0.054274 0)
(-0.0107761 -0.0491047 0)
(-0.00223675 -0.0279112 0)
(-8.30244e-79 1.39514e-28 0)
(-0.00608955 0.0475055 0)
(-0.0158261 0.0623992 0)
(-0.0259756 0.0644627 0)
(-0.0359683 0.0632255 0)
(-0.0456674 0.0611875 0)
(-0.0550166 0.0588402 0)
(-0.0639752 0.0562343 0)
(-0.0725024 0.0533672 0)
(-0.0805597 0.0502388 0)
(-0.0881105 0.0468558 0)
(-0.0951194 0.043229 0)
(-0.101553 0.0393721 0)
(-0.107377 0.0353003 0)
(-0.112564 0.0310305 0)
(-0.117082 0.026581 0)
(-0.120907 0.0219711 0)
(-0.124013 0.0172216 0)
(-0.126381 0.0123546 0)
(-0.127991 0.0073937 0)
(-0.128828 0.0023636 0)
(-0.128883 -0.00270946 0)
(-0.128146 -0.00779792 0)
(-0.126615 -0.0128729 0)
(-0.12429 -0.0179044 0)
(-0.121177 -0.0228611 0)
(-0.117288 -0.027711 0)
(-0.112637 -0.0324212 0)
(-0.107246 -0.0369586 0)
(-0.101142 -0.0412898 0)
(-0.0943574 -0.0453817 0)
(-0.0869308 -0.049202 0)
(-0.0789061 -0.0527193 0)
(-0.0703328 -0.055904 0)
(-0.0612658 -0.0587279 0)
(-0.0517651 -0.0611624 0)
(-0.0418953 -0.0631588 0)
(-0.0317344 -0.064523 0)
(-0.0213905 -0.0642746 0)
(-0.0112297 -0.0581906 0)
(-0.00232979 -0.0331544 0)
(-4.52053e-166 -2.07561e-79 0)
(-0.00889147 0.0555156 0)
(-0.0182447 0.0722911 0)
(-0.0282751 0.0745094 0)
(-0.0382444 0.0730962 0)
(-0.0480953 0.0707809 0)
(-0.0576731 0.068091 0)
(-0.0668951 0.0650872 0)
(-0.0756948 0.0617742 0)
(-0.0840219 0.0581575 0)
(-0.0918336 0.0542474 0)
(-0.0990912 0.0500574 0)
(-0.105759 0.0456029 0)
(-0.111803 0.0409011 0)
(-0.11719 0.0359707 0)
(-0.121892 0.0308321 0)
(-0.12588 0.025507 0)
(-0.129128 0.0200188 0)
(-0.131615 0.0143926 0)
(-0.133319 0.00865486 0)
(-0.134226 0.0028339 0)
(-0.134321 -0.00304038 0)
(-0.133596 -0.00893641 0)
(-0.132045 -0.014821 0)
(-0.129667 -0.0206594 0)
(-0.126468 -0.0264155 0)
(-0.122456 -0.032052 0)
(-0.117647 -0.0375306 0)
(-0.11206 -0.0428124 0)
(-0.105723 -0.0478581 0)
(-0.0986687 -0.0526288 0)
(-0.0909354 -0.0570861 0)
(-0.0825688 -0.0611928 0)
(-0.0736202 -0.0649137 0)
(-0.064147 -0.068215 0)
(-0.0542123 -0.0710627 0)
(-0.0438842 -0.0733995 0)
(-0.0332454 -0.0749999 0)
(-0.0224104 -0.0747283 0)
(-0.0117643 -0.067689 0)
(-0.00243948 -0.0386348 0)
(-6.97641e-267 0.000475922 0)
(-0.0138429 0.063202 0)
(-0.0212785 0.0813275 0)
(-0.0308336 0.0842066 0)
(-0.0407357 0.0829741 0)
(-0.0508016 0.0805673 0)
(-0.0606789 0.0776095 0)
(-0.0702233 0.0742316 0)
(-0.0793436 0.0704746 0)
(-0.0879815 0.0663622 0)
(-0.096091 0.0619134 0)
(-0.103632 0.0571459 0)
(-0.110567 0.0520779 0)
(-0.11686 0.0467285 0)
(-0.122479 0.0411186 0)
(-0.127391 0.0352704 0)
(-0.131567 0.029208 0)
(-0.13498 0.0229575 0)
(-0.137606 0.0165465 0)
(-0.139423 0.0100048 0)
(-0.140412 0.00336392 0)
(-0.140558 -0.00334251 0)
(-0.139851 -0.0100789 0)
(-0.138282 -0.0168077 0)
(-0.13585 -0.0234893 0)
(-0.132557 -0.0300827 0)
(-0.12841 -0.0365449 0)
(-0.123423 -0.0428318 0)
(-0.117616 -0.0488985 0)
(-0.111015 -0.0546993 0)
(-0.103653 -0.0601889 0)
(-0.0955687 -0.0653223 0)
(-0.0868098 -0.0700559 0)
(-0.0774295 -0.074348 0)
(-0.067488 -0.0781588 0)
(-0.0570517 -0.0814482 0)
(-0.0461932 -0.0841494 0)
(-0.0350004 -0.0860036 0)
(-0.0235953 -0.0857116 0)
(-0.0123857 -0.0776703 0)
(-0.00256711 -0.0443929 0)
(-0.00190369 0.0268795 0)
(-0.0125879 0.0741886 0)
(-0.0214769 0.090367 0)
(-0.0320695 0.0940222 0)
(-0.0428748 0.0931662 0)
(-0.0535867 0.0907346 0)
(-0.0639733 0.0875093 0)
(-0.0739469 0.0837405 0)
(-0.0834522 0.079521 0)
(-0.0924477 0.0748955 0)
(-0.100894 0.0698913 0)
(-0.108755 0.0645295 0)
(-0.115991 0.0588301 0)
(-0.122566 0.0528139 0)
(-0.128447 0.0465035 0)
(-0.133598 0.0399232 0)
(-0.137989 0.0330992 0)
(-0.141592 0.0260601 0)
(-0.144379 0.0188361 0)
(-0.146326 0.0114601 0)
(-0.147414 0.00396676 0)
(-0.147625 -0.00360658 0)
(-0.146944 -0.0112204 0)
(-0.145362 -0.0188325 0)
(-0.142875 -0.0263988 0)
(-0.139481 -0.0338727 0)
(-0.135188 -0.0412054 0)
(-0.130006 -0.0483469 0)
(-0.123954 -0.0552455 0)
(-0.117058 -0.0618487 0)
(-0.10935 -0.0681041 0)
(-0.10087 -0.0739594 0)
(-0.0916673 -0.0793639 0)
(-0.0817964 -0.0842686 0)
(-0.0713209 -0.088627 0)
(-0.0603117 -0.0923919 0)
(-0.0488458 -0.095486 0)
(-0.0370177 -0.0976152 0)
(-0.024958 -0.0973066 0)
(-0.0131007 -0.0882096 0)
(-0.00271412 -0.0504723 0)
(0.000208508 0.0301363 0)
(-0.00267686 0.0840733 0)
(-0.0180928 0.102395 0)
(-0.0319715 0.106017 0)
(-0.0447777 0.104677 0)
(-0.0565566 0.101715 0)
(-0.0676249 0.09798 0)
(-0.078107 0.0937072 0)
(-0.0880462 0.0889702 0)
(-0.0974387 0.0838009 0)
(-0.10626 0.0782195 0)
(-0.114475 0.0722439 0)
(-0.122047 0.0658935 0)
(-0.128938 0.0591897 0)
(-0.135112 0.0521562 0)
(-0.140533 0.0448192 0)
(-0.145168 0.0372072 0)
(-0.148986 0.0293508 0)
(-0.151958 0.0212831 0)
(-0.154059 0.0130394 0)
(-0.155264 0.00465778 0)
(-0.155553 -0.00382098 0)
(-0.15491 -0.0123534 0)
(-0.153322 -0.0208929 0)
(-0.150781 -0.0293904 0)
(-0.147284 -0.0377937 0)
(-0.142834 -0.0460482 0)
(-0.137442 -0.054097 0)
(-0.131122 -0.0618815 0)
(-0.1239 -0.0693417 0)
(-0.115809 -0.0764172 0)
(-0.106887 -0.0830478 0)
(-0.0971857 -0.0891746 0)
(-0.0867624 -0.0947405 0)
(-0.0756839 -0.0996912 0)
(-0.0640254 -0.103971 0)
(-0.0518698 -0.107492 0)
(-0.0393188 -0.109922 0)
(-0.0265134 -0.109602 0)
(-0.0139174 -0.099388 0)
(-0.0028822 -0.0569202 0)
(3.98584e-282 5.2127e-05 0)
(-0.00240641 0.0917858 0)
(-0.0196015 0.117474 0)
(-0.0345699 0.12021 0)
(-0.048084 0.117469 0)
(-0.0603823 0.113473 0)
(-0.0719014 0.10901 0)
(-0.0828128 0.10414 0)
(-0.0931733 0.0988447 0)
(-0.10298 0.0931085 0)
(-0.112204 0.0869317 0)
(-0.120809 0.0803243 0)
(-0.128752 0.0733031 0)
(-0.135994 0.0658897 0)
(-0.142495 0.0581091 0)
(-0.148218 0.0499893 0)
(-0.153127 0.0415607 0)
(-0.157189 0.0328563 0)
(-0.160373 0.0239113 0)
(-0.16265 0.0147639 0)
(-0.163993 0.00545504 0)
(-0.164379 -0.00397132 0)
(-0.163789 -0.0134677 0)
(-0.162204 -0.0229834 0)
(-0.159615 -0.032464 0)
(-0.156014 -0.0418517 0)
(-0.151401 -0.0510856 0)
(-0.145783 -0.0601017 0)
(-0.139175 -0.0688337 0)
(-0.131597 -0.0772134 0)
(-0.123083 -0.0851717 0)
(-0.113673 -0.0926394 0)
(-0.103417 -0.0995483 0)
(-0.0923765 -0.105832 0)
(-0.0806214 -0.111428 0)
(-0.0682322 -0.11627 0)
(-0.0552982 -0.120258 0)
(-0.0419296 -0.123017 0)
(-0.0282791 -0.122693 0)
(-0.0148452 -0.111294 0)
(-0.00307338 -0.0637882 0)
(-7.95301e-248 2.4194e-165 0)
(-0.0134017 0.104394 0)
(-0.0269558 0.132598 0)
(-0.0403845 0.134143 0)
(-0.0530039 0.130258 0)
(-0.0651416 0.125446 0)
(-0.0768277 0.120373 0)
(-0.0880728 0.114967 0)
(-0.0988394 0.109137 0)
(-0.109079 0.102839 0)
(-0.11874 0.0960603 0)
(-0.127771 0.0888067 0)
(-0.136124 0.0810953 0)
(-0.143753 0.0729495 0)
(-0.150616 0.0643963 0)
(-0.156675 0.0554657 0)
(-0.16189 0.0461904 0)
(-0.166227 0.0366052 0)
(-0.169652 0.0267476 0)
(-0.172132 0.016658 0)
(-0.173639 0.00637975 0)
(-0.174144 -0.00403987 0)
(-0.173623 -0.0145499 0)
(-0.172056 -0.0250952 0)
(-0.169427 -0.0356163 0)
(-0.165725 -0.0460497 0)
(-0.160945 -0.0563276 0)
(-0.155091 -0.0663787 0)
(-0.148173 -0.0761281 0)
(-0.140212 -0.0854987 0)
(-0.131238 -0.0944118 0)
(-0.12129 -0.102788 0)
(-0.110422 -0.110548 0)
(-0.0986958 -0.117616 0)
(-0.0861859 -0.123918 0)
(-0.0729784 -0.129378 0)
(-0.0591699 -0.13388 0)
(-0.0448805 -0.137005 0)
(-0.0302765 -0.136685 0)
(-0.0158955 -0.124024 0)
(-0.00329006 -0.0711329 0)
(-9.67759e-165 0.0020433 0)
(-0.0285577 0.115348 0)
(-0.0363519 0.143999 0)
(-0.0473292 0.145944 0)
(-0.058571 0.142167 0)
(-0.0703798 0.137266 0)
(-0.0821959 0.131939 0)
(-0.0937942 0.126159 0)
(-0.105008 0.119865 0)
(-0.115728 0.113028 0)
(-0.125872 0.105645 0)
(-0.135374 0.0977315 0)
(-0.144178 0.0893097 0)
(-0.152234 0.080407 0)
(-0.159498 0.071054 0)
(-0.165927 0.0612832 0)
(-0.171484 0.0511294 0)
(-0.176129 0.0406291 0)
(-0.179826 0.0298216 0)
(-0.18254 0.0187489 0)
(-0.184238 0.00745679 0)
(-0.184888 -0.00400501 0)
(-0.18446 -0.0155822 0)
(-0.182929 -0.0272154 0)
(-0.180273 -0.0388402 0)
(-0.176477 -0.0503871 0)
(-0.17153 -0.0617812 0)
(-0.165431 -0.072943 0)
(-0.158188 -0.0837889 0)
(-0.149816 -0.0942317 0)
(-0.140344 -0.104182 0)
(-0.129811 -0.113548 0)
(-0.11827 -0.122241 0)
(-0.105787 -0.13017 0)
(-0.0924386 -0.137249 0)
(-0.0783185 -0.143392 0)
(-0.0635311 -0.148464 0)
(-0.0482076 -0.151996 0)
(-0.0325305 -0.151693 0)
(-0.0170819 -0.137685 0)
(-0.00353514 -0.079017 0)
(-0.00817318 0.0610474 0)
(-0.0339948 0.133282 0)
(-0.0414762 0.153924 0)
(-0.0520134 0.156403 0)
(-0.0632996 0.153586 0)
(-0.0754259 0.14915 0)
(-0.0877125 0.143843 0)
(-0.0998522 0.137814 0)
(-0.111631 0.131103 0)
(-0.122915 0.123735 0)
(-0.133607 0.11574 0)
(-0.143634 0.107147 0)
(-0.152935 0.0979897 0)
(-0.16146 0.0883026 0)
(-0.169163 0.0781203 0)
(-0.176001 0.0674782 0)
(-0.181934 0.0564129 0)
(-0.186923 0.0449621 0)
(-0.190928 0.0331661 0)
(-0.19391 0.0210681 0)
(-0.195833 0.00871534 0)
(-0.196658 -0.00384045 0)
(-0.19635 -0.016542 0)
(-0.194879 -0.0293262 0)
(-0.192215 -0.0421236 0)
(-0.188336 -0.0548585 0)
(-0.183228 -0.0674488 0)
(-0.176881 -0.0798065 0)
(-0.169298 -0.0918379 0)
(-0.160491 -0.103445 0)
(-0.150486 -0.114526 0)
(-0.139319 -0.124977 0)
(-0.127043 -0.134694 0)
(-0.113727 -0.143574 0)
(-0.0994515 -0.151516 0)
(-0.0843167 -0.158418 0)
(-0.0684362 -0.164126 0)
(-0.0519542 -0.168116 0)
(-0.0350711 -0.167846 0)
(-0.0184207 -0.152397 0)
(-0.00381211 -0.0875107 0)
(-0.00741064 0.0753903 0)
(-0.0275365 0.145417 0)
(-0.0404009 0.164939 0)
(-0.0536444 0.16809 0)
(-0.0667676 0.16595 0)
(-0.0800785 0.161805 0)
(-0.0932855 0.156446 0)
(-0.106213 0.150131 0)
(-0.118706 0.142974 0)
(-0.130652 0.135048 0)
(-0.141964 0.126409 0)
(-0.152571 0.117105 0)
(-0.162418 0.107181 0)
(-0.171454 0.0966779 0)
(-0.179635 0.0856345 0)
(-0.18692 0.0740887 0)
(-0.193268 0.0620782 0)
(-0.198638 0.0496412 0)
(-0.202989 0.0368178 0)
(-0.206279 0.0236513 0)
(-0.208463 0.0101896 0)
(-0.209499 -0.00351441 0)
(-0.209346 -0.0174011 0)
(-0.207964 -0.0314039 0)
(-0.205318 -0.0454486 0)
(-0.201377 -0.0594533 0)
(-0.196117 -0.0733283 0)
(-0.189524 -0.0869763 0)
(-0.181593 -0.100293 0)
(-0.17233 -0.113169 0)
(-0.161757 -0.125488 0)
(-0.149908 -0.137132 0)
(-0.136835 -0.147982 0)
(-0.122606 -0.157917 0)
(-0.107309 -0.16682 0)
(-0.0910489 -0.174571 0)
(-0.0739502 -0.180993 0)
(-0.0561715 -0.185503 0)
(-0.0379346 -0.185286 0)
(-0.0199314 -0.168291 0)
(-0.0041252 -0.0966929 0)
(-0.00587742 0.090201 0)
(-0.0241131 0.161068 0)
(-0.0398291 0.179718 0)
(-0.0552708 0.182321 0)
(-0.0701778 0.18 0)
(-0.0848253 0.175669 0)
(-0.099119 0.170016 0)
(-0.112973 0.163281 0)
(-0.126289 0.155595 0)
(-0.138981 0.147049 0)
(-0.150977 0.137717 0)
(-0.162218 0.127659 0)
(-0.172654 0.116929 0)
(-0.182241 0.105574 0)
(-0.190939 0.0936358 0)
(-0.198709 0.0811536 0)
(-0.20551 0.0681646 0)
(-0.211303 0.0547062 0)
(-0.216042 0.0408171 0)
(-0.219681 0.0265392 0)
(-0.222171 0.0119195 0)
(-0.223463 -0.00298858 0)
(-0.223505 -0.0181241 0)
(-0.222251 -0.0334175 0)
(-0.219655 -0.0487901 0)
(-0.215677 -0.0641538 0)
(-0.210285 -0.0794108 0)
(-0.203454 -0.0944543 0)
(-0.195171 -0.109169 0)
(-0.185437 -0.12343 0)
(-0.174266 -0.137109 0)
(-0.161688 -0.150071 0)
(-0.147753 -0.162177 0)
(-0.13253 -0.173288 0)
(-0.11611 -0.183268 0)
(-0.0986052 -0.191976 0)
(-0.0801507 -0.199207 0)
(-0.0609217 -0.204309 0)
(-0.0411644 -0.204175 0)
(-0.021638 -0.18552 0)
(-0.00447959 -0.106653 0)
(-0.00518211 0.101811 0)
(-0.0227038 0.177281 0)
(-0.0401966 0.19624 0)
(-0.0573791 0.198334 0)
(-0.0739036 0.195557 0)
(-0.0899099 0.190786 0)
(-0.105369 0.184651 0)
(-0.120239 0.177363 0)
(-0.134456 0.169049 0)
(-0.147959 0.159807 0)
(-0.160693 0.149719 0)
(-0.172613 0.138856 0)
(-0.183677 0.127275 0)
(-0.19385 0.11503 0)
(-0.2031 0.102162 0)
(-0.21139 0.0887113 0)
(-0.218684 0.0747126 0)
(-0.224941 0.0602002 0)
(-0.230114 0.0452091 0)
(-0.234152 0.0297782 0)
(-0.237 0.0139521 0)
(-0.238598 -0.00221695 0)
(-0.238886 -0.0186675 0)
(-0.237807 -0.0353277 0)
(-0.235304 -0.0521147 0)
(-0.231325 -0.068934 0)
(-0.225827 -0.0856799 0)
(-0.218775 -0.102235 0)
(-0.210146 -0.118472 0)
(-0.199931 -0.134252 0)
(-0.188135 -0.149429 0)
(-0.174785 -0.16385 0)
(-0.159924 -0.177356 0)
(-0.143623 -0.189786 0)
(-0.125972 -0.20098 0)
(-0.107093 -0.210772 0)
(-0.0871307 -0.218925 0)
(-0.0662796 -0.224708 0)
(-0.0448139 -0.224693 0)
(-0.0235698 -0.204255 0)
(-0.00488167 -0.117494 0)
(-0.00499516 0.113035 0)
(-0.022725 0.194522 0)
(-0.0415558 0.214304 0)
(-0.060207 0.215937 0)
(-0.078195 0.212562 0)
(-0.0955331 0.207181 0)
(-0.112188 0.200411 0)
(-0.128124 0.192444 0)
(-0.143294 0.183398 0)
(-0.157655 0.173374 0)
(-0.171167 0.162461 0)
(-0.183798 0.150733 0)
(-0.19552 0.138254 0)
(-0.206309 0.125078 0)
(-0.216139 0.111248 0)
(-0.224984 0.0967994 0)
(-0.232809 0.0817638 0)
(-0.239575 0.066169 0)
(-0.245233 0.050044 0)
(-0.249726 0.0334219 0)
(-0.25299 0.0163426 0)
(-0.254955 -0.00114423 0)
(-0.255551 -0.0189779 0)
(-0.254704 -0.0370849 0)
(-0.252347 -0.0553784 0)
(-0.248414 -0.0737581 0)
(-0.242849 -0.0921095 0)
(-0.235603 -0.110305 0)
(-0.226641 -0.128203 0)
(-0.215942 -0.14565 0)
(-0.203503 -0.162482 0)
(-0.18934 -0.178524 0)
(-0.173493 -0.193596 0)
(-0.156027 -0.207511 0)
(-0.137034 -0.220081 0)
(-0.11664 -0.231108 0)
(-0.0950032 -0.24032 0)
(-0.072337 -0.246894 0)
(-0.0489486 -0.247049 0)
(-0.0257631 -0.224692 0)
(-0.00533941 -0.129336 0)
(-0.00510211 0.124324 0)
(-0.0235612 0.212716 0)
(-0.0436825 0.233685 0)
(-0.0637438 0.234967 0)
(-0.0831498 0.230945 0)
(-0.101821 0.224851 0)
(-0.119696 0.217328 0)
(-0.136734 0.208566 0)
(-0.152894 0.198684 0)
(-0.168144 0.187788 0)
(-0.182459 0.175972 0)
(-0.195822 0.163317 0)
(-0.20822 0.14989 0)
(-0.219642 0.135744 0)
(-0.230075 0.120922 0)
(-0.239503 0.105453 0)
(-0.247898 0.0893602 0)
(-0.25522 0.0726622 0)
(-0.261419 0.0553781 0)
(-0.26643 0.0375318 0)
(-0.27018 0.0191561 0)
(-0.272586 0.000295872 0)
(-0.273561 -0.01899 0)
(-0.273019 -0.0386273 0)
(-0.270875 -0.0585256 0)
(-0.267047 -0.0785782 0)
(-0.261464 -0.0986622 0)
(-0.254063 -0.118638 0)
(-0.244793 -0.138352 0)
(-0.233619 -0.157632 0)
(-0.220526 -0.176295 0)
(-0.205519 -0.194145 0)
(-0.188627 -0.210974 0)
(-0.169911 -0.226567 0)
(-0.14946 -0.240704 0)
(-0.127402 -0.253151 0)
(-0.103906 -0.263588 0)
(-0.0792076 -0.271091 0)
(-0.0536507 -0.271482 0)
(-0.0282638 -0.247063 0)
(-0.00586292 -0.142316 0)
(-0.00537375 0.13613 0)
(-0.0249306 0.232065 0)
(-0.0464531 0.254443 0)
(-0.0679847 0.25543 0)
(-0.0888406 0.25072 0)
(-0.108878 0.243821 0)
(-0.128007 0.235433 0)
(-0.146178 0.22576 0)
(-0.163351 0.214934 0)
(-0.179506 0.20307 0)
(-0.194633 0.19027 0)
(-0.208732 0.176621 0)
(-0.221809 0.162195 0)
(-0.23387 0.147045 0)
(-0.24492 0.131207 0)
(-0.254953 0.114704 0)
(-0.263952 0.0975443 0)
(-0.27188 0.0797332 0)
(-0.278683 0.0612749 0)
(-0.284288 0.0421797 0)
(-0.288606 0.0224698 0)
(-0.291539 0.00218301 0)
(-0.292983 -0.018625 0)
(-0.292832 -0.0398793 0)
(-0.290982 -0.0614862 0)
(-0.287334 -0.0833328 0)
(-0.281799 -0.105287 0)
(-0.274295 -0.127199 0)
(-0.264755 -0.148898 0)
(-0.253127 -0.170196 0)
(-0.23938 -0.190889 0)
(-0.223505 -0.210756 0)
(-0.20552 -0.229561 0)
(-0.185472 -0.247059 0)
(-0.163445 -0.26299 0)
(-0.139566 -0.277079 0)
(-0.11401 -0.288947 0)
(-0.0870338 -0.29755 0)
(-0.0590242 -0.29827 0)
(-0.0311306 -0.271636 0)
(-0.00646521 -0.156602 0)
(-0.00575839 0.148703 0)
(-0.0267103 0.252767 0)
(-0.0498178 0.276705 0)
(-0.0729502 0.277405 0)
(-0.0953441 0.271942 0)
(-0.116811 0.264135 0)
(-0.137238 0.25476 0)
(-0.156567 0.244053 0)
(-0.174767 0.232164 0)
(-0.191827 0.219225 0)
(-0.207758 0.205353 0)
(-0.222579 0.190642 0)
(-0.23632 0.175168 0)
(-0.249009 0.158983 0)
(-0.260673 0.142117 0)
(-0.271326 0.124578 0)
(-0.280961 0.106358 0)
(-0.289548 0.0874406 0)
(-0.297027 0.0678077 0)
(-0.303313 0.0474505 0)
(-0.308299 0.0263761 0)
(-0.311865 0.00461297 0)
(-0.313883 -0.017787 0)
(-0.314226 -0.0407486 0)
(-0.312769 -0.064174 0)
(-0.309393 -0.0879439 0)
(-0.303987 -0.111918 0)
(-0.296449 -0.135933 0)
(-0.286693 -0.159804 0)
(-0.274647 -0.183325 0)
(-0.260261 -0.206269 0)
(-0.243509 -0.22839 0)
(-0.224392 -0.249423 0)
(-0.202941 -0.269088 0)
(-0.179225 -0.287084 0)
(-0.153362 -0.303084 0)
(-0.125527 -0.31664 0)
(-0.0959968 -0.326564 0)
(-0.0652039 -0.327739 0)
(-0.0344403 -0.298732 0)
(-0.0071634 -0.172392 0)
(-0.00623909 0.162251 0)
(-0.0288707 0.27505 0)
(-0.0537926 0.300656 0)
(-0.078705 0.301026 0)
(-0.102764 0.294705 0)
(-0.125745 0.285856 0)
(-0.147521 0.275348 0)
(-0.16803 0.26346 0)
(-0.187254 0.250373 0)
(-0.205202 0.236243 0)
(-0.221906 0.221201 0)
(-0.237413 0.205355 0)
(-0.251779 0.188785 0)
(-0.265063 0.171543 0)
(-0.277321 0.153649 0)
(-0.288594 0.135094 0)
(-0.298894 0.115843 0)
(-0.308196 0.0958492 0)
(-0.316435 0.0750622 0)
(-0.323508 0.0534455 0)
(-0.329283 0.0309862 0)
(-0.333609 0.00770112 0)
(-0.336329 -0.0163614 0)
(-0.337291 -0.0411242 0)
(-0.336344 -0.0664844 0)
(-0.33335 -0.0923157 0)
(-0.328173 -0.118469 0)
(-0.320691 -0.14477 0)
(-0.31079 -0.171018 0)
(-0.298379 -0.196987 0)
(-0.283385 -0.222427 0)
(-0.265764 -0.247067 0)
(-0.245494 -0.270612 0)
(-0.222584 -0.292746 0)
(-0.197079 -0.313127 0)
(-0.169072 -0.331368 0)
(-0.138727 -0.346935 0)
(-0.106332 -0.358467 0)
(-0.0723676 -0.360276 0)
(-0.0382955 -0.328739 0)
(-0.00798045 -0.18993 0)
(-0.00681854 0.176975 0)
(-0.0314382 0.299173 0)
(-0.0584498 0.326521 0)
(-0.0853633 0.326466 0)
(-0.111245 0.319131 0)
(-0.135841 0.30906 0)
(-0.159014 0.297233 0)
(-0.180714 0.283987 0)
(-0.200943 0.269544 0)
(-0.219736 0.254087 0)
(-0.237157 0.237769 0)
(-0.253284 0.22071 0)
(-0.268207 0.202998 0)
(-0.282023 0.184686 0)
(-0.29483 0.165784 0)
(-0.306705 0.14626 0)
(-0.31769 0.126041 0)
(-0.32777 0.105033 0)
(-0.336872 0.0831415 0)
(-0.344865 0.0602889 0)
(-0.351577 0.0364359 0)
(-0.356818 0.0115869 0)
(-0.360394 -0.0142109 0)
(-0.362119 -0.0408743 0)
(-0.361822 -0.0682924 0)
(-0.35934 -0.0963315 0)
(-0.354515 -0.124835 0)
(-0.347196 -0.153619 0)
(-0.337244 -0.182466 0)
(-0.32454 -0.21113 0)
(-0.30899 -0.239335 0)
(-0.290527 -0.266785 0)
(-0.269108 -0.293158 0)
(-0.244711 -0.318108 0)
(-0.21734 -0.341251 0)
(-0.187047 -0.362136 0)
(-0.153956 -0.380126 0)
(-0.11835 -0.393647 0)
(-0.080756 -0.396346 0)
(-0.0428371 -0.362135 0)
(-0.00894807 -0.209521 0)
(-0.00751249 0.193098 0)
(-0.034484 0.325439 0)
(-0.0639185 0.354573 0)
(-0.0930999 0.35393 0)
(-0.120989 0.345359 0)
(-0.147305 0.333824 0)
(-0.171915 0.320442 0)
(-0.194794 0.305623 0)
(-0.21598 0.289636 0)
(-0.235548 0.272698 0)
(-0.253599 0.254982 0)
(-0.270247 0.236624 0)
(-0.28562 0.217723 0)
(-0.299865 0.19834 0)
(-0.313136 0.178477 0)
(-0.32557 0.158068 0)
(-0.33725 0.13699 0)
(-0.348181 0.11508 0)
(-0.358274 0.0921738 0)
(-0.367356 0.0681361 0)
(-0.375195 0.0428931 0)
(-0.381543 0.0164388 0)
(-0.386155 -0.0111731 0)
(-0.388813 -0.0398449 0)
(-0.389324 -0.0694516 0)
(-0.387506 -0.0998525 0)
(-0.383177 -0.130888 0)
(-0.376156 -0.162366 0)
(-0.366267 -0.194054 0)
(-0.353364 -0.225681 0)
(-0.337327 -0.256943 0)
(-0.318074 -0.287516 0)
(-0.295542 -0.31706 0)
(-0.269671 -0.345212 0)
(-0.240408 -0.371556 0)
(-0.207723 -0.395581 0)
(-0.171666 -0.416525 0)
(-0.132473 -0.432552 0)
(-0.0907035 -0.436516 0)
(-0.0482641 -0.399519 0)
(-0.0101112 -0.231554 0)
(-0.00834925 0.210888 0)
(-0.0381265 0.354221 0)
(-0.0703973 0.385139 0)
(-0.102167 0.383666 0)
(-0.13227 0.373544 0)
(-0.160407 0.36022 0)
(-0.186468 0.344981 0)
(-0.210478 0.328324 0)
(-0.232535 0.310574 0)
(-0.252771 0.29198 0)
(-0.271329 0.272729 0)
(-0.28836 0.252975 0)
(-0.304031 0.232833 0)
(-0.318545 0.212387 0)
(-0.332141 0.191639 0)
(-0.345047 0.170487 0)
(-0.357417 0.148728 0)
(-0.369285 0.126098 0)
(-0.380539 0.102325 0)
(-0.390936 0.0771879 0)
(-0.40015 0.0505695 0)
(-0.407841 0.0224612 0)
(-0.413703 -0.00705882 0)
(-0.417483 -0.0378608 0)
(-0.418976 -0.0697949 0)
(-0.417995 -0.102715 0)
(-0.414336 -0.136472 0)
(-0.407776 -0.170871 0)
(-0.398093 -0.205663 0)
(-0.385102 -0.240546 0)
(-0.368664 -0.275178 0)
(-0.348693 -0.309204 0)
(-0.325119 -0.342276 0)
(-0.29785 -0.374041 0)
(-0.266747 -0.404085 0)
(-0.23165 -0.431852 0)
(-0.192456 -0.456445 0)
(-0.149284 -0.475692 0)
(-0.102688 -0.481484 0)
(-0.0548663 -0.441664 0)
(-0.0115357 -0.25654 0)
(-0.00937308 0.23069 0)
(-0.0425468 0.385987 0)
(-0.0781785 0.418625 0)
(-0.112922 0.415957 0)
(-0.145462 0.403842 0)
(-0.175495 0.388297 0)
(-0.202972 0.370814 0)
(-0.228009 0.352003 0)
(-0.250799 0.332243 0)
(-0.271552 0.311798 0)
(-0.290459 0.290862 0)
(-0.307697 0.269594 0)
(-0.323456 0.24814 0)
(-0.338001 0.226642 0)
(-0.351697 0.205126 0)
(-0.36492 0.183447 0)
(-0.377947 0.16129 0)
(-0.390861 0.138228 0)
(-0.403514 0.11382 0)
(-0.415542 0.0877128 0)
(-0.426461 0.0597363 0)
(-0.435794 0.0299014 0)
(-0.443152 -0.00165333 0)
(-0.448253 -0.0347313 0)
(-0.450908 -0.0691378 0)
(-0.450956 -0.104731 0)
(-0.448176 -0.141397 0)
(-0.44228 -0.178959 0)
(-0.432977 -0.217149 0)
(-0.420026 -0.255614 0)
(-0.403275 -0.293952 0)
(-0.382661 -0.331761 0)
(-0.358156 -0.368703 0)
(-0.32965 -0.404488 0)
(-0.296895 -0.438772 0)
(-0.259517 -0.471008 0)
(-0.217135 -0.500164 0)
(-0.169616 -0.523647 0)
(-0.117414 -0.532131 0)
(-0.0630789 -0.489588 0)
(-0.0133207 -0.285171 0)
(-0.0106517 0.252959 0)
(-0.0480182 0.421349 0)
(-0.0876922 0.455538 0)
(-0.125876 0.45113 0)
(-0.161074 0.436401 0)
(-0.193022 0.418052 0)
(-0.221789 0.397843 0)
(-0.247657 0.376508 0)
(-0.270969 0.354471 0)
(-0.292045 0.33198 0)
(-0.311119 0.309193 0)
(-0.328362 0.286265 0)
(-0.343933 0.26338 0)
(-0.358154 0.240818 0)
(-0.371589 0.218695 0)
(-0.384866 0.19682 0)
(-0.398469 0.174705 0)
(-0.412575 0.151664 0)
(-0.426976 0.12698 0)
(-0.441095 0.100084 0)
(-0.454178 0.07075 0)
(-0.465533 0.0390567 0)
(-0.474656 0.00527551 0)
(-0.481262 -0.0302657 0)
(-0.485242 -0.0672891 0)
(-0.486525 -0.105679 0)
(-0.484881 -0.145429 0)
(-0.479915 -0.186412 0)
(-0.47121 -0.228338 0)
(-0.458437 -0.270768 0)
(-0.441432 -0.313183 0)
(-0.420224 -0.355085 0)
(-0.394916 -0.396171 0)
(-0.365448 -0.43631 0)
(-0.331441 -0.475363 0)
(-0.292186 -0.512916 0)
(-0.246814 -0.547847 0)
(-0.194682 -0.577042 0)
(-0.135952 -0.58958 0)
(-0.0735767 -0.544685 0)
(-0.0156209 -0.318417 0)
(-0.0122907 0.278325 0)
(-0.0549591 0.461125 0)
(-0.0995782 0.496516 0)
(-0.141757 0.489548 0)
(-0.179803 0.471322 0)
(-0.213564 0.449388 0)
(-0.243345 0.425852 0)
(-0.269705 0.401587 0)
(-0.29323 0.377021 0)
(-0.314396 0.35232 0)
(-0.333462 0.327521 0)
(-0.350519 0.302732 0)
(-0.365567 0.278183 0)
(-0.378934 0.254476 0)
(-0.391518 0.231948 0)
(-0.404391 0.21037 0)
(-0.418409 0.188991 0)
(-0.433915 0.166686 0)
(-0.450601 0.142285 0)
(-0.467518 0.114843 0)
(-0.483424 0.0840903 0)
(-0.497283 0.0502803 0)
(-0.508445 0.0139546 0)
(-0.516672 -0.0243085 0)
(-0.522066 -0.0640728 0)
(-0.524794 -0.105304 0)
(-0.524631 -0.148262 0)
(-0.520969 -0.192943 0)
(-0.513153 -0.239026 0)
(-0.500694 -0.285907 0)
(-0.48341 -0.332838 0)
(-0.461538 -0.379101 0)
(-0.435525 -0.424442 0)
(-0.405505 -0.469066 0)
(-0.370976 -0.513289 0)
(-0.330724 -0.557092 0)
(-0.283041 -0.599402 0)
(-0.226306 -0.636497 0)
(-0.159972 -0.655293 0)
(-0.0874373 -0.608919 0)
(-0.0186841 -0.357688 0)
(-0.0144592 0.307685 0)
(-0.064026 0.506435 0)
(-0.114806 0.542377 0)
(-0.161627 0.531595 0)
(-0.202606 0.5086 0)
(-0.23786 0.482034 0)
(-0.268118 0.454443 0)
(-0.294406 0.426841 0)
(-0.317699 0.39958 0)
(-0.338704 0.372608 0)
(-0.357666 0.345676 0)
(-0.374456 0.318743 0)
(-0.38861 0.292048 0)
(-0.400316 0.26692 0)
(-0.411068 0.244214 0)
(-0.422747 0.223683 0)
(-0.43687 0.204144 0)
(-0.454082 0.183728 0)
(-0.473926 0.160487 0)
(-0.494762 0.132806 0)
(-0.514472 0.10042 0)
(-0.531452 0.0639804 0)
(-0.544879 0.0245545 0)
(-0.554663 -0.0168146 0)
(-0.561379 -0.059375 0)
(-0.565751 -0.103295 0)
(-0.567575 -0.149464 0)
(-0.565796 -0.198143 0)
(-0.559299 -0.248956 0)
(-0.54728 -0.300986 0)
(-0.529497 -0.353034 0)
(-0.506609 -0.403859 0)
(-0.479824 -0.453246 0)
(-0.449794 -0.502037 0)
(-0.415974 -0.551466 0)
(-0.376405 -0.602408 0)
(-0.327998 -0.654187 0)
(-0.267285 -0.702501 0)
(-0.192161 -0.731203 0)
(-0.10643 -0.685165 0)
(-0.0229193 -0.405119 0)
(-0.0174383 0.342364 0)
(-0.0762786 0.558858 0)
(-0.134873 0.594159 0)
(-0.187048 0.57762 0)
(-0.230809 0.548014 0)
(-0.266837 0.515411 0)
(-0.296607 0.482914 0)
(-0.321902 0.451648 0)
(-0.34432 0.421743 0)
(-0.364938 0.392694 0)
(-0.383926 0.363634 0)
(-0.400701 0.334151 0)
(-0.413651 0.304297 0)
(-0.422425 0.277029 0)
(-0.42967 0.254357 0)
(-0.438769 0.236022 0)
(-0.452419 0.220114 0)
(-0.471807 0.203478 0)
(-0.496268 0.182822 0)
(-0.522888 0.155251 0)
(-0.547897 0.120679 0)
(-0.56879 0.0806044 0)
(-0.584554 0.0370829 0)
(-0.595427 -0.00800284 0)
(-0.602965 -0.053239 0)
(-0.609144 -0.0992406 0)
(-0.613789 -0.148354 0)
(-0.614874 -0.201366 0)
(-0.610396 -0.257773 0)
(-0.598944 -0.316084 0)
(-0.580058 -0.374225 0)
(-0.555178 -0.429753 0)
(-0.527116 -0.482384 0)
(-0.497691 -0.534142 0)
(-0.466535 -0.587979 0)
(-0.430663 -0.646595 0)
(-0.384784 -0.710473 0)
(-0.322023 -0.775108 0)
(-0.236947 -0.819904 0)
(-0.133535 -0.777788 0)
(-0.0290183 -0.464068 0)
(-0.0217142 0.384403 0)
(-0.0934812 0.620651 0)
(-0.162142 0.653166 0)
(-0.22034 0.627821 0)
(-0.266244 0.588924 0)
(-0.301639 0.548416 0)
(-0.329257 0.510071 0)
(-0.35208 0.47504 0)
(-0.372678 0.442997 0)
(-0.392773 0.412602 0)
(-0.41241 0.381756 0)
(-0.430241 0.349173 0)
(-0.441973 0.314028 0)
(-0.445731 0.282926 0)
(-0.446527 0.260396 0)
(-0.450605 0.246069 0)
(-0.462721 0.236759 0)
(-0.485017 0.227058 0)
(-0.516616 0.21137 0)
(-0.552201 0.18424 0)
(-0.584851 0.146223 0)
(-0.610648 0.100591 0)
(-0.628469 0.0511802 0)
(-0.639134 0.00134098 0)
(-0.646131 -0.0460564 0)
(-0.654202 -0.0925371 0)
(-0.663178 -0.143768 0)
(-0.668893 -0.201503 0)
(-0.66767 -0.264912 0)
(-0.656978 -0.331484 0)
(-0.635678 -0.397551 0)
(-0.606568 -0.457946 0)
(-0.575735 -0.511991 0)
(-0.547408 -0.563874 0)
(-0.521885 -0.619628 0)
(-0.494881 -0.68542 0)
(-0.457798 -0.764429 0)
(-0.397565 -0.853315 0)
(-0.301777 -0.924911 0)
(-0.173877 -0.893655 0)
(-0.0381769 -0.540039 0)
(-0.0281647 0.437074 0)
(-0.11866 0.69511 0)
(-0.200389 0.720968 0)
(-0.264962 0.682 0)
(-0.311414 0.629927 0)
(-0.34362 0.579078 0)
(-0.366324 0.533938 0)
(-0.384317 0.495511 0)
(-0.401654 0.462683 0)
(-0.421246 0.43275 0)
(-0.443088 0.401266 0)
(-0.464875 0.364988 0)
(-0.476251 0.320056 0)
(-0.471406 0.281338 0)
(-0.460478 0.258809 0)
(-0.455234 0.251472 0)
(-0.463901 0.253762 0)
(-0.490233 0.256379 0)
(-0.533399 0.249806 0)
(-0.583511 0.223227 0)
(-0.627485 0.17906 0)
(-0.659366 0.124263 0)
(-0.678263 0.0657283 0)
(-0.685809 0.00925079 0)
(-0.689121 -0.0389581 0)
(-0.699045 -0.0821585 0)
(-0.715251 -0.133559 0)
(-0.72883 -0.196552 0)
(-0.733115 -0.269368 0)
(-0.72364 -0.347806 0)
(-0.697407 -0.425497 0)
(-0.659412 -0.491233 0)
(-0.622306 -0.543091 0)
(-0.595013 -0.589328 0)
(-0.579404 -0.641293 0)
(-0.569803 -0.711323 0)
(-0.553152 -0.808236 0)
(-0.505256 -0.93374 0)
(-0.399268 -1.05101 0)
(-0.236372 -1.04396 0)
(-0.0524948 -0.642411 0)
(-0.0384277 0.505784 0)
(-0.157127 0.787012 0)
(-0.255663 0.799213 0)
(-0.325951 0.739017 0)
(-0.369563 0.668248 0)
(-0.394164 0.604011 0)
(-0.407531 0.551297 0)
(-0.416982 0.510657 0)
(-0.428728 0.479823 0)
(-0.447949 0.454153 0)
(-0.475123 0.425018 0)
(-0.507654 0.384887 0)
(-0.521658 0.320864 0)
(-0.501731 0.266398 0)
(-0.469479 0.24331 0)
(-0.447439 0.248019 0)
(-0.449274 0.270342 0)
(-0.481287 0.294453 0)
(-0.543882 0.304371 0)
(-0.618342 0.277784 0)
(-0.679311 0.221993 0)
(-0.718402 0.151564 0)
(-0.736087 0.0782199 0)
(-0.734586 0.0114964 0)
(-0.727534 -0.0345739 0)
(-0.739136 -0.066276 0)
(-0.768258 -0.113769 0)
(-0.795537 -0.182896 0)
(-0.809308 -0.26919 0)
(-0.802224 -0.365969 0)
(-0.766604 -0.462832 0)
(-0.71075 -0.53543 0)
(-0.660195 -0.578567 0)
(-0.632551 -0.608423 0)
(-0.632653 -0.645228 0)
(-0.653927 -0.711505 0)
(-0.678625 -0.826951 0)
(-0.662771 -1.00811 0)
(-0.550118 -1.20452 0)
(-0.336131 -1.24731 0)
(-0.0756167 -0.787643 0)
(-0.0556525 0.600064 0)
(-0.218064 0.903424 0)
(-0.337041 0.889154 0)
(-0.409707 0.795817 0)
(-0.443799 0.69881 0)
(-0.453512 0.617682 0)
(-0.450759 0.557124 0)
(-0.445962 0.516732 0)
(-0.448152 0.492946 0)
(-0.466751 0.479013 0)
(-0.504384 0.459423 0)
(-0.56184 0.417326 0)
(-0.585633 0.314507 0)
(-0.538803 0.226949 0)
(-0.468274 0.202389 0)
(-0.417218 0.228371 0)
(-0.406615 0.285269 0)
(-0.446326 0.346972 0)
(-0.541779 0.387223 0)
(-0.65704 0.35809 0)
(-0.742561 0.279284 0)
(-0.788761 0.181606 0)
(-0.800646 0.0834598 0)
(-0.779162 -0.000770637 0)
(-0.748994 -0.0385381 0)
(-0.762278 -0.0410636 0)
(-0.814853 -0.0767293 0)
(-0.865281 -0.154109 0)
(-0.894656 -0.260905 0)
(-0.89251 -0.387523 0)
(-0.840465 -0.518809 0)
(-0.751573 -0.602323 0)
(-0.675206 -0.625162 0)
(-0.643851 -0.619601 0)
(-0.666895 -0.620247 0)
(-0.738739 -0.664824 0)
(-0.840293 -0.792733 0)
(-0.892613 -1.05854 0)
(-0.782246 -1.39341 0)
(-0.494825 -1.53454 0)
(-0.113329 -1.00504 0)
(-0.0852138 0.735076 0)
(-0.315141 1.05251 0)
(-0.453885 0.988857 0)
(-0.518601 0.844774 0)
(-0.530311 0.712368 0)
(-0.513509 0.611191 0)
(-0.484707 0.543529 0)
(-0.457145 0.507266 0)
(-0.442726 0.498158 0)
(-0.458179 0.508724 0)
(-0.511993 0.513942 0)
(-0.620531 0.477858 0)
(-0.665917 0.298419 0)
(-0.570887 0.143803 0)
(-0.435226 0.117275 0)
(-0.338268 0.180413 0)
(-0.307283 0.29431 0)
(-0.35585 0.419092 0)
(-0.505108 0.513821 0)
(-0.684587 0.47521 0)
(-0.79925 0.35299 0)
(-0.845861 0.210657 0)
(-0.842416 0.0729172 0)
(-0.782746 -0.042384 0)
(-0.70962 -0.0608628 0)
(-0.727365 -0.000462022 0)
(-0.820482 -0.0110515 0)
(-0.905295 -0.101076 0)
(-0.955908 -0.238285 0)
(-0.962138 -0.411934 0)
(-0.88415 -0.605053 0)
(-0.743809 -0.70851 0)
(-0.627853 -0.692669 0)
(-0.589874 -0.622044 0)
(-0.644352 -0.553111 0)
(-0.791248 -0.542416 0)
(-1.02341 -0.662028 0)
(-1.19879 -1.05283 0)
(-1.103 -1.62343 0)
(-0.721776 -1.94763 0)
(-0.170588 -1.34069 0)
(-0.133187 0.940769 0)
(-0.451152 1.24503 0)
(-0.586909 1.09032 0)
(-0.61507 0.870711 0)
(-0.579942 0.693909 0)
(-0.51892 0.57188 0)
(-0.450939 0.500015 0)
(-0.389443 0.473574 0)
(-0.347034 0.490108 0)
(-0.349901 0.546709 0)
(-0.415745 0.609122 0)
(-0.604048 0.603102 0)
(-0.667044 0.266588 0)
(-0.496165 -0.0193124 0)
(-0.273894 -0.0427024 0)
(-0.12402 0.087787 0)
(-0.0689659 0.295123 0)
(-0.122414 0.527131 0)
(-0.342669 0.723394 0)
(-0.590001 0.65433 0)
(-0.708787 0.444266 0)
(-0.726828 0.22906 0)
(-0.690147 0.0305336 0)
(-0.573268 -0.139694 0)
(-0.448453 -0.116753 0)
(-0.486002 0.0706907 0)
(-0.630593 0.102585 0)
(-0.74493 -0.0142116 0)
(-0.808474 -0.197186 0)
(-0.822859 -0.441786 0)
(-0.714135 -0.740824 0)
(-0.530446 -0.876923 0)
(-0.38936 -0.793939 0)
(-0.359614 -0.615833 0)
(-0.4575 -0.428056 0)
(-0.695306 -0.302704 0)
(-1.10932 -0.363332 0)
(-1.44672 -0.939839 0)
(-1.36225 -1.8909 0)
(-0.917539 -2.51081 0)
(-0.231029 -1.84168 0)
(-0.171061 1.21393 0)
(-0.523287 1.44121 0)
(-0.549454 1.14211 0)
(-0.465733 0.831305 0)
(-0.337501 0.614046 0)
(-0.20679 0.479645 0)
(-0.0848942 0.410127 0)
(0.02225 0.39718 0)
(0.108643 0.443871 0)
(0.143582 0.56121 0)
(0.10898 0.719002 0)
(-0.147245 0.784148 0)
(-0.113969 0.203972 0)
(0.138084 -0.268694 0)
(0.398643 -0.270251 0)
(0.550763 -0.0497647 0)
(0.608447 0.264792 0)
(0.568999 0.62916 0)
(0.303637 0.9674 0)
(0.0972007 0.823772 0)
(0.0934087 0.491624 0)
(0.183518 0.205531 0)
(0.281135 -0.045271 0)
(0.452096 -0.280377 0)
(0.569964 -0.193755 0)
(0.461953 0.172111 0)
(0.303812 0.241503 0)
(0.220943 0.0863718 0)
(0.191231 -0.134401 0)
(0.179531 -0.442012 0)
(0.296258 -0.862256 0)
(0.409935 -1.03486 0)
(0.45843 -0.874363 0)
(0.402954 -0.578173 0)
(0.238068 -0.252952 0)
(-0.0609157 0.0364731 0)
(-0.630148 0.105606 0)
(-1.02647 -0.687784 0)
(-0.903492 -2.08848 0)
(-0.630526 -3.03015 0)
(-0.162564 -2.39224 0)
(0.069111 1.57338 0)
(0.131758 1.54975 0)
(0.513906 1.0516 0)
(0.838339 0.668874 0)
(1.10849 0.443879 0)
(1.32096 0.322454 0)
(1.49332 0.269422 0)
(1.63855 0.274432 0)
(1.76821 0.351062 0)
(1.87226 0.534794 0)
(1.98273 0.841194 0)
(1.9452 1.07765 0)
(2.57198 0.0608615 0)
(2.6083 -0.588455 0)
(2.5986 -0.516695 0)
(2.54833 -0.195297 0)
(2.5175 0.221487 0)
(2.52473 0.744888 0)
(2.44615 1.30231 0)
(2.83678 0.971539 0)
(3.16581 0.435666 0)
(3.39324 0.10994 0)
(3.52047 -0.146171 0)
(3.619 -0.441946 0)
(3.47611 -0.264004 0)
(3.25025 0.32395 0)
(3.33952 0.375595 0)
(3.43299 0.146504 0)
(3.49441 -0.0821722 0)
(3.49492 -0.403276 0)
(3.48854 -0.922862 0)
(3.18626 -1.09284 0)
(2.85507 -0.864969 0)
(2.543 -0.483803 0)
(2.27255 -0.0422996 0)
(2.04041 0.457274 0)
(1.69601 0.807122 0)
(1.90368 -0.243802 0)
(1.9774 -2.01893 0)
(1.24431 -3.04278 0)
(0.509129 -2.57861 0)
(2.77845 0.822385 0)
(3.82288 0.631782 0)
(4.77267 0.366178 0)
(5.30697 0.20992 0)
(5.64553 0.126392 0)
(5.86685 0.085285 0)
(6.0271 0.0689892 0)
(6.16318 0.0724975 0)
(6.30975 0.101787 0)
(6.51181 0.17113 0)
(6.8729 0.296886 0)
(7.53616 0.348729 0)
(9.88048 -3.09746e-179 0)
(8.44208 -0.124881 0)
(7.73259 -0.141208 0)
(7.30746 -0.0611484 0)
(7.16325 0.0715311 0)
(7.32667 0.265012 0)
(7.89625 0.429563 0)
(9.89105 4.09954e-265 0)
(10 2.20106e-24 0)
(10 -2.08801e-77 0)
(10 -2.03909e-164 0)
(10.0011 -3.04928e-265 0)
(9.17745 0.00434966 0)
(8.97825 0.122424 0)
(9.96878 4.25631e-280 0)
(10 1.08097e-232 0)
(10 -7.42496e-218 0)
(10 -8.64787e-232 0)
(9.95379 -5.41862e-217 0)
(8.75063 -0.182643 0)
(7.9268 -0.193773 0)
(7.36412 -0.110241 0)
(7.08869 0.0233096 0)
(7.14617 0.20605 0)
(7.66326 0.311495 0)
(9.92082 -3.61425e-217 0)
(9.84132 -1.95685e-163 0)
(6.91213 -0.635391 0)
(3.7657 -0.880818 0)
)
;

boundaryField
{
    movingWall
    {
        type            fixedValue;
        value           uniform (10 0 0);
    }
    fixedWalls
    {
        type            noSlip;
    }
    frontAndBack
    {
        type            empty;
    }
}


// ************************************************************************* //
