/*--------------------------------*- C++ -*----------------------------------*\
| =========                 |                                                 |
| \\      /  F ield         | OpenFOAM: The Open Source CFD Toolbox           |
|  \\    /   O peration     | Version:  4.1                                   |
|   \\  /    A nd           | Web:      www.OpenFOAM.org                      |
|    \\/     M anipulation  |                                                 |
\*---------------------------------------------------------------------------*/
FoamFile
{
    version     2.0;
    format      ascii;
    class       volVectorField;
    location    "0.0581";
    object      U;
}
// * * * * * * * * * * * * * * * * * * * * * * * * * * * * * * * * * * * * * //

dimensions      [0 1 -1 0 0 0 0];

internalField   nonuniform List<vector> 
441
(
(0.00345396 -0.00462913 0)
(0.00888891 -0.00255435 0)
(-0.000638596 -2.18e-165 0)
(0.00178603 -2.9567e-266 0)
(-0.00859553 -0.0071447 0)
(-0.00178603 -2.82043e-232 0)
(-1.09687e-202 -4.92024e-203 0)
(-1.2299e-203 -6.37453e-228 0)
(-1.5652e-212 -2.74545e-213 0)
(-0.00556852 8.32164e-266 0)
(-0.0676463 0.0222762 0)
(-0.0854793 0.0117986 0)
(-0.0970908 0.0055454 0)
(-0.0866687 0.000617665 0)
(-0.0729474 -0.00125592 0)
(-0.0505551 -0.00261239 0)
(-0.0308618 -0.00197381 0)
(-0.0124493 -0.00166316 0)
(-0.000394874 0.000380245 0)
(0.00274823 0.00106802 0)
(0.00414639 0.0026512 0)
(0.0034038 -0.00752065 0)
(-0.00178071 0.00660117 0)
(-0.0270033 0.00793668 0)
(-0.0566379 0.010556 0)
(-0.10024 0.00991268 0)
(-0.140419 -0.00378337 0)
(-0.177714 -0.000302256 0)
(-0.21305 0.00142558 0)
(-0.244187 0.0118324 0)
(-0.275745 0.060114 0)
(-0.297584 0.055696 0)
(-0.292892 0.0180033 0)
(-0.281167 -0.00485034 0)
(-0.245364 -0.0254786 0)
(-0.203173 -0.0349583 0)
(-0.148525 -0.0406937 0)
(-0.0982747 -0.0359222 0)
(-0.0519682 -0.0300325 0)
(-0.0192054 -0.0150848 0)
(-0.00352274 -0.00635008 0)
(0.00437582 0.00446267 0)
(0.00686758 -0.00678151 0)
(-0.00548372 0.0274671 0)
(-0.0514515 0.0534872 0)
(-0.112471 0.0709216 0)
(-0.185898 0.0755524 0)
(-0.261316 0.0736455 0)
(-0.341312 0.0700734 0)
(-0.405035 0.0642858 0)
(-0.467662 0.0602898 0)
(-0.497537 0.0576055 0)
(-0.493386 0.0403091 0)
(-0.477891 -0.00348379 0)
(-0.447056 -0.0413201 0)
(-0.391506 -0.0772117 0)
(-0.325013 -0.0971571 0)
(-0.242822 -0.107797 0)
(-0.165589 -0.0973789 0)
(-0.0929265 -0.0812359 0)
(-0.0401522 -0.0469816 0)
(-0.00996691 -0.0229396 0)
(0.00575722 0.00393471 0)
(0.00602629 -0.00916494 0)
(-0.0145249 0.0665759 0)
(-0.0887137 0.114956 0)
(-0.175061 0.147235 0)
(-0.27586 0.159108 0)
(-0.376297 0.154214 0)
(-0.474258 0.144955 0)
(-0.558084 0.128585 0)
(-0.626773 0.10652 0)
(-0.666943 0.0832991 0)
(-0.675035 0.0358056 0)
(-0.654872 -0.0294035 0)
(-0.61293 -0.0913593 0)
(-0.53928 -0.148642 0)
(-0.450571 -0.183446 0)
(-0.341021 -0.201581 0)
(-0.236627 -0.185252 0)
(-0.136025 -0.157099 0)
(-0.0620617 -0.0971936 0)
(-0.0160119 -0.0536287 0)
(0.00753649 0.000627846 0)
(6.43514e-165 0.00150657 0)
(-0.0216293 0.121775 0)
(-0.127135 0.213268 0)
(-0.233947 0.256725 0)
(-0.360315 0.275777 0)
(-0.482115 0.270341 0)
(-0.602554 0.250685 0)
(-0.703727 0.21581 0)
(-0.787716 0.168521 0)
(-0.837269 0.106529 0)
(-0.852755 0.0286581 0)
(-0.834097 -0.0653502 0)
(-0.785571 -0.15615 0)
(-0.697807 -0.2399 0)
(-0.588564 -0.29433 0)
(-0.449884 -0.322584 0)
(-0.316011 -0.3009 0)
(-0.18114 -0.256882 0)
(-0.0837565 -0.16531 0)
(-0.0169104 -0.0933845 0)
(0.0141142 -0.00373231 0)
(-5.23364e-266 0.00531829 0)
(-0.0814044 0.198197 0)
(-0.176703 0.325437 0)
(-0.304254 0.382181 0)
(-0.441721 0.407194 0)
(-0.582012 0.397501 0)
(-0.716898 0.367178 0)
(-0.835593 0.313998 0)
(-0.933756 0.240883 0)
(-0.999569 0.14758 0)
(-1.03125 0.0329166 0)
(-1.0206 -0.09758 0)
(-0.973178 -0.22739 0)
(-0.87538 -0.347202 0)
(-0.747762 -0.43089 0)
(-0.578246 -0.476509 0)
(-0.410595 -0.452935 0)
(-0.235047 -0.392415 0)
(-0.108887 -0.259491 0)
(-0.0170509 -0.154674 0)
(0.0160964 -0.000939878 0)
(-0.0212731 0.0860258 0)
(-0.113055 0.295076 0)
(-0.222834 0.43651 0)
(-0.362966 0.520027 0)
(-0.517673 0.552812 0)
(-0.67488 0.54417 0)
(-0.828706 0.503548 0)
(-0.96639 0.431814 0)
(-1.08465 0.332312 0)
(-1.17022 0.203786 0)
(-1.22106 0.0501796 0)
(-1.22454 -0.123722 0)
(-1.1843 -0.300376 0)
(-1.08183 -0.466197 0)
(-0.939189 -0.589988 0)
(-0.736807 -0.661511 0)
(-0.532081 -0.641826 0)
(-0.302673 -0.560923 0)
(-0.14521 -0.38012 0)
(-0.00439914 -0.22016 0)
(5.82813e-266 -0.00402411 0)
(-0.0155746 0.142007 0)
(-0.107795 0.400883 0)
(-0.243916 0.575947 0)
(-0.403422 0.677818 0)
(-0.577206 0.719408 0)
(-0.753067 0.708869 0)
(-0.925297 0.659041 0)
(-1.08404 0.569844 0)
(-1.22451 0.445135 0)
(-1.33498 0.283448 0)
(-1.41117 0.0876354 0)
(-1.43642 -0.135408 0)
(-1.412 -0.369601 0)
(-1.31304 -0.59446 0)
(-1.16125 -0.775207 0)
(-0.928601 -0.887593 0)
(-0.682648 -0.885397 0)
(-0.39344 -0.785407 0)
(-0.189932 -0.553209 0)
(-0.00300202 -0.309211 0)
(2.42692e-24 -1.1714e-24 0)
(-0.0138071 0.20602 0)
(-0.111771 0.521639 0)
(-0.264721 0.730647 0)
(-0.439605 0.851574 0)
(-0.63052 0.901259 0)
(-0.822845 0.890761 0)
(-1.01315 0.833707 0)
(-1.19242 0.729942 0)
(-1.3563 0.58303 0)
(-1.4937 0.389824 0)
(-1.5987 0.152187 0)
(-1.65234 -0.123435 0)
(-1.65227 -0.422371 0)
(-1.56735 -0.718203 0)
(-1.41655 -0.972263 0)
(-1.16043 -1.14314 0)
(-0.875098 -1.17336 0)
(-0.517858 -1.05866 0)
(-0.257398 -0.763097 0)
(-0.004603 -0.417552 0)
(9.94927e-77 -6.0673e-25 0)
(-0.0121542 0.268223 0)
(-0.111229 0.653484 0)
(-0.275427 0.90458 0)
(-0.461204 1.04424 0)
(-0.664539 1.10315 0)
(-0.869408 1.0915 0)
(-1.07325 1.0289 0)
(-1.26969 0.91259 0)
(-1.45391 0.746586 0)
(-1.6174 0.525123 0)
(-1.75233 0.246541 0)
(-1.83921 -0.0830538 0)
(-1.87187 -0.454021 0)
(-1.8135 -0.832794 0)
(-1.67772 -1.18134 0)
(-1.41205 -1.43483 0)
(-1.0944 -1.52644 0)
(-0.667843 -1.41305 0)
(-0.339152 -1.06097 0)
(-0.00638439 -0.581367 0)
(2.7775e-164 -2.48732e-77 0)
(-0.012523 0.326105 0)
(-0.115079 0.783203 0)
(-0.288208 1.07842 0)
(-0.481091 1.2385 0)
(-0.690901 1.30785 0)
(-0.901551 1.29751 0)
(-1.11078 1.23293 0)
(-1.31616 1.10914 0)
(-1.51213 0.930313 0)
(-1.69498 0.687359 0)
(-1.85482 0.374515 0)
(-1.97549 -0.00436729 0)
(-2.04608 -0.446206 0)
(-2.02789 -0.913325 0)
(-1.92572 -1.37048 0)
(-1.67407 -1.73015 0)
(-1.34464 -1.91273 0)
(-0.862345 -1.8218 0)
(-0.462972 -1.41319 0)
(-0.075633 -0.769284 0)
(1.7321e-265 0.0128501 0)
(-0.0135316 0.396775 0)
(-0.116002 0.93134 0)
(-0.292024 1.27212 0)
(-0.484403 1.44766 0)
(-0.691139 1.52479 0)
(-0.897097 1.51134 0)
(-1.09943 1.44413 0)
(-1.30083 1.31343 0)
(-1.49459 1.12549 0)
(-1.68371 0.867002 0)
(-1.8571 0.526976 0)
(-2.0049 0.107068 0)
(-2.11332 -0.40124 0)
(-2.14512 -0.955498 0)
(-2.09585 -1.53425 0)
(-1.88734 -2.02248 0)
(-1.57361 -2.33716 0)
(-1.05222 -2.30873 0)
(-0.566029 -1.84198 0)
(-0.0735055 -1.0636 0)
(0.0514004 -0.0713871 0)
(-0.0173312 0.451293 0)
(-0.124234 1.05877 0)
(-0.305635 1.44393 0)
(-0.494164 1.63431 0)
(-0.68787 1.71872 0)
(-0.876544 1.7032 0)
(-1.0542 1.63565 0)
(-1.23312 1.50267 0)
(-1.40295 1.31282 0)
(-1.57814 1.04921 0)
(-1.74443 0.69626 0)
(-1.90538 0.252132 0)
(-2.04213 -0.303569 0)
(-2.12959 -0.930179 0)
(-2.14961 -1.62319 0)
(-2.01913 -2.25429 0)
(-1.76839 -2.74152 0)
(-1.23194 -2.8381 0)
(-0.702819 -2.38541 0)
(0.0394411 -1.39355 0)
(2.3725e-231 -0.0128501 0)
(-0.0224168 0.541253 0)
(-0.131063 1.2227 0)
(-0.310904 1.6459 0)
(-0.485582 1.83099 0)
(-0.65267 1.91029 0)
(-0.808342 1.87798 0)
(-0.942779 1.80261 0)
(-1.07846 1.66216 0)
(-1.2011 1.47114 0)
(-1.33724 1.20832 0)
(-1.47073 0.853957 0)
(-1.6204 0.40459 0)
(-1.76683 -0.177344 0)
(-1.90182 -0.84864 0)
(-2.00165 -1.64406 0)
(-1.98762 -2.40813 0)
(-1.8616 -3.12343 0)
(-1.41518 -3.3924 0)
(-0.889778 -3.10753 0)
(-0.00342374 -1.8031 0)
(5.72922e-202 4.544e-184 0)
(-0.0388255 0.597738 0)
(-0.166137 1.34118 0)
(-0.353772 1.79461 0)
(-0.512452 1.97059 0)
(-0.634901 2.03989 0)
(-0.738595 1.98989 0)
(-0.802025 1.90551 0)
(-0.868799 1.75974 0)
(-0.913817 1.57205 0)
(-0.983009 1.31949 0)
(-1.05158 0.980642 0)
(-1.16336 0.550632 0)
(-1.28838 -0.0190713 0)
(-1.45864 -0.691447 0)
(-1.62494 -1.52957 0)
(-1.76645 -2.39121 0)
(-1.80551 -3.29802 0)
(-1.56623 -3.81879 0)
(-1.11861 -3.77419 0)
(-0.0110555 -2.3132 0)
(1.8176e-183 -4.36503e-185 0)
(-0.0577295 0.7542 0)
(-0.202975 1.54196 0)
(-0.385757 2.00163 0)
(-0.512826 2.1135 0)
(-0.572074 2.14358 0)
(-0.604027 2.04583 0)
(-0.576679 1.93707 0)
(-0.552971 1.77474 0)
(-0.498386 1.58713 0)
(-0.47499 1.34739 0)
(-0.451391 1.03417 0)
(-0.49082 0.643643 0)
(-0.55997 0.11617 0)
(-0.721748 -0.508713 0)
(-0.929099 -1.33942 0)
(-1.20625 -2.22406 0)
(-1.47037 -3.3286 0)
(-1.5542 -4.08634 0)
(-1.4208 -4.68025 0)
(-0.46221 -2.9687 0)
(4.38171e-254 -4.544e-184 0)
(-0.123375 0.844445 0)
(-0.336167 1.65608 0)
(-0.511651 2.09927 0)
(-0.591673 2.14721 0)
(-0.535183 2.13035 0)
(-0.458142 1.98958 0)
(-0.293913 1.85543 0)
(-0.148211 1.68047 0)
(0.0375802 1.49563 0)
(0.175696 1.2749 0)
(0.316184 0.998638 0)
(0.366628 0.665124 0)
(0.38509 0.215502 0)
(0.247358 -0.312936 0)
(0.0540546 -1.03701 0)
(-0.38333 -1.83878 0)
(-0.81188 -2.92394 0)
(-1.52048 -3.86739 0)
(-1.67989 -4.77674 0)
(-2.06604 -3.81035 0)
(-2.56103e-264 -0.214337 0)
(-0.17893 1.23515 0)
(-0.428595 1.93456 0)
(-0.534829 2.27944 0)
(-0.511543 2.13729 0)
(-0.299311 2.02389 0)
(-0.077144 1.80422 0)
(0.242785 1.63375 0)
(0.527378 1.44338 0)
(0.850433 1.26534 0)
(1.1106 1.07057 0)
(1.36996 0.842665 0)
(1.52365 0.579678 0)
(1.64111 0.232046 0)
(1.57945 -0.168169 0)
(1.44445 -0.719441 0)
(1.01679 -1.34158 0)
(0.498348 -2.22228 0)
(-0.410173 -3.17432 0)
(-1.11876 -4.2239 0)
(-1.84849 -4.5012 0)
(-0.857346 -2.3066 0)
(-0.400003 1.41759 0)
(-0.728731 1.98328 0)
(-0.533279 2.17639 0)
(-0.268587 1.89484 0)
(0.26776 1.69699 0)
(0.710738 1.43965 0)
(1.2452 1.25294 0)
(1.68429 1.07083 0)
(2.14527 0.91431 0)
(2.51001 0.758266 0)
(2.8646 0.587868 0)
(3.09009 0.402577 0)
(3.28215 0.163074 0)
(3.26681 -0.100611 0)
(3.20111 -0.47062 0)
(2.7876 -0.870455 0)
(2.32719 -1.49724 0)
(1.31822 -2.22016 0)
(0.427186 -3.34265 0)
(-0.719774 -3.99428 0)
(-0.699248 -2.96194 0)
(-0.255868 2.42574 0)
(-0.0996898 2.06249 0)
(0.685771 1.86985 0)
(1.32588 1.32846 0)
(2.13036 1.06499 0)
(2.74348 0.820079 0)
(3.38262 0.666459 0)
(3.8821 0.539177 0)
(4.37134 0.440086 0)
(4.74651 0.350895 0)
(5.09876 0.260893 0)
(5.32098 0.167335 0)
(5.51037 0.0519181 0)
(5.50733 -0.0743321 0)
(5.46761 -0.250088 0)
(5.11406 -0.445967 0)
(4.73472 -0.783863 0)
(3.81155 -1.24177 0)
(2.85424 -2.25344 0)
(1.08672 -3.32889 0)
(-0.0451187 -3.79977 0)
(1.66833 1.67062 0)
(2.70752 0.975815 0)
(4.54996 0.748988 0)
(5.38762 0.423469 0)
(6.2507 0.285231 0)
(6.75443 0.176389 0)
(7.22666 0.119582 0)
(7.54323 0.0795764 0)
(7.83579 0.0538013 0)
(8.0354 0.0340394 0)
(8.21734 0.0165114 0)
(8.30966 -0.000110258 0)
(8.38741 -0.0208608 0)
(8.33673 -0.0417151 0)
(8.28267 -0.0774531 0)
(8.00204 -0.11112 0)
(7.75026 -0.201111 0)
(6.99823 -0.294281 0)
(6.26439 -0.626621 0)
(4.04688 -0.998676 0)
(2.00685 -1.81963 0)
)
;

boundaryField
{
    movingWall
    {
        type            fixedValue;
        value           uniform (10 0 0);
    }
    fixedWalls
    {
        type            noSlip;
    }
    frontAndBack
    {
        type            empty;
    }
}


// ************************************************************************* //
