/*--------------------------------*- C++ -*----------------------------------*\
| =========                 |                                                 |
| \\      /  F ield         | OpenFOAM: The Open Source CFD Toolbox           |
|  \\    /   O peration     | Version:  4.1                                   |
|   \\  /    A nd           | Web:      www.OpenFOAM.org                      |
|    \\/     M anipulation  |                                                 |
\*---------------------------------------------------------------------------*/
FoamFile
{
    version     2.0;
    format      ascii;
    class       volVectorField;
    location    "0.014";
    object      U;
}
// * * * * * * * * * * * * * * * * * * * * * * * * * * * * * * * * * * * * * //

dimensions      [0 1 -1 0 0 0 0];

internalField   nonuniform List<vector> 
441
(
(0.00345979 -0.00518495 0)
(0.00761641 -0.00336607 0)
(-0.000841941 -2.65012e-165 0)
(0.0014686 -2.10049e-266 0)
(-0.0118763 -0.00587508 0)
(-0.0014686 -2.50749e-232 0)
(-1.15017e-202 -3.28938e-203 0)
(-8.22107e-204 -3.97193e-228 0)
(-1.29522e-212 -1.66285e-213 0)
(-0.00462627 7.09362e-266 0)
(-0.0539185 0.0185041 0)
(-0.0697783 0.0102821 0)
(-0.0814405 0.00521604 0)
(-0.0772236 0.00146433 0)
(-0.0709102 -0.000138595 0)
(-0.057202 -0.00143012 0)
(-0.0436852 -0.00160795 0)
(-0.0273788 -0.00202537 0)
(-0.0132588 -0.00102451 0)
(-0.00323589 -0.000357925 0)
(0.00276222 0.00178869 0)
(0.0026528 -0.00563756 0)
(-0.00663872 0.00776608 0)
(-0.0340148 0.00772511 0)
(-0.0618107 0.0126129 0)
(-0.0986148 0.00806488 0)
(-0.127431 -0.00720893 0)
(-0.151692 -0.00105049 0)
(-0.173008 0.000857453 0)
(-0.190602 0.0090819 0)
(-0.209987 0.0476793 0)
(-0.223959 0.0450546 0)
(-0.220881 0.0175751 0)
(-0.216549 0.0018242 0)
(-0.197299 -0.012374 0)
(-0.174965 -0.0199304 0)
(-0.14214 -0.0265747 0)
(-0.108979 -0.0280835 0)
(-0.0716515 -0.0293709 0)
(-0.0388468 -0.0228643 0)
(-0.013562 -0.0164315 0)
(0.00213148 -0.00208544 0)
(0.00582658 -0.00199647 0)
(-0.00901286 0.0328445 0)
(-0.0551152 0.0534959 0)
(-0.107378 0.0628219 0)
(-0.162838 0.0587554 0)
(-0.216746 0.0498026 0)
(-0.26897 0.0437718 0)
(-0.304431 0.0375826 0)
(-0.339539 0.0353709 0)
(-0.351319 0.0370716 0)
(-0.341255 0.0301043 0)
(-0.329324 0.0039371 0)
(-0.312186 -0.0179048 0)
(-0.28247 -0.0398548 0)
(-0.24783 -0.0546138 0)
(-0.201104 -0.0674847 0)
(-0.153815 -0.071187 0)
(-0.101008 -0.0723975 0)
(-0.0553333 -0.0581486 0)
(-0.0189712 -0.0415598 0)
(0.00310665 -0.00898097 0)
(0.00664936 -0.00253122 0)
(-0.0109016 0.0703136 0)
(-0.076679 0.106345 0)
(-0.144222 0.122168 0)
(-0.215952 0.117681 0)
(-0.28154 0.101261 0)
(-0.339985 0.0875555 0)
(-0.384951 0.0719949 0)
(-0.418494 0.0573525 0)
(-0.433695 0.0472223 0)
(-0.429747 0.0226978 0)
(-0.412833 -0.0123257 0)
(-0.38826 -0.0452433 0)
(-0.348766 -0.0774839 0)
(-0.303645 -0.101212 0)
(-0.244589 -0.121588 0)
(-0.185502 -0.127819 0)
(-0.119455 -0.129102 0)
(-0.0638589 -0.104339 0)
(-0.0189133 -0.0760877 0)
(0.00546634 -0.0176435 0)
(6.26856e-165 0.00166234 0)
(-0.0144539 0.115783 0)
(-0.100094 0.18604 0)
(-0.176055 0.201 0)
(-0.25984 0.195266 0)
(-0.333481 0.172517 0)
(-0.401026 0.146355 0)
(-0.451451 0.115503 0)
(-0.489478 0.0836976 0)
(-0.505547 0.0490338 0)
(-0.502337 0.00955398 0)
(-0.483977 -0.0371772 0)
(-0.454271 -0.0814221 0)
(-0.407646 -0.124477 0)
(-0.35379 -0.157948 0)
(-0.282893 -0.185967 0)
(-0.213083 -0.195144 0)
(-0.132359 -0.194623 0)
(-0.0681549 -0.157285 0)
(-0.0126283 -0.111403 0)
(0.0119611 -0.0214143 0)
(-5.47038e-266 0.00503743 0)
(-0.0699707 0.174745 0)
(-0.133978 0.266296 0)
(-0.219019 0.283629 0)
(-0.301193 0.275102 0)
(-0.38044 0.243538 0)
(-0.450016 0.206003 0)
(-0.505881 0.160751 0)
(-0.546433 0.111964 0)
(-0.567419 0.0594846 0)
(-0.569653 0.00117357 0)
(-0.552397 -0.061108 0)
(-0.52101 -0.121546 0)
(-0.468607 -0.178976 0)
(-0.40692 -0.225697 0)
(-0.324055 -0.263842 0)
(-0.242468 -0.277623 0)
(-0.145686 -0.276275 0)
(-0.0709307 -0.222713 0)
(-0.000695003 -0.15892 0)
(0.0166889 -0.0176823 0)
(-0.0201497 0.0754433 0)
(-0.0938589 0.246193 0)
(-0.165687 0.335859 0)
(-0.25373 0.366708 0)
(-0.342759 0.356326 0)
(-0.427497 0.320366 0)
(-0.503756 0.271382 0)
(-0.565593 0.211419 0)
(-0.612128 0.145136 0)
(-0.638436 0.0722252 0)
(-0.645443 -0.00515838 0)
(-0.630631 -0.0858527 0)
(-0.598715 -0.164539 0)
(-0.541765 -0.23885 0)
(-0.473083 -0.301344 0)
(-0.377171 -0.351135 0)
(-0.284155 -0.371692 0)
(-0.166616 -0.367383 0)
(-0.0855549 -0.299793 0)
(0.0117781 -0.200301 0)
(5.31182e-266 -0.00417221 0)
(-0.0142896 0.121389 0)
(-0.0844614 0.321324 0)
(-0.176618 0.426986 0)
(-0.277144 0.461656 0)
(-0.377184 0.449448 0)
(-0.471296 0.405158 0)
(-0.555105 0.344621 0)
(-0.625178 0.269321 0)
(-0.678765 0.185184 0)
(-0.712908 0.092517 0)
(-0.726858 -0.00649087 0)
(-0.716887 -0.108542 0)
(-0.686898 -0.210317 0)
(-0.62751 -0.305945 0)
(-0.552685 -0.389925 0)
(-0.444645 -0.455156 0)
(-0.337644 -0.48692 0)
(-0.201832 -0.479031 0)
(-0.106212 -0.397444 0)
(0.000392209 -0.252307 0)
(1.50259e-24 -2.19517e-24 0)
(-0.0119699 0.171376 0)
(-0.0860612 0.406763 0)
(-0.192645 0.527521 0)
(-0.305164 0.565852 0)
(-0.418008 0.549765 0)
(-0.522491 0.49727 0)
(-0.616026 0.424855 0)
(-0.695368 0.334483 0)
(-0.757668 0.232826 0)
(-0.800901 0.120078 0)
(-0.822974 -0.000814144 0)
(-0.820217 -0.125963 0)
(-0.794485 -0.25306 0)
(-0.735404 -0.373462 0)
(-0.656095 -0.482606 0)
(-0.535603 -0.56726 0)
(-0.412796 -0.61162 0)
(-0.2515 -0.601087 0)
(-0.136638 -0.496987 0)
(-0.00256211 -0.310712 0)
(5.98061e-77 -3.75649e-25 0)
(-0.0104378 0.220398 0)
(-0.0867743 0.503685 0)
(-0.206156 0.647285 0)
(-0.330742 0.687996 0)
(-0.456369 0.667768 0)
(-0.572075 0.603715 0)
(-0.675424 0.518234 0)
(-0.764923 0.411136 0)
(-0.836533 0.29113 0)
(-0.890549 0.157608 0)
(-0.922841 0.0129147 0)
(-0.930585 -0.137766 0)
(-0.913013 -0.295222 0)
(-0.858549 -0.445963 0)
(-0.778072 -0.589692 0)
(-0.646646 -0.70164 0)
(-0.505758 -0.770165 0)
(-0.313894 -0.760797 0)
(-0.172507 -0.64327 0)
(-0.00623526 -0.398301 0)
(1.59985e-164 -1.49515e-77 0)
(-0.0112022 0.265728 0)
(-0.0953171 0.600817 0)
(-0.230054 0.769723 0)
(-0.368477 0.814254 0)
(-0.507254 0.790004 0)
(-0.634179 0.714932 0)
(-0.746514 0.617166 0)
(-0.845626 0.494784 0)
(-0.925843 0.35838 0)
(-0.991353 0.206105 0)
(-1.03506 0.0396231 0)
(-1.05733 -0.135784 0)
(-1.05254 -0.324055 0)
(-1.01013 -0.508565 0)
(-0.934445 -0.692433 0)
(-0.797874 -0.840683 0)
(-0.638795 -0.940385 0)
(-0.413962 -0.937338 0)
(-0.236485 -0.796435 0)
(-0.0569465 -0.489874 0)
(6.77747e-266 0.00697994 0)
(-0.0131588 0.328238 0)
(-0.105097 0.724832 0)
(-0.254715 0.922419 0)
(-0.406017 0.96638 0)
(-0.556162 0.935212 0)
(-0.692725 0.843566 0)
(-0.811883 0.73088 0)
(-0.919035 0.590678 0)
(-1.00638 0.43738 0)
(-1.08316 0.266688 0)
(-1.13941 0.0787589 0)
(-1.17959 -0.120945 0)
(-1.19366 -0.343058 0)
(-1.17173 -0.565733 0)
(-1.11107 -0.802835 0)
(-0.977126 -1.00109 0)
(-0.802163 -1.15458 0)
(-0.529356 -1.17025 0)
(-0.291189 -0.9986 0)
(-0.0408233 -0.64483 0)
(0.0279198 -0.0591207 0)
(-0.01825 0.379824 0)
(-0.125811 0.839476 0)
(-0.298253 1.06796 0)
(-0.466124 1.11264 0)
(-0.626484 1.07517 0)
(-0.770594 0.968424 0)
(-0.891276 0.842794 0)
(-1.00237 0.688117 0)
(-1.09156 0.522379 0)
(-1.17724 0.338948 0)
(-1.24404 0.136416 0)
(-1.30559 -0.0810145 0)
(-1.34343 -0.330758 0)
(-1.35538 -0.590434 0)
(-1.32324 -0.884476 0)
(-1.21114 -1.1499 0)
(-1.03242 -1.38362 0)
(-0.700393 -1.45123 0)
(-0.392885 -1.27843 0)
(0.039845 -0.811632 0)
(1.50036e-231 -0.00697994 0)
(-0.0251261 0.475354 0)
(-0.148685 1.00811 0)
(-0.342128 1.26682 0)
(-0.523534 1.29604 0)
(-0.689378 1.24308 0)
(-0.836159 1.10901 0)
(-0.952675 0.964794 0)
(-1.062 0.791243 0)
(-1.14717 0.61298 0)
(-1.23615 0.419195 0)
(-1.30929 0.206492 0)
(-1.38985 -0.0218613 0)
(-1.45434 -0.295095 0)
(-1.5085 -0.587043 0)
(-1.52439 -0.949859 0)
(-1.46253 -1.2956 0)
(-1.31589 -1.66857 0)
(-0.966619 -1.82051 0)
(-0.583873 -1.73695 0)
(-0.00197966 -1.06079 0)
(3.5847e-202 3.16646e-184 0)
(-0.0433061 0.546322 0)
(-0.200685 1.15033 0)
(-0.427266 1.43862 0)
(-0.625035 1.45419 0)
(-0.785567 1.38584 0)
(-0.925083 1.22803 0)
(-1.02063 1.06797 0)
(-1.1151 0.88098 0)
(-1.18054 0.696415 0)
(-1.26138 0.501163 0)
(-1.32793 0.290326 0)
(-1.42163 0.0655506 0)
(-1.50536 -0.211137 0)
(-1.61181 -0.517856 0)
(-1.68342 -0.927067 0)
(-1.71821 -1.35649 0)
(-1.63451 -1.87105 0)
(-1.33986 -2.18811 0)
(-0.882533 -2.22663 0)
(-0.0033397 -1.41229 0)
(1.26658e-183 2.72557e-184 0)
(-0.0638004 0.726974 0)
(-0.252769 1.39651 0)
(-0.499075 1.70032 0)
(-0.69871 1.65566 0)
(-0.837864 1.54997 0)
(-0.954002 1.34455 0)
(-1.0132 1.15865 0)
(-1.07642 0.95145 0)
(-1.10612 0.760357 0)
(-1.16039 0.566951 0)
(-1.20174 0.365301 0)
(-1.28577 0.156136 0)
(-1.36909 -0.109087 0)
(-1.50484 -0.408172 0)
(-1.63129 -0.850791 0)
(-1.76908 -1.34402 0)
(-1.82538 -2.05893 0)
(-1.68518 -2.57924 0)
(-1.3437 -3.09585 0)
(-0.381408 -1.9756 0)
(3.2589e-254 -3.16646e-184 0)
(-0.129377 0.848007 0)
(-0.39113 1.57208 0)
(-0.646355 1.87829 0)
(-0.825086 1.78254 0)
(-0.884337 1.63936 0)
(-0.93406 1.39765 0)
(-0.905813 1.19037 0)
(-0.901116 0.971937 0)
(-0.858691 0.780687 0)
(-0.858985 0.597652 0)
(-0.845666 0.415773 0)
(-0.897313 0.236273 0)
(-0.947002 0.00810324 0)
(-1.09708 -0.249695 0)
(-1.23992 -0.659955 0)
(-1.52687 -1.15439 0)
(-1.71809 -1.93923 0)
(-2.0472 -2.67022 0)
(-1.85576 -3.47096 0)
(-1.82209 -2.81361 0)
(-2.1645e-264 -0.186865 0)
(-0.181846 1.26785 0)
(-0.470189 1.91744 0)
(-0.653729 2.15582 0)
(-0.736338 1.89374 0)
(-0.656841 1.67249 0)
(-0.585806 1.36579 0)
(-0.433487 1.13223 0)
(-0.326462 0.904443 0)
(-0.187615 0.719972 0)
(-0.108222 0.554901 0)
(-0.017921 0.401574 0)
(-0.0047647 0.25994 0)
(0.0123641 0.0841057 0)
(-0.087611 -0.109971 0)
(-0.191038 -0.435214 0)
(-0.491189 -0.853375 0)
(-0.787769 -1.56898 0)
(-1.33725 -2.40545 0)
(-1.61984 -3.40412 0)
(-1.86244 -3.72251 0)
(-0.747459 -2.0219 0)
(-0.396318 1.46476 0)
(-0.732917 2.01473 0)
(-0.584704 2.13783 0)
(-0.403954 1.76885 0)
(0.0115417 1.48993 0)
(0.306689 1.16707 0)
(0.668798 0.933383 0)
(0.920258 0.72449 0)
(1.18334 0.564135 0)
(1.35254 0.430241 0)
(1.52419 0.312849 0)
(1.59862 0.212201 0)
(1.68454 0.0904965 0)
(1.6313 -0.0342856 0)
(1.59991 -0.256779 0)
(1.31067 -0.536299 0)
(1.04249 -1.09108 0)
(0.31636 -1.80094 0)
(-0.23927 -2.93829 0)
(-0.991205 -3.61915 0)
(-0.680751 -2.81815 0)
(-0.247566 2.45859 0)
(-0.0667469 2.10028 0)
(0.716673 1.8782 0)
(1.3161 1.29178 0)
(2.03863 0.984734 0)
(2.53708 0.704956 0)
(3.03368 0.527693 0)
(3.3735 0.388565 0)
(3.69343 0.290076 0)
(3.90229 0.214965 0)
(4.10293 0.153622 0)
(4.20465 0.103547 0)
(4.31909 0.0451396 0)
(4.30333 -0.0158788 0)
(4.32012 -0.127729 0)
(4.09531 -0.275832 0)
(3.89562 -0.602445 0)
(3.18379 -1.0861 0)
(2.43799 -2.15083 0)
(0.893991 -3.23751 0)
(-0.0469074 -3.77042 0)
(1.67482 1.67771 0)
(2.73957 0.985042 0)
(4.60134 0.754946 0)
(5.4346 0.422703 0)
(6.2665 0.277721 0)
(6.71655 0.163929 0)
(7.11802 0.104427 0)
(7.35444 0.0639259 0)
(7.56367 0.0398493 0)
(7.68491 0.02381 0)
(7.8007 0.0121466 0)
(7.84832 0.00294915 0)
(7.90975 -0.00889022 0)
(7.87935 -0.0215939 0)
(7.88119 -0.0506269 0)
(7.69158 -0.083577 0)
(7.54361 -0.179585 0)
(6.89127 -0.287082 0)
(6.22022 -0.639023 0)
(4.03495 -1.02433 0)
(2.02651 -1.85622 0)
)
;

boundaryField
{
    movingWall
    {
        type            fixedValue;
        value           uniform (10 0 0);
    }
    fixedWalls
    {
        type            noSlip;
    }
    frontAndBack
    {
        type            empty;
    }
}


// ************************************************************************* //
