/*--------------------------------*- C++ -*----------------------------------*\
| =========                 |                                                 |
| \\      /  F ield         | OpenFOAM: The Open Source CFD Toolbox           |
|  \\    /   O peration     | Version:  4.1                                   |
|   \\  /    A nd           | Web:      www.OpenFOAM.org                      |
|    \\/     M anipulation  |                                                 |
\*---------------------------------------------------------------------------*/
FoamFile
{
    version     2.0;
    format      ascii;
    class       volVectorField;
    location    "0.0378";
    object      U;
}
// * * * * * * * * * * * * * * * * * * * * * * * * * * * * * * * * * * * * * //

dimensions      [0 1 -1 0 0 0 0];

internalField   nonuniform List<vector> 
441
(
(0.00329295 -0.00456658 0)
(0.00826717 -0.00263497 0)
(-0.000658781 -2.20378e-165 0)
(0.00163624 -2.61975e-266 0)
(-0.00916136 -0.00654555 0)
(-0.00163624 -2.62744e-232 0)
(-1.08053e-202 -4.2306e-203 0)
(-1.05747e-203 -5.32331e-228 0)
(-1.41554e-212 -2.22541e-213 0)
(-0.00499358 7.56022e-266 0)
(-0.0596227 0.0199765 0)
(-0.0756359 0.0107338 0)
(-0.0865061 0.00519187 0)
(-0.078399 0.00088368 0)
(-0.0677077 -0.000776595 0)
(-0.0491283 -0.00207424 0)
(-0.0323953 -0.00168798 0)
(-0.0156868 -0.00164624 0)
(-0.00373919 2.43427e-05 0)
(0.000923617 0.000625713 0)
(0.00363736 0.0022897 0)
(0.00307327 -0.00678922 0)
(-0.00276752 0.00657071 0)
(-0.0274767 0.00762444 0)
(-0.0556184 0.0107394 0)
(-0.0959994 0.00907762 0)
(-0.13172 -0.00455994 0)
(-0.163885 -0.00051457 0)
(-0.19337 0.00117252 0)
(-0.218591 0.0103391 0)
(-0.244096 0.0528024 0)
(-0.261574 0.0489576 0)
(-0.2567 0.0164319 0)
(-0.247267 -0.0028386 0)
(-0.217849 -0.0203095 0)
(-0.183688 -0.0285272 0)
(-0.138233 -0.0343155 0)
(-0.0956284 -0.0315266 0)
(-0.0544045 -0.0281471 0)
(-0.0233793 -0.0161926 0)
(-0.00615289 -0.00874113 0)
(0.00365789 0.00247836 0)
(0.00629371 -0.00543999 0)
(-0.00608224 0.027528 0)
(-0.0502445 0.0514695 0)
(-0.106957 0.0664346 0)
(-0.173333 0.0685503 0)
(-0.24038 0.0643512 0)
(-0.309451 0.0594402 0)
(-0.361855 0.0528724 0)
(-0.412592 0.0487423 0)
(-0.434303 0.0468248 0)
(-0.427431 0.0334054 0)
(-0.412465 -0.00254312 0)
(-0.386414 -0.0330455 0)
(-0.340604 -0.0625472 0)
(-0.286621 -0.0795202 0)
(-0.218684 -0.0903842 0)
(-0.153969 -0.0844349 0)
(-0.0905867 -0.0743408 0)
(-0.0423866 -0.0471878 0)
(-0.012173 -0.0267874 0)
(0.00490044 0.000277203 0)
(0.00587999 -0.00719791 0)
(-0.0130918 0.0646788 0)
(-0.0822351 0.108597 0)
(-0.160782 0.135866 0)
(-0.250633 0.142815 0)
(-0.338099 0.133972 0)
(-0.421106 0.122258 0)
(-0.489614 0.105006 0)
(-0.543892 0.0846144 0)
(-0.573207 0.0652961 0)
(-0.575832 0.0268723 0)
(-0.555952 -0.0255842 0)
(-0.520101 -0.074807 0)
(-0.459171 -0.121113 0)
(-0.387269 -0.150235 0)
(-0.297415 -0.168281 0)
(-0.211161 -0.15908 0)
(-0.125212 -0.141235 0)
(-0.0598991 -0.0938251 0)
(-0.0164734 -0.057339 0)
(0.00679015 -0.00444266 0)
(6.09522e-165 0.00147 0)
(-0.0188838 0.115237 0)
(-0.115089 0.198433 0)
(-0.210217 0.233608 0)
(-0.32106 0.244964 0)
(-0.425381 0.233297 0)
(-0.526089 0.209955 0)
(-0.607621 0.174824 0)
(-0.673158 0.131838 0)
(-0.708655 0.0793851 0)
(-0.716107 0.0165608 0)
(-0.696503 -0.0580406 0)
(-0.654666 -0.129102 0)
(-0.582132 -0.195634 0)
(-0.49407 -0.240223 0)
(-0.38128 -0.26719 0)
(-0.272346 -0.25522 0)
(-0.159185 -0.226541 0)
(-0.0758 -0.154323 0)
(-0.0153906 -0.0942274 0)
(0.0132193 -0.00855371 0)
(-5.00637e-266 0.00495197 0)
(-0.0743438 0.184015 0)
(-0.157899 0.298243 0)
(-0.269703 0.343522 0)
(-0.387783 0.357941 0)
(-0.506152 0.340026 0)
(-0.61709 0.305068 0)
(-0.711769 0.252328 0)
(-0.787407 0.186363 0)
(-0.835064 0.107541 0)
(-0.854857 0.0149534 0)
(-0.840979 -0.0879412 0)
(-0.799623 -0.188943 0)
(-0.718844 -0.283096 0)
(-0.616397 -0.350599 0)
(-0.47936 -0.392111 0)
(-0.344333 -0.380142 0)
(-0.199037 -0.340583 0)
(-0.0933723 -0.235835 0)
(-0.012153 -0.149373 0)
(0.0159122 -0.00557108 0)
(-0.0198079 0.0789239 0)
(-0.102179 0.269858 0)
(-0.197581 0.39425 0)
(-0.318833 0.461911 0)
(-0.450559 0.480833 0)
(-0.581965 0.461427 0)
(-0.707624 0.415011 0)
(-0.816909 0.344433 0)
(-0.908046 0.255033 0)
(-0.970963 0.146657 0)
(-1.00571 0.0229552 0)
(-1.00284 -0.113517 0)
(-0.967057 -0.25029 0)
(-0.882305 -0.379567 0)
(-0.767898 -0.478244 0)
(-0.604237 -0.540684 0)
(-0.440125 -0.533324 0)
(-0.251232 -0.479497 0)
(-0.122231 -0.338211 0)
(0.000191637 -0.205145 0)
(5.58231e-266 -0.00397806 0)
(-0.0142503 0.129227 0)
(-0.095861 0.362866 0)
(-0.214773 0.515565 0)
(-0.352785 0.597333 0)
(-0.500807 0.621484 0)
(-0.64787 0.597522 0)
(-0.788717 0.540455 0)
(-0.915455 0.452761 0)
(-1.02489 0.340863 0)
(-1.10854 0.204741 0)
(-1.16445 0.0471869 0)
(-1.1798 -0.127567 0)
(-1.15721 -0.309039 0)
(-1.07509 -0.484167 0)
(-0.952601 -0.627946 0)
(-0.763053 -0.723362 0)
(-0.564294 -0.73146 0)
(-0.326172 -0.663994 0)
(-0.159582 -0.482922 0)
(-0.00197172 -0.280422 0)
(2.13021e-24 -1.39249e-24 0)
(-0.0124367 0.185943 0)
(-0.0992556 0.46868 0)
(-0.234078 0.649871 0)
(-0.38656 0.746369 0)
(-0.550701 0.774931 0)
(-0.713067 0.748052 0)
(-0.870556 0.681987 0)
(-1.01607 0.579733 0)
(-1.14677 0.448035 0)
(-1.25484 0.285724 0)
(-1.33668 0.0947853 0)
(-1.37737 -0.121205 0)
(-1.37596 -0.353704 0)
(-1.30508 -0.585197 0)
(-1.18148 -0.788172 0)
(-0.96861 -0.931429 0)
(-0.733066 -0.966649 0)
(-0.433975 -0.88841 0)
(-0.217998 -0.655623 0)
(-0.00392277 -0.371187 0)
(8.78117e-77 -5.32553e-25 0)
(-0.0109767 0.241671 0)
(-0.0998704 0.586171 0)
(-0.247089 0.8038 0)
(-0.411797 0.914697 0)
(-0.589815 0.948675 0)
(-0.766229 0.91757 0)
(-0.93879 0.843933 0)
(-1.10287 0.728771 0)
(-1.25506 0.579928 0)
(-1.38985 0.394062 0)
(-1.50141 0.169968 0)
(-1.57395 -0.0894224 0)
(-1.60228 -0.380909 0)
(-1.55335 -0.681048 0)
(-1.43882 -0.963735 0)
(-1.21076 -1.17686 0)
(-0.939012 -1.26455 0)
(-0.571738 -1.18783 0)
(-0.2915 -0.907941 0)
(-0.00531634 -0.511688 0)
(2.4574e-164 -2.19529e-77 0)
(-0.0116533 0.293702 0)
(-0.106486 0.703136 0)
(-0.26627 0.959777 0)
(-0.442189 1.08707 0)
(-0.631301 1.12796 0)
(-0.818508 1.09528 0)
(-1.00191 1.01779 0)
(-1.18063 0.894764 0)
(-1.35022 0.734732 0)
(-1.50942 0.531326 0)
(-1.6496 0.279389 0)
(-1.7573 -0.0207605 0)
(-1.82169 -0.372657 0)
(-1.80703 -0.74954 0)
(-1.71626 -1.12781 0)
(-1.48968 -1.43435 0)
(-1.19361 -1.60097 0)
(-0.761705 -1.54256 0)
(-0.4085 -1.21151 0)
(-0.0668695 -0.673657 0)
(1.57067e-265 0.0117555 0)
(-0.0132112 0.360874 0)
(-0.112158 0.842976 0)
(-0.281074 1.14116 0)
(-0.463579 1.28057 0)
(-0.657666 1.32632 0)
(-0.849042 1.28829 0)
(-1.03532 1.20681 0)
(-1.22042 1.07671 0)
(-1.39834 0.908866 0)
(-1.57355 0.692668 0)
(-1.7352 0.417669 0)
(-1.87459 0.0814431 0)
(-1.97675 -0.331172 0)
(-2.00593 -0.788905 0)
(-1.95581 -1.2807 0)
(-1.75428 -1.7057 0)
(-1.45371 -1.99186 0)
(-0.964282 -1.98559 0)
(-0.51502 -1.59764 0)
(-0.0674445 -0.937778 0)
(0.0470221 -0.0632063 0)
(-0.0177309 0.414799 0)
(-0.126683 0.968095 0)
(-0.309387 1.30837 0)
(-0.497738 1.46042 0)
(-0.689932 1.51165 0)
(-0.876341 1.47038 0)
(-1.05149 1.38818 0)
(-1.22839 1.25616 0)
(-1.39678 1.08743 0)
(-1.57137 0.867432 0)
(-1.73698 0.580746 0)
(-1.8966 0.220805 0)
(-2.02893 -0.239409 0)
(-2.10873 -0.770196 0)
(-2.11538 -1.37516 0)
(-1.97168 -1.93847 0)
(-1.70781 -2.38526 0)
(-1.17708 -2.48911 0)
(-0.662403 -2.10168 0)
(0.0346562 -1.24167 0)
(2.18911e-231 -0.0117555 0)
(-0.0236723 0.508177 0)
(-0.140767 1.13772 0)
(-0.331616 1.51604 0)
(-0.51745 1.6622 0)
(-0.696074 1.70799 0)
(-0.86383 1.65009 0)
(-1.01129 1.56063 0)
(-1.1609 1.42181 0)
(-1.29778 1.25223 0)
(-1.44742 1.03239 0)
(-1.59179 0.742196 0)
(-1.74767 0.372724 0)
(-1.8926 -0.120037 0)
(-2.01657 -0.703654 0)
(-2.09324 -1.41814 0)
(-2.04716 -2.11814 0)
(-1.88248 -2.78694 0)
(-1.4076 -3.04841 0)
(-0.867432 -2.80478 0)
(-0.00391535 -1.63423 0)
(5.46403e-202 4.40771e-184 0)
(-0.0408427 0.572058 0)
(-0.182503 1.26993 0)
(-0.390433 1.68103 0)
(-0.571397 1.81925 0)
(-0.718353 1.85622 0)
(-0.848205 1.78196 0)
(-0.939534 1.68471 0)
(-1.0349 1.54107 0)
(-1.1079 1.37399 0)
(-1.20221 1.1616 0)
(-1.29067 0.881629 0)
(-1.41417 0.52336 0)
(-1.54011 0.0317845 0)
(-1.69786 -0.566382 0)
(-1.83603 -1.33779 0)
(-1.93395 -2.1469 0)
(-1.91613 -3.01058 0)
(-1.61942 -3.51346 0)
(-1.12451 -3.4838 0)
(-0.00993479 -2.13739 0)
(1.76308e-183 1.19259e-184 0)
(-0.0601952 0.739265 0)
(-0.223616 1.49159 0)
(-0.433333 1.91414 0)
(-0.591174 1.99137 0)
(-0.685066 1.99171 0)
(-0.754059 1.87177 0)
(-0.765747 1.75131 0)
(-0.781003 1.59064 0)
(-0.763433 1.42092 0)
(-0.771946 1.21595 0)
(-0.7726 0.953406 0)
(-0.825574 0.623706 0)
(-0.895899 0.161126 0)
(-1.04441 -0.405105 0)
(-1.2232 -1.18594 0)
(-1.45419 -2.03517 0)
(-1.65595 -3.10762 0)
(-1.66411 -3.84787 0)
(-1.46037 -4.43345 0)
(-0.452839 -2.80449 0)
(4.30086e-254 -4.40771e-184 0)
(-0.125585 0.841526 0)
(-0.356204 1.62983 0)
(-0.560081 2.04305 0)
(-0.673844 2.06108 0)
(-0.656463 2.01808 0)
(-0.621403 1.85754 0)
(-0.501402 1.7124 0)
(-0.399223 1.53756 0)
(-0.254155 1.36617 0)
(-0.150119 1.17276 0)
(-0.0345432 0.936861 0)
(0.00345167 0.651921 0)
(0.0223633 0.253562 0)
(-0.100428 -0.230272 0)
(-0.26683 -0.920407 0)
(-0.661159 -1.70316 0)
(-1.03518 -2.77518 0)
(-1.66493 -3.70864 0)
(-1.75056 -4.60948 0)
(-2.04572 -3.67344 0)
(-2.49543e-264 -0.210603 0)
(-0.17986 1.24207 0)
(-0.441478 1.93029 0)
(-0.570471 2.25385 0)
(-0.576534 2.08802 0)
(-0.400333 1.9531 0)
(-0.217909 1.71652 0)
(0.0592593 1.53582 0)
(0.301386 1.34364 0)
(0.584453 1.17388 0)
(0.811214 0.997954 0)
(1.04654 0.798887 0)
(1.18894 0.571249 0)
(1.30848 0.261099 0)
(1.26272 -0.106804 0)
(1.15401 -0.635869 0)
(0.762915 -1.24999 0)
(0.287347 -2.13326 0)
(-0.563725 -3.08851 0)
(-1.20858 -4.13951 0)
(-1.86285 -4.4143 0)
(-0.842411 -2.27963 0)
(-0.399043 1.42825 0)
(-0.729759 1.99168 0)
(-0.545291 2.1722 0)
(-0.298996 1.87429 0)
(0.211085 1.66072 0)
(0.622571 1.39051 0)
(1.121 1.19544 0)
(1.52279 1.01067 0)
(1.94744 0.85831 0)
(2.28099 0.713481 0)
(2.61251 0.561031 0)
(2.82682 0.398134 0)
(3.02053 0.182629 0)
(3.02054 -0.0603872 0)
(2.98003 -0.416768 0)
(2.59966 -0.813569 0)
(2.17307 -1.44724 0)
(1.20186 -2.18073 0)
(0.348841 -3.31157 0)
(-0.752335 -3.96347 0)
(-0.695305 -2.95499 0)
(-0.253932 2.43269 0)
(-0.0919927 2.0712 0)
(0.694371 1.87389 0)
(1.32837 1.32442 0)
(2.1188 1.05262 0)
(2.71152 0.800732 0)
(3.32485 0.642569 0)
(3.79598 0.513723 0)
(4.25665 0.416516 0)
(4.60677 0.332667 0)
(4.94037 0.251145 0)
(5.15369 0.168037 0)
(5.34512 0.0634486 0)
(5.35573 -0.0538693 0)
(5.33817 -0.224754 0)
(5.01245 -0.420927 0)
(4.65987 -0.765067 0)
(3.76042 -1.23073 0)
(2.82124 -2.25035 0)
(1.07186 -3.32454 0)
(-0.0429651 -3.8013 0)
(1.66965 1.67193 0)
(2.71416 0.97764 0)
(4.56133 0.75036 0)
(5.39969 0.423615 0)
(6.25846 0.284041 0)
(6.75344 0.174138 0)
(7.21342 0.116756 0)
(7.51609 0.0767264 0)
(7.79474 0.0515328 0)
(7.98275 0.0328642 0)
(8.15703 0.0168508 0)
(8.24754 0.00183446 0)
(8.32946 -0.0174691 0)
(8.28917 -0.0375579 0)
(8.24885 -0.0733755 0)
(7.98372 -0.108219 0)
(7.74408 -0.200218 0)
(7.00002 -0.295511 0)
(6.26782 -0.629712 0)
(4.04926 -1.00206 0)
(2.01055 -1.82399 0)
)
;

boundaryField
{
    movingWall
    {
        type            fixedValue;
        value           uniform (10 0 0);
    }
    fixedWalls
    {
        type            noSlip;
    }
    frontAndBack
    {
        type            empty;
    }
}


// ************************************************************************* //
