/*--------------------------------*- C++ -*----------------------------------*\
| =========                 |                                                 |
| \\      /  F ield         | OpenFOAM: The Open Source CFD Toolbox           |
|  \\    /   O peration     | Version:  4.1                                   |
|   \\  /    A nd           | Web:      www.OpenFOAM.org                      |
|    \\/     M anipulation  |                                                 |
\*---------------------------------------------------------------------------*/
FoamFile
{
    version     2.0;
    format      ascii;
    class       volVectorField;
    location    "0.0519";
    object      U;
}
// * * * * * * * * * * * * * * * * * * * * * * * * * * * * * * * * * * * * * //

dimensions      [0 1 -1 0 0 0 0];

internalField   nonuniform List<vector> 
441
(
(0.00339493 -0.00459483 0)
(0.00868681 -0.00256792 0)
(-0.000641994 -2.17954e-165 0)
(0.00173988 -2.856e-266 0)
(-0.00871993 -0.00696011 0)
(-0.00173988 -2.75955e-232 0)
(-1.08945e-202 -4.71775e-203 0)
(-1.17927e-203 -6.06874e-228 0)
(-1.5201e-212 -2.5938e-213 0)
(-0.00539561 8.09106e-266 0)
(-0.0652534 0.0215847 0)
(-0.0825501 0.0114787 0)
(-0.0939584 0.0054405 0)
(-0.0842231 0.000693642 0)
(-0.0713968 -0.00111726 0)
(-0.0501105 -0.00246089 0)
(-0.0312763 -0.00189287 0)
(-0.013364 -0.00166248 0)
(-0.00134571 0.000276668 0)
(0.00221275 0.000935016 0)
(0.0040055 0.00254196 0)
(0.00329875 -0.0072911 0)
(-0.00203958 0.00656696 0)
(-0.027024 0.00782178 0)
(-0.0561444 0.0105698 0)
(-0.0987313 0.00965664 0)
(-0.137574 -0.00398 0)
(-0.173363 -0.000357801 0)
(-0.20699 0.00135139 0)
(-0.236417 0.0113904 0)
(-0.266223 0.0579339 0)
(-0.286832 0.0537035 0)
(-0.282145 0.0175596 0)
(-0.271156 -0.00423246 0)
(-0.237253 -0.0239497 0)
(-0.197423 -0.0330714 0)
(-0.145435 -0.0388428 0)
(-0.0973941 -0.0346343 0)
(-0.0525684 -0.0294746 0)
(-0.0203305 -0.0153713 0)
(-0.0042639 -0.00702935 0)
(0.00418354 0.00389281 0)
(0.00668428 -0.00639188 0)
(-0.00561746 0.0273696 0)
(-0.0509133 0.0527366 0)
(-0.110545 0.0694606 0)
(-0.181819 0.0734112 0)
(-0.25473 0.0708936 0)
(-0.331519 0.0669611 0)
(-0.391971 0.0609691 0)
(-0.451192 0.0569538 0)
(-0.478793 0.0545096 0)
(-0.474014 0.0383773 0)
(-0.458818 -0.00309694 0)
(-0.429512 -0.0387997 0)
(-0.376849 -0.0728837 0)
(-0.313989 -0.0920124 0)
(-0.23585 -0.102771 0)
(-0.162158 -0.0936238 0)
(-0.0921222 -0.0792186 0)
(-0.0406661 -0.0469545 0)
(-0.0105515 -0.0239949 0)
(0.00553834 0.00290592 0)
(0.00596101 -0.00859941 0)
(-0.0140776 0.0657912 0)
(-0.0866138 0.1128 0)
(-0.170544 0.143648 0)
(-0.268059 0.154184 0)
(-0.364683 0.148251 0)
(-0.458328 0.138354 0)
(-0.537796 0.121799 0)
(-0.602475 0.100295 0)
(-0.639733 0.078274 0)
(-0.646554 0.033488 0)
(-0.626763 -0.0279987 0)
(-0.586822 -0.0863155 0)
(-0.51693 -0.140564 0)
(-0.433018 -0.173864 0)
(-0.328929 -0.192099 0)
(-0.229511 -0.177797 0)
(-0.13291 -0.152567 0)
(-0.0613351 -0.0961065 0)
(-0.0160953 -0.0545904 0)
(0.00735599 -0.000750785 0)
(6.31818e-165 0.00149025 0)
(-0.0208007 0.11952 0)
(-0.123403 0.208458 0)
(-0.226707 0.2496 0)
(-0.348513 0.266573 0)
(-0.465277 0.259513 0)
(-0.58013 0.238953 0)
(-0.675859 0.204171 0)
(-0.754882 0.158304 0)
(-0.800852 0.0992361 0)
(-0.814589 0.0258278 0)
(-0.796171 -0.0625946 0)
(-0.749963 -0.147876 0)
(-0.666678 -0.227001 0)
(-0.563352 -0.278931 0)
(-0.431628 -0.307087 0)
(-0.304354 -0.288178 0)
(-0.175178 -0.248443 0)
(-0.0815016 -0.162104 0)
(-0.0164559 -0.0935114 0)
(0.0139079 -0.00501559 0)
(-5.14896e-266 0.00519666 0)
(-0.0791709 0.193599 0)
(-0.170999 0.316921 0)
(-0.29393 0.370497 0)
(-0.425851 0.392687 0)
(-0.55997 0.380908 0)
(-0.688265 0.349537 0)
(-0.800518 0.2968 0)
(-0.892881 0.22608 0)
(-0.954311 0.137238 0)
(-0.983521 0.0290807 0)
(-0.972785 -0.0935969 0)
(-0.927705 -0.215549 0)
(-0.834895 -0.328686 0)
(-0.714125 -0.408425 0)
(-0.553025 -0.453405 0)
(-0.393664 -0.433187 0)
(-0.225728 -0.378421 0)
(-0.104774 -0.252929 0)
(-0.0157616 -0.153138 0)
(0.0160639 -0.00211665 0)
(-0.0207866 0.0837593 0)
(-0.109695 0.287165 0)
(-0.215306 0.423625 0)
(-0.350035 0.502779 0)
(-0.498316 0.531933 0)
(-0.648454 0.52063 0)
(-0.794769 0.47883 0)
(-0.925138 0.407975 0)
(-1.03675 0.311939 0)
(-1.11719 0.189655 0)
(-1.16489 0.0447934 0)
(-1.16783 -0.118699 0)
(-1.12973 -0.284779 0)
(-1.03245 -0.441419 0)
(-0.897246 -0.559321 0)
(-0.704483 -0.629229 0)
(-0.509619 -0.61321 0)
(-0.289964 -0.539588 0)
(-0.139417 -0.368928 0)
(-0.00322842 -0.216104 0)
(5.77049e-266 -0.00401599 0)
(-0.015154 0.138012 0)
(-0.104234 0.38923 0)
(-0.235428 0.55788 0)
(-0.388905 0.654314 0)
(-0.555657 0.691437 0)
(-0.723866 0.677721 0)
(-0.888049 0.626599 0)
(-1.03894 0.538715 0)
(-1.17225 0.418555 0)
(-1.27705 0.264843 0)
(-1.34955 0.0801103 0)
(-1.37376 -0.129793 0)
(-1.35105 -0.35044 0)
(-1.257 -0.563266 0)
(-1.11262 -0.735671 0)
(-0.890152 -0.84489 0)
(-0.655071 -0.846022 0)
(-0.377593 -0.754603 0)
(-0.182638 -0.535155 0)
(-0.00274339 -0.301764 0)
(2.35615e-24 -1.21822e-24 0)
(-0.0133939 0.199858 0)
(-0.108144 0.505687 0)
(-0.256009 0.706861 0)
(-0.424767 0.821317 0)
(-0.60859 0.865757 0)
(-0.79326 0.851582 0)
(-0.975546 0.793147 0)
(-1.14703 0.691147 0)
(-1.30379 0.549861 0)
(-1.43549 0.366354 0)
(-1.53663 0.142074 0)
(-1.58887 -0.117724 0)
(-1.58988 -0.400173 0)
(-1.50906 -0.681046 0)
(-1.36476 -0.924017 0)
(-1.11821 -1.08967 0)
(-0.843631 -1.12215 0)
(-0.499028 -1.01685 0)
(-0.248367 -0.736473 0)
(-0.00444342 -0.405964 0)
(9.6814e-77 -5.89036e-25 0)
(-0.011817 0.260218 0)
(-0.108051 0.633525 0)
(-0.267619 0.875338 0)
(-0.447821 1.00755 0)
(-0.644714 1.06048 0)
(-0.842676 1.04473 0)
(-1.03935 0.980696 0)
(-1.2289 0.866593 0)
(-1.40688 0.707214 0)
(-1.5654 0.496977 0)
(-1.69688 0.233739 0)
(-1.7823 -0.0777466 0)
(-1.81535 -0.429716 0)
(-1.75974 -0.790961 0)
(-1.62858 -1.12576 0)
(-1.37046 -1.37166 0)
(-1.06187 -1.46367 0)
(-0.647355 -1.35955 0)
(-0.328708 -1.02434 0)
(-0.00609301 -0.564551 0)
(2.70609e-164 -2.42035e-77 0)
(-0.0122895 0.31649 0)
(-0.11279 0.759799 0)
(-0.282442 1.04448 0)
(-0.471061 1.19627 0)
(-0.675921 1.25905 0)
(-0.881309 1.24431 0)
(-1.08518 1.17836 0)
(-1.28556 1.05726 0)
(-1.47714 0.885955 0)
(-1.65662 0.655476 0)
(-1.81413 0.359465 0)
(-1.9337 0.000267096 0)
(-2.0041 -0.420914 0)
(-1.98696 -0.868787 0)
(-1.88667 -1.31014 0)
(-1.63909 -1.65997 0)
(-1.31519 -1.84047 0)
(-0.842093 -1.75764 0)
(-0.451594 -1.36656 0)
(-0.0735019 -0.746889 0)
(1.70277e-265 0.0126317 0)
(-0.0134631 0.386275 0)
(-0.115123 0.905852 0)
(-0.289502 1.23517 0)
(-0.479684 1.40178 0)
(-0.683791 1.47194 0)
(-0.887008 1.45398 0)
(-1.0867 1.38559 0)
(-1.28589 1.25805 0)
(-1.47797 1.07835 0)
(-1.66607 0.833134 0)
(-1.83886 0.510701 0)
(-1.98637 0.111044 0)
(-2.09425 -0.376174 0)
(-2.12534 -0.910774 0)
(-2.07483 -1.47286 0)
(-1.86598 -1.94966 0)
(-1.55288 -2.25975 0)
(-1.03609 -2.23689 0)
(-0.556139 -1.78734 0)
(-0.0723044 -1.03507 0)
(0.0505268 -0.0693213 0)
(-0.0174656 0.440748 0)
(-0.125128 1.03291 0)
(-0.307235 1.40616 0)
(-0.496229 1.58727 0)
(-0.690289 1.66456 0)
(-0.879413 1.64463 0)
(-1.0578 1.57622 0)
(-1.23787 1.44687 0)
(-1.4092 1.26572 0)
(-1.58607 1.01566 0)
(-1.75378 0.680247 0)
(-1.91548 0.255844 0)
(-2.0516 -0.279665 0)
(-2.13687 -0.887687 0)
(-2.15273 -1.56461 0)
(-2.01744 -2.18388 0)
(-1.76161 -2.66418 0)
(-1.22393 -2.76295 0)
(-0.695874 -2.32382 0)
(0.0381301 -1.36021 0)
(2.33376e-231 -0.0126317 0)
(-0.0227785 0.531769 0)
(-0.133909 1.19868 0)
(-0.317053 1.61011 0)
(-0.495154 1.78592 0)
(-0.665884 1.85822 0)
(-0.825451 1.82177 0)
(-0.964139 1.74589 0)
(-1.10433 1.60937 0)
(-1.23149 1.4271 0)
(-1.37174 1.17746 0)
(-1.50839 0.839734 0)
(-1.65967 0.408551 0)
(-1.80549 -0.155256 0)
(-1.93726 -0.810403 0)
(-2.03085 -1.59187 0)
(-2.00826 -2.34532 0)
(-1.87211 -3.05268 0)
(-1.41744 -3.32064 0)
(-0.886994 -3.04385 0)
(-0.00357021 -1.76709 0)
(5.68206e-202 4.52158e-184 0)
(-0.0393809 0.590358 0)
(-0.17071 1.32111 0)
(-0.364043 1.76352 0)
(-0.528927 1.93057 0)
(-0.658122 1.9932 0)
(-0.768875 1.93941 0)
(-0.839658 1.85476 0)
(-0.913702 1.71288 0)
(-0.965514 1.53348 0)
(-1.04041 1.29309 0)
(-1.11307 0.969252 0)
(-1.22673 0.555201 0)
(-1.351 0.000845364 0)
(-1.51747 -0.65857 0)
(-1.67663 -1.486 0)
(-1.80767 -2.33965 0)
(-1.83352 -3.2394 0)
(-1.58068 -3.75707 0)
(-1.12177 -3.71501 0)
(-0.0108557 -2.27679 0)
(1.80863e-183 -6.05062e-186 0)
(-0.0583923 0.749776 0)
(-0.208611 1.52765 0)
(-0.398734 1.97768 0)
(-0.534039 2.08134 0)
(-0.60234 2.10525 0)
(-0.643647 2.00397 0)
(-0.625775 1.89491 0)
(-0.611034 1.73593 0)
(-0.564409 1.55549 0)
(-0.547235 1.3262 0)
(-0.527678 1.02578 0)
(-0.568515 0.648602 0)
(-0.636377 0.133585 0)
(-0.793965 -0.481535 0)
(-0.994252 -1.30494 0)
(-1.26094 -2.18502 0)
(-1.51155 -3.28483 0)
(-1.579 -4.03962 0)
(-1.43048 -4.63156 0)
(-0.460457 -2.93566 0)
(4.36978e-254 -4.52158e-184 0)
(-0.123967 0.843269 0)
(-0.341612 1.64829 0)
(-0.524748 2.08367 0)
(-0.613646 2.12444 0)
(-0.567133 2.102 0)
(-0.500366 1.95789 0)
(-0.346449 1.82308 0)
(-0.210257 1.65049 0)
(-0.0326461 1.47116 0)
(0.0994432 1.25867 0)
(0.236424 0.992583 0)
(0.286279 0.669693 0)
(0.306797 0.229826 0)
(0.173777 -0.29139 0)
(-0.0128915 -1.01101 0)
(-0.440856 -1.81118 0)
(-0.858112 -2.89527 0)
(-1.55064 -3.83727 0)
(-1.69507 -4.74482 0)
(-2.06246 -3.78358 0)
(-2.54759e-264 -0.213596 0)
(-0.179194 1.23665 0)
(-0.432195 1.93272 0)
(-0.54461 2.27196 0)
(-0.529049 2.124 0)
(-0.325964 2.00582 0)
(-0.113441 1.783 0)
(0.196645 1.61144 0)
(0.472121 1.42228 0)
(0.787337 1.24788 0)
(1.04182 1.05887 0)
(1.29805 0.838287 0)
(1.45157 0.583078 0)
(1.57156 0.242614 0)
(1.51487 -0.152378 0)
(1.38632 -0.700957 0)
(0.96658 -1.32316 0)
(0.45677 -2.20553 0)
(-0.440483 -3.15862 0)
(-1.13669 -4.20842 0)
(-1.85156 -4.4847 0)
(-0.854384 -2.30167 0)
(-0.399779 1.42021 0)
(-0.729257 1.98499 0)
(-0.536964 2.17468 0)
(-0.277252 1.889 0)
(0.252312 1.6875 0)
(0.687545 1.42754 0)
(1.21361 1.23962 0)
(1.64458 1.05786 0)
(2.09831 0.90337 0)
(2.45759 0.750811 0)
(2.809 0.58501 0)
(3.03412 0.404693 0)
(3.22846 0.169823 0)
(3.21784 -0.0904972 0)
(3.15828 -0.458914 0)
(2.75187 -0.859227 0)
(2.29813 -1.48812 0)
(1.29631 -2.21331 0)
(0.412336 -3.33734 0)
(-0.725959 -3.98867 0)
(-0.698391 -2.96081 0)
(-0.255369 2.42753 0)
(-0.0978496 2.06457 0)
(0.687557 1.87057 0)
(1.32579 1.32708 0)
(2.12647 1.06161 0)
(2.7344 0.81519 0)
(3.36736 0.660809 0)
(3.86048 0.533583 0)
(4.34381 0.435395 0)
(4.71437 0.347832 0)
(5.06386 0.25998 0)
(5.28566 0.168729 0)
(5.47693 0.0553836 0)
(5.47789 -0.0694551 0)
(5.44339 -0.244777 0)
(5.09565 -0.441211 0)
(4.72142 -0.780655 0)
(3.80251 -1.2401 0)
(2.84832 -2.25318 0)
(1.08403 -3.32816 0)
(-0.0446322 -3.80013 0)
(1.66869 1.67098 0)
(2.70923 0.976274 0)
(4.55274 0.749297 0)
(5.39039 0.42345 0)
(6.25217 0.284884 0)
(6.75359 0.175807 0)
(7.22281 0.118908 0)
(7.53619 0.0789553 0)
(7.82582 0.0533767 0)
(8.0233 0.0339107 0)
(8.20419 0.0167372 0)
(8.29684 0.000442361 0)
(8.37612 -0.0200658 0)
(8.32808 -0.0408502 0)
(8.27703 -0.0766997 0)
(7.99943 -0.110664 0)
(7.74978 -0.201072 0)
(6.99897 -0.294618 0)
(6.26519 -0.627262 0)
(4.04735 -0.999312 0)
(2.00759 -1.82044 0)
)
;

boundaryField
{
    movingWall
    {
        type            fixedValue;
        value           uniform (10 0 0);
    }
    fixedWalls
    {
        type            noSlip;
    }
    frontAndBack
    {
        type            empty;
    }
}


// ************************************************************************* //
