/*--------------------------------*- C++ -*----------------------------------*\
| =========                 |                                                 |
| \\      /  F ield         | OpenFOAM: The Open Source CFD Toolbox           |
|  \\    /   O peration     | Version:  4.1                                   |
|   \\  /    A nd           | Web:      www.OpenFOAM.org                      |
|    \\/     M anipulation  |                                                 |
\*---------------------------------------------------------------------------*/
FoamFile
{
    version     2.0;
    format      ascii;
    class       volVectorField;
    location    "0.099";
    object      U;
}
// * * * * * * * * * * * * * * * * * * * * * * * * * * * * * * * * * * * * * //

dimensions      [0 1 -1 0 0 0 0];

internalField   nonuniform List<vector> 
441
(
(1.6965e-05 -2.18275e-05 0)
(-0.000375661 0.000329948 0)
(-0.00156233 0.000732933 0)
(-0.00343729 0.00104631 0)
(-0.00577632 0.00122366 0)
(-0.00830908 0.00126149 0)
(-0.0107763 0.00117309 0)
(-0.0129517 0.000978946 0)
(-0.0146517 0.000702376 0)
(-0.0157403 0.000367993 0)
(-0.0161305 1.52186e-06 0)
(-0.0157871 -0.000369851 0)
(-0.0147289 -0.000717201 0)
(-0.0130318 -0.00101008 0)
(-0.0108304 -0.00121762 0)
(-0.00831678 -0.00131072 0)
(-0.0057342 -0.00126586 0)
(-0.00336092 -0.00107125 0)
(-0.00148103 -0.000736856 0)
(-0.000319599 -0.000319111 0)
(3.19533e-05 3.36358e-05 0)
(-0.000342727 0.000357666 0)
(-0.00219608 0.00213461 0)
(-0.00581868 0.0040405 0)
(-0.010929 0.00551331 0)
(-0.0170212 0.00634028 0)
(-0.0234816 0.00648884 0)
(-0.0297081 0.0060132 0)
(-0.0351646 0.00500887 0)
(-0.039411 0.00359027 0)
(-0.0421186 0.00188131 0)
(-0.0430786 1.28156e-05 0)
(-0.042209 -0.0018772 0)
(-0.0395597 -0.00364311 0)
(-0.0353177 -0.00513357 0)
(-0.0298082 -0.00619731 0)
(-0.023488 -0.00669469 0)
(-0.0169262 -0.00651675 0)
(-0.0107632 -0.00561516 0)
(-0.00564167 -0.00405 0)
(-0.00207219 -0.00207776 0)
(-0.000309872 -0.000303976 0)
(-0.000794125 0.00155508 0)
(-0.00436188 0.00576987 0)
(-0.0104287 0.00982568 0)
(-0.0184794 0.0128553 0)
(-0.0277741 0.0144945 0)
(-0.0374543 0.0146824 0)
(-0.046684 0.0135268 0)
(-0.0547175 0.0112254 0)
(-0.0609417 0.00802205 0)
(-0.0648985 0.00418609 0)
(-0.0662979 4.35008e-06 0)
(-0.0650268 -0.00422029 0)
(-0.0611565 -0.0081699 0)
(-0.054948 -0.0115168 0)
(-0.0468527 -0.013937 0)
(-0.0375028 -0.0151356 0)
(-0.0276847 -0.0148867 0)
(-0.0182849 -0.0130922 0)
(-0.0102043 -0.00986661 0)
(-0.00419585 -0.00566279 0)
(-0.000747376 -0.00144489 0)
(-0.00123996 0.00358884 0)
(-0.00651988 0.0112784 0)
(-0.0149747 0.018073 0)
(-0.0257987 0.0229455 0)
(-0.0380056 0.0254487 0)
(-0.0505209 0.0255304 0)
(-0.0623273 0.0233796 0)
(-0.0725304 0.0193244 0)
(-0.0804009 0.0137691 0)
(-0.0853967 0.00716157 0)
(-0.087175 -2.03332e-05 0)
(-0.0856008 -0.00727241 0)
(-0.080755 -0.0140666 0)
(-0.0729405 -0.0198597 0)
(-0.0626858 -0.0241158 0)
(-0.050738 -0.0263463 0)
(-0.0380381 -0.0261729 0)
(-0.0256676 -0.0234162 0)
(-0.014762 -0.0182096 0)
(-0.0063383 -0.0111441 0)
(-0.00118342 -0.00341717 0)
(-0.00166287 0.00642926 0)
(-0.00859643 0.0186341 0)
(-0.0193748 0.0287476 0)
(-0.0328721 0.0357035 0)
(-0.0478336 0.0390621 0)
(-0.062972 0.0388427 0)
(-0.0771127 0.0353616 0)
(-0.0892496 0.0291127 0)
(-0.0985758 0.0206893 0)
(-0.104498 0.0107419 0)
(-0.10664 -3.90783e-05 0)
(-0.104851 -0.0109271 0)
(-0.0992081 -0.0211612 0)
(-0.0900283 -0.0299566 0)
(-0.0778785 -0.0365327 0)
(-0.0635776 -0.040168 0)
(-0.0481848 -0.040285 0)
(-0.032957 -0.0365672 0)
(-0.0192714 -0.0291019 0)
(-0.00844384 -0.018537 0)
(-0.00160423 -0.0062061 0)
(-0.00207341 0.0100416 0)
(-0.0106247 0.0277894 0)
(-0.0236883 0.0417956 0)
(-0.0397998 0.0510507 0)
(-0.057418 0.0552184 0)
(-0.0750402 0.0544703 0)
(-0.0913506 0.0493117 0)
(-0.105258 0.0404453 0)
(-0.115911 0.028682 0)
(-0.122691 0.0148921 0)
(-0.125207 -1.20049e-05 0)
(-0.123294 -0.0150748 0)
(-0.117012 -0.0292942 0)
(-0.106666 -0.0416279 0)
(-0.0928269 -0.0510232 0)
(-0.0763467 -0.056482 0)
(-0.0583735 -0.0571662 0)
(-0.0403288 -0.0525448 0)
(-0.0238452 -0.0425693 0)
(-0.0105738 -0.0278551 0)
(-0.00202648 -0.00980181 0)
(-0.00248794 0.0144163 0)
(-0.0126674 0.0387278 0)
(-0.0280134 0.057187 0)
(-0.0467006 0.0689268 0)
(-0.0668863 0.0738186 0)
(-0.0868541 0.0722823 0)
(-0.105165 0.0650868 0)
(-0.120676 0.0531952 0)
(-0.132521 0.037664 0)
(-0.140089 0.0195934 0)
(-0.142992 0.000115536 0)
(-0.141054 -0.0195933 0)
(-0.134308 -0.0382958 0)
(-0.123018 -0.054688 0)
(-0.107716 -0.0674228 0)
(-0.089248 -0.075178 0)
(-0.0688124 -0.0767794 0)
(-0.0479773 -0.0713807 0)
(-0.02864 -0.0586838 0)
(-0.0128235 -0.0391665 0)
(-0.00247391 -0.0142321 0)
(-0.00292319 0.019572 0)
(-0.0147895 0.051468 0)
(-0.0324427 0.0749081 0)
(-0.0536618 0.0892636 0)
(-0.0762868 0.0947358 0)
(-0.0983979 0.0921076 0)
(-0.118465 0.0825012 0)
(-0.135334 0.0671977 0)
(-0.148173 0.0475262 0)
(-0.156414 0.0248184 0)
(-0.159699 0.00040997 0)
(-0.157848 -0.0243268 0)
(-0.150855 -0.047943 0)
(-0.138913 -0.0688842 0)
(-0.122467 -0.0854956 0)
(-0.102297 -0.0960833 0)
(-0.0795991 -0.0990482 0)
(-0.0560475 -0.0931025 0)
(-0.0338 -0.0775512 0)
(-0.01529 -0.0525974 0)
(-0.00297087 -0.0195665 0)
(-0.00339543 0.025554 0)
(-0.0170514 0.0660577 0)
(-0.0370473 0.0949439 0)
(-0.0607125 0.111951 0)
(-0.0855543 0.117765 0)
(-0.109475 0.113676 0)
(-0.130905 0.101265 0)
(-0.148741 0.0821953 0)
(-0.162249 0.058091 0)
(-0.170958 0.0305052 0)
(-0.174574 0.000944035 0)
(-0.172929 -0.0290698 0)
(-0.165969 -0.0579217 0)
(-0.153779 -0.0838389 0)
(-0.136663 -0.104863 0)
(-0.115253 -0.118886 0)
(-0.0906564 -0.123787 0)
(-0.0645855 -0.117681 0)
(-0.0394269 -0.09928 0)
(-0.0180587 -0.0683193 0)
(-0.00354032 -0.0259147 0)
(-0.0039222 0.032434 0)
(-0.0195119 0.0825615 0)
(-0.0418725 0.117249 0)
(-0.0678075 0.136787 0)
(-0.0944808 0.142562 0)
(-0.119665 0.13655 0)
(-0.141832 0.120919 0)
(-0.160025 0.097779 0)
(-0.173691 0.0690664 0)
(-0.182523 0.0365283 0)
(-0.186343 0.00178714 0)
(-0.185019 -0.0335546 0)
(-0.178442 -0.0677899 0)
(-0.166559 -0.0989899 0)
(-0.149459 -0.124922 0)
(-0.127527 -0.143043 0)
(-0.10166 -0.150608 0)
(-0.0734892 -0.144949 0)
(-0.0455548 -0.123927 0)
(-0.021197 -0.086523 0)
(-0.00420378 -0.033421 0)
(-0.00452523 0.0403127 0)
(-0.0222362 0.101048 0)
(-0.0469365 0.141706 0)
(-0.0748064 0.163418 0)
(-0.102672 0.168565 0)
(-0.128264 0.160043 0)
(-0.150224 0.140755 0)
(-0.167864 0.113326 0)
(-0.180924 0.0799976 0)
(-0.189351 0.0426659 0)
(-0.193138 0.00298958 0)
(-0.192223 -0.0374474 0)
(-0.186452 -0.0769518 0)
(-0.175599 -0.113537 0)
(-0.159467 -0.144767 0)
(-0.138076 -0.167673 0)
(-0.111945 -0.178805 0)
(-0.082442 -0.174497 0)
(-0.0521179 -0.151419 0)
(-0.0247473 -0.107379 0)
(-0.00498134 -0.0422598 0)
(-0.00523409 0.0493281 0)
(-0.0253015 0.12157 0)
(-0.0522172 0.16807 0)
(-0.0814282 0.191244 0)
(-0.10947 0.194891 0)
(-0.134189 0.183124 0)
(-0.154576 0.159744 0)
(-0.170383 0.127934 0)
(-0.181773 0.0902197 0)
(-0.18904 0.0485652 0)
(-0.192417 0.00455929 0)
(-0.191952 -0.0403584 0)
(-0.187461 -0.0846467 0)
(-0.178531 -0.126403 0)
(-0.164618 -0.16311 0)
(-0.145249 -0.191444 0)
(-0.120364 -0.207205 0)
(-0.0908099 -0.205519 0)
(-0.0588949 -0.181432 0)
(-0.0287108 -0.130979 0)
(-0.00589067 -0.0526277 0)
(-0.00608895 0.0596687 0)
(-0.0287922 0.144137 0)
(-0.057605 0.195873 0)
(-0.0871487 0.219294 0)
(-0.113809 0.220208 0)
(-0.135809 0.20431 0)
(-0.152747 0.176446 0)
(-0.165021 0.140372 0)
(-0.173353 0.0988201 0)
(-0.178472 0.0537113 0)
(-0.180905 0.00643118 0)
(-0.180854 -0.0418716 0)
(-0.178134 -0.0899712 0)
(-0.172157 -0.136229 0)
(-0.162002 -0.178234 0)
(-0.146598 -0.21246 0)
(-0.125093 -0.234007 0)
(-0.0974725 -0.236618 0)
(-0.065403 -0.213224 0)
(-0.0330094 -0.15724 0)
(-0.00694236 -0.0647319 0)
(-0.00713838 0.0715873 0)
(-0.0327594 0.168638 0)
(-0.0627709 0.224267 0)
(-0.0909749 0.246032 0)
(-0.11393 0.242566 0)
(-0.130661 0.221545 0)
(-0.141714 0.188956 0)
(-0.148344 0.149052 0)
(-0.151948 0.10463 0)
(-0.153739 0.0574125 0)
(-0.15456 0.00843291 0)
(-0.154793 -0.0416017 0)
(-0.154292 -0.0919489 0)
(-0.152347 -0.141438 0)
(-0.147696 -0.188012 0)
(-0.138631 -0.228204 0)
(-0.12333 -0.256612 0)
(-0.100536 -0.265564 0)
(-0.0706927 -0.245381 0)
(-0.0373953 -0.185748 0)
(-0.00812564 -0.0787647 0)
(-0.00841893 0.0853962 0)
(-0.0370811 0.194683 0)
(-0.0668404 0.251731 0)
(-0.0909724 0.269064 0)
(-0.106867 0.259193 0)
(-0.114978 0.232117 0)
(-0.117195 0.194902 0)
(-0.1158 0.152079 0)
(-0.112889 0.106275 0)
(-0.110115 0.0588232 0)
(-0.1086 0.0102578 0)
(-0.108895 -0.0392802 0)
(-0.110938 -0.089669 0)
(-0.113999 -0.140397 0)
(-0.1166 -0.190042 0)
(-0.1165 -0.235579 0)
(-0.110861 -0.271516 0)
(-0.0968479 -0.289007 0)
(-0.0729433 -0.275454 0)
(-0.0412385 -0.215484 0)
(-0.00936869 -0.0948411 0)
(-0.0098804 0.101396 0)
(-0.0410583 0.221224 0)
(-0.0676291 0.275569 0)
(-0.083313 0.284743 0)
(-0.0875158 0.266313 0)
(-0.0829395 0.232667 0)
(-0.0731405 0.191579 0)
(-0.0614263 0.147425 0)
(-0.0504361 0.102333 0)
(-0.0420846 0.0570385 0)
(-0.0376251 0.0114664 0)
(-0.0377112 -0.0348628 0)
(-0.042403 -0.0825036 0)
(-0.0510903 -0.131723 0)
(-0.0623322 -0.181988 0)
(-0.0736555 -0.231173 0)
(-0.0814349 -0.274358 0)
(-0.0811716 -0.30222 0)
(-0.068657 -0.299443 0)
(-0.0430226 -0.244345 0)
(-0.0104304 -0.112847 0)
(-0.0111205 0.119539 0)
(-0.042306 0.245662 0)
(-0.0599136 0.290996 0)
(-0.0604415 0.287661 0)
(-0.0471034 0.259094 0)
(-0.025596 0.219454 0)
(-0.00110443 0.176351 0)
(0.0224103 0.133342 0)
(0.0422019 0.0916687 0)
(0.0564678 0.0513054 0)
(0.0640848 0.0115516 0)
(0.06443 -0.0286315 0)
(0.0573183 -0.0703933 0)
(0.0430721 -0.11475 0)
(0.0227428 -0.162182 0)
(-0.00150918 -0.211875 0)
(-0.0259254 -0.260328 0)
(-0.0448332 -0.299019 0)
(-0.0510693 -0.311118 0)
(-0.0391319 -0.268218 0)
(-0.0105772 -0.132016 0)
(-0.010489 0.138582 0)
(-0.0337045 0.262173 0)
(-0.031569 0.289957 0)
(-0.0077161 0.27044 0)
(0.0291188 0.232189 0)
(0.0704045 0.189216 0)
(0.110247 0.147536 0)
(0.144992 0.10911 0)
(0.172549 0.0739988 0)
(0.191763 0.0413958 0)
(0.20198 0.0101095 0)
(0.202792 -0.0212423 0)
(0.193928 -0.0541506 0)
(0.175291 -0.090138 0)
(0.147173 -0.130558 0)
(0.110707 -0.176056 0)
(0.0686508 -0.225307 0)
(0.0264019 -0.272325 0)
(-0.00703035 -0.301477 0)
(-0.0208752 -0.279524 0)
(-0.00755186 -0.149974 0)
(-0.000907893 0.152084 0)
(0.00502128 0.256937 0)
(0.044428 0.25912 0)
(0.101882 0.224228 0)
(0.164505 0.181347 0)
(0.223587 0.140953 0)
(0.27483 0.105921 0)
(0.316419 0.0761889 0)
(0.347829 0.0507006 0)
(0.369053 0.028135 0)
(0.380184 0.00713809 0)
(0.381182 -0.0136528 0)
(0.371772 -0.0356666 0)
(0.35143 -0.0604717 0)
(0.319492 -0.0897962 0)
(0.275478 -0.125346 0)
(0.219819 -0.168058 0)
(0.155157 -0.215892 0)
(0.0887152 -0.258367 0)
(0.0329105 -0.263728 0)
(0.00677201 -0.159228 0)
(0.0495099 0.145074 0)
(0.131425 0.207506 0)
(0.226053 0.184236 0)
(0.314771 0.144581 0)
(0.392393 0.108478 0)
(0.456284 0.0795052 0)
(0.506774 0.0570528 0)
(0.545109 0.0395881 0)
(0.572688 0.0256204 0)
(0.590669 0.0138975 0)
(0.599818 0.00337374 0)
(0.60044 -0.00688831 0)
(0.592346 -0.0178346 0)
(0.574796 -0.0305481 0)
(0.546459 -0.0463859 0)
(0.505401 -0.0670879 0)
(0.449258 -0.0947 0)
(0.375672 -0.130715 0)
(0.284077 -0.172726 0)
(0.175075 -0.201221 0)
(0.0650134 -0.144576 0)
(0.320808 0.0484855 0)
(0.50006 0.0579337 0)
(0.618467 0.0489353 0)
(0.694195 0.0365777 0)
(0.747829 0.0259766 0)
(0.785979 0.0181039 0)
(0.813157 0.0124262 0)
(0.832243 0.00828344 0)
(0.845159 0.00514371 0)
(0.85314 0.00261755 0)
(0.856908 0.000413286 0)
(0.856775 -0.0017096 0)
(0.85267 -0.00398266 0)
(0.844108 -0.00666938 0)
(0.830068 -0.0101083 0)
(0.808759 -0.0147528 0)
(0.777181 -0.0211555 0)
(0.730036 -0.0297521 0)
(0.6583 -0.0397895 0)
(0.536225 -0.0477037 0)
(0.3315 -0.0475938 0)
)
;

boundaryField
{
    movingWall
    {
        type            fixedValue;
        value           uniform (1 0 0);
    }
    fixedWalls
    {
        type            noSlip;
    }
    frontAndBack
    {
        type            empty;
    }
}


// ************************************************************************* //
