/*--------------------------------*- C++ -*----------------------------------*\
| =========                 |                                                 |
| \\      /  F ield         | OpenFOAM: The Open Source CFD Toolbox           |
|  \\    /   O peration     | Version:  4.1                                   |
|   \\  /    A nd           | Web:      www.OpenFOAM.org                      |
|    \\/     M anipulation  |                                                 |
\*---------------------------------------------------------------------------*/
FoamFile
{
    version     2.0;
    format      ascii;
    class       volVectorField;
    location    "0.0499";
    object      U;
}
// * * * * * * * * * * * * * * * * * * * * * * * * * * * * * * * * * * * * * //

dimensions      [0 1 -1 0 0 0 0];

internalField   nonuniform List<vector> 
441
(
(0.00337713 -0.00458579 0)
(0.00862312 -0.00257379 0)
(-0.000643464 -2.18043e-165 0)
(0.00172495 -2.82294e-266 0)
(-0.00876754 -0.00690038 0)
(-0.00172495 -2.74001e-232 0)
(-1.08747e-202 -4.65027e-203 0)
(-1.1624e-203 -5.96581e-228 0)
(-1.50522e-212 -2.54245e-213 0)
(-0.00533816 8.01496e-266 0)
(-0.0644525 0.021355 0)
(-0.0815645 0.0113719 0)
(-0.092897 0.00540497 0)
(-0.0833873 0.000719369 0)
(-0.0708597 -0.00106991 0)
(-0.0499489 -0.0024081 0)
(-0.0314089 -0.00186404 0)
(-0.0136699 -0.00166056 0)
(-0.00166736 0.000242379 0)
(0.00203248 0.000890822 0)
(0.00395649 0.00250528 0)
(0.00326527 -0.00721767 0)
(-0.00212916 0.00655921 0)
(-0.0270479 0.00778746 0)
(-0.0560103 0.0105806 0)
(-0.0982731 0.0095737 0)
(-0.136679 -0.00404986 0)
(-0.171967 -0.000377369 0)
(-0.205022 0.00132655 0)
(-0.233871 0.0112422 0)
(-0.263077 0.0572035 0)
(-0.283255 0.0530285 0)
(-0.278546 0.0173978 0)
(-0.26778 -0.00403798 0)
(-0.234501 -0.023443 0)
(-0.19546 -0.0324371 0)
(-0.144374 -0.0382127 0)
(-0.0970881 -0.034193 0)
(-0.0527713 -0.0292793 0)
(-0.0207161 -0.0154668 0)
(-0.00451625 -0.00725812 0)
(0.00411603 0.00369918 0)
(0.00662585 -0.00626299 0)
(-0.00566785 0.0273542 0)
(-0.0507632 0.0525128 0)
(-0.109955 0.0690009 0)
(-0.180532 0.0727176 0)
(-0.252622 0.0699859 0)
(-0.328346 0.0659236 0)
(-0.387696 0.0598522 0)
(-0.445756 0.0558178 0)
(-0.47256 0.0534415 0)
(-0.467523 0.0376879 0)
(-0.452384 -0.00301286 0)
(-0.423552 -0.0379914 0)
(-0.371841 -0.0714474 0)
(-0.310204 -0.0902799 0)
(-0.23345 -0.101059 0)
(-0.160977 -0.0923372 0)
(-0.0918506 -0.0785205 0)
(-0.0408513 -0.0469433 0)
(-0.0107558 -0.0243531 0)
(0.00545981 0.0025542 0)
(0.00594264 -0.00841095 0)
(-0.0139342 0.0655658 0)
(-0.0859501 0.112132 0)
(-0.169101 0.142503 0)
(-0.265541 0.152579 0)
(-0.360901 0.146276 0)
(-0.453096 0.136144 0)
(-0.531081 0.1195 0)
(-0.59437 0.0981541 0)
(-0.630587 0.0765089 0)
(-0.636903 0.0326126 0)
(-0.617164 -0.0276226 0)
(-0.577841 -0.0846914 0)
(-0.509194 -0.137873 0)
(-0.426914 -0.170619 0)
(-0.324714 -0.188851 0)
(-0.227034 -0.175228 0)
(-0.131836 -0.150995 0)
(-0.061097 -0.0957318 0)
(-0.0161305 -0.054921 0)
(0.00728934 -0.00122929 0)
(6.28197e-165 0.00148566 0)
(-0.0205302 0.118825 0)
(-0.122197 0.206939 0)
(-0.224353 0.247297 0)
(-0.344646 0.263551 0)
(-0.459721 0.255909 0)
(-0.572674 0.235 0)
(-0.66652 0.200196 0)
(-0.743788 0.15475 0)
(-0.788441 0.0966173 0)
(-0.801464 0.0246856 0)
(-0.783017 -0.0618413 0)
(-0.737513 -0.145207 0)
(-0.655724 -0.222682 0)
(-0.554436 -0.27368 0)
(-0.425159 -0.301735 0)
(-0.300229 -0.283756 0)
(-0.173083 -0.245494 0)
(-0.0807247 -0.16099 0)
(-0.0163047 -0.0935567 0)
(0.0138299 -0.00546552 0)
(-5.12359e-266 0.0051584 0)
(-0.0784542 0.192144 0)
(-0.169135 0.314185 0)
(-0.290532 0.366682 0)
(-0.420585 0.387884 0)
(-0.552603 0.375341 0)
(-0.678616 0.343541 0)
(-0.788598 0.290863 0)
(-0.878861 0.220857 0)
(-0.938636 0.133446 0)
(-0.966824 0.0274574 0)
(-0.955899 -0.0925388 0)
(-0.911509 -0.211726 0)
(-0.820378 -0.322446 0)
(-0.702007 -0.400692 0)
(-0.543923 -0.445343 0)
(-0.387561 -0.426245 0)
(-0.22239 -0.373477 0)
(-0.103318 -0.250624 0)
(-0.0153067 -0.1526 0)
(0.0160495 -0.0025387 0)
(-0.0206336 0.0830347 0)
(-0.108602 0.28462 0)
(-0.212819 0.41943 0)
(-0.345727 0.497089 0)
(-0.491813 0.524956 0)
(-0.639503 0.512661 0)
(-0.78317 0.470341 0)
(-0.910901 0.399642 0)
(-1.02005 0.304639 0)
(-1.09848 0.184365 0)
(-1.14486 0.0424403 0)
(-1.1474 -0.11744 0)
(-1.1099 -0.279743 0)
(-1.01438 -0.433006 0)
(-0.881832 -0.548655 0)
(-0.692588 -0.617832 0)
(-0.501367 -0.603027 0)
(-0.28532 -0.531962 0)
(-0.137321 -0.364948 0)
(-0.0028091 -0.214665 0)
(5.74896e-266 -0.00401237 0)
(-0.0150184 0.136721 0)
(-0.103054 0.385436 0)
(-0.232583 0.551936 0)
(-0.384003 0.646487 0)
(-0.548317 0.682002 0)
(-0.713829 0.667068 0)
(-0.875112 0.615326 0)
(-1.0231 0.527681 0)
(-1.15367 0.408869 0)
(-1.25619 0.257734 0)
(-1.3271 0.0767562 0)
(-1.35069 -0.128527 0)
(-1.3284 -0.34426 0)
(-1.23604 -0.552587 0)
(-1.09437 -0.72176 0)
(-0.875714 -0.829622 0)
(-0.64474 -0.831825 0)
(-0.371687 -0.743451 0)
(-0.179944 -0.528643 0)
(-0.00264991 -0.299086 0)
(2.32998e-24 -1.23643e-24 0)
(-0.013257 0.197846 0)
(-0.106921 0.500442 0)
(-0.253046 0.698962 0)
(-0.419681 0.811148 0)
(-0.601004 0.853666 0)
(-0.782917 0.838037 0)
(-0.962243 0.778875 0)
(-1.13075 0.67719 0)
(-1.2847 0.537562 0)
(-1.41404 0.357203 0)
(-1.51345 0.137498 0)
(-1.5649 -0.116656 0)
(-1.56611 -0.393025 0)
(-1.48673 -0.668213 0)
(-1.34487 -0.906837 0)
(-1.10201 -1.0703 0)
(-0.831606 -1.10344 0)
(-0.491876 -1.00152 0)
(-0.244968 -0.726739 0)
(-0.0043839 -0.401744 0)
(9.58078e-77 -5.82496e-25 0)
(-0.011702 0.257577 0)
(-0.106958 0.626903 0)
(-0.264916 0.865544 0)
(-0.443151 0.995113 0)
(-0.637723 1.0458 0)
(-0.833132 1.02838 0)
(-1.02708 0.963511 0)
(-1.2139 0.849792 0)
(-1.38931 0.692356 0)
(-1.54566 0.485785 0)
(-1.67552 0.227865 0)
(-1.76012 -0.0770656 0)
(-1.79314 -0.421911 0)
(-1.73853 -0.776382 0)
(-1.60919 -1.10573 0)
(-1.35411 -1.34847 0)
(-1.04916 -1.44042 0)
(-0.639418 -1.33967 0)
(-0.324708 -1.01077 0)
(-0.00599003 -0.558346 0)
(2.67897e-164 -2.39519e-77 0)
(-0.0122069 0.31329 0)
(-0.111981 0.75197 0)
(-0.280393 1.03302 0)
(-0.467467 1.18183 0)
(-0.670487 1.2421 0)
(-0.873856 1.2255 0)
(-1.07559 1.15865 0)
(-1.27387 1.03802 0)
(-1.4635 0.868925 0)
(-1.64138 0.642549 0)
(-1.79769 0.352443 0)
(-1.9166 0.000482135 0)
(-1.9868 -0.41282 0)
(-1.97008 -0.853128 0)
(-1.87065 -1.28813 0)
(-1.62487 -1.63387 0)
(-1.30337 -1.81336 0)
(-0.834073 -1.73349 0)
(-0.447156 -1.34906 0)
(-0.072718 -0.738532 0)
(1.69066e-265 0.0125451 0)
(-0.0134353 0.382753 0)
(-0.114784 0.897265 0)
(-0.288539 1.2226 0)
(-0.477874 1.38597 0)
(-0.680933 1.45342 0)
(-0.883001 1.43348 0)
(-1.08152 1.36418 0)
(-1.27961 1.23722 0)
(-1.47075 1.05994 0)
(-1.65815 0.819133 0)
(-1.83044 0.502949 0)
(-1.97765 0.110848 0)
(-2.08526 -0.368189 0)
(-2.11615 -0.894928 0)
(-2.06536 -1.45021 0)
(-1.85667 -1.92224 0)
(-1.54415 -2.23034 0)
(-1.02947 -2.20953 0)
(-0.552169 -1.76658 0)
(-0.0718264 -1.0243 0)
(0.0501802 -0.0685718 0)
(-0.0175076 0.437188 0)
(-0.125397 1.02415 0)
(-0.30769 1.39324 0)
(-0.496762 1.57094 0)
(-0.690828 1.64542 0)
(-0.879952 1.62349 0)
(-1.0584 1.55424 0)
(-1.23866 1.4256 0)
(-1.41029 1.24704 0)
(-1.58756 1.00152 0)
(-1.75563 0.6724 0)
(-1.91753 0.255461 0)
(-2.05341 -0.272087 0)
(-2.13797 -0.872536 0)
(-2.15244 -1.54278 0)
(-2.01559 -2.15706 0)
(-1.75813 -2.63445 0)
(-1.2203 -2.73398 0)
(-0.692948 -2.30016 0)
(0.0376676 -1.34747 0)
(2.31875e-231 -0.0125451 0)
(-0.022901 0.528555 0)
(-0.134863 1.19051 0)
(-0.319105 1.5978 0)
(-0.498337 1.77018 0)
(-0.670264 1.83969 0)
(-0.831112 1.80132 0)
(-0.97121 1.72471 0)
(-1.11292 1.589 0)
(-1.24163 1.40937 0)
(-1.38334 1.16419 0)
(-1.52114 0.832492 0)
(-1.67307 0.40827 0)
(-1.81875 -0.148279 0)
(-1.94944 -0.796712 0)
(-2.04081 -1.57225 0)
(-2.01515 -2.32114 0)
(-1.87535 -3.02516 0)
(-1.41778 -3.29267 0)
(-0.885642 -3.01911 0)
(-0.00362063 -1.75318 0)
(5.6625e-202 4.512e-184 0)
(-0.0395731 0.58786 0)
(-0.17228 1.31427 0)
(-0.367563 1.7528 0)
(-0.534584 1.91655 0)
(-0.666123 1.97652 0)
(-0.779364 1.92094 0)
(-0.852782 1.83568 0)
(-0.929489 1.69464 0)
(-0.983855 1.51776 0)
(-1.06097 1.28151 0)
(-1.1353 0.963153 0)
(-1.24984 0.555263 0)
(-1.374 0.00713432 0)
(-1.53919 -0.646776 0)
(-1.69575 -1.46952 0)
(-1.8229 -2.31962 0)
(-1.84378 -3.21636 0)
(-1.58586 -3.73274 0)
(-1.12273 -3.69177 0)
(-0.0107727 -2.26258 0)
(1.8048e-183 8.09046e-186 0)
(-0.0586238 0.7483 0)
(-0.210563 1.5228 0)
(-0.403231 1.96944 0)
(-0.541417 2.07008 0)
(-0.612928 2.09154 0)
(-0.657616 1.98863 0)
(-0.643245 1.87901 0)
(-0.63191 1.72075 0)
(-0.588414 1.5425 0)
(-0.573804 1.31678 0)
(-0.556043 1.02104 0)
(-0.597692 0.649031 0)
(-0.665308 0.139109 0)
(-0.821478 -0.47178 0)
(-1.01917 -1.29186 0)
(-1.28188 -2.16976 0)
(-1.52728 -3.26745 0)
(-1.58843 -4.02101 0)
(-1.43406 -4.61222 0)
(-0.459748 -2.92263 0)
(4.36445e-254 -4.512e-184 0)
(-0.124174 0.842923 0)
(-0.343498 1.64571 0)
(-0.529292 2.07835 0)
(-0.621312 2.11649 0)
(-0.578363 2.09189 0)
(-0.515347 1.94629 0)
(-0.365292 1.81089 0)
(-0.232778 1.63877 0)
(-0.0584632 1.46112 0)
(0.0710452 1.25142 0)
(0.206344 0.989047 0)
(0.255626 0.67027 0)
(0.276634 0.234401 0)
(0.145214 -0.283649 0)
(-0.0390087 -1.00112 0)
(-0.463355 -1.80033 0)
(-0.87619 -2.88377 0)
(-1.5624 -3.82513 0)
(-1.70093 -4.73199 0)
(-2.06098 -3.77292 0)
(-2.54233e-264 -0.213303 0)
(-0.179284 1.23723 0)
(-0.433421 1.9322 0)
(-0.547969 2.26948 0)
(-0.535114 2.11942 0)
(-0.335292 1.99942 0)
(-0.126289 1.77528 0)
(0.180107 1.60308 0)
(0.452046 1.41409 0)
(0.764085 1.24076 0)
(1.0161 1.05369 0)
(1.27077 0.835764 0)
(1.42387 0.583551 0)
(1.54451 0.246012 0)
(1.4895 -0.146692 0)
(1.36334 -0.693921 0)
(0.946644 -1.3159 0)
(0.440243 -2.19877 0)
(-0.452521 -3.15222 0)
(-1.14378 -4.20211 0)
(-1.85275 -4.47807 0)
(-0.853211 -2.29966 0)
(-0.399695 1.42116 0)
(-0.729398 1.98568 0)
(-0.538162 2.17419 0)
(-0.280163 1.88704 0)
(0.247011 1.68419 0)
(0.679448 1.42319 0)
(1.2024 1.23468 0)
(1.63026 1.05289 0)
(2.08109 0.898967 0)
(2.43803 0.747569 0)
(2.78792 0.583424 0)
(3.01257 0.40501 0)
(3.20749 0.172019 0)
(3.19848 -0.0868336 0)
(3.14117 -0.454437 0)
(2.7375 -0.854772 0)
(2.28641 -1.48439 0)
(1.28747 -2.21046 0)
(0.40636 -3.33512 0)
(-0.728446 -3.98638 0)
(-0.698062 -2.96033 0)
(-0.255193 2.42817 0)
(-0.0971754 2.06533 0)
(0.688264 1.87088 0)
(1.32589 1.32666 0)
(2.12526 1.06046 0)
(2.73136 0.813457 0)
(3.36207 0.658738 0)
(3.85279 0.531457 0)
(4.3338 0.433526 0)
(4.70246 0.346506 0)
(5.05067 0.25943 0)
(5.27207 0.169062 0)
(5.46383 0.0565588 0)
(5.46616 -0.0676557 0)
(5.4336 -0.242718 0)
(5.08812 -0.439296 0)
(4.71593 -0.779308 0)
(3.79878 -1.23936 0)
(2.84589 -2.25303 0)
(1.08292 -3.32786 0)
(-0.0444473 -3.80026 0)
(1.66881 1.6711 0)
(2.70983 0.976437 0)
(4.55375 0.749414 0)
(5.39142 0.423454 0)
(6.25279 0.284769 0)
(6.75341 0.175602 0)
(7.22154 0.118661 0)
(7.53373 0.0787179 0)
(7.82223 0.0532018 0)
(8.01882 0.0338392 0)
(8.19921 0.0167979 0)
(8.29186 0.000632663 0)
(8.37164 -0.0197706 0)
(8.32454 -0.0405132 0)
(8.27464 -0.0763916 0)
(7.99825 -0.110464 0)
(7.74948 -0.201035 0)
(6.99921 -0.294738 0)
(6.26549 -0.627511 0)
(4.04754 -0.999569 0)
(2.00788 -1.82077 0)
)
;

boundaryField
{
    movingWall
    {
        type            fixedValue;
        value           uniform (10 0 0);
    }
    fixedWalls
    {
        type            noSlip;
    }
    frontAndBack
    {
        type            empty;
    }
}


// ************************************************************************* //
