/*--------------------------------*- C++ -*----------------------------------*\
| =========                 |                                                 |
| \\      /  F ield         | OpenFOAM: The Open Source CFD Toolbox           |
|  \\    /   O peration     | Version:  4.1                                   |
|   \\  /    A nd           | Web:      www.OpenFOAM.org                      |
|    \\/     M anipulation  |                                                 |
\*---------------------------------------------------------------------------*/
FoamFile
{
    version     2.0;
    format      ascii;
    class       volVectorField;
    location    "0.081";
    object      U;
}
// * * * * * * * * * * * * * * * * * * * * * * * * * * * * * * * * * * * * * //

dimensions      [0 1 -1 0 0 0 0];

internalField   nonuniform List<vector> 
441
(
(1.55638e-05 -2.03555e-05 0)
(-0.000373768 0.000326232 0)
(-0.00154368 0.000722503 0)
(-0.0033894 0.00103024 0)
(-0.00569013 0.00120409 0)
(-0.00818013 0.00124081 0)
(-0.0106049 0.0011536 0)
(-0.0127426 0.000962675 0)
(-0.0144134 0.000690964 0)
(-0.0154839 0.000362589 0)
(-0.0158691 2.71497e-06 0)
(-0.0155342 -0.000362095 0)
(-0.0144972 -0.00070356 0)
(-0.0128321 -0.000991861 0)
(-0.0106702 -0.00119666 0)
(-0.00819977 -0.00128927 0)
(-0.00565919 -0.00124636 0)
(-0.0033221 -0.00105601 0)
(-0.00146835 -0.00072767 0)
(-0.000320471 -0.00031646 0)
(3.00576e-05 3.17771e-05 0)
(-0.000338625 0.000355897 0)
(-0.00216598 0.00210581 0)
(-0.0057322 0.00397903 0)
(-0.0107591 0.00542465 0)
(-0.0167485 0.00623484 0)
(-0.0230974 0.00637859 0)
(-0.029215 0.00590988 0)
(-0.0345757 0.00492291 0)
(-0.0387484 0.00353011 0)
(-0.0414111 0.00185283 0)
(-0.0423593 1.89478e-05 0)
(-0.0415119 -0.00183675 0)
(-0.0389167 -0.00357194 0)
(-0.034756 -0.00503842 0)
(-0.029347 -0.00608761 0)
(-0.0231371 -0.00658179 0)
(-0.0166844 -0.00641281 0)
(-0.0106183 -0.00553163 0)
(-0.00557221 -0.0039956 0)
(-0.00205054 -0.00205521 0)
(-0.000307509 -0.000304832 0)
(-0.000782659 0.00153602 0)
(-0.00429622 0.00568463 0)
(-0.0102669 0.00967072 0)
(-0.0181862 0.0126445 0)
(-0.0273259 0.0142505 0)
(-0.0368418 0.0144309 0)
(-0.0459132 0.0132931 0)
(-0.0538088 0.0110322 0)
(-0.0599277 0.00788771 0)
(-0.0638212 0.00412339 0)
(-0.0652046 1.9502e-05 0)
(-0.0639662 -0.00412818 0)
(-0.0601742 -0.00800893 0)
(-0.0540826 -0.0113018 0)
(-0.0461323 -0.0136886 0)
(-0.0369423 -0.0148782 0)
(-0.0272845 -0.0146462 0)
(-0.0180308 -0.0128932 0)
(-0.0100692 -0.00972791 0)
(-0.00414383 -0.00559244 0)
(-0.000738865 -0.00143266 0)
(-0.00122183 0.00353875 0)
(-0.00642229 0.011107 0)
(-0.0147472 0.0177866 0)
(-0.025402 0.022571 0)
(-0.0374146 0.0250241 0)
(-0.0497279 0.025098 0)
(-0.0613421 0.022981 0)
(-0.0713794 0.0189969 0)
(-0.0791244 0.0135429 0)
(-0.0840454 0.00705749 0)
(-0.0858057 7.64002e-06 0)
(-0.0842715 -0.00711418 0)
(-0.0795199 -0.0137917 0)
(-0.0718458 -0.0194929 0)
(-0.0617658 -0.0236907 0)
(-0.0500118 -0.0259029 0)
(-0.0375085 -0.0257538 0)
(-0.0253207 -0.0230614 0)
(-0.0145689 -0.0179511 0)
(-0.00625854 -0.010999 0)
(-0.00116925 -0.00337972 0)
(-0.00163999 0.0063372 0)
(-0.00847614 0.0183532 0)
(-0.0191014 0.0283009 0)
(-0.0324046 0.035135 0)
(-0.0471477 0.0384279 0)
(-0.0620621 0.0382033 0)
(-0.0759922 0.0347764 0)
(-0.0879486 0.0286346 0)
(-0.0971394 0.0203609 0)
(-0.102981 0.0105926 0)
(-0.105105 4.59508e-06 0)
(-0.10336 -0.0106934 0)
(-0.0978196 -0.0207572 0)
(-0.0887922 -0.0294174 0)
(-0.0768324 -0.0359062 0)
(-0.0627438 -0.0395108 0)
(-0.0475685 -0.0396574 0)
(-0.0325461 -0.0360266 0)
(-0.0190371 -0.0286957 0)
(-0.00834399 -0.0182953 0)
(-0.00158599 -0.00613359 0)
(-0.00204821 0.00990103 0)
(-0.0104937 0.0273855 0)
(-0.0233944 0.0411727 0)
(-0.0393026 0.0502727 0)
(-0.0566949 0.0543609 0)
(-0.074088 0.0536129 0)
(-0.0901846 0.0485314 0)
(-0.103911 0.0398107 0)
(-0.114428 0.0282482 0)
(-0.121128 0.0146967 0)
(-0.123627 4.86183e-05 0)
(-0.121757 -0.0147624 0)
(-0.115578 -0.0287557 0)
(-0.105386 -0.0409088 0)
(-0.0917374 -0.0501854 0)
(-0.0754721 -0.0555986 0)
(-0.0577211 -0.0563154 0)
(-0.0398887 -0.051802 0)
(-0.0235908 -0.0419991 0)
(-0.0104636 -0.0275033 0)
(-0.0020061 -0.00968799 0)
(-0.00246307 0.0142256 0)
(-0.0125389 0.0381985 0)
(-0.0277268 0.0563868 0)
(-0.0462185 0.0679404 0)
(-0.0661887 0.072741 0)
(-0.0859392 0.0712114 0)
(-0.104049 0.0641166 0)
(-0.119389 0.0524089 0)
(-0.131108 0.0371282 0)
(-0.138602 0.0193534 0)
(-0.141489 0.000192202 0)
(-0.139592 -0.0192053 0)
(-0.132941 -0.0376277 0)
(-0.121794 -0.0537949 0)
(-0.10667 -0.0663793 0)
(-0.0884031 -0.0740727 0)
(-0.0681776 -0.0757074 0)
(-0.0475453 -0.0704349 0)
(-0.0283879 -0.0579466 0)
(-0.0127132 -0.0387008 0)
(-0.00245338 -0.0140747 0)
(-0.00290125 0.0193347 0)
(-0.0146765 0.050823 0)
(-0.0321911 0.0739452 0)
(-0.0532393 0.0880868 0)
(-0.0756766 0.093458 0)
(-0.0975992 0.0908433 0)
(-0.117493 0.0813593 0)
(-0.134215 0.0662742 0)
(-0.146945 0.0468978 0)
(-0.155123 0.024537 0)
(-0.158393 0.000499283 0)
(-0.156577 -0.0238732 0)
(-0.149665 -0.047161 0)
(-0.137843 -0.0678367 0)
(-0.121549 -0.0842682 0)
(-0.101551 -0.0947775 0)
(-0.0790344 -0.0977741 0)
(-0.0556601 -0.0919691 0)
(-0.0335719 -0.0766575 0)
(-0.0151893 -0.0520236 0)
(-0.00295203 -0.0193673 0)
(-0.00337883 0.0252785 0)
(-0.0169656 0.0653177 0)
(-0.0368559 0.0938474 0)
(-0.0603903 0.110618 0)
(-0.0850881 0.116323 0)
(-0.108864 0.112253 0)
(-0.13016 0.0999818 0)
(-0.147884 0.0811582 0)
(-0.161309 0.057385 0)
(-0.16997 0.0301873 0)
(-0.173574 0.00104011 0)
(-0.171954 -0.0285668 0)
(-0.165053 -0.0570511 0)
(-0.152953 -0.0826695 0)
(-0.135949 -0.103488 0)
(-0.114668 -0.117418 0)
(-0.0902096 -0.122347 0)
(-0.0642757 -0.116391 0)
(-0.0392424 -0.0982536 0)
(-0.0179762 -0.0676525 0)
(-0.00352479 -0.0256789 0)
(-0.00391288 0.0321327 0)
(-0.0194631 0.0817568 0)
(-0.0417618 0.11606 0)
(-0.0676185 0.135346 0)
(-0.0942042 0.141005 0)
(-0.1193 0.135014 0)
(-0.141385 0.119534 0)
(-0.159508 0.0966595 0)
(-0.173123 0.0683021 0)
(-0.181925 0.0361799 0)
(-0.185736 0.00188203 0)
(-0.184425 -0.0330239 0)
(-0.177882 -0.0668647 0)
(-0.166049 -0.0977423 0)
(-0.149012 -0.12345 0)
(-0.127156 -0.141464 0)
(-0.101371 -0.149052 0)
(-0.0732843 -0.143548 0)
(-0.0454299 -0.122804 0)
(-0.0211399 -0.0857866 0)
(-0.00419284 -0.0331573 0)
(-0.0045245 0.0400011 0)
(-0.0222308 0.100216 0)
(-0.0469199 0.140476 0)
(-0.0747721 0.161926 0)
(-0.102615 0.166951 0)
(-0.128182 0.15845 0)
(-0.150117 0.139317 0)
(-0.167737 0.11216 0)
(-0.180782 0.0791981 0)
(-0.1892 0.0422945 0)
(-0.192983 0.00307423 0)
(-0.192069 -0.0369141 0)
(-0.186301 -0.0760115 0)
(-0.175455 -0.112263 0)
(-0.159332 -0.143258 0)
(-0.137954 -0.166048 0)
(-0.111842 -0.177195 0)
(-0.0823618 -0.17304 0)
(-0.0520646 -0.150243 0)
(-0.0247208 -0.106603 0)
(-0.00497594 -0.0419791 0)
(-0.0052424 0.0490233 0)
(-0.0253415 0.120751 0)
(-0.0522993 0.166855 0)
(-0.0815559 0.189764 0)
(-0.109642 0.193285 0)
(-0.134403 0.181535 0)
(-0.154826 0.158305 0)
(-0.170663 0.126763 0)
(-0.182077 0.0894105 0)
(-0.189357 0.0481795 0)
(-0.192736 0.00462499 0)
(-0.19226 -0.0398485 0)
(-0.187743 -0.0837334 0)
(-0.178775 -0.125157 0)
(-0.164816 -0.161628 0)
(-0.145395 -0.189841 0)
(-0.120461 -0.205611 0)
(-0.0908651 -0.204068 0)
(-0.0589197 -0.180255 0)
(-0.028718 -0.130198 0)
(-0.00589137 -0.0523429 0)
(-0.00610577 0.0593876 0)
(-0.0288749 0.143371 0)
(-0.0577798 0.194727 0)
(-0.087429 0.217888 0)
(-0.114198 0.218674 0)
(-0.136302 0.202784 0)
(-0.153336 0.175059 0)
(-0.165689 0.139238 0)
(-0.174081 0.0980286 0)
(-0.179237 0.0533222 0)
(-0.181679 0.00647134 0)
(-0.181608 -0.041409 0)
(-0.178836 -0.0891246 0)
(-0.172781 -0.135065 0)
(-0.162526 -0.176843 0)
(-0.14701 -0.210949 0)
(-0.12539 -0.232497 0)
(-0.0976633 -0.235238 0)
(-0.0655066 -0.212099 0)
(-0.0330508 -0.156489 0)
(-0.0069493 -0.0644567 0)
(-0.00716209 0.0713446 0)
(-0.0328768 0.167962 0)
(-0.0630218 0.223239 0)
(-0.0913812 0.244756 0)
(-0.1145 0.241162 0)
(-0.131389 0.22014 0)
(-0.142588 0.187671 0)
(-0.149343 0.147995 0)
(-0.153043 0.103884 0)
(-0.154892 0.0570331 0)
(-0.155731 0.00844482 0)
(-0.155938 -0.0412049 0)
(-0.155365 -0.0912023 0)
(-0.153309 -0.140402 0)
(-0.148513 -0.186767 0)
(-0.139282 -0.226847 0)
(-0.123809 -0.255251 0)
(-0.100852 -0.264315 0)
(-0.0708696 -0.244358 0)
(-0.0374688 -0.185062 0)
(-0.00813853 -0.0785124 0)
(-0.00844687 0.0852024 0)
(-0.0372204 0.194122 0)
(-0.0671406 0.25086 0)
(-0.0914625 0.267964 0)
(-0.107559 0.257969 0)
(-0.11587 0.230881 0)
(-0.118273 0.193765 0)
(-0.117039 0.151135 0)
(-0.114252 0.105601 0)
(-0.111558 0.0584688 0)
(-0.110071 0.0102438 0)
(-0.110338 -0.0389598 0)
(-0.112298 -0.0890452 0)
(-0.115224 -0.139522 0)
(-0.117648 -0.188986 0)
(-0.117343 -0.234425 0)
(-0.111487 -0.270355 0)
(-0.097266 -0.287938 0)
(-0.073181 -0.274576 0)
(-0.0413392 -0.214894 0)
(-0.00938672 -0.0946238 0)
(-0.00990908 0.101256 0)
(-0.0412028 0.220794 0)
(-0.0679444 0.274876 0)
(-0.0838332 0.283849 0)
(-0.0882579 0.265303 0)
(-0.0839053 0.231637 0)
(-0.0743178 0.190624 0)
(-0.0627891 0.146627 0)
(-0.0519455 0.101757 0)
(-0.0436909 0.0567255 0)
(-0.0392699 0.0114339 0)
(-0.0393317 -0.0346205 0)
(-0.0439363 -0.0820131 0)
(-0.052478 -0.131028 0)
(-0.0635259 -0.181146 0)
(-0.0746212 -0.230252 0)
(-0.0821577 -0.273431 0)
(-0.081658 -0.301365 0)
(-0.0689362 -0.298741 0)
(-0.0431423 -0.243873 0)
(-0.0104522 -0.112674 0)
(-0.011146 0.119451 0)
(-0.0424374 0.245361 0)
(-0.0602064 0.290487 0)
(-0.0609333 0.286984 0)
(-0.0478166 0.258317 0)
(-0.0265379 0.218653 0)
(-0.00226697 0.175603 0)
(0.0210509 0.132713 0)
(0.040684 0.0912101 0)
(0.0548425 0.0510498 0)
(0.0624122 0.0115119 0)
(0.0627754 -0.0284608 0)
(0.0557469 -0.0700339 0)
(0.0416444 -0.114237 0)
(0.0215096 -0.16156 0)
(-0.00251154 -0.211194 0)
(-0.0266794 -0.259645 0)
(-0.0453435 -0.29839 0)
(-0.0513638 -0.310604 0)
(-0.0392591 -0.267875 0)
(-0.0106007 -0.131892 0)
(-0.0105077 0.138538 0)
(-0.033806 0.261989 0)
(-0.0318049 0.289621 0)
(-0.00812586 0.269976 0)
(0.0285076 0.231644 0)
(0.0695785 0.18865 0)
(0.109209 0.147003 0)
(0.143761 0.108661 0)
(0.171162 0.0736694 0)
(0.190268 0.0412092 0)
(0.200434 0.0100742 0)
(0.201257 -0.0211313 0)
(0.192466 -0.0539097 0)
(0.17396 -0.0897929 0)
(0.14602 -0.13014 0)
(0.109767 -0.175602 0)
(0.0679419 -0.224855 0)
(0.025921 -0.271912 0)
(-0.00730824 -0.301143 0)
(-0.0209953 -0.279306 0)
(-0.00757448 -0.149899 0)
(-0.000917569 0.152072 0)
(0.00496056 0.256845 0)
(0.0442721 0.25893 0)
(0.101592 0.223954 0)
(0.164051 0.181019 0)
(0.22295 0.140608 0)
(0.27401 0.105595 0)
(0.315431 0.0759141 0)
(0.346702 0.0504992 0)
(0.367829 0.0280207 0)
(0.378913 0.00711551 0)
(0.379918 -0.0135877 0)
(0.370568 -0.035525 0)
(0.350333 -0.0602701 0)
(0.318543 -0.0895546 0)
(0.274705 -0.125086 0)
(0.219237 -0.167803 0)
(0.154763 -0.215664 0)
(0.0884893 -0.258187 0)
(0.0328141 -0.263616 0)
(0.00675382 -0.159193 0)
(0.0495087 0.145077 0)
(0.131404 0.207474 0)
(0.225981 0.184156 0)
(0.314614 0.144459 0)
(0.392124 0.108329 0)
(0.455886 0.0793466 0)
(0.506244 0.0569032 0)
(0.544457 0.0394624 0)
(0.571935 0.0255292 0)
(0.589846 0.013847 0)
(0.598962 0.00336543 0)
(0.59959 -0.00685704 0)
(0.591538 -0.0177696 0)
(0.574064 -0.0304577 0)
(0.54583 -0.0462797 0)
(0.504893 -0.0669762 0)
(0.448878 -0.0945929 0)
(0.375419 -0.130622 0)
(0.283936 -0.172657 0)
(0.175018 -0.201183 0)
(0.0650033 -0.144568 0)
(0.320811 0.0484879 0)
(0.500065 0.0579288 0)
(0.618458 0.0489195 0)
(0.694156 0.0365525 0)
(0.747746 0.0259456 0)
(0.785844 0.0180713 0)
(0.812967 0.012396 0)
(0.832003 0.00825876 0)
(0.844879 0.0051265 0)
(0.852833 0.00260876 0)
(0.85659 0.000412918 0)
(0.856461 -0.0017024 0)
(0.852376 -0.00396936 0)
(0.843845 -0.00665186 0)
(0.829847 -0.0100887 0)
(0.808584 -0.014733 0)
(0.777055 -0.0211376 0)
(0.729956 -0.0297376 0)
(0.65826 -0.03978 0)
(0.536212 -0.0476999 0)
(0.331499 -0.0475949 0)
)
;

boundaryField
{
    movingWall
    {
        type            fixedValue;
        value           uniform (1 0 0);
    }
    fixedWalls
    {
        type            noSlip;
    }
    frontAndBack
    {
        type            empty;
    }
}


// ************************************************************************* //
