/*--------------------------------*- C++ -*----------------------------------*\
| =========                 |                                                 |
| \\      /  F ield         | OpenFOAM: The Open Source CFD Toolbox           |
|  \\    /   O peration     | Version:  4.1                                   |
|   \\  /    A nd           | Web:      www.OpenFOAM.org                      |
|    \\/     M anipulation  |                                                 |
\*---------------------------------------------------------------------------*/
FoamFile
{
    version     2.0;
    format      ascii;
    class       volVectorField;
    location    "0.0355";
    object      U;
}
// * * * * * * * * * * * * * * * * * * * * * * * * * * * * * * * * * * * * * //

dimensions      [0 1 -1 0 0 0 0];

internalField   nonuniform List<vector> 
441
(
(0.00328404 -0.00457379 0)
(0.00820741 -0.00265473 0)
(-0.000663729 -2.2138e-165 0)
(0.00161985 -2.58023e-266 0)
(-0.00926727 -0.00647996 0)
(-0.00161985 -2.60784e-232 0)
(-1.08045e-202 -4.14894e-203 0)
(-1.03706e-203 -5.19957e-228 0)
(-1.39906e-212 -2.16647e-213 0)
(-0.00493206 7.47866e-266 0)
(-0.0587597 0.0197303 0)
(-0.0745986 0.0106231 0)
(-0.0854084 0.00515716 0)
(-0.0775878 0.000918182 0)
(-0.0672502 -0.000721739 0)
(-0.0491085 -0.00201267 0)
(-0.0326965 -0.00166073 0)
(-0.0161463 -0.00164866 0)
(-0.00417345 -2.26848e-05 0)
(0.000712911 0.000576338 0)
(0.00357507 0.00225364 0)
(0.0030396 -0.00671145 0)
(-0.00292023 0.00659107 0)
(-0.0276459 0.00760602 0)
(-0.055669 0.0107968 0)
(-0.0957121 0.00898468 0)
(-0.130908 -0.00468282 0)
(-0.162454 -0.000545703 0)
(-0.191243 0.00114291 0)
(-0.215768 0.0101741 0)
(-0.240595 0.0520188 0)
(-0.257597 0.0482508 0)
(-0.25274 0.0163027 0)
(-0.243604 -0.0025711 0)
(-0.214962 -0.0196898 0)
(-0.181746 -0.027787 0)
(-0.137362 -0.0335982 0)
(-0.0956129 -0.0310773 0)
(-0.05491 -0.027998 0)
(-0.0240056 -0.0164042 0)
(-0.00649512 -0.00906165 0)
(0.00356177 0.0022393 0)
(0.00623703 -0.00526816 0)
(-0.00619416 0.0276428 0)
(-0.0502612 0.0513611 0)
(-0.106549 0.0660042 0)
(-0.172126 0.0677605 0)
(-0.23819 0.0632393 0)
(-0.305948 0.0581651 0)
(-0.356984 0.0515234 0)
(-0.40631 0.0474136 0)
(-0.427062 0.0456338 0)
(-0.41985 0.032691 0)
(-0.404962 -0.00234902 0)
(-0.379484 -0.0320164 0)
(-0.334854 -0.0607895 0)
(-0.282368 -0.0774608 0)
(-0.216145 -0.0883879 0)
(-0.152902 -0.083043 0)
(-0.0905704 -0.0736897 0)
(-0.0428323 -0.0474052 0)
(-0.0124921 -0.0273574 0)
(0.00477748 -0.000189633 0)
(0.00588297 -0.00694414 0)
(-0.0129373 0.0646523 0)
(-0.0816127 0.108066 0)
(-0.15931 0.134679 0)
(-0.247883 0.140935 0)
(-0.333784 0.131538 0)
(-0.414958 0.119516 0)
(-0.481586 0.102184 0)
(-0.534088 0.082036 0)
(-0.562058 0.0632358 0)
(-0.563954 0.0259002 0)
(-0.544054 -0.0250525 0)
(-0.508879 -0.0727885 0)
(-0.44948 -0.117799 0)
(-0.379627 -0.146288 0)
(-0.29223 -0.164355 0)
(-0.208231 -0.156115 0)
(-0.124085 -0.139554 0)
(-0.0597911 -0.093714 0)
(-0.0165734 -0.0579721 0)
(0.00667709 -0.00512752 0)
(6.06974e-165 0.00147074 0)
(-0.0185671 0.114735 0)
(-0.113791 0.197009 0)
(-0.207563 0.231062 0)
(-0.316533 0.241342 0)
(-0.418691 0.228807 0)
(-0.516928 0.204985 0)
(-0.595981 0.169837 0)
(-0.659154 0.127401 0)
(-0.692796 0.0761176 0)
(-0.699069 0.0150926 0)
(-0.679167 -0.0571867 0)
(-0.637973 -0.125874 0)
(-0.567249 -0.190285 0)
(-0.481819 -0.233668 0)
(-0.372398 -0.260458 0)
(-0.266745 -0.249782 0)
(-0.156461 -0.223044 0)
(-0.0748886 -0.153327 0)
(-0.015219 -0.0945599 0)
(0.0130771 -0.00922552 0)
(-4.99505e-266 0.00492081 0)
(-0.0736391 0.182672 0)
(-0.1558 0.295388 0)
(-0.26571 0.339098 0)
(-0.38136 0.352029 0)
(-0.496946 0.332957 0)
(-0.604791 0.29737 0)
(-0.69633 0.244664 0)
(-0.76893 0.179551 0)
(-0.814021 0.102453 0)
(-0.831926 0.0124932 0)
(-0.81724 -0.0870523 0)
(-0.776271 -0.18448 0)
(-0.697462 -0.275315 0)
(-0.598219 -0.340655 0)
(-0.46561 -0.381495 0)
(-0.335137 -0.371031 0)
(-0.194128 -0.33417 0)
(-0.0913237 -0.233198 0)
(-0.0114669 -0.148926 0)
(0.0158798 -0.00625434 0)
(-0.0196832 0.0782332 0)
(-0.101041 0.267263 0)
(-0.194697 0.389549 0)
(-0.313601 0.455054 0)
(-0.442375 0.472014 0)
(-0.57041 0.451081 0)
(-0.692308 0.403824 0)
(-0.797705 0.333286 0)
(-0.884961 0.245 0)
(-0.944414 0.138944 0)
(-0.976368 0.0187844 0)
(-0.971933 -0.113074 0)
(-0.936058 -0.244718 0)
(-0.853263 -0.369018 0)
(-0.742554 -0.464067 0)
(-0.584471 -0.524918 0)
(-0.426408 -0.51906 0)
(-0.243669 -0.468797 0)
(-0.118939 -0.333025 0)
(0.000863816 -0.20337 0)
(5.54347e-266 -0.00396994 0)
(-0.0141255 0.127928 0)
(-0.0945309 0.358757 0)
(-0.211338 0.508625 0)
(-0.346625 0.587615 0)
(-0.491255 0.609261 0)
(-0.634428 0.583334 0)
(-0.770895 0.525118 0)
(-0.892989 0.437343 0)
(-0.997646 0.326708 0)
(-1.07681 0.193409 0)
(-1.12886 0.0403631 0)
(-1.14168 -0.12832 0)
(-1.11828 -0.302729 0)
(-1.03788 -0.470694 0)
(-0.919384 -0.608734 0)
(-0.736472 -0.70104 0)
(-0.545297 -0.710154 0)
(-0.315517 -0.647058 0)
(-0.1549 -0.473435 0)
(-0.00181953 -0.276599 0)
(2.08324e-24 -1.43387e-24 0)
(-0.0122925 0.183828 0)
(-0.0977991 0.46278 0)
(-0.230355 0.640361 0)
(-0.379913 0.733413 0)
(-0.540408 0.758856 0)
(-0.698536 0.729463 0)
(-0.851168 0.661801 0)
(-0.991402 0.559189 0)
(-1.11651 0.428755 0)
(-1.21915 0.269684 0)
(-1.29608 0.0842291 0)
(-1.33326 -0.124074 0)
(-1.33018 -0.347246 0)
(-1.26052 -0.568901 0)
(-1.14084 -0.763381 0)
(-0.935227 -0.901347 0)
(-0.70843 -0.936479 0)
(-0.419643 -0.863258 0)
(-0.211445 -0.640045 0)
(-0.00381383 -0.36457 0)
(8.58481e-77 -5.20811e-25 0)
(-0.0108424 0.238787 0)
(-0.0984821 0.578482 0)
(-0.243502 0.791688 0)
(-0.405343 0.898424 0)
(-0.579734 0.928592 0)
(-0.751856 0.894314 0)
(-0.919401 0.818486 0)
(-1.07791 0.702516 0)
(-1.22406 0.554766 0)
(-1.35281 0.372417 0)
(-1.45876 0.154722 0)
(-1.52704 -0.0953275 0)
(-1.55294 -0.375061 0)
(-1.50454 -0.662393 0)
(-1.39337 -0.933371 0)
(-1.17239 -1.13842 0)
(-0.909704 -1.2242 0)
(-0.553971 -1.1526 0)
(-0.282998 -0.884322 0)
(-0.00519544 -0.501056 0)
(2.40124e-164 -2.1462e-77 0)
(-0.0115447 0.290089 0)
(-0.105363 0.693787 0)
(-0.263309 0.945224 0)
(-0.436755 1.06764 0)
(-0.622655 1.10399 0)
(-0.805964 1.06742 0)
(-0.984713 0.987041 0)
(-1.15816 0.862642 0)
(-1.32196 0.703416 0)
(-1.47526 0.503686 0)
(-1.60987 0.258958 0)
(-1.71313 -0.0303067 0)
(-1.77467 -0.368128 0)
(-1.75977 -0.729321 0)
(-1.67122 -1.09261 0)
(-1.45042 -1.38801 0)
(-1.16223 -1.55022 0)
(-0.741496 -1.49637 0)
(-0.398052 -1.17843 0)
(-0.0655515 -0.658258 0)
(1.53409e-265 0.011531 0)
(-0.0131608 0.356775 0)
(-0.111557 0.832438 0)
(-0.279337 1.12475 0)
(-0.460169 1.25863 0)
(-0.65195 1.29916 0)
(-0.84041 1.25651 0)
(-1.02311 1.17148 0)
(-1.20408 1.03942 0)
(-1.3774 0.872051 0)
(-1.54791 0.659588 0)
(-1.70503 0.392409 0)
(-1.84069 0.0682687 0)
(-1.94017 -0.328458 0)
(-1.96843 -0.768255 0)
(-1.91893 -1.24241 0)
(-1.72065 -1.65349 0)
(-1.42513 -1.93251 0)
(-0.94447 -1.92915 0)
(-0.504215 -1.55526 0)
(-0.0661924 -0.916354 0)
(0.0461239 -0.0620693 0)
(-0.0177651 0.410545 0)
(-0.126837 0.957061 0)
(-0.30943 1.29101 0)
(-0.497321 1.43703 0)
(-0.688637 1.48248 0)
(-0.873757 1.43604 0)
(-1.04719 1.34974 0)
(-1.22203 1.21533 0)
(-1.38806 1.04682 0)
(-1.56021 0.830569 0)
(-1.7234 0.55205 0)
(-1.88093 0.204844 0)
(-2.0114 -0.238551 0)
(-2.08989 -0.75031 0)
(-2.0953 -1.33621 0)
(-1.95151 -1.8838 0)
(-1.68816 -2.32077 0)
(-1.16184 -2.42494 0)
(-0.652603 -2.05 0)
(0.0341196 -1.21441 0)
(2.15402e-231 -0.011531 0)
(-0.0238187 0.504268 0)
(-0.141864 1.12719 0)
(-0.333884 1.49907 0)
(-0.520809 1.63893 0)
(-0.700417 1.67866 0)
(-0.869049 1.61531 0)
(-1.01728 1.52152 0)
(-1.16761 1.38009 0)
(-1.30511 1.2106 0)
(-1.45532 0.994437 0)
(-1.60008 0.712389 0)
(-1.75609 0.355548 0)
(-1.90047 -0.120607 0)
(-2.02304 -0.685641 0)
(-2.09683 -1.38135 0)
(-2.04703 -2.06554 0)
(-1.87775 -2.72288 0)
(-1.40068 -2.98191 0)
(-0.860479 -2.74682 0)
(-0.00395459 -1.60248 0)
(5.4015e-202 4.37281e-184 0)
(-0.0410975 0.569031 0)
(-0.184532 1.26102 0)
(-0.394953 1.66592 0)
(-0.578662 1.79791 0)
(-0.728641 1.82887 0)
(-0.861744 1.74924 0)
(-0.95657 1.64772 0)
(-1.05562 1.50154 0)
(-1.13238 1.33453 0)
(-1.23032 1.12563 0)
(-1.32197 0.853362 0)
(-1.44778 0.506873 0)
(-1.57458 0.0305545 0)
(-1.73116 -0.550895 0)
(-1.8655 -1.30564 0)
(-1.95695 -2.1007 0)
(-1.93013 -2.95321 0)
(-1.62472 -3.45153 0)
(-1.12283 -3.42542 0)
(-0.00967364 -2.1028 0)
(1.74912e-183 1.45702e-184 0)
(-0.0605233 0.737612 0)
(-0.22631 1.48533 0)
(-0.439555 1.90238 0)
(-0.601529 1.97385 0)
(-0.700205 1.96862 0)
(-0.774507 1.84371 0)
(-0.792018 1.71933 0)
(-0.813428 1.55632 0)
(-0.802144 1.38663 0)
(-0.816658 1.18474 0)
(-0.822569 0.928993 0)
(-0.879385 0.609559 0)
(-0.951554 0.16009 0)
(-1.09923 -0.39225 0)
(-1.27402 -1.15965 0)
(-1.49734 -1.99819 0)
(-1.68791 -3.06153 0)
(-1.68242 -3.7972 0)
(-1.46584 -4.38136 0)
(-0.450707 -2.77071 0)
(4.27789e-254 -4.37281e-184 0)
(-0.125884 0.841476 0)
(-0.358878 1.62679 0)
(-0.566607 2.03555 0)
(-0.685122 2.04863 0)
(-0.673469 2.00078 0)
(-0.644865 1.83592 0)
(-0.532036 1.68735 0)
(-0.43743 1.51043 0)
(-0.300096 1.33894 0)
(-0.203358 1.14797 0)
(-0.0941148 0.917586 0)
(-0.0606267 0.640982 0)
(-0.043927 0.253174 0)
(-0.165888 -0.219785 0)
(-0.328547 -0.900087 0)
(-0.715258 -1.67592 0)
(-1.07871 -2.7429 0)
(-1.6927 -3.67332 0)
(-1.7635 -4.57244 0)
(-2.04072 -3.64404 0)
(-2.48222e-264 -0.209814 0)
(-0.179976 1.24334 0)
(-0.443151 1.93023 0)
(-0.575255 2.25066 0)
(-0.58554 2.08097 0)
(-0.414773 1.94219 0)
(-0.238681 1.7021 0)
(0.0312617 1.51859 0)
(0.265654 1.32464 0)
(0.540733 1.15462 0)
(0.759926 0.980352 0)
(0.988707 0.785248 0)
(1.12651 0.563715 0)
(1.24393 0.261314 0)
(1.19912 -0.098656 0)
(1.09413 -0.621 0)
(0.70965 -1.23121 0)
(0.242795 -2.1133 0)
(-0.596087 -3.0685 0)
(-1.22721 -4.11979 0)
(-1.86547 -4.3948 0)
(-0.839256 -2.27327 0)
(-0.398882 1.42996 0)
(-0.729705 1.99329 0)
(-0.546635 2.17201 0)
(-0.30294 1.87151 0)
(0.203176 1.65522 0)
(0.60961 1.3825 0)
(1.10189 1.1854 0)
(1.49684 0.999322 0)
(1.91421 0.846661 0)
(2.24071 0.702809 0)
(2.56605 0.552842 0)
(2.77599 0.393824 0)
(2.96774 0.183279 0)
(2.96881 -0.0546629 0)
(2.93201 -0.406837 0)
(2.55782 -0.801558 0)
(2.13833 -1.43559 0)
(1.17554 -2.17097 0)
(0.331261 -3.30369 0)
(-0.759623 -3.95614 0)
(-0.694585 -2.95309 0)
(-0.253641 2.43374 0)
(-0.0907172 2.07265 0)
(0.695996 1.87473 0)
(1.32927 1.32402 0)
(2.11767 1.05083 0)
(2.70717 0.797646 0)
(3.31616 0.638461 0)
(3.78217 0.508988 0)
(4.23723 0.411673 0)
(4.58184 0.328343 0)
(4.91062 0.248039 0)
(5.12062 0.166779 0)
(5.31076 0.0644642 0)
(5.32264 -0.050603 0)
(5.30865 -0.219813 0)
(4.98836 -0.415379 0)
(4.64169 -0.760374 0)
(3.74787 -1.22764 0)
(2.81324 -2.24914 0)
(1.06829 -3.32338 0)
(-0.0426101 -3.8015 0)
(1.66983 1.67212 0)
(2.71517 0.977927 0)
(4.56317 0.750603 0)
(5.40177 0.423678 0)
(6.25999 0.283886 0)
(6.75366 0.173792 0)
(7.21162 0.116278 0)
(7.51182 0.0761954 0)
(7.78777 0.0510452 0)
(7.97324 0.0325199 0)
(8.14545 0.0167548 0)
(8.23484 0.00205142 0)
(8.3168 -0.0169099 0)
(8.27798 -0.0367457 0)
(8.24018 -0.0724576 0)
(7.97833 -0.107456 0)
(7.74165 -0.199842 0)
(6.99977 -0.295637 0)
(6.26832 -0.630322 0)
(4.04973 -1.00282 0)
(2.01132 -1.82499 0)
)
;

boundaryField
{
    movingWall
    {
        type            fixedValue;
        value           uniform (10 0 0);
    }
    fixedWalls
    {
        type            noSlip;
    }
    frontAndBack
    {
        type            empty;
    }
}


// ************************************************************************* //
