/*--------------------------------*- C++ -*----------------------------------*\
| =========                 |                                                 |
| \\      /  F ield         | OpenFOAM: The Open Source CFD Toolbox           |
|  \\    /   O peration     | Version:  4.1                                   |
|   \\  /    A nd           | Web:      www.OpenFOAM.org                      |
|    \\/     M anipulation  |                                                 |
\*---------------------------------------------------------------------------*/
FoamFile
{
    version     2.0;
    format      ascii;
    class       volVectorField;
    location    "0.0853";
    object      U;
}
// * * * * * * * * * * * * * * * * * * * * * * * * * * * * * * * * * * * * * //

dimensions      [0 1 -1 0 0 0 0];

internalField   nonuniform List<vector> 
441
(
(0.00371913 -0.00481726 0)
(0.00971949 -0.0025396 0)
(-0.0006349 -2.20743e-165 0)
(0.00195722 -3.31512e-266 0)
(-0.00837468 -0.00782927 0)
(-0.00195722 -3.04857e-232 0)
(-1.13972e-202 -5.58567e-203 0)
(-1.39633e-203 -7.329e-228 0)
(-1.71729e-212 -3.19816e-213 0)
(-0.00613199 9.09712e-266 0)
(-0.0751542 0.0245291 0)
(-0.0944327 0.0128308 0)
(-0.10638 0.00587389 0)
(-0.0936052 0.000395467 0)
(-0.0770276 -0.00165139 0)
(-0.0513068 -0.00301827 0)
(-0.029147 -0.00216093 0)
(-0.0093958 -0.00160544 0)
(0.00260147 0.000730635 0)
(0.00441596 0.00149521 0)
(0.00455059 0.00298566 0)
(0.00382316 -0.00843587 0)
(-0.000948548 0.00682232 0)
(-0.0274302 0.00847525 0)
(-0.0593032 0.0107197 0)
(-0.106888 0.0108623 0)
(-0.151885 -0.00325822 0)
(-0.194291 -0.000155761 0)
(-0.235116 0.00166097 0)
(-0.271373 0.0132189 0)
(-0.307896 0.0669122 0)
(-0.332714 0.0615861 0)
(-0.326958 0.0188209 0)
(-0.311975 -0.00730809 0)
(-0.269611 -0.0305362 0)
(-0.219808 -0.0408356 0)
(-0.157037 -0.0461853 0)
(-0.100276 -0.0395761 0)
(-0.0497635 -0.0314247 0)
(-0.0156643 -0.0140211 0)
(-0.00123059 -0.0041687 0)
(0.0049243 0.00620702 0)
(0.00758755 -0.00819865 0)
(-0.00519913 0.0283263 0)
(-0.0542634 0.0569618 0)
(-0.120899 0.0768984 0)
(-0.202428 0.0835733 0)
(-0.286851 0.0832446 0)
(-0.37766 0.0803265 0)
(-0.451661 0.0745775 0)
(-0.524308 0.0699888 0)
(-0.559943 0.0659416 0)
(-0.55596 0.0445284 0)
(-0.53778 -0.00664775 0)
(-0.500691 -0.0507838 0)
(-0.435279 -0.0915668 0)
(-0.357238 -0.113249 0)
(-0.262823 -0.122838 0)
(-0.175229 -0.10824 0)
(-0.0950617 -0.0867409 0)
(-0.0386113 -0.0466933 0)
(-0.0082483 -0.0195423 0)
(0.00635304 0.00706831 0)
(0.00635421 -0.011156 0)
(-0.0162779 0.0704457 0)
(-0.097211 0.124135 0)
(-0.192814 0.161335 0)
(-0.305548 0.177181 0)
(-0.419133 0.174757 0)
(-0.531119 0.166398 0)
(-0.628175 0.149232 0)
(-0.708033 0.123995 0)
(-0.755139 0.0958329 0)
(-0.764583 0.0391489 0)
(-0.740833 -0.0375977 0)
(-0.690791 -0.109983 0)
(-0.60459 -0.175195 0)
(-0.501047 -0.213142 0)
(-0.375478 -0.229757 0)
(-0.256873 -0.20678 0)
(-0.145021 -0.169744 0)
(-0.0643485 -0.0999469 0)
(-0.0158768 -0.0505292 0)
(0.0079919 0.00469904 0)
(6.92382e-165 0.00158855 0)
(-0.0247051 0.131432 0)
(-0.141353 0.232697 0)
(-0.26094 0.283756 0)
(-0.403237 0.308754 0)
(-0.541681 0.306924 0)
(-0.679523 0.288008 0)
(-0.796424 0.250354 0)
(-0.893474 0.196192 0)
(-0.950899 0.123213 0)
(-0.968218 0.0306327 0)
(-0.945702 -0.0801761 0)
(-0.887851 -0.186259 0)
(-0.785581 -0.28168 0)
(-0.658732 -0.341274 0)
(-0.500432 -0.367939 0)
(-0.348387 -0.337197 0)
(-0.197999 -0.280422 0)
(-0.0904275 -0.174104 0)
(-0.0183772 -0.092779 0)
(0.0146032 -2.8829e-05 0)
(-5.61199e-266 0.00580702 0)
(-0.0899711 0.216612 0)
(-0.197568 0.35832 0)
(-0.341194 0.425086 0)
(-0.497009 0.457767 0)
(-0.656723 0.452125 0)
(-0.811024 0.421774 0)
(-0.947257 0.363441 0)
(-1.05963 0.279376 0)
(-1.13446 0.16978 0)
(-1.16912 0.0342542 0)
(-1.15497 -0.119015 0)
(-1.09805 -0.269863 0)
(-0.984699 -0.405988 0)
(-0.837629 -0.497858 0)
(-0.64544 -0.542653 0)
(-0.45593 -0.508163 0)
(-0.260412 -0.430919 0)
(-0.120432 -0.277555 0)
(-0.0207226 -0.158822 0)
(0.0161358 0.00227796 0)
(-0.0232281 0.0948037 0)
(-0.125451 0.325376 0)
(-0.24934 0.484279 0)
(-0.407336 0.581312 0)
(-0.582278 0.623414 0)
(-0.760549 0.619414 0)
(-0.935245 0.577672 0)
(-1.09157 0.497984 0)
(-1.22501 0.383131 0)
(-1.32046 0.232438 0)
(-1.37522 0.0516306 0)
(-1.376 -0.151566 0)
(-1.32686 -0.355529 0)
(-1.20895 -0.543093 0)
(-1.04626 -0.679079 0)
(-0.819263 -0.751599 0)
(-0.589736 -0.719944 0)
(-0.335793 -0.618452 0)
(-0.160682 -0.4105 0)
(-0.00761083 -0.23123 0)
(5.97196e-266 -0.00403395 0)
(-0.0171462 0.156962 0)
(-0.12013 0.443893 0)
(-0.272395 0.640736 0)
(-0.450976 0.758792 0)
(-0.64584 0.811172 0)
(-0.843257 0.805359 0)
(-1.03646 0.753083 0)
(-1.21386 0.653058 0)
(-1.36947 0.508679 0)
(-1.49011 0.31941 0)
(-1.57098 0.0902299 0)
(-1.59465 -0.168475 0)
(-1.56287 -0.436398 0)
(-1.45 -0.688881 0)
(-1.27948 -0.886871 0)
(-1.02225 -1.00345 0)
(-0.750384 -0.990007 0)
(-0.432923 -0.866445 0)
(-0.208516 -0.60108 0)
(-0.00369526 -0.329128 0)
(2.60741e-24 -1.06738e-24 0)
(-0.0152274 0.22839 0)
(-0.123639 0.578724 0)
(-0.292521 0.813448 0)
(-0.485852 0.952835 0)
(-0.696905 1.0143 0)
(-0.909477 1.00835 0)
(-1.11923 0.947295 0)
(-1.31556 0.829791 0)
(-1.49324 0.659099 0)
(-1.63998 0.433275 0)
(-1.74969 0.156755 0)
(-1.80279 -0.160245 0)
(-1.79753 -0.498731 0)
(-1.70181 -0.827842 0)
(-1.5359 -1.10463 0)
(-1.25831 -1.28403 0)
(-0.948931 -1.30561 0)
(-0.562759 -1.16582 0)
(-0.279415 -0.831879 0)
(-0.00499959 -0.447813 0)
(1.06071e-76 -6.51852e-25 0)
(-0.0132033 0.296386 0)
(-0.120921 0.722902 0)
(-0.298863 1.00364 0)
(-0.500476 1.16372 0)
(-0.72097 1.23517 0)
(-0.942781 1.22759 0)
(-1.16252 1.15937 0)
(-1.37254 1.02661 0)
(-1.56745 0.833258 0)
(-1.73801 0.575118 0)
(-1.87662 0.253368 0)
(-1.96359 -0.121828 0)
(-1.99356 -0.536683 0)
(-1.92878 -0.953192 0)
(-1.78377 -1.32951 0)
(-1.50298 -1.59653 0)
(-1.16693 -1.68405 0)
(-0.714481 -1.54654 0)
(-0.363611 -1.15313 0)
(-0.00719073 -0.624131 0)
(2.94849e-164 -2.65178e-77 0)
(-0.0131636 0.359021 0)
(-0.121421 0.862606 0)
(-0.304054 1.19064 0)
(-0.508064 1.37262 0)
(-0.729865 1.45484 0)
(-0.952017 1.44781 0)
(-1.17154 1.3759 0)
(-1.38506 1.23319 0)
(-1.58683 1.02413 0)
(-1.77296 0.741589 0)
(-1.93427 0.382952 0)
(-2.0549 -0.0437035 0)
(-2.12515 -0.531476 0)
(-2.10561 -1.03859 0)
(-2.00172 -1.52699 0)
(-1.74433 -1.90477 0)
(-1.40603 -2.08913 0)
(-0.906083 -1.97764 0)
(-0.48849 -1.52733 0)
(-0.0810923 -0.824883 0)
(1.78832e-265 0.01332 0)
(-0.0136191 0.431855 0)
(-0.117648 1.01597 0)
(-0.29716 1.39175 0)
(-0.494086 1.5902 0)
(-0.705744 1.68024 0)
(-0.91598 1.66919 0)
(-1.12133 1.59304 0)
(-1.32398 1.44144 0)
(-1.51741 1.22134 0)
(-1.70499 0.921859 0)
(-1.87675 0.535426 0)
(-2.02371 0.0680824 0)
(-2.13356 -0.485323 0)
(-2.16886 -1.07883 0)
(-2.12565 -1.68952 0)
(-1.92215 -2.19883 0)
(-1.6115 -2.52103 0)
(-1.08393 -2.47863 0)
(-0.586677 -1.97221 0)
(-0.0760653 -1.13258 0)
(0.0532798 -0.0768286 0)
(-0.0168039 0.485898 0)
(-0.120427 1.14319 0)
(-0.298144 1.56416 0)
(-0.483368 1.77789 0)
(-0.673639 1.87492 0)
(-0.858261 1.86083 0)
(-1.03081 1.78297 0)
(-1.20357 1.62777 0)
(-1.3667 1.40493 0)
(-1.53548 1.10047 0)
(-1.69699 0.702476 0)
(-1.85602 0.213613 0)
(-1.99529 -0.383588 0)
(-2.09005 -1.04562 0)
(-2.12285 -1.76817 0)
(-2.00736 -2.42063 0)
(-1.77255 -2.92059 0)
(-1.24344 -3.01144 0)
(-0.715523 -2.52877 0)
(0.0430792 -1.4721 0)
(2.46125e-231 -0.01332 0)
(-0.0212496 0.572061 0)
(-0.12158 1.30036 0)
(-0.290206 1.75859 0)
(-0.453313 1.96683 0)
(-0.608284 2.05835 0)
(-0.751511 2.02679 0)
(-0.873027 1.94041 0)
(-0.995882 1.77752 0)
(-1.10655 1.55413 0)
(-1.2327 1.25229 0)
(-1.3594 0.856026 0)
(-1.5067 0.366519 0)
(-1.65645 -0.251234 0)
(-1.80129 -0.951589 0)
(-1.91814 -1.77106 0)
(-1.9268 -2.55323 0)
(-1.82709 -3.28327 0)
(-1.40323 -3.55388 0)
(-0.892605 -3.25215 0)
(-0.00300238 -1.88599 0)
(5.81989e-202 4.58357e-184 0)
(-0.037136 0.621834 0)
(-0.151802 1.4061 0)
(-0.321499 1.89221 0)
(-0.461096 2.09058 0)
(-0.563547 2.17171 0)
(-0.647472 2.12233 0)
(-0.691578 2.02729 0)
(-0.740683 1.86026 0)
(-0.770545 1.64247 0)
(-0.828378 1.35427 0)
(-0.890139 0.978017 0)
(-1.00055 0.513407 0)
(-1.13008 -0.0855839 0)
(-1.31157 -0.77973 0)
(-1.49626 -1.63445 0)
(-1.66353 -2.5082 0)
(-1.73435 -3.42747 0)
(-1.52808 -3.95443 0)
(-1.10817 -3.90535 0)
(-0.011439 -2.3951 0)
(1.83343e-183 -1.35112e-184 0)
(-0.0557546 0.769205 0)
(-0.185681 1.58906 0)
(-0.345961 2.07747 0)
(-0.448527 2.21036 0)
(-0.482032 2.25205 0)
(-0.489073 2.15568 0)
(-0.438314 2.03806 0)
(-0.394459 1.85746 0)
(-0.3239 1.64384 0)
(-0.289974 1.37346 0)
(-0.261545 1.02835 0)
(-0.302142 0.609022 0)
(-0.377934 0.058284 0)
(-0.552005 -0.581847 0)
(-0.777082 -1.42211 0)
(-1.07893 -2.31149 0)
(-1.37401 -3.4233 0)
(-1.49542 -4.18666 0)
(-1.39669 -4.78559 0)
(-0.465842 -3.04142 0)
(4.40021e-254 -4.58357e-184 0)
(-0.121589 0.849556 0)
(-0.319339 1.68325 0)
(-0.471382 2.15012 0)
(-0.525124 2.21706 0)
(-0.440536 2.21167 0)
(-0.33653 2.07377 0)
(-0.147401 1.93377 0)
(0.018895 1.74498 0)
(0.220071 1.53972 0)
(0.367034 1.29453 0)
(0.50991 0.992593 0)
(0.556295 0.635929 0)
(0.565666 0.168099 0)
(0.414179 -0.371123 0)
(0.204231 -1.0995 0)
(-0.254919 -1.90022 0)
(-0.708549 -2.98486 0)
(-1.45261 -3.93056 0)
(-1.645 -4.8441 0)
(-2.07314 -3.86808 0)
(-2.59115e-264 -0.215955 0)
(-0.178051 1.23185 0)
(-0.41688 1.94325 0)
(-0.503661 2.30572 0)
(-0.457039 2.17972 0)
(-0.218652 2.07728 0)
(0.0291577 1.86208 0)
(0.373096 1.68921 0)
(0.677539 1.49008 0)
(1.01526 1.2979 0)
(1.28342 1.08553 0)
(1.54405 0.838712 0)
(1.69237 0.558385 0)
(1.79929 0.197119 0)
(1.72301 -0.210901 0)
(1.57161 -0.763949 0)
(1.12562 -1.38246 0)
(0.588267 -2.25727 0)
(-0.344506 -3.20631 0)
(-1.07955 -4.25556 0)
(-1.84142 -4.53601 0)
(-0.863821 -2.31668 0)
(-0.400557 1.41031 0)
(-0.72601 1.98021 0)
(-0.519703 2.18453 0)
(-0.239092 1.91504 0)
(0.317531 1.72637 0)
(0.781999 1.47393 0)
(1.33786 1.28732 0)
(1.79556 1.10074 0)
(2.27101 0.935837 0)
(2.64427 0.768764 0)
(3.00101 0.586165 0)
(3.22201 0.389485 0)
(3.40418 0.140954 0)
(3.37465 -0.127848 0)
(3.29314 -0.498641 0)
(2.86308 -0.895107 0)
(2.38814 -1.51584 0)
(1.3641 -2.23344 0)
(0.458478 -3.35283 0)
(-0.70671 -4.00573 0)
(-0.70125 -2.96406 0)
(-0.257348 2.42038 0)
(-0.104529 2.05704 0)
(0.682418 1.86917 0)
(1.32957 1.33425 0)
(2.14642 1.07617 0)
(2.77488 0.834541 0)
(3.43079 0.681595 0)
(3.94585 0.552574 0)
(4.44787 0.449661 0)
(4.83114 0.355282 0)
(5.18609 0.25953 0)
(5.40515 0.160664 0)
(5.58649 0.0412451 0)
(5.57154 -0.0870154 0)
(5.51844 -0.262431 0)
(5.15148 -0.456024 0)
(4.76129 -0.789934 0)
(3.82954 -1.24449 0)
(2.86618 -2.25338 0)
(1.09224 -3.33023 0)
(-0.0462736 -3.79888 0)
(1.66713 1.66945 0)
(2.7024 0.974488 0)
(4.54227 0.748263 0)
(5.38099 0.423786 0)
(6.2488 0.286461 0)
(6.75981 0.178153 0)
(7.24059 0.121392 0)
(7.56526 0.0810229 0)
(7.86436 0.0545438 0)
(8.0677 0.0339219 0)
(8.25024 0.0155212 0)
(8.33977 -0.00177386 0)
(8.4122 -0.0228902 0)
(8.35431 -0.043676 0)
(8.29303 -0.078954 0)
(8.00579 -0.111845 0)
(7.74994 -0.200906 0)
(6.9959 -0.293349 0)
(6.26242 -0.625152 0)
(4.04585 -0.997328 0)
(2.00524 -1.81792 0)
)
;

boundaryField
{
    movingWall
    {
        type            fixedValue;
        value           uniform (10 0 0);
    }
    fixedWalls
    {
        type            noSlip;
    }
    frontAndBack
    {
        type            empty;
    }
}


// ************************************************************************* //
