/*--------------------------------*- C++ -*----------------------------------*\
| =========                 |                                                 |
| \\      /  F ield         | OpenFOAM: The Open Source CFD Toolbox           |
|  \\    /   O peration     | Version:  4.1                                   |
|   \\  /    A nd           | Web:      www.OpenFOAM.org                      |
|    \\/     M anipulation  |                                                 |
\*---------------------------------------------------------------------------*/
FoamFile
{
    version     2.0;
    format      ascii;
    class       volVectorField;
    location    "0.0272112";
    object      U;
}
// * * * * * * * * * * * * * * * * * * * * * * * * * * * * * * * * * * * * * //

dimensions      [0 1 -1 0 0 0 0];

internalField   nonuniform List<vector> 
441
(
(0.000549743 -0.000526406 0)
(-0.00031407 0.000213166 0)
(-0.00432234 0.000855531 0)
(-0.0103957 0.00134637 0)
(-0.0179266 0.00156105 0)
(-0.0258391 0.00160174 0)
(-0.0335044 0.00148463 0)
(-0.0402574 0.00126209 0)
(-0.0456585 0.000949532 0)
(-0.0493069 0.000568396 0)
(-0.0509268 0.000132239 0)
(-0.0503189 -0.000338023 0)
(-0.047433 -0.000811807 0)
(-0.0423627 -0.00124956 0)
(-0.0354525 -0.00159217 0)
(-0.0272252 -0.00178758 0)
(-0.0185632 -0.00175492 0)
(-0.0103612 -0.00147919 0)
(-0.00393196 -0.000880393 0)
(3.88667e-05 -0.000149854 0)
(0.000646436 0.000610159 0)
(-0.000124307 0.000268848 0)
(-0.00517608 0.00522321 0)
(-0.0167423 0.00984653 0)
(-0.0324762 0.0132304 0)
(-0.0511078 0.0148657 0)
(-0.0704409 0.0150138 0)
(-0.0890074 0.0138638 0)
(-0.105305 0.0116909 0)
(-0.118257 0.00868765 0)
(-0.126928 0.00504461 0)
(-0.13067 0.000944428 0)
(-0.129059 -0.0033889 0)
(-0.122017 -0.00766677 0)
(-0.109822 -0.011529 0)
(-0.093289 -0.0145349 0)
(-0.0736462 -0.0162434 0)
(-0.0528144 -0.0161999 0)
(-0.0327806 -0.0142084 0)
(-0.0162246 -0.0101652 0)
(-0.00458912 -0.00496966 0)
(3.11022e-05 0.000106305 0)
(-0.000794728 0.00421967 0)
(-0.0103872 0.0168629 0)
(-0.0291858 0.0277787 0)
(-0.053389 0.0354757 0)
(-0.0812266 0.0391406 0)
(-0.109717 0.0391768 0)
(-0.136848 0.036018 0)
(-0.160557 0.0302555 0)
(-0.179335 0.0223808 0)
(-0.191885 0.0128818 0)
(-0.197302 0.00225299 0)
(-0.195 -0.00891673 0)
(-0.184871 -0.019892 0)
(-0.167299 -0.0297738 0)
(-0.143391 -0.0375042 0)
(-0.114829 -0.0420188 0)
(-0.084225 -0.0423095 0)
(-0.0543006 -0.0378994 0)
(-0.0287544 -0.0287257 0)
(-0.00965076 -0.0164527 0)
(-0.000574151 -0.00342886 0)
(-0.00140788 0.0107464 0)
(-0.015328 0.0339936 0)
(-0.0409766 0.0527608 0)
(-0.0729399 0.0654502 0)
(-0.108958 0.0712284 0)
(-0.145369 0.07075 0)
(-0.179785 0.0647753 0)
(-0.209756 0.0542703 0)
(-0.233495 0.0400852 0)
(-0.24945 0.0230625 0)
(-0.256522 0.00407128 0)
(-0.253973 -0.0158628 0)
(-0.241614 -0.0354682 0)
(-0.219826 -0.053193 0)
(-0.189853 -0.0672254 0)
(-0.153642 -0.075719 0)
(-0.114327 -0.0769568 0)
(-0.0752214 -0.0700372 0)
(-0.0410416 -0.0548276 0)
(-0.0145539 -0.0335875 0)
(-0.00111351 -0.00945333 0)
(-0.00189741 0.0198103 0)
(-0.0198375 0.0567296 0)
(-0.0520872 0.0850137 0)
(-0.0915346 0.103377 0)
(-0.135388 0.111286 0)
(-0.1793 0.109825 0)
(-0.220587 0.100206 0)
(-0.256496 0.0838403 0)
(-0.285054 0.0619882 0)
(-0.304514 0.0358775 0)
(-0.313605 0.00677994 0)
(-0.311402 -0.0238075 0)
(-0.29755 -0.0540206 0)
(-0.272299 -0.0815596 0)
(-0.236884 -0.103717 0)
(-0.193378 -0.117667 0)
(-0.14537 -0.120752 0)
(-0.0967802 -0.111399 0)
(-0.0535351 -0.08919 0)
(-0.0193102 -0.0567993 0)
(-0.00153571 -0.0179963 0)
(-0.00235972 0.0310935 0)
(-0.0242461 0.084644 0)
(-0.0631076 0.124081 0)
(-0.110077 0.14875 0)
(-0.161795 0.158753 0)
(-0.213215 0.155838 0)
(-0.2614 0.141831 0)
(-0.30336 0.118672 0)
(-0.336998 0.0880632 0)
(-0.360418 0.0516106 0)
(-0.37217 0.0109633 0)
(-0.371096 -0.0319348 0)
(-0.356565 -0.0746262 0)
(-0.328548 -0.114006 0)
(-0.288098 -0.146334 0)
(-0.237265 -0.167564 0)
(-0.180036 -0.173773 0)
(-0.120991 -0.16233 0)
(-0.0675387 -0.132196 0)
(-0.0245513 -0.0862597 0)
(-0.00197277 -0.028942 0)
(-0.00282962 0.0446793 0)
(-0.0288316 0.117964 0)
(-0.0746164 0.170294 0)
(-0.129442 0.201951 0)
(-0.189337 0.214021 0)
(-0.248544 0.209185 0)
(-0.303911 0.190084 0)
(-0.35228 0.159277 0)
(-0.391492 0.118936 0)
(-0.419545 0.0710069 0)
(-0.434812 0.017449 0)
(-0.435848 -0.0394222 0)
(-0.421629 -0.0966044 0)
(-0.39167 -0.150161 0)
(-0.34663 -0.195184 0)
(-0.288332 -0.226099 0)
(-0.221041 -0.237275 0)
(-0.150031 -0.224456 0)
(-0.0845087 -0.185487 0)
(-0.0309388 -0.123196 0)
(-0.00250639 -0.0427624 0)
(-0.00336824 0.0607203 0)
(-0.0338928 0.157022 0)
(-0.0871722 0.224044 0)
(-0.150375 0.26333 0)
(-0.218864 0.277377 0)
(-0.286169 0.270118 0)
(-0.348989 0.24525 0)
(-0.404089 0.206054 0)
(-0.449341 0.155187 0)
(-0.48271 0.0948639 0)
(-0.502422 0.027236 0)
(-0.506712 -0.0451521 0)
(-0.494056 -0.118875 0)
(-0.463323 -0.189202 0)
(-0.414502 -0.249954 0)
(-0.348889 -0.293688 0)
(-0.270779 -0.312493 0)
(-0.186055 -0.299681 0)
(-0.106023 -0.251226 0)
(-0.0392461 -0.169385 0)
(-0.00326 -0.0602145 0)
(-0.00401036 0.0795187 0)
(-0.0396706 0.202394 0)
(-0.101214 0.285943 0)
(-0.173383 0.333382 0)
(-0.250799 0.349175 0)
(-0.326303 0.338884 0)
(-0.396545 0.307567 0)
(-0.458363 0.259332 0)
(-0.509794 0.197339 0)
(-0.548904 0.123965 0)
(-0.573848 0.041386 0)
(-0.582574 -0.0478381 0)
(-0.572984 -0.140073 0)
(-0.543124 -0.229932 0)
(-0.491992 -0.309949 0)
(-0.419939 -0.370483 0)
(-0.330829 -0.400682 0)
(-0.230861 -0.390305 0)
(-0.133589 -0.332309 0)
(-0.0502722 -0.227401 0)
(-0.00435583 -0.0825133 0)
(-0.0048238 0.101613 0)
(-0.0464084 0.254954 0)
(-0.117064 0.356792 0)
(-0.198655 0.412581 0)
(-0.284955 0.429546 0)
(-0.368209 0.415348 0)
(-0.445161 0.376791 0)
(-0.512948 0.318932 0)
(-0.569971 0.245444 0)
(-0.614602 0.158739 0)
(-0.645093 0.0607986 0)
(-0.659226 -0.0460932 0)
(-0.654343 -0.158424 0)
(-0.627558 -0.27044 0)
(-0.576542 -0.373544 0)
(-0.500184 -0.455681 0)
(-0.401185 -0.502392 0)
(-0.285422 -0.498429 0)
(-0.16848 -0.432046 0)
(-0.0648721 -0.300549 0)
(-0.00597166 -0.111393 0)
(-0.00586786 0.127421 0)
(-0.0543879 0.31532 0)
(-0.135009 0.436957 0)
(-0.226129 0.500737 0)
(-0.320548 0.517782 0)
(-0.410121 0.498414 0)
(-0.491907 0.451667 0)
(-0.56368 0.38367 0)
(-0.624472 0.298633 0)
(-0.673273 0.198849 0)
(-0.708688 0.0858648 0)
(-0.728595 -0.0386706 0)
(-0.729928 -0.171819 0)
(-0.708907 -0.307932 0)
(-0.661602 -0.437711 0)
(-0.584897 -0.546736 0)
(-0.479291 -0.616459 0)
(-0.34925 -0.624929 0)
(-0.21145 -0.553346 0)
(-0.0839275 -0.392388 0)
(-0.00832812 -0.148938 0)
(-0.00733563 0.158152 0)
(-0.0640305 0.384945 0)
(-0.155234 0.527252 0)
(-0.255242 0.597552 0)
(-0.35577 0.612585 0)
(-0.448708 0.586018 0)
(-0.531742 0.52973 0)
(-0.603755 0.451026 0)
(-0.664739 0.354681 0)
(-0.714704 0.242709 0)
(-0.752969 0.115971 0)
(-0.777914 -0.0249168 0)
(-0.78641 -0.178151 0)
(-0.774053 -0.338876 0)
(-0.735233 -0.497881 0)
(-0.664406 -0.638889 0)
(-0.558598 -0.739279 0)
(-0.419282 -0.76872 0)
(-0.262149 -0.698404 0)
(-0.108287 -0.507021 0)
(-0.0117945 -0.198198 0)
(-0.00944115 0.194153 0)
(-0.0761323 0.4637 0)
(-0.178259 0.626446 0)
(-0.285383 0.700319 0)
(-0.388097 0.710115 0)
(-0.479219 0.673572 0)
(-0.557509 0.606101 0)
(-0.62364 0.516222 0)
(-0.678942 0.409294 0)
(-0.724914 0.286904 0)
(-0.762003 0.149012 0)
(-0.789628 -0.00516212 0)
(-0.805129 -0.175541 0)
(-0.804067 -0.358915 0)
(-0.779395 -0.547342 0)
(-0.723087 -0.723837 0)
(-0.627371 -0.862623 0)
(-0.488836 -0.923895 0)
(-0.318513 -0.865735 0)
(-0.138703 -0.646771 0)
(-0.0168487 -0.262011 0)
(-0.0128973 0.239031 0)
(-0.0918856 0.554705 0)
(-0.204112 0.735293 0)
(-0.314434 0.806748 0)
(-0.412497 0.805804 0)
(-0.493658 0.754991 0)
(-0.558319 0.673974 0)
(-0.609813 0.572345 0)
(-0.651141 0.455977 0)
(-0.685735 0.325846 0)
(-0.71553 0.180841 0)
(-0.741537 0.0185065 0)
(-0.762231 -0.163338 0)
(-0.774056 -0.364038 0)
(-0.769253 -0.578451 0)
(-0.737955 -0.790774 0)
(-0.666641 -0.974316 0)
(-0.545316 -1.08009 0)
(-0.374961 -1.05086 0)
(-0.175295 -0.81406 0)
(-0.0243625 -0.345726 0)
(-0.0185735 0.292116 0)
(-0.114009 0.654181 0)
(-0.234016 0.8469 0)
(-0.340388 0.907181 0)
(-0.422476 0.888648 0)
(-0.481321 0.818936 0)
(-0.519729 0.722407 0)
(-0.544857 0.609268 0)
(-0.561553 0.485677 0)
(-0.57546 0.351814 0)
(-0.590101 0.205438 0)
(-0.608444 0.042368 0)
(-0.630682 -0.142077 0)
(-0.655274 -0.350479 0)
(-0.674981 -0.582055 0)
(-0.679791 -0.824673 0)
(-0.65039 -1.0545 0)
(-0.569631 -1.21605 0)
(-0.421516 -1.23741 0)
(-0.217356 -1.00221 0)
(-0.03535 -0.451164 0)
(-0.0287745 0.366839 0)
(-0.144317 0.771128 0)
(-0.263936 0.962461 0)
(-0.352806 0.995246 0)
(-0.40137 0.948078 0)
(-0.421067 0.85302 0)
(-0.417615 0.738863 0)
(-0.403069 0.615217 0)
(-0.383831 0.487787 0)
(-0.367592 0.355548 0)
(-0.359065 0.215049 0)
(-0.363071 0.0605399 0)
(-0.38171 -0.115001 0)
(-0.416488 -0.31758 0)
(-0.462279 -0.551942 0)
(-0.511917 -0.812336 0)
(-0.542052 -1.08298 0)
(-0.530602 -1.3078 0)
(-0.437652 -1.40601 0)
(-0.259591 -1.20632 0)
(-0.0514901 -0.589153 0)
(-0.0466208 0.453269 0)
(-0.189523 0.883444 0)
(-0.290727 1.0537 0)
(-0.337921 1.04197 0)
(-0.325001 0.957915 0)
(-0.282282 0.83558 0)
(-0.218082 0.706177 0)
(-0.150059 0.57698 0)
(-0.0848674 0.452123 0)
(-0.0312381 0.32901 0)
(0.00611402 0.203074 0)
(0.0213895 0.0675689 0)
(0.0111085 -0.0859983 0)
(-0.0296832 -0.266207 0)
(-0.0993402 -0.483085 0)
(-0.197483 -0.738924 0)
(-0.300701 -1.03116 0)
(-0.388993 -1.31245 0)
(-0.393513 -1.50618 0)
(-0.29216 -1.38614 0)
(-0.0736925 -0.747606 0)
(-0.0745466 0.604909 0)
(-0.231852 1.0161 0)
(-0.268331 1.12072 0)
(-0.232903 1.03168 0)
(-0.123815 0.898375 0)
(0.00343612 0.74843 0)
(0.141545 0.609884 0)
(0.269049 0.48407 0)
(0.381821 0.371368 0)
(0.472163 0.266928 0)
(0.537173 0.165078 0)
(0.571602 0.0587785 0)
(0.571872 -0.0606326 0)
(0.53033 -0.202638 0)
(0.444938 -0.380654 0)
(0.306012 -0.604709 0)
(0.130975 -0.889009 0)
(-0.0761075 -1.20638 0)
(-0.222441 -1.50687 0)
(-0.275469 -1.525 0)
(-0.0991307 -0.954967 0)
(-0.113093 0.729596 0)
(-0.254859 1.05119 0)
(-0.125655 1.05481 0)
(0.0564162 0.88987 0)
(0.304065 0.724156 0)
(0.531448 0.56984 0)
(0.744142 0.443311 0)
(0.922691 0.338791 0)
(1.07062 0.252113 0)
(1.18452 0.176938 0)
(1.26549 0.107379 0)
(1.31056 0.0373595 0)
(1.3175 -0.0401347 0)
(1.27755 -0.132993 0)
(1.18621 -0.253654 0)
(1.0232 -0.415253 0)
(0.795665 -0.643537 0)
(0.473502 -0.938501 0)
(0.156654 -1.29731 0)
(-0.149598 -1.47095 0)
(-0.107692 -1.09694 0)
(-0.0413824 1.0258 0)
(0.0598964 1.02497 0)
(0.490688 0.845877 0)
(0.843548 0.602514 0)
(1.20023 0.43307 0)
(1.47952 0.308261 0)
(1.71393 0.221174 0)
(1.89525 0.15829 0)
(2.0367 0.111347 0)
(2.1406 0.0741084 0)
(2.2119 0.0418414 0)
(2.25037 0.010641 0)
(2.25578 -0.0234955 0)
(2.22062 -0.0652506 0)
(2.14088 -0.122485 0)
(1.99216 -0.206252 0)
(1.77363 -0.34339 0)
(1.41757 -0.557337 0)
(0.986886 -0.912513 0)
(0.358127 -1.24514 0)
(0.0341122 -1.27412 0)
(0.846189 0.577423 0)
(1.31972 0.40069 0)
(2.06649 0.262102 0)
(2.45668 0.154337 0)
(2.77302 0.091407 0)
(2.97227 0.0547262 0)
(3.11815 0.0329383 0)
(3.21745 0.0200753 0)
(3.28809 0.0118741 0)
(3.33547 0.00634385 0)
(3.36506 0.00203716 0)
(3.37789 -0.00197252 0)
(3.3746 -0.0064405 0)
(3.35063 -0.0125424 0)
(3.30374 -0.0217428 0)
(3.21423 -0.037673 0)
(3.07864 -0.0670993 0)
(2.81437 -0.121671 0)
(2.44653 -0.231084 0)
(1.63006 -0.388003 0)
(0.924097 -0.587582 0)
)
;

boundaryField
{
    movingWall
    {
        type            fixedValue;
        value           uniform (4 0 0);
    }
    fixedWalls
    {
        type            noSlip;
    }
    frontAndBack
    {
        type            empty;
    }
}


// ************************************************************************* //
