/*--------------------------------*- C++ -*----------------------------------*\
| =========                 |                                                 |
| \\      /  F ield         | OpenFOAM: The Open Source CFD Toolbox           |
|  \\    /   O peration     | Version:  4.1                                   |
|   \\  /    A nd           | Web:      www.OpenFOAM.org                      |
|    \\/     M anipulation  |                                                 |
\*---------------------------------------------------------------------------*/
FoamFile
{
    version     2.0;
    format      ascii;
    class       volVectorField;
    location    "0.045";
    object      U;
}
// * * * * * * * * * * * * * * * * * * * * * * * * * * * * * * * * * * * * * //

dimensions      [0 1 -1 0 0 0 0];

internalField   nonuniform List<vector> 
441
(
(0.00333728 -0.00456934 0)
(0.00847195 -0.00259226 0)
(-0.000648087 -2.18549e-165 0)
(0.00168859 -2.74128e-266 0)
(-0.00890196 -0.00675495 0)
(-0.00168859 -2.69296e-232 0)
(-1.08355e-202 -4.4822e-203 0)
(-1.12038e-203 -5.70826e-228 0)
(-1.46859e-212 -2.41406e-213 0)
(-0.0051965 7.82798e-266 0)
(-0.0624698 0.0207883 0)
(-0.0791204 0.0111082 0)
(-0.0902559 0.00531637 0)
(-0.0813039 0.000783991 0)
(-0.0695173 -0.000951137 0)
(-0.0495478 -0.00227368 0)
(-0.0317465 -0.0017905 0)
(-0.0144418 -0.00165348 0)
(-0.0024791 0.000157006 0)
(0.00158349 0.000782118 0)
(0.00383067 0.00241494 0)
(0.00318494 -0.00704041 0)
(-0.00236391 0.00654951 0)
(-0.0271522 0.0077108 0)
(-0.0557503 0.0106228 0)
(-0.0972323 0.0093713 0)
(-0.13456 -0.0042357 0)
(-0.168604 -0.000428685 0)
(-0.200231 0.00126466 0)
(-0.227625 0.010874 0)
(-0.255329 0.0553951 0)
(-0.274407 0.0513494 0)
(-0.269616 0.0169838 0)
(-0.259379 -0.00356795 0)
(-0.227641 -0.0221874 0)
(-0.190562 -0.0308566 0)
(-0.141739 -0.0366321 0)
(-0.096352 -0.0330885 0)
(-0.0533129 -0.0287898 0)
(-0.021712 -0.0157162 0)
(-0.00515615 -0.00783492 0)
(0.00394022 0.00321181 0)
(0.00648592 -0.00594043 0)
(-0.00580929 0.0273594 0)
(-0.0504589 0.0520158 0)
(-0.108605 0.0679108 0)
(-0.177476 0.0710232 0)
(-0.247539 0.0677347 0)
(-0.320608 0.0633363 0)
(-0.377195 0.0570567 0)
(-0.432328 0.0529652 0)
(-0.457097 0.0507492 0)
(-0.451347 0.0359255 0)
(-0.436284 -0.00285634 0)
(-0.408578 -0.0360223 0)
(-0.359224 -0.0678839 0)
(-0.300645 -0.0859511 0)
(-0.227398 -0.0967539 0)
(-0.158023 -0.0891044 0)
(-0.0912086 -0.0767675 0)
(-0.0413643 -0.046941 0)
(-0.0112892 -0.0252699 0)
(0.00525073 0.0016607 0)
(0.00590536 -0.007937 0)
(-0.0135869 0.0650908 0)
(-0.0843727 0.11058 0)
(-0.165632 0.139745 0)
(-0.25942 0.148635 0)
(-0.351634 0.141368 0)
(-0.440188 0.130616 0)
(-0.514424 0.113719 0)
(-0.574158 0.0927357 0)
(-0.607666 0.0719993 0)
(-0.612581 0.030296 0)
(-0.592847 -0.0268156 0)
(-0.554968 -0.0807341 0)
(-0.48941 -0.131176 0)
(-0.411248 -0.162469 0)
(-0.313894 -0.180629 0)
(-0.220691 -0.168719 0)
(-0.129122 -0.147008 0)
(-0.0605354 -0.0948224 0)
(-0.016239 -0.0557876 0)
(0.00710725 -0.00246478 0)
(6.19828e-165 0.00147634 0)
(-0.0198651 0.117222 0)
(-0.11927 0.203326 0)
(-0.218593 0.241692 0)
(-0.335121 0.256085 0)
(-0.445947 0.246914 0)
(-0.554085 0.225065 0)
(-0.643109 0.190134 0)
(-0.715816 0.145667 0)
(-0.75696 0.0898047 0)
(-0.767943 0.0215254 0)
(-0.749198 -0.0602374 0)
(-0.705294 -0.138714 0)
(-0.627223 -0.211894 0)
(-0.53114 -0.260395 0)
(-0.408233 -0.288071 0)
(-0.289446 -0.272429 0)
(-0.167652 -0.237926 0)
(-0.0787502 -0.158185 0)
(-0.0159316 -0.0937067 0)
(0.013612 -0.00663907 0)
(-5.06723e-266 0.00506841 0)
(-0.0767291 0.188682 0)
(-0.164558 0.307574 0)
(-0.282132 0.357307 0)
(-0.407476 0.375937 0)
(-0.53415 0.361364 0)
(-0.654303 0.328366 0)
(-0.758374 0.2757 0)
(-0.843062 0.207343 0)
(-0.898314 0.1234 0)
(-0.923522 0.0227916 0)
(-0.911758 -0.0904109 0)
(-0.868844 -0.202456 0)
(-0.7819 -0.306786 0)
(-0.669733 -0.380964 0)
(-0.519636 -0.424542 0)
(-0.371291 -0.408246 0)
(-0.213543 -0.36062 0)
(-0.0995033 -0.244692 0)
(-0.0141135 -0.151236 0)
(0.0160041 -0.00366411 0)
(-0.0202736 0.0812982 0)
(-0.105943 0.278471 0)
(-0.206661 0.409158 0)
(-0.334975 0.482983 0)
(-0.475463 0.507472 0)
(-0.616848 0.492504 0)
(-0.753606 0.448673 0)
(-0.874338 0.378131 0)
(-0.976778 0.28548 0)
(-1.0496 0.170063 0)
(-1.09199 0.0354589 0)
(-1.09298 -0.115184 0)
(-1.05663 -0.267598 0)
(-0.965507 -0.411785 0)
(-0.839939 -0.521181 0)
(-0.660198 -0.588084 0)
(-0.478914 -0.576273 0)
(-0.272753 -0.511856 0)
(-0.131701 -0.354534 0)
(-0.00169269 -0.210917 0)
(5.68929e-266 -0.00400102 0)
(-0.0146924 0.133594 0)
(-0.100131 0.376165 0)
(-0.225461 0.537248 0)
(-0.371637 0.626928 0)
(-0.529661 0.65818 0)
(-0.688121 0.639899 0)
(-0.841698 0.586266 0)
(-0.981808 0.498841 0)
(-1.10474 0.383042 0)
(-1.20067 0.238113 0)
(-1.26664 0.0665478 0)
(-1.2879 -0.126789 0)
(-1.2662 -0.329458 0)
(-1.1781 -0.525487 0)
(-1.04368 -0.685546 0)
(-0.835552 -0.789259 0)
(-0.616048 -0.793998 0)
(-0.355367 -0.713616 0)
(-0.172566 -0.511312 0)
(-0.00239907 -0.291979 0)
(2.25813e-24 -1.28902e-24 0)
(-0.0129192 0.19293 0)
(-0.10385 0.487516 0)
(-0.245541 0.679293 0)
(-0.4067 0.78555 0)
(-0.581476 0.822892 0)
(-0.75605 0.803176 0)
(-0.927328 0.741672 0)
(-1.08756 0.640209 0)
(-1.2334 0.504208 0)
(-1.35563 0.331416 0)
(-1.44953 0.123257 0)
(-1.49804 -0.116122 0)
(-1.49917 -0.376063 0)
(-1.42341 -0.635431 0)
(-1.28829 -0.861588 0)
(-1.05591 -1.01841 0)
(-0.797487 -1.05286 0)
(-0.471699 -0.959902 0)
(-0.235466 -0.700417 0)
(-0.00421912 -0.390376 0)
(9.29969e-77 -5.64533e-25 0)
(-0.0114109 0.251069 0)
(-0.104165 0.610458 0)
(-0.257963 0.840979 0)
(-0.431044 0.963559 0)
(-0.619427 1.00814 0)
(-0.807879 0.985867 0)
(-0.994191 0.918171 0)
(-1.17315 0.804618 0)
(-1.34084 0.651349 0)
(-1.49037 0.453581 0)
(-1.61482 0.209194 0)
(-1.69628 -0.0783346 0)
(-1.7286 -0.403599 0)
(-1.67653 -0.738875 0)
(-1.55243 -1.05232 0)
(-1.30634 -1.28547 0)
(-1.01226 -1.37667 0)
(-0.616542 -1.28494 0)
(-0.313316 -0.973536 0)
(-0.00572264 -0.541378 0)
(2.60234e-164 -2.32492e-77 0)
(-0.0119914 0.305341 0)
(-0.109865 0.732396 0)
(-0.275008 1.00408 0)
(-0.457937 1.14493 0)
(-0.655913 1.19824 0)
(-0.853585 1.1761 0)
(-1.04908 1.106 0)
(-1.24098 0.985503 0)
(-1.4244 0.821074 0)
(-1.59685 0.604575 0)
(-1.74881 0.329651 0)
(-1.86503 -0.00281751 0)
(-1.93413 -0.394078 0)
(-1.9185 -0.812548 0)
(-1.82185 -1.22871 0)
(-1.58188 -1.56198 0)
(-1.26805 -1.73792 0)
(-0.810416 -1.66607 0)
(-0.434266 -1.30033 0)
(-0.0705813 -0.715386 0)
(1.65345e-265 0.0122887 0)
(-0.0133553 0.373941 0)
(-0.113837 0.875654 0)
(-0.285856 1.19065 0)
(-0.472795 1.34526 0)
(-0.672804 1.40505 0)
(-0.871388 1.37907 0)
(-1.06612 1.30625 0)
(-1.26046 1.17949 0)
(-1.44807 1.00731 0)
(-1.63253 0.777154 0)
(-1.80249 0.47721 0)
(-1.94816 0.105771 0)
(-2.05464 -0.349972 0)
(-2.08508 -0.853579 0)
(-2.03401 -1.38833 0)
(-1.82666 -1.84569 0)
(-1.5168 -2.14735 0)
(-1.0092 -2.13204 0)
(-0.540286 -1.70795 0)
(-0.0704084 -0.99405 0)
(0.0491549 -0.0665611 0)
(-0.0176057 0.42823 0)
(-0.126 1.00198 0)
(-0.308626 1.36018 0)
(-0.497689 1.52861 0)
(-0.691452 1.59503 0)
(-0.880138 1.56683 0)
(-1.05817 1.49406 0)
(-1.23821 1.3658 0)
(-1.40987 1.1927 0)
(-1.58746 0.958233 0)
(-1.75585 0.645668 0)
(-1.91786 0.249432 0)
(-2.05297 -0.255049 0)
(-2.13576 -0.832777 0)
(-2.14685 -1.4825 0)
(-2.00644 -2.08121 0)
(-1.7453 -2.54942 0)
(-1.2082 -2.65089 0)
(-0.683765 -2.23254 0)
(0.036469 -1.31121 0)
(2.27538e-231 -0.0122887 0)
(-0.0232095 0.520438 0)
(-0.137247 1.16975 0)
(-0.324202 1.56617 0)
(-0.506201 1.72916 0)
(-0.68102 1.79057 0)
(-0.844943 1.74603 0)
(-0.988407 1.66612 0)
(-1.13378 1.53104 0)
(-1.26628 1.35701 0)
(-1.41163 1.12276 0)
(-1.55241 0.807073 0)
(-1.7061 0.402405 0)
(-1.85155 -0.132773 0)
(-1.97954 -0.760647 0)
(-2.06515 -1.51756 0)
(-2.03146 -2.25194 0)
(-1.88197 -2.94545 0)
(-1.41703 -3.21139 0)
(-0.88086 -2.94749 0)
(-0.00374678 -1.71313 0)
(5.60195e-202 4.48142e-184 0)
(-0.0400679 0.581559 0)
(-0.17629 1.29688 0)
(-0.37655 1.72518 0)
(-0.549044 1.87985 0)
(-0.686622 1.93204 0)
(-0.806337 1.87067 0)
(-0.886691 1.78245 0)
(-0.970531 1.64222 0)
(-1.03189 1.47076 0)
(-1.11526 1.24472 0)
(-1.19451 0.941013 0)
(-1.3119 0.550598 0)
(-1.43622 0.0210538 0)
(-1.59823 -0.615648 0)
(-1.74785 -1.42328 0)
(-1.86432 -2.26168 0)
(-1.87135 -3.14878 0)
(-1.59939 -3.66117 0)
(-1.12467 -3.6236 0)
(-0.0105162 -2.22118 0)
(1.79257e-183 4.7531e-185 0)
(-0.0592264 0.744629 0)
(-0.215604 1.51052 0)
(-0.414849 1.94821 0)
(-0.560548 2.04053 0)
(-0.640522 2.05487 0)
(-0.694266 1.9467 0)
(-0.689444 1.83441 0)
(-0.687628 1.67684 0)
(-0.653132 1.5033 0)
(-0.646204 1.28641 0)
(-0.634172 1.00324 0)
(-0.678869 0.64599 0)
(-0.7465 0.151414 0)
(-0.89922 -0.446005 0)
(-1.08987 -1.25497 0)
(-1.34142 -2.12522 0)
(-1.5719 -3.21589 0)
(-1.61498 -3.96556 0)
(-1.44383 -4.55478 0)
(-0.457597 -2.88425 0)
(4.34677e-254 -4.48142e-184 0)
(-0.124712 0.842182 0)
(-0.348377 1.63931 0)
(-0.541076 2.06473 0)
(-0.641291 2.09571 0)
(-0.607835 2.06486 0)
(-0.555001 1.91458 0)
(-0.415655 1.77667 0)
(-0.293637 1.60482 0)
(-0.129063 1.43071 0)
(-0.00758421 1.22794 0)
(0.122011 0.97555 0)
(0.168675 0.668516 0)
(0.190185 0.244724 0)
(0.0626762 -0.263142 0)
(-0.114906 -0.973179 0)
(-0.528935 -1.76851 0)
(-0.928883 -2.84932 0)
(-1.59656 -3.78854 0)
(-1.71777 -4.69341 0)
(-2.05639 -3.74116 0)
(-2.52695e-264 -0.212434 0)
(-0.17951 1.23889 0)
(-0.436551 1.93113 0)
(-0.556615 2.26329 0)
(-0.550857 2.10756 0)
(-0.359736 1.98243 0)
(-0.160314 1.75427 0)
(0.135799 1.57971 0)
(0.39758 1.39044 0)
(0.700143 1.21932 0)
(0.944375 1.03702 0)
(1.19364 0.8262 0)
(1.34445 0.582512 0)
(1.46601 0.253788 0)
(1.41515 -0.131552 0)
(1.29546 -0.673964 0)
(0.88749 -1.29448 0)
(0.391137 -2.17828 0)
(-0.488268 -3.13263 0)
(-1.16475 -4.18285 0)
(-1.85618 -4.45808 0)
(-0.849737 -2.29352 0)
(-0.399465 1.42372 0)
(-0.729657 1.98768 0)
(-0.54108 2.17317 0)
(-0.287515 1.88211 0)
(0.233342 1.6755 0)
(0.65822 1.41144 0)
(1.17254 1.22098 0)
(1.59152 1.03864 0)
(2.03377 0.885837 0)
(2.38347 0.737266 0)
(2.72815 0.577532 0)
(2.95051 0.404507 0)
(3.1462 0.177154 0)
(3.14115 -0.0769898 0)
(3.09 -0.441651 0)
(2.69419 -0.841543 0)
(2.25098 -1.47297 0)
(1.26075 -2.20157 0)
(0.388337 -3.32814 0)
(-0.73594 -3.97938 0)
(-0.697122 -2.95879 0)
(-0.254727 2.42983 0)
(-0.0953301 2.06742 0)
(0.690317 1.87185 0)
(1.32647 1.32569 0)
(2.12248 1.05749 0)
(2.7237 0.808835 0)
(3.34824 0.653047 0)
(3.83222 0.525426 0)
(4.30649 0.427996 0)
(4.66931 0.34231 0)
(5.01329 0.257307 0)
(5.23284 0.169444 0)
(5.42535 0.0594776 0)
(5.43114 -0.0627121 0)
(5.40393 -0.236753 0)
(5.065 -0.433522 0)
(4.69899 -0.775073 0)
(3.78723 -1.23694 0)
(2.83842 -2.25242 0)
(1.07955 -3.32689 0)
(-0.0439265 -3.80064 0)
(1.66913 1.67142 0)
(2.71143 0.976875 0)
(4.55648 0.749742 0)
(5.39431 0.423488 0)
(6.25465 0.284483 0)
(6.75318 0.175063 0)
(7.21838 0.117987 0)
(7.52727 0.0780418 0)
(7.81248 0.0526711 0)
(8.00637 0.0335767 0)
(8.18503 0.016901 0)
(8.27737 0.00111637 0)
(8.35825 -0.018954 0)
(8.3137 -0.0395332 0)
(8.26706 -0.075452 0)
(7.99428 -0.109816 0)
(7.74826 -0.200861 0)
(6.99975 -0.295049 0)
(6.26633 -0.628238 0)
(4.0481 -1.00035 0)
(2.00874 -1.82177 0)
)
;

boundaryField
{
    movingWall
    {
        type            fixedValue;
        value           uniform (10 0 0);
    }
    fixedWalls
    {
        type            noSlip;
    }
    frontAndBack
    {
        type            empty;
    }
}


// ************************************************************************* //
