/*--------------------------------*- C++ -*----------------------------------*\
| =========                 |                                                 |
| \\      /  F ield         | OpenFOAM: The Open Source CFD Toolbox           |
|  \\    /   O peration     | Version:  4.1                                   |
|   \\  /    A nd           | Web:      www.OpenFOAM.org                      |
|    \\/     M anipulation  |                                                 |
\*---------------------------------------------------------------------------*/
FoamFile
{
    version     2.0;
    format      ascii;
    class       volVectorField;
    location    "0.0162";
    object      U;
}
// * * * * * * * * * * * * * * * * * * * * * * * * * * * * * * * * * * * * * //

dimensions      [0 1 -1 0 0 0 0];

internalField   nonuniform List<vector> 
441
(
(0.00341638 -0.00504415 0)
(0.00773988 -0.00320119 0)
(-0.000800629 -2.54709e-165 0)
(0.00148616 -2.17409e-266 0)
(-0.0113638 -0.00594524 0)
(-0.00148616 -2.506e-232 0)
(-1.13103e-202 -3.39135e-203 0)
(-8.47611e-204 -4.10929e-228 0)
(-1.29583e-212 -1.71145e-213 0)
(-0.00461117 7.06253e-266 0)
(-0.0539096 0.0184445 0)
(-0.0695721 0.0102078 0)
(-0.0810124 0.00516171 0)
(-0.0763821 0.00138931 0)
(-0.0695989 -0.000201677 0)
(-0.0553748 -0.00149631 0)
(-0.0414704 -0.00160453 0)
(-0.0251649 -0.00195295 0)
(-0.0114243 -0.000837003 0)
(-0.00237251 -0.000156258 0)
(0.00291709 0.00189973 0)
(0.00272954 -0.00586827 0)
(-0.00583233 0.00749265 0)
(-0.0326201 0.00771743 0)
(-0.0604419 0.0122495 0)
(-0.0977239 0.00817953 0)
(-0.127492 -0.00674009 0)
(-0.152743 -0.000972106 0)
(-0.174977 0.000887034 0)
(-0.193375 0.00911959 0)
(-0.21326 0.047669 0)
(-0.227465 0.0449332 0)
(-0.224162 0.0172126 0)
(-0.219227 0.00125323 0)
(-0.198866 -0.0132174 0)
(-0.175166 -0.0208461 0)
(-0.140829 -0.0274525 0)
(-0.106404 -0.0284624 0)
(-0.0685454 -0.029084 0)
(-0.036024 -0.0216772 0)
(-0.0121344 -0.0149387 0)
(0.00238551 -0.00117555 0)
(0.00587383 -0.00268853 0)
(-0.00845663 0.0317103 0)
(-0.0540759 0.053001 0)
(-0.107063 0.0632872 0)
(-0.164264 0.0601217 0)
(-0.22005 0.0517324 0)
(-0.274449 0.0456435 0)
(-0.311971 0.0392471 0)
(-0.348762 0.036652 0)
(-0.361616 0.0377679 0)
(-0.352011 0.0300627 0)
(-0.339684 0.00300839 0)
(-0.321456 -0.0196535 0)
(-0.289791 -0.0424322 0)
(-0.252737 -0.0575302 0)
(-0.203287 -0.0703544 0)
(-0.15357 -0.0729592 0)
(-0.0992276 -0.0726021 0)
(-0.0531189 -0.0562787 0)
(-0.0177684 -0.0388086 0)
(0.00336162 -0.00722308 0)
(0.00646156 -0.00338668 0)
(-0.0113047 0.069028 0)
(-0.0774528 0.106546 0)
(-0.146786 0.124292 0)
(-0.221375 0.12142 0)
(-0.290164 0.105776 0)
(-0.351926 0.0919131 0)
(-0.399811 0.0757799 0)
(-0.435742 0.0601881 0)
(-0.452422 0.0487455 0)
(-0.449109 0.0226621 0)
(-0.431626 -0.014194 0)
(-0.405495 -0.0488321 0)
(-0.363232 -0.0827241 0)
(-0.314663 -0.107244 0)
(-0.251626 -0.127656 0)
(-0.188869 -0.132134 0)
(-0.120113 -0.130812 0)
(-0.0631213 -0.102544 0)
(-0.018512 -0.0726366 0)
(0.00559875 -0.0152704 0)
(6.18988e-165 0.00161539 0)
(-0.0151474 0.115237 0)
(-0.102211 0.187719 0)
(-0.18123 0.206102 0)
(-0.269181 0.202684 0)
(-0.347263 0.180944 0)
(-0.419242 0.154447 0)
(-0.473495 0.122442 0)
(-0.514625 0.0888434 0)
(-0.53263 0.0518164 0)
(-0.530281 0.00959176 0)
(-0.511249 -0.0402633 0)
(-0.479634 -0.0874727 0)
(-0.429501 -0.133311 0)
(-0.371234 -0.168262 0)
(-0.295064 -0.196537 0)
(-0.220291 -0.203262 0)
(-0.135562 -0.198976 0)
(-0.0689588 -0.156451 0)
(-0.0130967 -0.108072 0)
(0.0119981 -0.0191497 0)
(-5.32478e-266 0.00495983 0)
(-0.0699835 0.175525 0)
(-0.137019 0.270985 0)
(-0.226137 0.292959 0)
(-0.313761 0.287441 0)
(-0.398516 0.256911 0)
(-0.473533 0.218634 0)
(-0.53404 0.171458 0)
(-0.578441 0.119864 0)
(-0.601929 0.0637925 0)
(-0.605467 0.00135567 0)
(-0.58771 -0.0655852 0)
(-0.554365 -0.130518 0)
(-0.497959 -0.192184 0)
(-0.431081 -0.241372 0)
(-0.341662 -0.280214 0)
(-0.253781 -0.290857 0)
(-0.151559 -0.284449 0)
(-0.0734133 -0.223598 0)
(-0.00250318 -0.156327 0)
(0.016376 -0.0156832 0)
(-0.0198393 0.0752456 0)
(-0.0941706 0.248776 0)
(-0.169426 0.344578 0)
(-0.262406 0.38134 0)
(-0.357693 0.37467 0)
(-0.448825 0.339723 0)
(-0.531396 0.289545 0)
(-0.598749 0.226825 0)
(-0.65003 0.156641 0)
(-0.679686 0.0787895 0)
(-0.688808 -0.00428947 0)
(-0.674074 -0.0914351 0)
(-0.640571 -0.176508 0)
(-0.579438 -0.256939 0)
(-0.504978 -0.323351 0)
(-0.401131 -0.374643 0)
(-0.300215 -0.39148 0)
(-0.175164 -0.38066 0)
(-0.0892091 -0.30296 0)
(0.00990933 -0.199176 0)
(5.29197e-266 -0.00409399 0)
(-0.0140405 0.121293 0)
(-0.085219 0.326154 0)
(-0.181022 0.440013 0)
(-0.286939 0.48216 0)
(-0.39383 0.474416 0)
(-0.495028 0.431211 0)
(-0.585984 0.369075 0)
(-0.662514 0.290267 0)
(-0.721962 0.201195 0)
(-0.760638 0.102264 0)
(-0.777973 -0.00407982 0)
(-0.769189 -0.11457 0)
(-0.738541 -0.225006 0)
(-0.675248 -0.329194 0)
(-0.594368 -0.419248 0)
(-0.476918 -0.487495 0)
(-0.360074 -0.515484 0)
(-0.213659 -0.499762 0)
(-0.111093 -0.404927 0)
(4.00815e-05 -0.253436 0)
(1.57297e-24 -2.0637e-24 0)
(-0.0118158 0.171663 0)
(-0.0870528 0.414023 0)
(-0.197396 0.545237 0)
(-0.31562 0.592718 0)
(-0.435727 0.582016 0)
(-0.547921 0.530835 0)
(-0.649431 0.45661 0)
(-0.736314 0.362181 0)
(-0.80584 0.254737 0)
(-0.855187 0.134531 0)
(-0.882442 0.00466814 0)
(-0.88262 -0.131066 0)
(-0.857885 -0.269523 0)
(-0.795866 -0.401605 0)
(-0.710802 -0.519986 0)
(-0.579591 -0.610191 0)
(-0.444764 -0.651724 0)
(-0.268983 -0.632143 0)
(-0.144171 -0.511391 0)
(-0.00270775 -0.314737 0)
(6.30051e-77 -3.93242e-25 0)
(-0.0103081 0.221106 0)
(-0.0878162 0.51341 0)
(-0.210967 0.669733 0)
(-0.341409 0.721434 0)
(-0.474604 0.707669 0)
(-0.598562 0.645411 0)
(-0.71073 0.558181 0)
(-0.808955 0.446808 0)
(-0.889388 0.320485 0)
(-0.951472 0.178607 0)
(-0.991286 0.0234832 0)
(-1.00445 -0.139922 0)
(-0.990423 -0.31177 0)
(-0.93499 -0.478025 0)
(-0.849956 -0.635372 0)
(-0.707056 -0.75696 0)
(-0.55176 -0.825069 0)
(-0.340431 -0.806347 0)
(-0.184345 -0.667785 0)
(-0.00578491 -0.407438 0)
(1.70147e-164 -1.57513e-77 0)
(-0.0110803 0.266908 0)
(-0.0962506 0.613027 0)
(-0.23463 0.797032 0)
(-0.378904 0.854524 0)
(-0.525397 0.838041 0)
(-0.661005 0.765534 0)
(-0.782935 0.666446 0)
(-0.891983 0.539993 0)
(-0.982735 0.397189 0)
(-1.05854 0.236104 0)
(-1.11256 0.0580928 0)
(-1.14344 -0.131981 0)
(-1.14576 -0.33783 0)
(-1.10562 -0.542354 0)
(-1.02801 -0.745688 0)
(-0.880251 -0.909765 0)
(-0.70495 -1.01418 0)
(-0.454423 -1.00301 0)
(-0.256062 -0.837498 0)
(-0.0566212 -0.506268 0)
(8.25845e-266 0.00770336 0)
(-0.0130181 0.329717 0)
(-0.105798 0.739233 0)
(-0.258763 0.954305 0)
(-0.415682 1.01333 0)
(-0.573452 0.991449 0)
(-0.718889 0.903473 0)
(-0.848217 0.79031 0)
(-0.966346 0.646752 0)
(-1.06582 0.487539 0)
(-1.1551 0.308219 0)
(-1.22459 0.108281 0)
(-1.27702 -0.107457 0)
(-1.30257 -0.350117 0)
(-1.28746 -0.597592 0)
(-1.22914 -0.861426 0)
(-1.08625 -1.08418 0)
(-0.894304 -1.25114 0)
(-0.590278 -1.26314 0)
(-0.322172 -1.06326 0)
(-0.0448189 -0.674726 0)
(0.0308135 -0.0577049 0)
(-0.0181011 0.381554 0)
(-0.126197 0.855879 0)
(-0.301462 1.1042 0)
(-0.474377 1.16613 0)
(-0.641851 1.13968 0)
(-0.794568 1.03803 0)
(-0.925477 0.91319 0)
(-1.04803 0.756379 0)
(-1.1503 0.585803 0)
(-1.25002 0.394623 0)
(-1.33234 0.180414 0)
(-1.40935 -0.0535682 0)
(-1.46291 -0.326103 0)
(-1.48677 -0.615195 0)
(-1.46247 -0.944072 0)
(-1.34558 -1.24525 0)
(-1.1518 -1.50536 0)
(-0.783704 -1.57882 0)
(-0.438732 -1.37622 0)
(0.0374022 -0.862427 0)
(1.6016e-231 -0.00770336 0)
(-0.0249466 0.477026 0)
(-0.148552 1.02583 0)
(-0.343898 1.3065 0)
(-0.529181 1.35506 0)
(-0.700898 1.31496 0)
(-0.855148 1.18766 0)
(-0.980936 1.04583 0)
(-1.10097 0.871755 0)
(-1.19868 0.690199 0)
(-1.30149 0.490192 0)
(-1.39043 0.266976 0)
(-1.48755 0.0226873 0)
(-1.57 -0.274442 0)
(-1.63973 -0.59929 0)
(-1.6686 -1.00511 0)
(-1.60767 -1.39889 0)
(-1.4515 -1.81594 0)
(-1.0672 -1.98811 0)
(-0.643784 -1.88211 0)
(-0.00261883 -1.13821 0)
(3.9539e-202 3.4343e-184 0)
(-0.043105 0.547745 0)
(-0.199794 1.16869 0)
(-0.426737 1.48065 0)
(-0.626245 1.51741 0)
(-0.79013 1.46367 0)
(-0.934418 1.31434 0)
(-1.03639 1.15833 0)
(-1.13855 0.972453 0)
(-1.21325 0.786204 0)
(-1.3045 0.586416 0)
(-1.38327 0.366689 0)
(-1.49046 0.127411 0)
(-1.58969 -0.172854 0)
(-1.71141 -0.514201 0)
(-1.79796 -0.972335 0)
(-1.8401 -1.46073 0)
(-1.75633 -2.03656 0)
(-1.43905 -2.39265 0)
(-0.950445 -2.42345 0)
(-0.00444127 -1.52529 0)
(1.37372e-183 3.09851e-184 0)
(-0.0634882 0.727521 0)
(-0.250446 1.41384 0)
(-0.494515 1.74205 0)
(-0.692212 1.7197 0)
(-0.830283 1.6299 0)
(-0.94617 1.43432 0)
(-1.00622 1.25374 0)
(-1.07094 1.04885 0)
(-1.10294 0.857202 0)
(-1.15998 0.660537 0)
(-1.20512 0.451461 0)
(-1.29394 0.229613 0)
(-1.38416 -0.0576071 0)
(-1.52845 -0.390221 0)
(-1.66658 -0.883423 0)
(-1.81565 -1.43996 0)
(-1.88494 -2.22825 0)
(-1.74619 -2.80151 0)
(-1.40272 -3.33912 0)
(-0.397204 -2.12385 0)
(3.51222e-254 -3.4343e-184 0)
(-0.12898 0.846847 0)
(-0.387113 1.58623 0)
(-0.636477 1.91623 0)
(-0.807921 1.8428 0)
(-0.85937 1.71594 0)
(-0.901115 1.48464 0)
(-0.865011 1.28317 0)
(-0.852268 1.0673 0)
(-0.801608 0.875648 0)
(-0.793435 0.689571 0)
(-0.771654 0.500857 0)
(-0.815609 0.309933 0)
(-0.859111 0.0620669 0)
(-1.0069 -0.225661 0)
(-1.15284 -0.681607 0)
(-1.45326 -1.2341 0)
(-1.66754 -2.08839 0)
(-2.03537 -2.87578 0)
(-1.87587 -3.70806 0)
(-1.88008 -2.99051 0)
(-2.22741e-264 -0.192025 0)
(-0.181483 1.26405 0)
(-0.46499 1.9253 0)
(-0.639095 2.18445 0)
(-0.70871 1.9427 0)
(-0.61382 1.73669 0)
(-0.525861 1.43975 0)
(-0.355567 1.21147 0)
(-0.229673 0.985616 0)
(-0.071178 0.800182 0)
(0.0282786 0.631662 0)
(0.138804 0.471709 0)
(0.17121 0.31977 0)
(0.205779 0.12741 0)
(0.118309 -0.0906705 0)
(0.0199263 -0.450676 0)
(-0.289329 -0.911714 0)
(-0.612477 -1.67577 0)
(-1.21369 -2.55486 0)
(-1.5611 -3.57765 0)
(-1.87672 -3.88527 0)
(-0.768101 -2.08624 0)
(-0.396646 1.45818 0)
(-0.730504 2.01473 0)
(-0.572796 2.15354 0)
(-0.376551 1.80083 0)
(0.0594371 1.53434 0)
(0.378208 1.21927 0)
(0.766231 0.989494 0)
(1.04485 0.781485 0)
(1.33583 0.619583 0)
(1.53273 0.482083 0)
(1.73141 0.358746 0)
(1.83066 0.249497 0)
(1.93834 0.115037 0)
(1.90033 -0.0272193 0)
(1.87574 -0.27346 0)
(1.57835 -0.579687 0)
(1.28591 -1.16126 0)
(0.511697 -1.89009 0)
(-0.109362 -3.03809 0)
(-0.939643 -3.71459 0)
(-0.683545 -2.862 0)
(-0.248846 2.45283 0)
(-0.0705502 2.09598 0)
(0.716941 1.88178 0)
(1.32821 1.30451 0)
(2.06956 1.00457 0)
(2.59124 0.729079 0)
(3.11396 0.553641 0)
(3.48101 0.414463 0)
(3.82823 0.314561 0)
(4.06334 0.236908 0)
(4.28825 0.171954 0)
(4.41106 0.11693 0)
(4.54196 0.0518325 0)
(4.53577 -0.018079 0)
(4.5526 -0.141016 0)
(4.31525 -0.30096 0)
(4.08937 -0.636469 0)
(3.33804 -1.12215 0)
(2.54408 -2.18187 0)
(0.944582 -3.26669 0)
(-0.043749 -3.78501 0)
(1.67341 1.67606 0)
(2.73382 0.983381 0)
(4.5942 0.754376 0)
(5.43153 0.423548 0)
(6.27242 0.279657 0)
(6.73466 0.166417 0)
(7.15 0.107011 0)
(7.40062 0.0662993 0)
(7.62353 0.0418158 0)
(7.75723 0.0252459 0)
(7.88369 0.0129242 0)
(7.9396 0.00294037 0)
(8.00606 -0.00993881 0)
(7.97636 -0.0238235 0)
(7.97332 -0.0543181 0)
(7.77201 -0.0882981 0)
(7.60642 -0.184632 0)
(6.93287 -0.290483 0)
(6.24364 -0.638692 0)
(4.04496 -1.02022 0)
(2.02466 -1.84952 0)
)
;

boundaryField
{
    movingWall
    {
        type            fixedValue;
        value           uniform (10 0 0);
    }
    fixedWalls
    {
        type            noSlip;
    }
    frontAndBack
    {
        type            empty;
    }
}


// ************************************************************************* //
