/*--------------------------------*- C++ -*----------------------------------*\
| =========                 |                                                 |
| \\      /  F ield         | OpenFOAM: The Open Source CFD Toolbox           |
|  \\    /   O peration     | Version:  4.1                                   |
|   \\  /    A nd           | Web:      www.OpenFOAM.org                      |
|    \\/     M anipulation  |                                                 |
\*---------------------------------------------------------------------------*/
FoamFile
{
    version     2.0;
    format      ascii;
    class       volVectorField;
    location    "0.00297";
    object      U;
}
// * * * * * * * * * * * * * * * * * * * * * * * * * * * * * * * * * * * * * //

dimensions      [0 1 -1 0 0 0 0];

internalField   nonuniform List<vector> 
1681
(
(5.16981e-06 2.41665e-06 0)
(-0.0010117 0.00063056 0)
(-0.00361741 0.00111159 0)
(-0.00715528 0.00139767 0)
(-0.0111883 0.00151796 0)
(-0.0153843 0.00154592 0)
(-0.0195731 0.00152418 0)
(-0.0236595 0.00147603 0)
(-0.0275895 0.00141153 0)
(-0.0313259 0.0013352 0)
(-0.0348399 0.00124922 0)
(-0.0381073 0.00115488 0)
(-0.0411068 0.0010531 0)
(-0.0438193 0.000944629 0)
(-0.0462278 0.000830162 0)
(-0.0483172 0.000710359 0)
(-0.0500741 0.00058588 0)
(-0.0514869 0.000457401 0)
(-0.0525461 0.000325621 0)
(-0.0532439 0.000191272 0)
(-0.0535746 5.51183e-05 0)
(-0.0535347 -8.2042e-05 0)
(-0.0531227 -0.000219374 0)
(-0.0523395 -0.00035601 0)
(-0.0511884 -0.000491051 0)
(-0.049675 -0.000623572 0)
(-0.0478077 -0.00075263 0)
(-0.045597 -0.000877273 0)
(-0.0430563 -0.000996554 0)
(-0.0402013 -0.00110955 0)
(-0.0370503 -0.00121539 0)
(-0.033624 -0.00131328 0)
(-0.0299449 -0.0014025 0)
(-0.0260381 -0.00148221 0)
(-0.021932 -0.00155046 0)
(-0.017664 -0.00160116 0)
(-0.013298 -0.00161613 0)
(-0.00896486 -0.00155187 0)
(-0.00495365 -0.00132285 0)
(-0.00174885 -0.000840337 0)
(-0.000148938 -0.000138358 0)
(-0.000410178 0.000895728 0)
(-0.00353811 0.0042171 0)
(-0.00989505 0.00680425 0)
(-0.0181211 0.00834408 0)
(-0.0273468 0.00902217 0)
(-0.0368907 0.00918281 0)
(-0.0463957 0.0090573 0)
(-0.0556573 0.00877283 0)
(-0.0645564 0.00838881 0)
(-0.0730106 0.00793286 0)
(-0.0809558 0.00741882 0)
(-0.0883381 0.00685491 0)
(-0.09511 0.00624694 0)
(-0.101229 0.00559961 0)
(-0.106659 0.00491716 0)
(-0.111364 0.00420359 0)
(-0.115316 0.00346288 0)
(-0.11849 0.00269908 0)
(-0.120864 0.00191635 0)
(-0.122422 0.00111901 0)
(-0.123152 0.000311557 0)
(-0.123045 -0.00050131 0)
(-0.122101 -0.00131471 0)
(-0.120319 -0.00212358 0)
(-0.11771 -0.00292269 0)
(-0.114285 -0.00370666 0)
(-0.110063 -0.00447002 0)
(-0.105068 -0.00520723 0)
(-0.0993304 -0.00591276 0)
(-0.0928848 -0.0065812 0)
(-0.0857725 -0.00720732 0)
(-0.0780395 -0.00778614 0)
(-0.0697374 -0.00831273 0)
(-0.0609237 -0.00878071 0)
(-0.0516649 -0.0091767 0)
(-0.0420476 -0.00946388 0)
(-0.0322118 -0.00954327 0)
(-0.0224224 -0.00918859 0)
(-0.013229 -0.00799055 0)
(-0.00553534 -0.00548529 0)
(-0.000854247 -0.00171697 0)
(-0.000540114 0.00278119 0)
(-0.00475595 0.0102061 0)
(-0.0134745 0.0157546 0)
(-0.0245784 0.0190177 0)
(-0.0369217 0.0204406 0)
(-0.0495977 0.0207472 0)
(-0.0621608 0.0204333 0)
(-0.0743615 0.0197724 0)
(-0.086059 0.0188934 0)
(-0.0971554 0.0178565 0)
(-0.107573 0.0166915 0)
(-0.117246 0.0154163 0)
(-0.126115 0.0140435 0)
(-0.134125 0.0125834 0)
(-0.141229 0.0110453 0)
(-0.147384 0.0094381 0)
(-0.152552 0.00777078 0)
(-0.1567 0.00605231 0)
(-0.159802 0.00429199 0)
(-0.161835 0.00249946 0)
(-0.162784 0.000684759 0)
(-0.16264 -0.00114168 0)
(-0.161398 -0.00296899 0)
(-0.159063 -0.00478592 0)
(-0.155644 -0.00658083 0)
(-0.151158 -0.00834179 0)
(-0.145628 -0.0100566 0)
(-0.139087 -0.011713 0)
(-0.131573 -0.0132987 0)
(-0.123131 -0.0148014 0)
(-0.113815 -0.0162094 0)
(-0.103684 -0.0175109 0)
(-0.0928076 -0.0186942 0)
(-0.0812599 -0.0197435 0)
(-0.069129 -0.0206276 0)
(-0.0565276 -0.0212675 0)
(-0.0436316 -0.02146 0)
(-0.0307609 -0.0207522 0)
(-0.0185654 -0.0183287 0)
(-0.0081237 -0.0131806 0)
(-0.00134666 -0.00491424 0)
(-0.000250925 0.00447905 0)
(-0.0043778 0.0172705 0)
(-0.0145776 0.0265325 0)
(-0.0274958 0.0318339 0)
(-0.0417474 0.0340508 0)
(-0.0562387 0.034438 0)
(-0.0704993 0.0338325 0)
(-0.0842806 0.0326829 0)
(-0.0974522 0.031195 0)
(-0.109922 0.0294607 0)
(-0.121616 0.0275245 0)
(-0.132465 0.0254122 0)
(-0.142407 0.0231428 0)
(-0.151384 0.020732 0)
(-0.159344 0.0181944 0)
(-0.166241 0.0155443 0)
(-0.172032 0.012796 0)
(-0.176681 0.00996418 0)
(-0.180158 0.00706394 0)
(-0.182439 0.00411102 0)
(-0.183507 0.00112177 0)
(-0.18335 -0.00188674 0)
(-0.181964 -0.00489678 0)
(-0.179352 -0.00788995 0)
(-0.175525 -0.0108472 0)
(-0.170502 -0.0137491 0)
(-0.164308 -0.0165756 0)
(-0.156977 -0.0193066 0)
(-0.148553 -0.0219217 0)
(-0.139087 -0.0244009 0)
(-0.128636 -0.0267245 0)
(-0.117269 -0.0288729 0)
(-0.10506 -0.0308257 0)
(-0.0920957 -0.0325563 0)
(-0.0784725 -0.0340139 0)
(-0.0643153 -0.0350735 0)
(-0.0498141 -0.0354221 0)
(-0.0353088 -0.0343639 0)
(-0.0214923 -0.030632 0)
(-0.00953727 -0.0225472 0)
(-0.00160748 -0.0089844 0)
(0.000218463 0.00590964 0)
(-0.00267254 0.025139 0)
(-0.0142789 0.0387749 0)
(-0.0285682 0.0462099 0)
(-0.0441409 0.0491192 0)
(-0.0597776 0.0494392 0)
(-0.0750436 0.0484101 0)
(-0.0897202 0.0466645 0)
(-0.103703 0.0444794 0)
(-0.116916 0.0419707 0)
(-0.129292 0.0391911 0)
(-0.140767 0.0361712 0)
(-0.151278 0.0329337 0)
(-0.160769 0.0294989 0)
(-0.169185 0.0258864 0)
(-0.176477 0.0221154 0)
(-0.182603 0.0182059 0)
(-0.187525 0.0141782 0)
(-0.19121 0.0100535 0)
(-0.193633 0.00585392 0)
(-0.194775 0.00160242 0)
(-0.194623 -0.00267697 0)
(-0.193173 -0.00695924 0)
(-0.190427 -0.0112184 0)
(-0.186395 -0.0154276 0)
(-0.181096 -0.0195592 0)
(-0.174555 -0.0235848 0)
(-0.16681 -0.0274758 0)
(-0.157902 -0.0312033 0)
(-0.147886 -0.0347385 0)
(-0.136823 -0.038053 0)
(-0.124783 -0.0411187 0)
(-0.111846 -0.0439059 0)
(-0.098102 -0.0463762 0)
(-0.083653 -0.0484584 0)
(-0.0686294 -0.0499812 0)
(-0.0532282 -0.050519 0)
(-0.0378001 -0.0491227 0)
(-0.0230666 -0.0440397 0)
(-0.0102671 -0.0328368 0)
(-0.0017313 -0.013511 0)
(5.72323e-268 5.46156e-05 0)
(-0.00233826 0.0323594 0)
(-0.0146454 0.0518984 0)
(-0.0296986 0.0616315 0)
(-0.0460458 0.0651399 0)
(-0.0623867 0.0652637 0)
(-0.0782899 0.0637051 0)
(-0.0935457 0.0612839 0)
(-0.10806 0.0583407 0)
(-0.121762 0.0550074 0)
(-0.134589 0.05134 0)
(-0.146478 0.0473705 0)
(-0.157368 0.043124 0)
(-0.167201 0.0386242 0)
(-0.175923 0.0338948 0)
(-0.183484 0.0289601 0)
(-0.189841 0.0238451 0)
(-0.194953 0.018576 0)
(-0.198788 0.01318 0)
(-0.201319 0.00768546 0)
(-0.202525 0.00212211 0)
(-0.202392 -0.00347899 0)
(-0.200915 -0.00908542 0)
(-0.198094 -0.0146635 0)
(-0.193939 -0.0201782 0)
(-0.188466 -0.0255934 0)
(-0.181703 -0.0308723 0)
(-0.173683 -0.035977 0)
(-0.164452 -0.0408698 0)
(-0.154062 -0.0455125 0)
(-0.142577 -0.0498676 0)
(-0.130069 -0.0538976 0)
(-0.11662 -0.057563 0)
(-0.102323 -0.0608134 0)
(-0.0872831 -0.0635565 0)
(-0.071636 -0.0655739 0)
(-0.0555844 -0.0663242 0)
(-0.0394908 -0.0645951 0)
(-0.0241055 -0.0581211 0)
(-0.010726 -0.0436632 0)
(-0.00180417 -0.018278 0)
(5.51793e-27 3.93701e-25 0)
(-0.00384408 0.0407606 0)
(-0.0162663 0.0655434 0)
(-0.0316685 0.0775557 0)
(-0.0483905 0.0816784 0)
(-0.0651639 0.0816013 0)
(-0.0815198 0.0794945 0)
(-0.0972304 0.0763725 0)
(-0.112187 0.0726429 0)
(-0.12631 0.0684558 0)
(-0.139534 0.063871 0)
(-0.151791 0.058922 0)
(-0.163021 0.0536362 0)
(-0.173165 0.0480404 0)
(-0.182166 0.0421625 0)
(-0.189976 0.0360315 0)
(-0.196547 0.0296774 0)
(-0.201841 0.023132 0)
(-0.205822 0.0164284 0)
(-0.208462 0.00960113 0)
(-0.209738 0.00268665 0)
(-0.209636 -0.00427698 0)
(-0.208148 -0.01125 0)
(-0.205272 -0.0181908 0)
(-0.201016 -0.0250562 0)
(-0.195396 -0.0318015 0)
(-0.188436 -0.0383807 0)
(-0.180172 -0.0447469 0)
(-0.170646 -0.0508525 0)
(-0.159912 -0.0566498 0)
(-0.148034 -0.0620915 0)
(-0.135086 -0.06713 0)
(-0.121151 -0.0717154 0)
(-0.106324 -0.0757844 0)
(-0.0907171 -0.0792232 0)
(-0.0744682 -0.0817641 0)
(-0.0577888 -0.0827457 0)
(-0.0410564 -0.0806812 0)
(-0.0250537 -0.0727681 0)
(-0.0111372 -0.0549232 0)
(-0.00186884 -0.0232277 0)
(-3.9958e-79 1.37948e-27 0)
(-0.00547729 0.0495911 0)
(-0.0184504 0.079484 0)
(-0.0342613 0.0937668 0)
(-0.0512971 0.098547 0)
(-0.0684431 0.0983224 0)
(-0.0852191 0.0957013 0)
(-0.101378 0.0918896 0)
(-0.116785 0.0873676 0)
(-0.131348 0.0823098 0)
(-0.14499 0.0767847 0)
(-0.157641 0.07083 0)
(-0.169236 0.0644768 0)
(-0.179715 0.0577558 0)
(-0.18902 0.0506989 0)
(-0.197101 0.0433397 0)
(-0.20391 0.0357136 0)
(-0.209405 0.0278573 0)
(-0.21355 0.0198099 0)
(-0.216316 0.0116121 0)
(-0.217678 0.00330678 0)
(-0.217617 -0.00506113 0)
(-0.216125 -0.0134444 0)
(-0.213198 -0.0217937 0)
(-0.208842 -0.0300575 0)
(-0.203069 -0.0381823 0)
(-0.195903 -0.0461128 0)
(-0.187377 -0.0537923 0)
(-0.177533 -0.0611631 0)
(-0.166425 -0.0681673 0)
(-0.154115 -0.0747469 0)
(-0.14068 -0.0808436 0)
(-0.126206 -0.0863963 0)
(-0.11079 -0.0913277 0)
(-0.0945483 -0.095501 0)
(-0.0776255 -0.0985972 0)
(-0.060243 -0.0998288 0)
(-0.042797 -0.0974218 0)
(-0.0261079 -0.088012 0)
(-0.0115967 -0.0666362 0)
(-0.00194281 -0.028368 0)
(-2.99573e-166 -9.9895e-80 0)
(-0.00798942 0.0593693 0)
(-0.0212612 0.0940202 0)
(-0.0373753 0.110343 0)
(-0.0547006 0.115765 0)
(-0.0722599 0.115446 0)
(-0.0895172 0.112356 0)
(-0.106188 0.107874 0)
(-0.122108 0.102558 0)
(-0.137169 0.0966138 0)
(-0.151285 0.0901252 0)
(-0.164381 0.0831376 0)
(-0.17639 0.0756872 0)
(-0.187249 0.0678092 0)
(-0.196901 0.0595401 0)
(-0.205292 0.0509182 0)
(-0.212374 0.0419835 0)
(-0.218103 0.0327785 0)
(-0.222441 0.0233474 0)
(-0.225355 0.0137369 0)
(-0.22682 0.00399637 0)
(-0.226814 -0.00582262 0)
(-0.225326 -0.0156656 0)
(-0.222348 -0.0254754 0)
(-0.217884 -0.0351921 0)
(-0.211944 -0.0447532 0)
(-0.204549 -0.0540938 0)
(-0.195729 -0.0631471 0)
(-0.185526 -0.0718446 0)
(-0.17399 -0.0801173 0)
(-0.161187 -0.0878957 0)
(-0.147193 -0.0951099 0)
(-0.132096 -0.101686 0)
(-0.115998 -0.107532 0)
(-0.0990188 -0.112487 0)
(-0.081312 -0.116176 0)
(-0.0631111 -0.117679 0)
(-0.0448341 -0.11492 0)
(-0.0273457 -0.103946 0)
(-0.0121408 -0.078875 0)
(-0.00203194 -0.0337331 0)
(-4.92424e-267 0.000286108 0)
(-0.0120583 0.0693824 0)
(-0.0243652 0.108358 0)
(-0.0405929 0.127004 0)
(-0.0583257 0.133311 0)
(-0.0764933 0.133047 0)
(-0.0943997 0.12955 0)
(-0.11171 0.124412 0)
(-0.128241 0.118289 0)
(-0.143879 0.111435 0)
(-0.158537 0.103954 0)
(-0.17214 0.0959017 0)
(-0.184621 0.0873202 0)
(-0.195915 0.0782498 0)
(-0.205962 0.0687315 0)
(-0.214709 0.058808 0)
(-0.222105 0.0485244 0)
(-0.228104 0.0379279 0)
(-0.232666 0.0270683 0)
(-0.235757 0.0159979 0)
(-0.237346 0.00477206 0)
(-0.237411 -0.00655106 0)
(-0.235934 -0.0179099 0)
(-0.232908 -0.0292397 0)
(-0.22833 -0.0404721 0)
(-0.222208 -0.0515353 0)
(-0.214559 -0.0623547 0)
(-0.20541 -0.0728525 0)
(-0.1948 -0.0829491 0)
(-0.182779 -0.0925633 0)
(-0.169413 -0.101613 0)
(-0.154777 -0.110016 0)
(-0.138962 -0.117683 0)
(-0.122074 -0.124507 0)
(-0.104241 -0.130298 0)
(-0.0856228 -0.134625 0)
(-0.0664688 -0.136425 0)
(-0.047223 -0.133304 0)
(-0.0288013 -0.12069 0)
(-0.012784 -0.0917335 0)
(-0.00213835 -0.0393663 0)
(-0.00114443 0.0207555 0)
(-0.010803 0.0821914 0)
(-0.0245148 0.123171 0)
(-0.0422959 0.144318 0)
(-0.061542 0.151662 0)
(-0.080927 0.151461 0)
(-0.0998223 0.147503 0)
(-0.117964 0.141646 0)
(-0.135227 0.134664 0)
(-0.151531 0.126855 0)
(-0.166805 0.118341 0)
(-0.180981 0.109185 0)
(-0.193994 0.0994335 0)
(-0.205778 0.0891309 0)
(-0.216274 0.078322 0)
(-0.225425 0.067054 0)
(-0.233178 0.0553763 0)
(-0.239487 0.0433411 0)
(-0.244308 0.0310033 0)
(-0.247604 0.0184204 0)
(-0.249342 0.00565349 0)
(-0.249495 -0.00723314 0)
(-0.248044 -0.0201712 0)
(-0.244974 -0.0330882 0)
(-0.240279 -0.0459076 0)
(-0.233963 -0.0585485 0)
(-0.226037 -0.0709257 0)
(-0.216525 -0.0829503 0)
(-0.205462 -0.0945305 0)
(-0.192898 -0.105572 0)
(-0.178895 -0.115979 0)
(-0.16353 -0.125654 0)
(-0.146897 -0.134494 0)
(-0.129106 -0.142371 0)
(-0.11029 -0.149066 0)
(-0.0906223 -0.154084 0)
(-0.0703677 -0.156214 0)
(-0.0500008 -0.152721 0)
(-0.0304971 -0.138378 0)
(-0.0135357 -0.105317 0)
(-0.00226335 -0.0453156 0)
(0.000609948 0.0232408 0)
(-0.00270264 0.0940686 0)
(-0.0217145 0.140875 0)
(-0.042999 0.164297 0)
(-0.06482 0.171989 0)
(-0.0858863 0.171284 0)
(-0.105985 0.166517 0)
(-0.125071 0.159742 0)
(-0.143145 0.151787 0)
(-0.160182 0.142953 0)
(-0.176137 0.133354 0)
(-0.190949 0.12305 0)
(-0.204554 0.112086 0)
(-0.216886 0.100507 0)
(-0.227883 0.0883623 0)
(-0.237487 0.0757026 0)
(-0.245644 0.0625817 0)
(-0.252303 0.0490563 0)
(-0.25742 0.0351859 0)
(-0.260954 0.021033 0)
(-0.26287 0.00666381 0)
(-0.263135 -0.0078517 0)
(-0.261725 -0.0224389 0)
(-0.258621 -0.0370183 0)
(-0.253811 -0.051505 0)
(-0.247292 -0.0658088 0)
(-0.239071 -0.079834 0)
(-0.229166 -0.09348 0)
(-0.217608 -0.106642 0)
(-0.204443 -0.11921 0)
(-0.18973 -0.131075 0)
(-0.173548 -0.142121 0)
(-0.155991 -0.152229 0)
(-0.137176 -0.161249 0)
(-0.117242 -0.168929 0)
(-0.0963743 -0.174705 0)
(-0.0748586 -0.177203 0)
(-0.0532042 -0.173329 0)
(-0.0324555 -0.157158 0)
(-0.0144056 -0.119741 0)
(-0.00240844 -0.0516328 0)
(4.51257e-282 0.000152487 0)
(-0.0030437 0.104445 0)
(-0.0243722 0.161713 0)
(-0.0473502 0.186981 0)
(-0.0704048 0.194214 0)
(-0.0924325 0.192435 0)
(-0.113373 0.186549 0)
(-0.133258 0.178701 0)
(-0.152108 0.16969 0)
(-0.1699 0.159777 0)
(-0.186583 0.14905 0)
(-0.202087 0.137555 0)
(-0.216343 0.125334 0)
(-0.22928 0.112433 0)
(-0.240833 0.0989042 0)
(-0.250941 0.0848019 0)
(-0.259548 0.0701847 0)
(-0.266601 0.0551136 0)
(-0.272054 0.0396523 0)
(-0.275863 0.0238677 0)
(-0.277988 0.00783027 0)
(-0.278392 -0.00838494 0)
(-0.277046 -0.0246977 0)
(-0.273924 -0.0410219 0)
(-0.269006 -0.0572649 0)
(-0.262284 -0.0733271 0)
(-0.253756 -0.0891022 0)
(-0.243433 -0.104477 0)
(-0.231341 -0.119332 0)
(-0.217518 -0.133544 0)
(-0.202024 -0.146983 0)
(-0.184934 -0.159518 0)
(-0.166346 -0.171008 0)
(-0.146378 -0.181278 0)
(-0.125181 -0.190039 0)
(-0.102952 -0.196651 0)
(-0.0800002 -0.199565 0)
(-0.0568759 -0.195303 0)
(-0.0347028 -0.177192 0)
(-0.0154054 -0.135131 0)
(-0.00257552 -0.0583745 0)
(-6.19678e-248 2.1302e-165 0)
(-0.013907 0.11975 0)
(-0.033968 0.183617 0)
(-0.05629 0.210025 0)
(-0.0787396 0.216787 0)
(-0.100754 0.214078 0)
(-0.122061 0.207207 0)
(-0.142557 0.198369 0)
(-0.162139 0.18834 0)
(-0.180711 0.177352 0)
(-0.198173 0.165478 0)
(-0.214432 0.152759 0)
(-0.229401 0.139238 0)
(-0.243004 0.124967 0)
(-0.255168 0.110001 0)
(-0.265832 0.0944012 0)
(-0.274937 0.0782312 0)
(-0.28243 0.0615556 0)
(-0.288261 0.0444419 0)
(-0.292384 0.0269603 0)
(-0.294755 0.00918488 0)
(-0.295332 -0.00880548 0)
(-0.294079 -0.0269259 0)
(-0.290961 -0.0450843 0)
(-0.285952 -0.063181 0)
(-0.279033 -0.0811074 0)
(-0.270193 -0.0987463 0)
(-0.259435 -0.115972 0)
(-0.246774 -0.132649 0)
(-0.232245 -0.148637 0)
(-0.2159 -0.163787 0)
(-0.197812 -0.177947 0)
(-0.178078 -0.190952 0)
(-0.156824 -0.202598 0)
(-0.134208 -0.212556 0)
(-0.110442 -0.220099 0)
(-0.085863 -0.223491 0)
(-0.0610677 -0.218835 0)
(-0.0372713 -0.19866 0)
(-0.0165495 -0.151629 0)
(-0.00276703 -0.0656032 0)
(-8.5208e-165 0.00192935 0)
(-0.0297007 0.135898 0)
(-0.0465578 0.203475 0)
(-0.0671746 0.231397 0)
(-0.0883402 0.238503 0)
(-0.110054 0.235608 0)
(-0.131647 0.228232 0)
(-0.152778 0.218672 0)
(-0.173162 0.207751 0)
(-0.192598 0.19573 0)
(-0.210924 0.182703 0)
(-0.228016 0.168728 0)
(-0.243771 0.153861 0)
(-0.258102 0.138165 0)
(-0.270936 0.121706 0)
(-0.282208 0.104551 0)
(-0.29186 0.0867685 0)
(-0.29984 0.0684271 0)
(-0.306094 0.0495971 0)
(-0.310575 0.030351 0)
(-0.313234 0.0107651 0)
(-0.314023 -0.00907937 0)
(-0.312899 -0.029094 0)
(-0.309817 -0.0491824 0)
(-0.304742 -0.0692383 0)
(-0.297643 -0.0891449 0)
(-0.288497 -0.108774 0)
(-0.277294 -0.127986 0)
(-0.264041 -0.146631 0)
(-0.248761 -0.164548 0)
(-0.231498 -0.181567 0)
(-0.212321 -0.197512 0)
(-0.191328 -0.212189 0)
(-0.168646 -0.225364 0)
(-0.144443 -0.236656 0)
(-0.11895 -0.245246 0)
(-0.0925322 -0.24919 0)
(-0.0658422 -0.244139 0)
(-0.0402002 -0.221762 0)
(-0.0178559 -0.169391 0)
(-0.00298596 -0.073389 0)
(-0.0077174 0.0536929 0)
(-0.0367996 0.159942 0)
(-0.0544193 0.222915 0)
(-0.0751597 0.251716 0)
(-0.0966883 0.259772 0)
(-0.119051 0.25732 0)
(-0.141516 0.249848 0)
(-0.163643 0.239786 0)
(-0.18507 0.228065 0)
(-0.205538 0.215028 0)
(-0.224855 0.200823 0)
(-0.242879 0.185544 0)
(-0.259498 0.169273 0)
(-0.274624 0.152092 0)
(-0.288185 0.134076 0)
(-0.300118 0.115303 0)
(-0.310368 0.0958449 0)
(-0.31888 0.0757745 0)
(-0.325605 0.0551634 0)
(-0.330491 0.0340845 0)
(-0.333485 0.0126144 0)
(-0.334534 -0.00916499 0)
(-0.333584 -0.031164 0)
(-0.330582 -0.053283 0)
(-0.325478 -0.0754109 0)
(-0.318227 -0.0974235 0)
(-0.308793 -0.119182 0)
(-0.297151 -0.140534 0)
(-0.283291 -0.161311 0)
(-0.267224 -0.181332 0)
(-0.248983 -0.200403 0)
(-0.228631 -0.218319 0)
(-0.20626 -0.234855 0)
(-0.182002 -0.249737 0)
(-0.156032 -0.262529 0)
(-0.128602 -0.272306 0)
(-0.100112 -0.276895 0)
(-0.0712762 -0.271456 0)
(-0.0435379 -0.246724 0)
(-0.0193464 -0.188594 0)
(-0.00323607 -0.0818107 0)
(-0.00720424 0.0691686 0)
(-0.031784 0.179803 0)
(-0.0545451 0.243944 0)
(-0.0786346 0.273789 0)
(-0.102849 0.282559 0)
(-0.127255 0.280387 0)
(-0.151431 0.272741 0)
(-0.175063 0.26212 0)
(-0.197849 0.249541 0)
(-0.21956 0.23542 0)
(-0.240014 0.219962 0)
(-0.259077 0.203302 0)
(-0.276643 0.185551 0)
(-0.29263 0.166808 0)
(-0.306973 0.147165 0)
(-0.319616 0.126706 0)
(-0.330508 0.105508 0)
(-0.339601 0.0836453 0)
(-0.346845 0.0611891 0)
(-0.352187 0.0382104 0)
(-0.35557 0.0147835 0)
(-0.356935 -0.00901176 0)
(-0.356216 -0.0330865 0)
(-0.353349 -0.0573405 0)
(-0.348267 -0.0816596 0)
(-0.34091 -0.105913 0)
(-0.331221 -0.129954 0)
(-0.319158 -0.153614 0)
(-0.304692 -0.176708 0)
(-0.287815 -0.199033 0)
(-0.268546 -0.220366 0)
(-0.246935 -0.240471 0)
(-0.223069 -0.259086 0)
(-0.197079 -0.275891 0)
(-0.16915 -0.290382 0)
(-0.139553 -0.301517 0)
(-0.108728 -0.306868 0)
(-0.077464 -0.301057 0)
(-0.047344 -0.273801 0)
(-0.0210483 -0.209439 0)
(-0.00352198 -0.0909586 0)
(-0.00570042 0.0848281 0)
(-0.0281326 0.202764 0)
(-0.0538636 0.269151 0)
(-0.0811641 0.299421 0)
(-0.10845 0.308164 0)
(-0.135423 0.305695 0)
(-0.161762 0.297492 0)
(-0.187241 0.286057 0)
(-0.21164 0.272434 0)
(-0.234775 0.257082 0)
(-0.256499 0.240246 0)
(-0.276697 0.222094 0)
(-0.295282 0.202763 0)
(-0.312187 0.182371 0)
(-0.327359 0.161022 0)
(-0.340754 0.138805 0)
(-0.352331 0.115803 0)
(-0.362049 0.0920866 0)
(-0.36986 0.0677247 0)
(-0.375713 0.0427832 0)
(-0.379546 0.0173305 0)
(-0.381292 -0.0085587 0)
(-0.380874 -0.0347998 0)
(-0.378211 -0.0612947 0)
(-0.373221 -0.0879286 0)
(-0.36582 -0.114567 0)
(-0.355932 -0.141054 0)
(-0.343487 -0.167209 0)
(-0.328434 -0.192828 0)
(-0.310741 -0.217683 0)
(-0.290406 -0.241523 0)
(-0.267463 -0.264072 0)
(-0.241986 -0.285025 0)
(-0.214103 -0.304008 0)
(-0.184007 -0.320441 0)
(-0.15199 -0.333143 0)
(-0.118537 -0.339404 0)
(-0.0845224 -0.33325 0)
(-0.0516926 -0.303289 0)
(-0.0229956 -0.23216 0)
(-0.00384949 -0.100937 0)
(-0.00488521 0.097384 0)
(-0.0261909 0.226126 0)
(-0.0540179 0.296756 0)
(-0.0841687 0.328045 0)
(-0.114481 0.336612 0)
(-0.144185 0.333485 0)
(-0.172909 0.324371 0)
(-0.200449 0.311829 0)
(-0.226638 0.296928 0)
(-0.251338 0.280154 0)
(-0.274437 0.261779 0)
(-0.295848 0.241998 0)
(-0.315508 0.22097 0)
(-0.333371 0.198828 0)
(-0.349406 0.175686 0)
(-0.363585 0.15164 0)
(-0.375881 0.12677 0)
(-0.386263 0.101144 0)
(-0.394691 0.0748227 0)
(-0.401113 0.0478627 0)
(-0.405464 0.0203225 0)
(-0.407667 -0.00773278 0)
(-0.407634 -0.0362268 0)
(-0.405265 -0.0650673 0)
(-0.400456 -0.0941422 0)
(-0.393099 -0.123316 0)
(-0.383088 -0.152425 0)
(-0.370327 -0.181279 0)
(-0.35473 -0.209655 0)
(-0.336238 -0.237298 0)
(-0.314819 -0.263923 0)
(-0.290482 -0.289214 0)
(-0.263285 -0.312814 0)
(-0.233345 -0.334285 0)
(-0.20086 -0.352953 0)
(-0.166144 -0.367482 0)
(-0.129732 -0.374839 0)
(-0.0925972 -0.368392 0)
(-0.0566767 -0.335529 0)
(-0.0252311 -0.257026 0)
(-0.00422591 -0.111868 0)
(-0.00458759 0.109341 0)
(-0.0259044 0.250539 0)
(-0.0556234 0.326673 0)
(-0.0884054 0.359513 0)
(-0.121608 0.367892 0)
(-0.154056 0.363858 0)
(-0.185257 0.353527 0)
(-0.21498 0.339586 0)
(-0.243077 0.323153 0)
(-0.269438 0.304738 0)
(-0.293984 0.284637 0)
(-0.316657 0.263068 0)
(-0.337423 0.240209 0)
(-0.356267 0.216207 0)
(-0.373179 0.191183 0)
(-0.388158 0.165236 0)
(-0.401196 0.138442 0)
(-0.412276 0.11086 0)
(-0.421366 0.0825364 0)
(-0.428419 0.0535144 0)
(-0.433364 0.0238365 0)
(-0.436115 -0.00644706 0)
(-0.436567 -0.0372729 0)
(-0.434601 -0.0685593 0)
(-0.430088 -0.100201 0)
(-0.422889 -0.132064 0)
(-0.412865 -0.163984 0)
(-0.399883 -0.195758 0)
(-0.383819 -0.227146 0)
(-0.364574 -0.257867 0)
(-0.342079 -0.2876 0)
(-0.316308 -0.315981 0)
(-0.287292 -0.342593 0)
(-0.255133 -0.366922 0)
(-0.220025 -0.388187 0)
(-0.182302 -0.404863 0)
(-0.142556 -0.413556 0)
(-0.101872 -0.406898 0)
(-0.0624146 -0.370921 0)
(-0.0278093 -0.284358 0)
(-0.00466056 -0.123894 0)
(-0.00463016 0.121279 0)
(-0.0267648 0.276207 0)
(-0.0585716 0.35881 0)
(-0.0940298 0.393689 0)
(-0.130121 0.401944 0)
(-0.165357 0.396839 0)
(-0.199114 0.385035 0)
(-0.231111 0.369421 0)
(-0.261197 0.351194 0)
(-0.289283 0.3309 0)
(-0.315314 0.308865 0)
(-0.339268 0.285331 0)
(-0.361144 0.260493 0)
(-0.380959 0.234514 0)
(-0.39874 0.207519 0)
(-0.414515 0.179606 0)
(-0.428301 0.150842 0)
(-0.440103 0.12127 0)
(-0.4499 0.0909195 0)
(-0.457648 0.0598093 0)
(-0.463273 0.0279604 0)
(-0.466676 -0.00459851 0)
(-0.467735 -0.0378228 0)
(-0.466307 -0.0716465 0)
(-0.462232 -0.105976 0)
(-0.455338 -0.140685 0)
(-0.445447 -0.175609 0)
(-0.432378 -0.210541 0)
(-0.415963 -0.245223 0)
(-0.396051 -0.279349 0)
(-0.372523 -0.312558 0)
(-0.345308 -0.344434 0)
(-0.314397 -0.374493 0)
(-0.279862 -0.402129 0)
(-0.241887 -0.426432 0)
(-0.20082 -0.44566 0)
(-0.157313 -0.456 0)
(-0.112583 -0.449252 0)
(-0.0690585 -0.409943 0)
(-0.0308008 -0.314538 0)
(-0.00516549 -0.13719 0)
(-0.00487626 0.133764 0)
(-0.0284394 0.303598 0)
(-0.0627012 0.39342 0)
(-0.101071 0.430689 0)
(-0.1402 0.438846 0)
(-0.178344 0.432509 0)
(-0.214762 0.418978 0)
(-0.249118 0.401409 0)
(-0.281255 0.381107 0)
(-0.311097 0.358675 0)
(-0.338621 0.334477 0)
(-0.363838 0.308781 0)
(-0.38679 0.281806 0)
(-0.407536 0.253726 0)
(-0.426146 0.224674 0)
(-0.442685 0.19474 0)
(-0.457208 0.163977 0)
(-0.469742 0.132405 0)
(-0.480285 0.100025 0)
(-0.488796 0.0668252 0)
(-0.495197 0.0327949 0)
(-0.499374 -0.00206554 0)
(-0.501184 -0.0377373 0)
(-0.500456 -0.074176 0)
(-0.496997 -0.111306 0)
(-0.490595 -0.149014 0)
(-0.481024 -0.187142 0)
(-0.468053 -0.225482 0)
(-0.451452 -0.263765 0)
(-0.431008 -0.301659 0)
(-0.406539 -0.338764 0)
(-0.377912 -0.374606 0)
(-0.345062 -0.408626 0)
(-0.308014 -0.440111 0)
(-0.266925 -0.467999 0)
(-0.222149 -0.490291 0)
(-0.174396 -0.502682 0)
(-0.125035 -0.496029 0)
(-0.0768078 -0.453164 0)
(-0.0342986 -0.348028 0)
(-0.0057566 -0.151964 0)
(-0.00526273 0.147139 0)
(-0.0307524 0.333138 0)
(-0.0679252 0.430855 0)
(-0.109577 0.470762 0)
(-0.152015 0.478781 0)
(-0.19327 0.471006 0)
(-0.232491 0.45546 0)
(-0.269299 0.435619 0)
(-0.303531 0.412928 0)
(-0.335133 0.388067 0)
(-0.364117 0.361447 0)
(-0.390539 0.333374 0)
(-0.414491 0.30409 0)
(-0.436084 0.273786 0)
(-0.455441 0.242597 0)
(-0.47268 0.210604 0)
(-0.4879 0.177837 0)
(-0.501163 0.144285 0)
(-0.512485 0.109906 0)
(-0.521832 0.0746472 0)
(-0.529118 0.0384559 0)
(-0.534212 0.00129487 0)
(-0.536943 -0.0368498 0)
(-0.53711 -0.0759618 0)
(-0.534482 -0.11599 0)
(-0.528802 -0.15684 0)
(-0.519792 -0.198371 0)
(-0.507158 -0.240379 0)
(-0.490598 -0.282591 0)
(-0.469823 -0.324654 0)
(-0.444569 -0.366129 0)
(-0.414622 -0.406483 0)
(-0.379838 -0.445072 0)
(-0.340173 -0.481064 0)
(-0.295735 -0.513215 0)
(-0.246861 -0.539219 0)
(-0.194314 -0.5542 0)
(-0.13963 -0.547918 0)
(-0.0859289 -0.501282 0)
(-0.0384276 -0.385398 0)
(-0.00645524 -0.168476 0)
(-0.00576624 0.161691 0)
(-0.0336562 0.365288 0)
(-0.0742733 0.471565 0)
(-0.119685 0.514276 0)
(-0.165808 0.522025 0)
(-0.210445 0.512523 0)
(-0.252644 0.494604 0)
(-0.291994 0.472112 0)
(-0.328344 0.446667 0)
(-0.361672 0.419042 0)
(-0.392039 0.389711 0)
(-0.419558 0.35902 0)
(-0.444379 0.327243 0)
(-0.466681 0.294587 0)
(-0.486655 0.261193 0)
(-0.504486 0.227127 0)
(-0.520331 0.192387 0)
(-0.534298 0.156915 0)
(-0.546427 0.120614 0)
(-0.55669 0.0833702 0)
(-0.564987 0.0450772 0)
(-0.571163 0.0056505 0)
(-0.575016 -0.0349629 0)
(-0.576308 -0.0767807 0)
(-0.574768 -0.119782 0)
(-0.570092 -0.163903 0)
(-0.561943 -0.209026 0)
(-0.549953 -0.254966 0)
(-0.533737 -0.301453 0)
(-0.512912 -0.348121 0)
(-0.487111 -0.394496 0)
(-0.456015 -0.439986 0)
(-0.419377 -0.483858 0)
(-0.377052 -0.525149 0)
(-0.32906 -0.562406 0)
(-0.27569 -0.592957 0)
(-0.217733 -0.611245 0)
(-0.15691 -0.605749 0)
(-0.0967858 -0.55516 0)
(-0.0433603 -0.427363 0)
(-0.00729093 -0.187052 0)
(-0.00638954 0.177695 0)
(-0.0371951 0.400555 0)
(-0.08189 0.51609 0)
(-0.131651 0.561695 0)
(-0.181926 0.56893 0)
(-0.23027 0.557298 0)
(-0.27564 0.536544 0)
(-0.317611 0.510936 0)
(-0.356064 0.4823 0)
(-0.391036 0.451524 0)
(-0.422652 0.419149 0)
(-0.451097 0.385573 0)
(-0.476594 0.351102 0)
(-0.499401 0.315969 0)
(-0.519796 0.280317 0)
(-0.538053 0.244198 0)
(-0.554409 0.207564 0)
(-0.569031 0.170291 0)
(-0.581991 0.132202 0)
(-0.593259 0.0931023 0)
(-0.602716 0.0528147 0)
(-0.610169 0.0111979 0)
(-0.615377 -0.0318452 0)
(-0.618063 -0.0763692 0)
(-0.617913 -0.12239 0)
(-0.614578 -0.169881 0)
(-0.607656 -0.218768 0)
(-0.596699 -0.268896 0)
(-0.581221 -0.320014 0)
(-0.560723 -0.371753 0)
(-0.534717 -0.423612 0)
(-0.502754 -0.474945 0)
(-0.464448 -0.524931 0)
(-0.419515 -0.572471 0)
(-0.367835 -0.615878 0)
(-0.309588 -0.652054 0)
(-0.245551 -0.674623 0)
(-0.177619 -0.670536 0)
(-0.109889 -0.615883 0)
(-0.049342 -0.474838 0)
(-0.00830575 -0.208114 0)
(-0.00715388 0.195463 0)
(-0.0414926 0.439541 0)
(-0.0910405 0.565083 0)
(-0.14587 0.613583 0)
(-0.200856 0.619914 0)
(-0.253277 0.605597 0)
(-0.302007 0.581408 0)
(-0.34664 0.552105 0)
(-0.387126 0.519755 0)
(-0.423592 0.485375 0)
(-0.456253 0.44958 0)
(-0.48538 0.412818 0)
(-0.511281 0.375434 0)
(-0.534305 0.337694 0)
(-0.554842 0.299756 0)
(-0.573285 0.261648 0)
(-0.589982 0.223266 0)
(-0.605181 0.18439 0)
(-0.618992 0.144727 0)
(-0.631377 0.103971 0)
(-0.642175 0.0618535 0)
(-0.651137 0.0181671 0)
(-0.65797 -0.0272283 0)
(-0.662354 -0.0744218 0)
(-0.663942 -0.123467 0)
(-0.662342 -0.174391 0)
(-0.65709 -0.227177 0)
(-0.647647 -0.281729 0)
(-0.633407 -0.337832 0)
(-0.613735 -0.39513 0)
(-0.587994 -0.453104 0)
(-0.55558 -0.511062 0)
(-0.515942 -0.56811 0)
(-0.468604 -0.623022 0)
(-0.413232 -0.673871 0)
(-0.349804 -0.717068 0)
(-0.278986 -0.745253 0)
(-0.202806 -0.743522 0)
(-0.125978 -0.684843 0)
(-0.0567336 -0.529023 0)
(-0.009562 -0.232219 0)
(-0.00809885 0.21538 0)
(-0.0467574 0.482992 0)
(-0.102136 0.619345 0)
(-0.162918 0.670618 0)
(-0.223273 0.67546 0)
(-0.280164 0.657696 0)
(-0.33241 0.629291 0)
(-0.379676 0.595574 0)
(-0.422037 0.558887 0)
(-0.459757 0.520382 0)
(-0.493173 0.480743 0)
(-0.522654 0.440459 0)
(-0.548593 0.399918 0)
(-0.571441 0.359436 0)
(-0.59173 0.319204 0)
(-0.610019 0.279235 0)
(-0.626814 0.239345 0)
(-0.642478 0.199172 0)
(-0.657167 0.158259 0)
(-0.670816 0.116137 0)
(-0.683184 0.0724183 0)
(-0.693935 0.0268279 0)
(-0.702703 -0.0208065 0)
(-0.709125 -0.0705934 0)
(-0.712835 -0.12262 0)
(-0.713421 -0.176979 0)
(-0.710365 -0.233747 0)
(-0.703023 -0.292917 0)
(-0.690649 -0.354343 0)
(-0.67244 -0.417696 0)
(-0.647586 -0.482449 0)
(-0.61531 -0.547876 0)
(-0.574872 -0.613036 0)
(-0.525558 -0.676618 0)
(-0.466722 -0.736481 0)
(-0.397985 -0.788507 0)
(-0.319727 -0.824158 0)
(-0.233987 -0.826238 0)
(-0.146159 -0.763857 0)
(-0.0660884 -0.591542 0)
(-0.0111561 -0.260133 0)
(-0.0092882 0.237949 0)
(-0.0533135 0.531864 0)
(-0.115788 0.679883 0)
(-0.18362 0.733617 0)
(-0.250101 0.736103 0)
(-0.31185 0.713851 0)
(-0.367686 0.680217 0)
(-0.41743 0.641201 0)
(-0.461376 0.599448 0)
(-0.499993 0.556236 0)
(-0.533776 0.512287 0)
(-0.563193 0.468107 0)
(-0.588702 0.424124 0)
(-0.610852 0.380745 0)
(-0.630354 0.338237 0)
(-0.648006 0.296615 0)
(-0.664553 0.255587 0)
(-0.680529 0.214584 0)
(-0.696146 0.172895 0)
(-0.711271 0.129811 0)
(-0.725518 0.0847907 0)
(-0.738402 0.0374971 0)
(-0.749453 -0.0122389 0)
(-0.758273 -0.0645073 0)
(-0.764513 -0.11941 0)
(-0.767786 -0.177123 0)
(-0.767539 -0.237869 0)
(-0.763012 -0.301787 0)
(-0.753277 -0.368837 0)
(-0.737326 -0.438734 0)
(-0.714151 -0.510945 0)
(-0.682799 -0.584715 0)
(-0.64235 -0.659097 0)
(-0.591817 -0.732785 0)
(-0.530128 -0.803528 0)
(-0.456314 -0.866704 0)
(-0.370156 -0.912406 0)
(-0.273415 -0.920563 0)
(-0.172145 -0.855354 0)
(-0.0782913 -0.664657 0)
(-0.0132445 -0.292945 0)
(-0.010823 0.263854 0)
(-0.0616586 0.587426 0)
(-0.132903 0.747979 0)
(-0.209156 0.803558 0)
(-0.282611 0.802414 0)
(-0.349543 0.774249 0)
(-0.408877 0.73408 0)
(-0.46074 0.688688 0)
(-0.505783 0.641044 0)
(-0.544788 0.592508 0)
(-0.578447 0.543765 0)
(-0.607304 0.495278 0)
(-0.631811 0.447501 0)
(-0.652578 0.401015 0)
(-0.670545 0.356261 0)
(-0.686872 0.313301 0)
(-0.702679 0.271697 0)
(-0.718765 0.230565 0)
(-0.735412 0.188791 0)
(-0.752344 0.145295 0)
(-0.768906 0.0993382 0)
(-0.784358 0.0505489 0)
(-0.798076 -0.00115999 0)
(-0.809644 -0.055777 0)
(-0.81881 -0.113372 0)
(-0.825301 -0.174234 0)
(-0.828572 -0.238824 0)
(-0.827719 -0.307519 0)
(-0.821573 -0.380441 0)
(-0.808851 -0.457357 0)
(-0.788317 -0.537698 0)
(-0.75888 -0.620657 0)
(-0.719509 -0.705335 0)
(-0.668977 -0.790601 0)
(-0.605664 -0.874332 0)
(-0.527683 -0.951584 0)
(-0.433669 -1.01096 0)
(-0.324518 -1.02876 0)
(-0.206679 -0.962637 0)
(-0.0948174 -0.751643 0)
(-0.0160941 -0.332279 0)
(-0.0128668 0.294062 0)
(-0.072571 0.651402 0)
(-0.154843 0.825288 0)
(-0.241227 0.881602 0)
(-0.322558 0.87495 0)
(-0.394823 0.838922 0)
(-0.457259 0.790541 0)
(-0.510547 0.737499 0)
(-0.555915 0.683083 0)
(-0.594609 0.628634 0)
(-0.627566 0.574644 0)
(-0.655333 0.521404 0)
(-0.678187 0.46936 0)
(-0.696681 0.419432 0)
(-0.712064 0.372437 0)
(-0.72606 0.328589 0)
(-0.74041 0.287259 0)
(-0.75634 0.247056 0)
(-0.774232 0.206211 0)
(-0.793516 0.163047 0)
(-0.813039 0.116561 0)
(-0.83162 0.066427 0)
(-0.848404 0.0127978 0)
(-0.863003 -0.0440501 0)
(-0.875407 -0.104057 0)
(-0.885639 -0.167671 0)
(-0.893239 -0.235764 0)
(-0.897108 -0.309115 0)
(-0.89571 -0.388092 0)
(-0.887373 -0.472496 0)
(-0.87059 -0.561628 0)
(-0.84422 -0.654519 0)
(-0.807335 -0.750361 0)
(-0.758632 -0.848478 0)
(-0.695888 -0.947357 0)
(-0.615848 -1.04223 0)
(-0.515121 -1.1203 0)
(-0.392575 -1.15343 0)
(-0.25426 -1.09027 0)
(-0.118209 -0.857417 0)
(-0.020178 -0.380688 0)
(-0.0156932 0.329996 0)
(-0.0872963 0.726185 0)
(-0.183682 0.913967 0)
(-0.2823 0.969089 0)
(-0.372349 0.954159 0)
(-0.449727 0.907594 0)
(-0.514346 0.848871 0)
(-0.56783 0.786726 0)
(-0.612326 0.724699 0)
(-0.649778 0.663908 0)
(-0.681417 0.604353 0)
(-0.707638 0.545892 0)
(-0.728174 0.488872 0)
(-0.74325 0.434889 0)
(-0.754538 0.385551 0)
(-0.7647 0.341445 0)
(-0.776518 0.301679 0)
(-0.791941 0.264027 0)
(-0.811494 0.225625 0)
(-0.834043 0.183787 0)
(-0.857511 0.137168 0)
(-0.879962 0.0856571 0)
(-0.900187 0.0299533 0)
(-0.91791 -0.0290947 0)
(-0.933646 -0.0911021 0)
(-0.948058 -0.15676 0)
(-0.960908 -0.227691 0)
(-0.970784 -0.305359 0)
(-0.97556 -0.390513 0)
(-0.972953 -0.482923 0)
(-0.961095 -0.581529 0)
(-0.938983 -0.684904 0)
(-0.90624 -0.792286 0)
(-0.861943 -0.903882 0)
(-0.803385 -1.01966 0)
(-0.725414 -1.13611 0)
(-0.621254 -1.23975 0)
(-0.485631 -1.29722 0)
(-0.322257 -1.24459 0)
(-0.152901 -0.989615 0)
(-0.026353 -0.442379 0)
(-0.019774 0.373822 0)
(-0.107867 0.815177 0)
(-0.2226 1.01682 0)
(-0.335935 1.06749 0)
(-0.435236 1.04018 0)
(-0.516776 0.979427 0)
(-0.581767 0.907699 0)
(-0.633376 0.834889 0)
(-0.675168 0.76464 0)
(-0.710145 0.697484 0)
(-0.739905 0.632385 0)
(-0.764411 0.568255 0)
(-0.782092 0.505092 0)
(-0.792271 0.445868 0)
(-0.79724 0.393804 0)
(-0.801252 0.350294 0)
(-0.808881 0.314072 0)
(-0.823304 0.281509 0)
(-0.845281 0.247858 0)
(-0.872608 0.208675 0)
(-0.901516 0.162185 0)
(-0.928793 0.108849 0)
(-0.952695 0.0504742 0)
(-0.973223 -0.0109633 0)
(-0.991919 -0.0743766 0)
(-1.01072 -0.140853 0)
(-1.02983 -0.21342 0)
(-1.04731 -0.294749 0)
(-1.06 -0.386176 0)
(-1.06464 -0.487295 0)
(-1.0588 -0.596212 0)
(-1.04191 -0.710353 0)
(-1.01501 -0.82873 0)
(-0.978498 -0.953018 0)
(-0.929709 -1.08614 0)
(-0.861107 -1.22789 0)
(-0.760596 -1.36603 0)
(-0.615193 -1.46199 0)
(-0.422234 -1.43421 0)
(-0.206443 -1.16032 0)
(-0.0361487 -0.524541 0)
(-0.0259356 0.428945 0)
(-0.137611 0.923243 0)
(-0.276392 1.13743 0)
(-0.407067 1.17817 0)
(-0.515284 1.13245 0)
(-0.598676 1.05258 0)
(-0.660744 0.964605 0)
(-0.707063 0.87962 0)
(-0.743326 0.801092 0)
(-0.774141 0.728383 0)
(-0.801619 0.658474 0)
(-0.82486 0.588348 0)
(-0.839526 0.517022 0)
(-0.842866 0.450237 0)
(-0.838168 0.394455 0)
(-0.832426 0.352673 0)
(-0.833261 0.32307 0)
(-0.845921 0.299612 0)
(-0.871595 0.274301 0)
(-0.906088 0.239533 0)
(-0.94258 0.193064 0)
(-0.975783 0.136641 0)
(-1.0032 0.0741704 0)
(-1.02539 0.00970443 0)
(-1.04575 -0.0542447 0)
(-1.06863 -0.119434 0)
(-1.09503 -0.191568 0)
(-1.12199 -0.275431 0)
(-1.14468 -0.373271 0)
(-1.15818 -0.484237 0)
(-1.15909 -0.604743 0)
(-1.14775 -0.729653 0)
(-1.12803 -0.856988 0)
(-1.10339 -0.990583 0)
(-1.07238 -1.13857 0)
(-1.02492 -1.30772 0)
(-0.941191 -1.49102 0)
(-0.795027 -1.64687 0)
(-0.570099 -1.66991 0)
(-0.29056 -1.38838 0)
(-0.0521253 -0.639592 0)
(-0.035624 0.500864 0)
(-0.181821 1.05733 0)
(-0.351795 1.28005 0)
(-0.501672 1.30188 0)
(-0.616387 1.229 0)
(-0.696807 1.12348 0)
(-0.750195 1.01548 0)
(-0.785661 0.917146 0)
(-0.811928 0.831355 0)
(-0.836022 0.755443 0)
(-0.860895 0.682853 0)
(-0.884315 0.606796 0)
(-0.896461 0.523711 0)
(-0.890284 0.444936 0)
(-0.870867 0.383276 0)
(-0.849873 0.344709 0)
(-0.839884 0.326495 0)
(-0.84949 0.31851 0)
(-0.880709 0.307157 0)
(-0.925742 0.279064 0)
(-0.972405 0.231687 0)
(-1.0123 0.169482 0)
(-1.04208 0.100087 0)
(-1.06323 0.0311469 0)
(-1.08231 -0.0320428 0)
(-1.10795 -0.0923666 0)
(-1.1424 -0.160636 0)
(-1.18075 -0.245233 0)
(-1.21556 -0.349747 0)
(-1.23938 -0.472472 0)
(-1.24716 -0.606769 0)
(-1.24061 -0.74229 0)
(-1.22857 -0.874387 0)
(-1.22017 -1.00976 0)
(-1.21739 -1.16496 0)
(-1.20818 -1.35938 0)
(-1.16258 -1.59865 0)
(-1.03387 -1.84454 0)
(-0.781003 -1.96242 0)
(-0.419749 -1.70103 0)
(-0.0779927 -0.808246 0)
(-0.0512218 0.59831 0)
(-0.248106 1.22672 0)
(-0.456376 1.44873 0)
(-0.623913 1.43723 0)
(-0.737982 1.32488 0)
(-0.805953 1.18552 0)
(-0.840805 1.0534 0)
(-0.856394 0.941361 0)
(-0.865379 0.851077 0)
(-0.878257 0.776835 0)
(-0.899522 0.706215 0)
(-0.925579 0.625351 0)
(-0.936314 0.524259 0)
(-0.916505 0.425491 0)
(-0.874947 0.353898 0)
(-0.830947 0.320479 0)
(-0.804419 0.32083 0)
(-0.808782 0.338087 0)
(-0.847699 0.349302 0)
(-0.907031 0.330498 0)
(-0.965585 0.279728 0)
(-1.01107 0.206872 0)
(-1.03975 0.125738 0)
(-1.05453 0.0496593 0)
(-1.06674 -0.0108058 0)
(-1.09222 -0.060357 0)
(-1.1346 -0.119406 0)
(-1.18539 -0.202042 0)
(-1.23353 -0.313563 0)
(-1.26841 -0.450905 0)
(-1.28221 -0.602616 0)
(-1.27852 -0.748652 0)
(-1.27379 -0.878644 0)
(-1.2859 -1.00269 0)
(-1.32326 -1.14971 0)
(-1.37386 -1.35957 0)
(-1.39658 -1.662 0)
(-1.31556 -2.0355 0)
(-1.05149 -2.31477 0)
(-0.601683 -2.12958 0)
(-0.11763 -1.06147 0)
(-0.0762913 0.735129 0)
(-0.344558 1.44248 0)
(-0.592066 1.64467 0)
(-0.765552 1.5776 0)
(-0.861562 1.40952 0)
(-0.899068 1.2269 0)
(-0.898849 1.06706 0)
(-0.880224 0.942456 0)
(-0.86004 0.852964 0)
(-0.853148 0.788959 0)
(-0.866738 0.729204 0)
(-0.897561 0.64725 0)
(-0.907148 0.517479 0)
(-0.866424 0.385249 0)
(-0.792738 0.297366 0)
(-0.716935 0.27186 0)
(-0.667628 0.301005 0)
(-0.663613 0.357572 0)
(-0.711701 0.403937 0)
(-0.787064 0.396495 0)
(-0.854475 0.336897 0)
(-0.898887 0.245671 0)
(-0.918414 0.145811 0)
(-0.917692 0.058439 0)
(-0.914321 0.00381504 0)
(-0.935052 -0.0255281 0)
(-0.983696 -0.0678022 0)
(-1.04515 -0.144972 0)
(-1.10478 -0.263595 0)
(-1.14953 -0.418885 0)
(-1.16759 -0.593138 0)
(-1.16482 -0.749641 0)
(-1.16785 -0.86783 0)
(-1.20496 -0.961546 0)
(-1.29351 -1.07575 0)
(-1.42574 -1.2795 0)
(-1.5532 -1.642 0)
(-1.56262 -2.18117 0)
(-1.32338 -2.70556 0)
(-0.811938 -2.68775 0)
(-0.171426 -1.4345 0)
(-0.114109 0.928287 0)
(-0.470554 1.70929 0)
(-0.734748 1.85605 0)
(-0.877354 1.70229 0)
(-0.917147 1.46023 0)
(-0.891358 1.22641 0)
(-0.82965 1.03785 0)
(-0.755674 0.904459 0)
(-0.688522 0.823789 0)
(-0.646704 0.782515 0)
(-0.641016 0.748377 0)
(-0.67475 0.674476 0)
(-0.677867 0.499581 0)
(-0.601932 0.314868 0)
(-0.48497 0.203963 0)
(-0.372722 0.190805 0)
(-0.298776 0.260824 0)
(-0.283917 0.37332 0)
(-0.340646 0.470431 0)
(-0.426803 0.473119 0)
(-0.487692 0.395092 0)
(-0.512482 0.276333 0)
(-0.507496 0.150924 0)
(-0.478422 0.0477107 0)
(-0.449239 0.003988 0)
(-0.461331 0.0084598 0)
(-0.513374 -0.00862564 0)
(-0.578416 -0.0767822 0)
(-0.641368 -0.200976 0)
(-0.691207 -0.3753 0)
(-0.711331 -0.57676 0)
(-0.710806 -0.742695 0)
(-0.727589 -0.837572 0)
(-0.797028 -0.879444 0)
(-0.943706 -0.929689 0)
(-1.17055 -1.09141 0)
(-1.43799 -1.4897 0)
(-1.5916 -2.21672 0)
(-1.43895 -3.06259 0)
(-0.955097 -3.32008 0)
(-0.227198 -1.93741 0)
(-0.162719 1.20061 0)
(-0.58534 2.01459 0)
(-0.780561 2.04353 0)
(-0.80452 1.76509 0)
(-0.715414 1.43508 0)
(-0.573853 1.15012 0)
(-0.41514 0.939273 0)
(-0.261468 0.80578 0)
(-0.127598 0.744412 0)
(-0.030563 0.740963 0)
(0.0176866 0.754367 0)
(-0.00482181 0.70883 0)
(0.0215912 0.460701 0)
(0.156537 0.20044 0)
(0.320407 0.0673724 0)
(0.456592 0.0761285 0)
(0.541768 0.198415 0)
(0.564456 0.381921 0)
(0.504219 0.547084 0)
(0.42968 0.548565 0)
(0.413289 0.433981 0)
(0.443048 0.279743 0)
(0.493762 0.127019 0)
(0.56191 0.00483607 0)
(0.620025 -0.0187863 0)
(0.613323 0.0393774 0)
(0.560791 0.0527697 0)
(0.506449 -0.00666677 0)
(0.457127 -0.132485 0)
(0.411781 -0.320923 0)
(0.390348 -0.551219 0)
(0.377741 -0.720965 0)
(0.327923 -0.779524 0)
(0.21065 -0.752374 0)
(0.00550207 -0.709367 0)
(-0.303954 -0.777516 0)
(-0.723007 -1.14767 0)
(-1.0721 -2.04578 0)
(-1.10108 -3.24401 0)
(-0.83022 -3.84804 0)
(-0.24052 -2.49652 0)
(-0.179486 1.5126 0)
(-0.525585 2.24458 0)
(-0.4382 2.07745 0)
(-0.17995 1.65687 0)
(0.144551 1.25514 0)
(0.460496 0.946589 0)
(0.743639 0.7388 0)
(0.987817 0.622319 0)
(1.19476 0.588978 0)
(1.35995 0.629489 0)
(1.48001 0.70761 0)
(1.50173 0.717982 0)
(1.61704 0.372706 0)
(1.82983 0.0414857 0)
(2.01608 -0.0880872 0)
(2.1318 -0.045826 0)
(2.19191 0.121671 0)
(2.21129 0.365739 0)
(2.1625 0.596011 0)
(2.15095 0.564356 0)
(2.23646 0.401941 0)
(2.35901 0.226557 0)
(2.4677 0.0680541 0)
(2.56996 -0.063095 0)
(2.63856 -0.0557883 0)
(2.62107 0.0674521 0)
(2.5717 0.100149 0)
(2.54553 0.044817 0)
(2.52953 -0.0693368 0)
(2.49956 -0.248161 0)
(2.47459 -0.489029 0)
(2.4236 -0.646984 0)
(2.30674 -0.66243 0)
(2.1176 -0.573387 0)
(1.86078 -0.440052 0)
(1.52104 -0.373007 0)
(1.01702 -0.603978 0)
(0.503086 -1.55992 0)
(0.192715 -3.01313 0)
(-0.076412 -3.93951 0)
(-0.0756715 -2.86796 0)
(0.0920156 1.83148 0)
(0.327521 2.19802 0)
(1.05316 1.75098 0)
(1.74374 1.23763 0)
(2.33801 0.848853 0)
(2.80795 0.591134 0)
(3.17472 0.436585 0)
(3.46525 0.362978 0)
(3.70613 0.362868 0)
(3.91661 0.44053 0)
(4.11661 0.591485 0)
(4.28074 0.719913 0)
(4.66489 0.211067 0)
(4.83199 -0.16832 0)
(4.90829 -0.229097 0)
(4.91091 -0.135074 0)
(4.89484 0.0578459 0)
(4.9023 0.334922 0)
(4.9342 0.639231 0)
(5.15675 0.519005 0)
(5.38379 0.276311 0)
(5.56823 0.107093 0)
(5.69194 -0.0223061 0)
(5.77097 -0.162501 0)
(5.75397 -0.109352 0)
(5.70144 0.113228 0)
(5.7224 0.141751 0)
(5.75184 0.0638828 0)
(5.77401 -0.0304695 0)
(5.76367 -0.174752 0)
(5.71487 -0.42354 0)
(5.53833 -0.538623 0)
(5.30198 -0.490057 0)
(5.02778 -0.354768 0)
(4.7481 -0.165037 0)
(4.47191 0.0427568 0)
(4.13391 0.103803 0)
(3.88228 -0.729969 0)
(3.35223 -2.2403 0)
(2.0323 -3.29962 0)
(0.671241 -2.71954 0)
(2.82004 0.917521 0)
(4.02198 0.83399 0)
(5.24288 0.552934 0)
(6.04538 0.343531 0)
(6.60169 0.210162 0)
(6.98093 0.133328 0)
(7.24645 0.09284 0)
(7.44567 0.077527 0)
(7.61808 0.084506 0)
(7.80443 0.116709 0)
(8.06881 0.17528 0)
(8.50988 0.197775 0)
(9.93575 9.21709e-180 0)
(9.11835 -0.0584908 0)
(8.77489 -0.0736349 0)
(8.56646 -0.040693 0)
(8.47817 0.0234493 0)
(8.54283 0.115469 0)
(8.84066 0.190702 0)
(9.95214 2.04608e-265 0)
(10 1.40978e-24 0)
(10 -9.25058e-78 0)
(10 -1.04891e-164 0)
(9.99969 -1.61662e-265 0)
(9.53452 -0.001249 0)
(9.44197 0.0472181 0)
(9.98815 1.75905e-280 0)
(10 6.48778e-233 0)
(10 -3.71712e-218 0)
(10 -4.47465e-232 0)
(9.9765 -2.96147e-217 0)
(9.30057 -0.0936818 0)
(8.88287 -0.102247 0)
(8.58709 -0.0654958 0)
(8.41236 -0.00384613 0)
(8.39683 0.0725373 0)
(8.63868 0.0952313 0)
(9.97602 -7.49586e-217 0)
(9.84231 -1.91765e-163 0)
(7.02053 -0.630662 0)
(3.79935 -0.86443 0)
)
;

boundaryField
{
    movingWall
    {
        type            fixedValue;
        value           uniform (10 0 0);
    }
    fixedWalls
    {
        type            noSlip;
    }
    frontAndBack
    {
        type            empty;
    }
}


// ************************************************************************* //
