/*--------------------------------*- C++ -*----------------------------------*\
| =========                 |                                                 |
| \\      /  F ield         | OpenFOAM: The Open Source CFD Toolbox           |
|  \\    /   O peration     | Version:  4.1                                   |
|   \\  /    A nd           | Web:      www.OpenFOAM.org                      |
|    \\/     M anipulation  |                                                 |
\*---------------------------------------------------------------------------*/
FoamFile
{
    version     2.0;
    format      ascii;
    class       volVectorField;
    location    "0.0068028";
    object      U;
}
// * * * * * * * * * * * * * * * * * * * * * * * * * * * * * * * * * * * * * //

dimensions      [0 1 -1 0 0 0 0];

internalField   nonuniform List<vector> 
441
(
(0.000102759 -8.87424e-05 0)
(-0.00215285 0.000710634 0)
(-0.0071183 0.00117593 0)
(-0.0129788 0.00138297 0)
(-0.019143 0.00135833 0)
(-0.0248578 0.00123758 0)
(-0.0299028 0.00105072 0)
(-0.0340279 0.000833375 0)
(-0.037135 0.000590304 0)
(-0.0391159 0.000330426 0)
(-0.0399163 5.72304e-05 0)
(-0.0394909 -0.000223605 0)
(-0.0378356 -0.000505521 0)
(-0.0349613 -0.000782203 0)
(-0.0309453 -0.00104003 0)
(-0.0258713 -0.00126785 0)
(-0.0200024 -0.00142164 0)
(-0.0135915 -0.00146399 0)
(-0.00746173 -0.00125137 0)
(-0.00226335 -0.000760593 0)
(0.000100378 7.97869e-05 0)
(-0.000667248 0.00212519 0)
(-0.00727828 0.00723133 0)
(-0.0188285 0.0102902 0)
(-0.0319936 0.0114829 0)
(-0.0455882 0.0112607 0)
(-0.0581985 0.0102341 0)
(-0.0693009 0.00870526 0)
(-0.0783767 0.006873 0)
(-0.0851813 0.00482638 0)
(-0.0894872 0.00263246 0)
(-0.0911728 0.000341162 0)
(-0.0901535 -0.00199527 0)
(-0.0864276 -0.0043193 0)
(-0.0800398 -0.00656438 0)
(-0.0711635 -0.00863602 0)
(-0.0600177 -0.0104071 0)
(-0.0471426 -0.0116322 0)
(-0.0331184 -0.0119636 0)
(-0.0194776 -0.0107536 0)
(-0.00750756 -0.00755652 0)
(-0.000681514 -0.00222412 0)
(-0.00118622 0.00713866 0)
(-0.0109317 0.0188924 0)
(-0.0268944 0.0255596 0)
(-0.0447154 0.0279733 0)
(-0.0629088 0.0272984 0)
(-0.0797166 0.0247564 0)
(-0.0944671 0.0210386 0)
(-0.106502 0.0165778 0)
(-0.115502 0.0116018 0)
(-0.121179 0.00627347 0)
(-0.123378 0.000721514 0)
(-0.121996 -0.00492584 0)
(-0.117031 -0.0105293 0)
(-0.108544 -0.0159254 0)
(-0.0967555 -0.0208936 0)
(-0.0819521 -0.0251257 0)
(-0.0648172 -0.0280907 0)
(-0.0460914 -0.0290003 0)
(-0.0276814 -0.0265564 0)
(-0.0112007 -0.0196009 0)
(-0.0011977 -0.00737003 0)
(-0.00152118 0.013528 0)
(-0.013407 0.0332727 0)
(-0.0324524 0.0440197 0)
(-0.0534598 0.0476626 0)
(-0.0747477 0.0463126 0)
(-0.0943244 0.0419004 0)
(-0.111454 0.0355587 0)
(-0.125403 0.0279806 0)
(-0.135823 0.0195513 0)
(-0.1424 0.0105405 0)
(-0.144963 0.00116495 0)
(-0.143397 -0.00836429 0)
(-0.137691 -0.0178187 0)
(-0.127902 -0.026927 0)
(-0.114261 -0.0353279 0)
(-0.0970717 -0.0425065 0)
(-0.0770939 -0.04761 0)
(-0.0551456 -0.0493443 0)
(-0.0334063 -0.0456511 0)
(-0.0137192 -0.0344262 0)
(-0.0015277 -0.0138962 0)
(-0.00172867 0.021078 0)
(-0.0152997 0.050047 0)
(-0.0369363 0.0653503 0)
(-0.0606456 0.070254 0)
(-0.084551 0.0680208 0)
(-0.106436 0.0614042 0)
(-0.125526 0.0520396 0)
(-0.141042 0.0409087 0)
(-0.152634 0.0285701 0)
(-0.159979 0.0154067 0)
(-0.162904 0.00172457 0)
(-0.161278 -0.0121829 0)
(-0.155073 -0.0259984 0)
(-0.144318 -0.0393385 0)
(-0.129224 -0.05169 0)
(-0.110075 -0.0623041 0)
(-0.0876769 -0.0699612 0)
(-0.0629028 -0.0727781 0)
(-0.0382174 -0.0678021 0)
(-0.0157165 -0.0517734 0)
(-0.00173535 -0.0216149 0)
(-0.0019371 0.0295059 0)
(-0.0172219 0.0688247 0)
(-0.0415592 0.0891539 0)
(-0.0681014 0.0953532 0)
(-0.0947429 0.0920314 0)
(-0.119017 0.082893 0)
(-0.140114 0.0701499 0)
(-0.157226 0.0551026 0)
(-0.17002 0.0384964 0)
(-0.178182 0.0208237 0)
(-0.181542 0.00247186 0)
(-0.179957 -0.016197 0)
(-0.173364 -0.0347897 0)
(-0.161741 -0.0528169 0)
(-0.145246 -0.0696104 0)
(-0.124112 -0.0841591 0)
(-0.0991649 -0.0948215 0)
(-0.0713335 -0.0990158 0)
(-0.0434216 -0.0927322 0)
(-0.0178442 -0.0713478 0)
(-0.00195345 -0.0302807 0)
(-0.00218941 0.039013 0)
(-0.0195412 0.0900121 0)
(-0.0471189 0.115929 0)
(-0.0770389 0.123462 0)
(-0.106906 0.118795 0)
(-0.133959 0.10674 0)
(-0.15736 0.0901866 0)
(-0.176287 0.070793 0)
(-0.19045 0.0495089 0)
(-0.199567 0.0269288 0)
(-0.203482 0.00350483 0)
(-0.202039 -0.0203558 0)
(-0.195126 -0.0442087 0)
(-0.182641 -0.0674733 0)
(-0.164644 -0.0893283 0)
(-0.141271 -0.108463 0)
(-0.113335 -0.12274 0)
(-0.0818118 -0.128722 0)
(-0.0499236 -0.121127 0)
(-0.0205119 -0.0937106 0)
(-0.00222806 -0.0401601 0)
(-0.00253518 0.0498731 0)
(-0.0225385 0.114174 0)
(-0.0541964 0.146333 0)
(-0.0882996 0.15519 0)
(-0.122084 0.148813 0)
(-0.152444 0.133324 0)
(-0.17853 0.112424 0)
(-0.199544 0.0881791 0)
(-0.215273 0.061763 0)
(-0.225506 0.0338555 0)
(-0.230121 0.00494475 0)
(-0.228955 -0.0245576 0)
(-0.221825 -0.054199 0)
(-0.208515 -0.0833394 0)
(-0.188921 -0.111021 0)
(-0.163012 -0.135592 0)
(-0.131518 -0.154325 0)
(-0.095433 -0.162705 0)
(-0.058479 -0.15389 0)
(-0.0240729 -0.119632 0)
(-0.00261475 -0.0516065 0)
(-0.00300413 0.0624837 0)
(-0.0264725 0.142115 0)
(-0.0633406 0.181278 0)
(-0.102656 0.191354 0)
(-0.14118 0.18274 0)
(-0.175427 0.16312 0)
(-0.204568 0.137196 0)
(-0.227904 0.107495 0)
(-0.245361 0.0754389 0)
(-0.256855 0.0417628 0)
(-0.26233 0.00694575 0)
(-0.261632 -0.028659 0)
(-0.254486 -0.0646599 0)
(-0.240515 -0.100414 0)
(-0.219356 -0.13487 0)
(-0.190703 -0.165996 0)
(-0.155068 -0.190367 0)
(-0.113384 -0.202077 0)
(-0.0699388 -0.192319 0)
(-0.0289223 -0.150256 0)
(-0.00316045 -0.0651649 0)
(-0.00367119 0.0775132 0)
(-0.0317021 0.175056 0)
(-0.0752259 0.222071 0)
(-0.120987 0.233046 0)
(-0.165138 0.221376 0)
(-0.203814 0.196644 0)
(-0.236281 0.164812 0)
(-0.262057 0.128925 0)
(-0.281296 0.0906765 0)
(-0.294137 0.0508016 0)
(-0.300636 0.00970217 0)
(-0.300679 -0.032422 0)
(-0.293876 -0.0753481 0)
(-0.279637 -0.118529 0)
(-0.257211 -0.160909 0)
(-0.225855 -0.200062 0)
(-0.185626 -0.23176 0)
(-0.137231 -0.248266 0)
(-0.085507 -0.238235 0)
(-0.0356748 -0.187288 0)
(-0.0039718 -0.0817125 0)
(-0.00462174 0.0955843 0)
(-0.0387814 0.214188 0)
(-0.0908689 0.269939 0)
(-0.144559 0.281163 0)
(-0.195236 0.265253 0)
(-0.238744 0.234106 0)
(-0.27457 0.19529 0)
(-0.302664 0.152413 0)
(-0.323535 0.10745 0)
(-0.337682 0.0610539 0)
(-0.345338 0.0134502 0)
(-0.346487 -0.0354465 0)
(-0.340608 -0.0857372 0)
(-0.326851 -0.137127 0)
(-0.303904 -0.188726 0)
(-0.270367 -0.237753 0)
(-0.225444 -0.279119 0)
(-0.169292 -0.302676 0)
(-0.107083 -0.293741 0)
(-0.0453628 -0.232821 0)
(-0.00521556 -0.102334 0)
(-0.00610593 0.118328 0)
(-0.0486156 0.262031 0)
(-0.111673 0.32726 0)
(-0.174947 0.337354 0)
(-0.232877 0.315298 0)
(-0.281293 0.275841 0)
(-0.320094 0.228615 0)
(-0.349995 0.177796 0)
(-0.372022 0.125627 0)
(-0.387219 0.0725415 0)
(-0.396086 0.0184475 0)
(-0.398786 -0.0372064 0)
(-0.394675 -0.0950628 0)
(-0.382627 -0.155319 0)
(-0.360572 -0.217548 0)
(-0.326195 -0.278776 0)
(-0.277225 -0.333133 0)
(-0.212717 -0.367334 0)
(-0.137521 -0.36226 0)
(-0.0597487 -0.290608 0)
(-0.00728372 -0.129335 0)
(-0.00842408 0.146775 0)
(-0.0627266 0.320151 0)
(-0.13992 0.395246 0)
(-0.214555 0.401916 0)
(-0.279968 0.371093 0)
(-0.332647 0.320964 0)
(-0.373226 0.26376 0)
(-0.403696 0.204141 0)
(-0.425807 0.144547 0)
(-0.441379 0.0850057 0)
(-0.45128 0.0249279 0)
(-0.455975 -0.0369141 0)
(-0.454739 -0.10197 0)
(-0.446219 -0.171252 0)
(-0.427417 -0.245262 0)
(-0.394856 -0.321218 0)
(-0.343901 -0.39285 0)
(-0.27163 -0.443011 0)
(-0.181043 -0.446786 0)
(-0.0817609 -0.364645 0)
(-0.0107923 -0.165335 0)
(-0.0124298 0.185768 0)
(-0.0832908 0.394466 0)
(-0.177916 0.47853 0)
(-0.265036 0.477191 0)
(-0.336846 0.433233 0)
(-0.391804 0.368893 0)
(-0.43167 0.29961 0)
(-0.460418 0.23024 0)
(-0.480688 0.163228 0)
(-0.495324 0.0978936 0)
(-0.505639 0.0329164 0)
(-0.512547 -0.0338567 0)
(-0.515343 -0.104993 0)
(-0.512633 -0.182739 0)
(-0.500444 -0.269205 0)
(-0.474092 -0.362543 0)
(-0.425528 -0.457048 0)
(-0.348763 -0.531274 0)
(-0.242014 -0.553102 0)
(-0.115536 -0.463492 0)
(-0.0170444 -0.217256 0)
(-0.0191114 0.236265 0)
(-0.113963 0.484847 0)
(-0.229025 0.575212 0)
(-0.327895 0.559384 0)
(-0.401922 0.497133 0)
(-0.454262 0.415033 0)
(-0.488316 0.332096 0)
(-0.511011 0.252817 0)
(-0.525934 0.179288 0)
(-0.537133 0.109779 0)
(-0.546343 0.04201 0)
(-0.555047 -0.0272749 0)
(-0.5627 -0.101995 0)
(-0.56824 -0.186019 0)
(-0.566929 -0.283868 0)
(-0.553324 -0.395771 0)
(-0.515024 -0.518431 0)
(-0.442089 -0.626685 0)
(-0.322974 -0.680696 0)
(-0.16618 -0.591701 0)
(-0.0277376 -0.29066 0)
(-0.0308456 0.314091 0)
(-0.156849 0.605313 0)
(-0.289836 0.69317 0)
(-0.39367 0.649784 0)
(-0.459748 0.560364 0)
(-0.500084 0.455225 0)
(-0.519881 0.356737 0)
(-0.529864 0.267806 0)
(-0.534229 0.1894 0)
(-0.538131 0.118201 0)
(-0.543481 0.0506927 0)
(-0.552324 -0.0176061 0)
(-0.564394 -0.0920855 0)
(-0.579533 -0.178516 0)
(-0.592871 -0.284639 0)
(-0.599637 -0.414298 0)
(-0.583118 -0.569605 0)
(-0.530154 -0.724172 0)
(-0.413031 -0.832642 0)
(-0.234498 -0.763452 0)
(-0.0456508 -0.40469 0)
(-0.0503151 0.410862 0)
(-0.216352 0.737371 0)
(-0.352649 0.80921 0)
(-0.441807 0.725404 0)
(-0.477112 0.603052 0)
(-0.487122 0.473923 0)
(-0.478028 0.361934 0)
(-0.464769 0.266878 0)
(-0.450896 0.187651 0)
(-0.441953 0.119046 0)
(-0.439293 0.0562695 0)
(-0.445192 -0.0061425 0)
(-0.459609 -0.0747049 0)
(-0.483927 -0.156794 0)
(-0.514184 -0.26346 0)
(-0.549034 -0.403307 0)
(-0.569263 -0.587178 0)
(-0.562968 -0.792794 0)
(-0.479479 -0.976841 0)
(-0.312567 -0.957797 0)
(-0.0723985 -0.557291 0)
(-0.0790238 0.580438 0)
(-0.268628 0.90788 0)
(-0.358852 0.927062 0)
(-0.390421 0.775292 0)
(-0.358947 0.610348 0)
(-0.31486 0.457224 0)
(-0.261096 0.336307 0)
(-0.214801 0.241291 0)
(-0.17632 0.167345 0)
(-0.150021 0.107009 0)
(-0.135555 0.0542679 0)
(-0.13474 0.00313869 0)
(-0.147406 -0.0533006 0)
(-0.176792 -0.123189 0)
(-0.220859 -0.22001 0)
(-0.285328 -0.357329 0)
(-0.353199 -0.557605 0)
(-0.425028 -0.810672 0)
(-0.427702 -1.09179 0)
(-0.351692 -1.17436 0)
(-0.105142 -0.789439 0)
(-0.115704 0.724738 0)
(-0.287151 0.989957 0)
(-0.217231 0.929294 0)
(-0.115012 0.717204 0)
(0.0374509 0.529367 0)
(0.163522 0.375047 0)
(0.275767 0.263677 0)
(0.360371 0.182905 0)
(0.424837 0.124292 0)
(0.468557 0.0794362 0)
(0.495047 0.0421655 0)
(0.503861 0.00716094 0)
(0.495779 -0.0314385 0)
(0.465876 -0.0806351 0)
(0.413807 -0.153042 0)
(0.323877 -0.26383 0)
(0.205434 -0.443153 0)
(0.0276598 -0.698932 0)
(-0.123828 -1.04156 0)
(-0.26778 -1.24668 0)
(-0.120645 -0.985535 0)
(-0.0398492 1.03341 0)
(0.0479621 1.00686 0)
(0.43353 0.793566 0)
(0.716141 0.525305 0)
(0.985351 0.345382 0)
(1.17175 0.222121 0)
(1.31621 0.144178 0)
(1.41617 0.0940914 0)
(1.4881 0.0611862 0)
(1.53587 0.0381976 0)
(1.56563 0.0203042 0)
(1.57832 0.00405106 0)
(1.57544 -0.0140529 0)
(1.5518 -0.0383623 0)
(1.50612 -0.0771936 0)
(1.41653 -0.142864 0)
(1.28362 -0.264639 0)
(1.03894 -0.468023 0)
(0.738668 -0.819839 0)
(0.245718 -1.16276 0)
(0.019774 -1.23481 0)
(0.850861 0.58253 0)
(1.32715 0.401331 0)
(2.05755 0.256783 0)
(2.41465 0.145071 0)
(2.68743 0.0809293 0)
(2.84082 0.0450142 0)
(2.94399 0.02504 0)
(3.00673 0.0143159 0)
(3.04819 0.00818397 0)
(3.07391 0.00455187 0)
(3.08935 0.00199731 0)
(3.0956 -0.000294648 0)
(3.09371 -0.0030128 0)
(3.07978 -0.00729982 0)
(3.05232 -0.0147892 0)
(2.99192 -0.0293463 0)
(2.89446 -0.0583131 0)
(2.67549 -0.113457 0)
(2.35672 -0.224868 0)
(1.59051 -0.384029 0)
(0.921014 -0.587889 0)
)
;

boundaryField
{
    movingWall
    {
        type            fixedValue;
        value           uniform (4 0 0);
    }
    fixedWalls
    {
        type            noSlip;
    }
    frontAndBack
    {
        type            empty;
    }
}


// ************************************************************************* //
