/*--------------------------------*- C++ -*----------------------------------*\
| =========                 |                                                 |
| \\      /  F ield         | OpenFOAM: The Open Source CFD Toolbox           |
|  \\    /   O peration     | Version:  4.1                                   |
|   \\  /    A nd           | Web:      www.OpenFOAM.org                      |
|    \\/     M anipulation  |                                                 |
\*---------------------------------------------------------------------------*/
FoamFile
{
    version     2.0;
    format      ascii;
    class       volVectorField;
    location    "0.09";
    object      U;
}
// * * * * * * * * * * * * * * * * * * * * * * * * * * * * * * * * * * * * * //

dimensions      [0 1 -1 0 0 0 0];

internalField   nonuniform List<vector> 
1600
(
(1.4162e-05 -1.56977e-05 0)
(1.16132e-05 3.4543e-05 0)
(-8.55115e-05 0.000125908 0)
(-0.000298756 0.000231494 0)
(-0.000631337 0.000335398 0)
(-0.00107418 0.000428544 0)
(-0.00161135 0.000505857 0)
(-0.00222318 0.000564763 0)
(-0.00288837 0.000604279 0)
(-0.00358528 0.000624441 0)
(-0.00429284 0.000625948 0)
(-0.00499105 0.000609927 0)
(-0.00566137 0.000577776 0)
(-0.00628696 0.000531068 0)
(-0.00685278 0.00047149 0)
(-0.00734571 0.000400801 0)
(-0.00775462 0.000320819 0)
(-0.00807039 0.00023341 0)
(-0.00828599 0.000140491 0)
(-0.0083965 4.40305e-05 0)
(-0.00839915 -5.39445e-05 0)
(-0.00829342 -0.000151348 0)
(-0.00808108 -0.000246035 0)
(-0.00776622 -0.000335813 0)
(-0.00735533 -0.000418457 0)
(-0.0068573 -0.000491733 0)
(-0.00628344 -0.000553439 0)
(-0.00564742 -0.000601448 0)
(-0.00496516 -0.000633777 0)
(-0.0042547 -0.000648655 0)
(-0.00353589 -0.00064463 0)
(-0.00283006 -0.000620686 0)
(-0.00215946 -0.000576415 0)
(-0.00154658 -0.00051224 0)
(-0.00101307 -0.000429758 0)
(-0.000578351 -0.00033225 0)
(-0.000257405 -0.000225518 0)
(-5.76946e-05 -0.00011924 0)
(2.61037e-05 -2.95364e-05 0)
(1.76479e-05 1.77979e-05 0)
(-3.84392e-05 -1.57245e-05 0)
(-0.00022133 0.00021092 0)
(-0.000644116 0.000590586 0)
(-0.00135281 0.00102232 0)
(-0.00235495 0.00144562 0)
(-0.0036296 0.00182476 0)
(-0.00513863 0.00213931 0)
(-0.00683374 0.00237863 0)
(-0.00866145 0.00253847 0)
(-0.0105666 0.00261875 0)
(-0.0124945 0.00262217 0)
(-0.014393 0.00255322 0)
(-0.016213 0.00241755 0)
(-0.0179099 0.00222162 0)
(-0.0194433 0.00197237 0)
(-0.0207782 0.00167707 0)
(-0.0218846 0.00134328 0)
(-0.0227382 0.000978727 0)
(-0.02332 0.000591391 0)
(-0.0236169 0.000189448 0)
(-0.0236217 -0.000218692 0)
(-0.0233332 -0.000624382 0)
(-0.0227564 -0.00101875 0)
(-0.0219026 -0.00139275 0)
(-0.0207893 -0.00173719 0)
(-0.0194407 -0.00204288 0)
(-0.0178869 -0.00230078 0)
(-0.0161646 -0.00250217 0)
(-0.0143159 -0.00263892 0)
(-0.0123884 -0.00270381 0)
(-0.0104342 -0.00269095 0)
(-0.00850849 -0.00259624 0)
(-0.00666871 -0.00241811 0)
(-0.004972 -0.00215841 0)
(-0.00347267 -0.00182375 0)
(-0.00221845 -0.00142749 0)
(-0.00124537 -0.000992876 0)
(-0.000570753 -0.00055807 0)
(-0.000182238 -0.000184838 0)
(-2.87217e-05 2.70826e-05 0)
(-0.000132793 7.80835e-05 0)
(-0.000611395 0.00062679 0)
(-0.00145433 0.00141721 0)
(-0.00271222 0.00228654 0)
(-0.0043909 0.00313039 0)
(-0.00645931 0.00388363 0)
(-0.00886273 0.00450743 0)
(-0.0115315 0.00498067 0)
(-0.014388 0.00529428 0)
(-0.0173509 0.00544744 0)
(-0.0203395 0.0054449 0)
(-0.0232756 0.0052952 0)
(-0.0260859 0.00500948 0)
(-0.0287027 0.00460056 0)
(-0.0310652 0.00408244 0)
(-0.0331202 0.00346994 0)
(-0.0348221 0.00277848 0)
(-0.036134 0.00202398 0)
(-0.0370271 0.00122283 0)
(-0.0374816 0.000391863 0)
(-0.0374868 -0.000451594 0)
(-0.0370411 -0.00128977 0)
(-0.0361522 -0.00210446 0)
(-0.0348376 -0.00287713 0)
(-0.0331242 -0.00358903 0)
(-0.0310486 -0.00422147 0)
(-0.0286569 -0.0047561 0)
(-0.0260041 -0.00517533 0)
(-0.0231538 -0.00546287 0)
(-0.0201775 -0.00560436 0)
(-0.0171526 -0.00558822 0)
(-0.0141615 -0.00540668 0)
(-0.0112887 -0.00505708 0)
(-0.00861806 -0.00454368 0)
(-0.00622862 -0.00388004 0)
(-0.00418936 -0.00309255 0)
(-0.00255232 -0.00222554 0)
(-0.00134377 -0.00134899 0)
(-0.000551397 -0.000570489 0)
(-0.000117339 -5.28467e-05 0)
(-0.000245408 0.000289225 0)
(-0.00107059 0.00133535 0)
(-0.00238045 0.00266918 0)
(-0.00421688 0.00408389 0)
(-0.00657603 0.00543826 0)
(-0.00941411 0.00663969 0)
(-0.0126608 0.00763057 0)
(-0.0162284 0.00837838 0)
(-0.0200194 0.00886843 0)
(-0.0239319 0.00909869 0)
(-0.0278638 0.00907608 0)
(-0.0317164 0.00881375 0)
(-0.0353965 0.00832923 0)
(-0.038818 0.00764304 0)
(-0.0419033 0.00677782 0)
(-0.0445843 0.00575768 0)
(-0.046803 0.00460788 0)
(-0.0485118 0.00335457 0)
(-0.0496743 0.00202473 0)
(-0.0502651 0.000646139 0)
(-0.0502707 -0.000752695 0)
(-0.0496891 -0.00214251 0)
(-0.0485305 -0.00349338 0)
(-0.0468174 -0.00477491 0)
(-0.0445844 -0.00595645 0)
(-0.0418782 -0.00700748 0)
(-0.0387576 -0.00789818 0)
(-0.0352928 -0.00860008 0)
(-0.0315646 -0.00908693 0)
(-0.0276635 -0.0093358 0)
(-0.0236876 -0.00932841 0)
(-0.0197407 -0.00905275 0)
(-0.0159291 -0.00850515 0)
(-0.0123583 -0.00769288 0)
(-0.00912749 -0.00663765 0)
(-0.00632399 -0.00538024 0)
(-0.00401522 -0.00398694 0)
(-0.00223953 -0.00255838 0)
(-0.000993087 -0.00124176 0)
(-0.000225013 -0.000246296 0)
(-0.000363769 0.00062674 0)
(-0.00155228 0.00236118 0)
(-0.00334624 0.00438007 0)
(-0.00577199 0.00644828 0)
(-0.00880994 0.00839696 0)
(-0.0124 0.0101106 0)
(-0.0164551 0.0115149 0)
(-0.0208703 0.0125666 0)
(-0.0255305 0.0132456 0)
(-0.0303158 0.0135489 0)
(-0.0351067 0.0134859 0)
(-0.0397874 0.0130751 0)
(-0.0442484 0.0123413 0)
(-0.0483887 0.0113138 0)
(-0.0521171 0.0100253 0)
(-0.0553535 0.00851071 0)
(-0.0580296 0.00680684 0)
(-0.0600896 0.00495189 0)
(-0.0614905 0.0029853 0)
(-0.0622026 0.00094769 0)
(-0.0622101 -0.0011192 0)
(-0.0615108 -0.00317258 0)
(-0.0601167 -0.00516878 0)
(-0.0580542 -0.00706345 0)
(-0.055364 -0.00881198 0)
(-0.052101 -0.0103701 0)
(-0.0483341 -0.0116945 0)
(-0.0441456 -0.012744 0)
(-0.0396304 -0.013481 0)
(-0.034894 -0.0138726 0)
(-0.0300516 -0.0138927 0)
(-0.0252247 -0.0135244 0)
(-0.020538 -0.0127627 0)
(-0.0161155 -0.0116179 0)
(-0.0120748 -0.0101198 0)
(-0.00852093 -0.00832336 0)
(-0.00553822 -0.00631534 0)
(-0.003181 -0.00422316 0)
(-0.00146024 -0.00222545 0)
(-0.000339128 -0.000563138 0)
(-0.000481891 0.0010912 0)
(-0.00203345 0.00371002 0)
(-0.00431222 0.0065608 0)
(-0.00732636 0.00939203 0)
(-0.0110369 0.0120158 0)
(-0.0153643 0.0142995 0)
(-0.0202031 0.0161553 0)
(-0.0254306 0.0175315 0)
(-0.0309147 0.0184038 0)
(-0.0365194 0.0187691 0)
(-0.0421096 0.0186403 0)
(-0.047555 0.0180418 0)
(-0.0527326 0.0170068 0)
(-0.0575289 0.0155747 0)
(-0.0618419 0.0137893 0)
(-0.0655816 0.0116977 0)
(-0.0686716 0.00934978 0)
(-0.0710494 0.00679714 0)
(-0.0726668 0.00409329 0)
(-0.0734907 0.00129334 0)
(-0.0735032 -0.00154613 0)
(-0.0727019 -0.00436715 0)
(-0.0711 -0.00711054 0)
(-0.0687269 -0.00971632 0)
(-0.065628 -0.0121242 0)
(-0.0618644 -0.0142743 0)
(-0.0575131 -0.0161083 0)
(-0.052666 -0.0175709 0)
(-0.0474291 -0.0186112 0)
(-0.0419208 -0.0191851 0)
(-0.0362702 -0.0192576 0)
(-0.0306143 -0.018806 0)
(-0.0250941 -0.0178228 0)
(-0.019851 -0.0163206 0)
(-0.0150204 -0.0143363 0)
(-0.0107259 -0.0119373 0)
(-0.00707086 -0.00922818 0)
(-0.00412894 -0.00635817 0)
(-0.00192985 -0.00352977 0)
(-0.000453666 -0.00100481 0)
(-0.000597278 0.00167959 0)
(-0.00250431 0.00537871 0)
(-0.00526086 0.00921076 0)
(-0.00885647 0.012916 0)
(-0.0132309 0.0162948 0)
(-0.0182833 0.0192029 0)
(-0.0238877 0.0215434 0)
(-0.0299031 0.0232586 0)
(-0.03618 0.0243224 0)
(-0.0425669 0.0247332 0)
(-0.0489146 0.0245087 0)
(-0.0550798 0.0236807 0)
(-0.0609278 0.0222917 0)
(-0.066335 0.0203924 0)
(-0.0711901 0.0180388 0)
(-0.0753954 0.0152917 0)
(-0.078868 0.0122148 0)
(-0.0815401 0.00887466 0)
(-0.0833593 0.00534008 0)
(-0.0842898 0.00168184 0)
(-0.0843118 -0.00202732 0)
(-0.0834224 -0.00571291 0)
(-0.0816359 -0.00929894 0)
(-0.0789834 -0.0127083 0)
(-0.0755137 -0.0158637 0)
(-0.0712928 -0.0186882 0)
(-0.0664035 -0.0211069 0)
(-0.0609455 -0.0230486 0)
(-0.0550339 -0.024448 0)
(-0.0487977 -0.0252481 0)
(-0.0423784 -0.0254036 0)
(-0.0359268 -0.0248842 0)
(-0.0295993 -0.023679 0)
(-0.0235542 -0.0218008 0)
(-0.0179455 -0.0192919 0)
(-0.0129166 -0.0162296 0)
(-0.00859194 -0.0127326 0)
(-0.00506711 -0.00896755 0)
(-0.0023927 -0.0051545 0)
(-0.000566247 -0.00156932 0)
(-0.000709351 0.0023878 0)
(-0.00296247 0.00736058 0)
(-0.00618741 0.012324 0)
(-0.0103558 0.0170156 0)
(-0.0153853 0.0212294 0)
(-0.0211522 0.0248147 0)
(-0.0275091 0.0276697 0)
(-0.034295 0.0297346 0)
(-0.0413432 0.0309838 0)
(-0.0484866 0.0314197 0)
(-0.0555623 0.0310664 0)
(-0.0624153 0.0299647 0)
(-0.0689007 0.028168 0)
(-0.074886 0.0257393 0)
(-0.0802525 0.0227485 0)
(-0.0848963 0.0192705 0)
(-0.0887292 0.0153844 0)
(-0.0916792 0.0111726 0)
(-0.093691 0.00671988 0)
(-0.094726 0.00211388 0)
(-0.0947633 -0.00255564 0)
(-0.0937992 -0.00719667 0)
(-0.0918481 -0.0117154 0)
(-0.0889423 -0.0160165 0)
(-0.0851327 -0.0200044 0)
(-0.0804885 -0.0235839 0)
(-0.0750971 -0.0266622 0)
(-0.069064 -0.0291506 0)
(-0.0625116 -0.0309678 0)
(-0.0555784 -0.0320421 0)
(-0.0484168 -0.0323161 0)
(-0.0411904 -0.0317502 0)
(-0.0340709 -0.0303274 0)
(-0.0272337 -0.0280592 0)
(-0.0208522 -0.0249901 0)
(-0.0150913 -0.0212044 0)
(-0.0100985 -0.0168316 0)
(-0.00599299 -0.0120512 0)
(-0.00284745 -0.00709663 0)
(-0.000676542 -0.00225379 0)
(-0.00081854 0.00321201 0)
(-0.00340947 0.00964866 0)
(-0.0070943 0.0158935 0)
(-0.0118274 0.0216843 0)
(-0.0175045 0.0268135 0)
(-0.0239779 0.0311282 0)
(-0.0310775 0.034526 0)
(-0.0386219 0.0369484 0)
(-0.0464261 0.0383738 0)
(-0.0543074 0.0388111 0)
(-0.0620898 0.0382933 0)
(-0.0696071 0.0368719 0)
(-0.0767052 0.0346131 0)
(-0.0832442 0.0315936 0)
(-0.0890991 0.027898 0)
(-0.0941611 0.0236169 0)
(-0.098338 0.0188454 0)
(-0.101555 0.0136823 0)
(-0.103753 0.00822956 0)
(-0.104894 0.00259193 0)
(-0.104953 -0.00312303 0)
(-0.103927 -0.0088052 0)
(-0.10183 -0.0143422 0)
(-0.0986941 -0.0196197 0)
(-0.0945712 -0.0245229 0)
(-0.0895323 -0.0289372 0)
(-0.0836681 -0.0327503 0)
(-0.0770882 -0.035855 0)
(-0.0699213 -0.0381517 0)
(-0.0623136 -0.0395525 0)
(-0.0544275 -0.0399853 0)
(-0.0464392 -0.0393988 0)
(-0.0385356 -0.0377677 0)
(-0.0309098 -0.0350985 0)
(-0.0237557 -0.0314355 0)
(-0.0172612 -0.0268665 0)
(-0.0115984 -0.0215279 0)
(-0.00691192 -0.0156091 0)
(-0.00329711 -0.00935373 0)
(-0.000785334 -0.003056 0)
(-0.000925767 0.0041493 0)
(-0.00384883 0.0122374 0)
(-0.00798762 0.0199132 0)
(-0.01328 0.0269167 0)
(-0.0195993 0.0330418 0)
(-0.0267735 0.0381376 0)
(-0.034609 0.042105 0)
(-0.0429029 0.0448906 0)
(-0.0514514 0.0464804 0)
(-0.0600563 0.0468929 0)
(-0.0685284 0.0461726 0)
(-0.0766911 0.0443841 0)
(-0.0843821 0.0416082 0)
(-0.0914547 0.0379367 0)
(-0.0977792 0.0334705 0)
(-0.103243 0.0283167 0)
(-0.107751 0.0225872 0)
(-0.111226 0.0163978 0)
(-0.113609 0.00986797 0)
(-0.114856 0.00312002 0)
(-0.114946 -0.00372044 0)
(-0.113872 -0.0105248 0)
(-0.111646 -0.0171617 0)
(-0.108302 -0.0234974 0)
(-0.103891 -0.0293969 0)
(-0.0984835 -0.0347252 0)
(-0.0921728 -0.0393497 0)
(-0.0850712 -0.0431424 0)
(-0.0773119 -0.045984 0)
(-0.0690478 -0.0477678 0)
(-0.0604507 -0.0484046 0)
(-0.051709 -0.0478283 0)
(-0.0430246 -0.0460021 0)
(-0.0346092 -0.0429244 0)
(-0.0266783 -0.0386353 0)
(-0.0194442 -0.0332227 0)
(-0.0131055 -0.0268269 0)
(-0.00783346 -0.019644 0)
(-0.00374697 -0.0119259 0)
(-0.000893982 -0.00397509 0)
(-0.00103216 0.00519801 0)
(-0.0042849 0.0151235 0)
(-0.00887509 0.0243794 0)
(-0.0147243 0.032709 0)
(-0.0216831 0.0399103 0)
(-0.0295548 0.0458381 0)
(-0.0381211 0.0504003 0)
(-0.0471572 0.0535528 0)
(-0.0564401 0.0552928 0)
(-0.0657556 0.0556518 0)
(-0.0749019 0.0546888 0)
(-0.0836925 0.0524844 0)
(-0.0919574 0.0491356 0)
(-0.0995449 0.0447517 0)
(-0.106321 0.0394507 0)
(-0.112172 0.0333572 0)
(-0.116999 0.0266007 0)
(-0.120725 0.0193144 0)
(-0.123288 0.0116353 0)
(-0.124647 0.00370341 0)
(-0.124775 -0.00433761 0)
(-0.123666 -0.0123407 0)
(-0.121332 -0.0201553 0)
(-0.117802 -0.0276281 0)
(-0.113127 -0.0346033 0)
(-0.107379 -0.0409249 0)
(-0.100648 -0.0464383 0)
(-0.09305 -0.0509935 0)
(-0.0847202 -0.0544491 0)
(-0.0758174 -0.0566772 0)
(-0.0665218 -0.0575683 0)
(-0.0570334 -0.0570383 0)
(-0.0475694 -0.0550348 0)
(-0.0383606 -0.0515444 0)
(-0.0296453 -0.0465993 0)
(-0.0216617 -0.0402834 0)
(-0.0146365 -0.0327376 0)
(-0.00876916 -0.0241623 0)
(-0.00420334 -0.0148167 0)
(-0.0010041 -0.00501193 0)
(-0.00113889 0.00635772 0)
(-0.00472222 0.0183061 0)
(-0.00976488 0.0292911 0)
(-0.0161717 0.0390599 0)
(-0.0237702 0.0474172 0)
(-0.0323377 0.0542262 0)
(-0.0416309 0.0594063 0)
(-0.051402 0.0629266 0)
(-0.0614088 0.0647996 0)
(-0.0714211 0.0650736 0)
(-0.0812246 0.0638256 0)
(-0.0906237 0.0611547 0)
(-0.099442 0.057177 0)
(-0.107524 0.0520206 0)
(-0.114732 0.0458224 0)
(-0.120952 0.0387252 0)
(-0.126085 0.0308766 0)
(-0.130053 0.0224275 0)
(-0.132795 0.0135322 0)
(-0.134267 0.00434827 0)
(-0.134443 -0.00496293 0)
(-0.133315 -0.0142362 0)
(-0.130891 -0.0233022 0)
(-0.127201 -0.0319878 0)
(-0.122292 -0.0401164 0)
(-0.116231 -0.0475101 0)
(-0.109111 -0.0539912 0)
(-0.101044 -0.0593861 0)
(-0.0921687 -0.0635291 0)
(-0.0826475 -0.0662678 0)
(-0.0726679 -0.0674694 0)
(-0.0624408 -0.0670276 0)
(-0.0521987 -0.0648706 0)
(-0.0421918 -0.0609681 0)
(-0.0326822 -0.05534 0)
(-0.0239357 -0.0480625 0)
(-0.0162089 -0.0392736 0)
(-0.00973118 -0.0291754 0)
(-0.00467287 -0.0180336 0)
(-0.00111739 -0.00616923 0)
(-0.00124711 0.0076293 0)
(-0.00516524 0.0217872 0)
(-0.010665 0.0346504 0)
(-0.0176335 0.0459709 0)
(-0.025874 0.0555619 0)
(-0.0351369 0.0632991 0)
(-0.0451529 0.0691169 0)
(-0.0556508 0.0730023 0)
(-0.0663685 0.0749875 0)
(-0.0770603 0.0751416 0)
(-0.0875 0.0735633 0)
(-0.0974836 0.0703736 0)
(-0.10683 0.0657102 0)
(-0.11538 0.0597221 0)
(-0.122997 0.0525663 0)
(-0.129565 0.0444048 0)
(-0.134987 0.0354036 0)
(-0.139185 0.0257312 0)
(-0.1421 0.0155589 0)
(-0.143687 0.00506139 0)
(-0.14392 -0.00558325 0)
(-0.142789 -0.0161923 0)
(-0.140299 -0.0265782 0)
(-0.136477 -0.0365483 0)
(-0.131365 -0.0459054 0)
(-0.125028 -0.0544491 0)
(-0.117553 -0.0619778 0)
(-0.109052 -0.0682923 0)
(-0.0996627 -0.0732003 0)
(-0.0895494 -0.076522 0)
(-0.0789056 -0.0780971 0)
(-0.067952 -0.0777928 0)
(-0.0569359 -0.0755127 0)
(-0.0461272 -0.071205 0)
(-0.0358128 -0.064872 0)
(-0.0262875 -0.0565774 0)
(-0.0178397 -0.0464524 0)
(-0.0107315 -0.0346989 0)
(-0.00516215 -0.0215879 0)
(-0.00123555 -0.00745153 0)
(-0.00135793 0.00901478 0)
(-0.0056182 0.0255708 0)
(-0.0115829 0.0404618 0)
(-0.0191199 0.0534452 0)
(-0.0280065 0.0643454 0)
(-0.0379647 0.0730538 0)
(-0.0486981 0.0795246 0)
(-0.0599114 0.0837674 0)
(-0.0713228 0.0858389 0)
(-0.0826709 0.0858338 0)
(-0.0937189 0.0838767 0)
(-0.104256 0.0801139 0)
(-0.114097 0.0747073 0)
(-0.123082 0.0678292 0)
(-0.131075 0.0596579 0)
(-0.137963 0.0503757 0)
(-0.143651 0.0401668 0)
(-0.148063 0.0292173 0)
(-0.151142 0.0177147 0)
(-0.152845 0.00584968 0)
(-0.153143 -0.00618383 0)
(-0.152026 -0.0181868 0)
(-0.149496 -0.0299545 0)
(-0.145574 -0.0412757 0)
(-0.140298 -0.0519327 0)
(-0.133727 -0.0617026 0)
(-0.125942 -0.070359 0)
(-0.117051 -0.0776756 0)
(-0.107188 -0.0834308 0)
(-0.0965179 -0.0874141 0)
(-0.0852379 -0.0894335 0)
(-0.0735772 -0.0893248 0)
(-0.0617967 -0.0869611 0)
(-0.0501859 -0.0822632 0)
(-0.0390572 -0.07521 0)
(-0.0287358 -0.0658474 0)
(-0.0195448 -0.0542957 0)
(-0.0117816 -0.0407529 0)
(-0.0056775 -0.0254946 0)
(-0.00136018 -0.00886515 0)
(-0.0014724 0.0105173 0)
(-0.00608515 0.0296635 0)
(-0.0125257 0.0467325 0)
(-0.0206404 0.0614882 0)
(-0.0301782 0.0737689 0)
(-0.0408308 0.0834862 0)
(-0.0522735 0.0906188 0)
(-0.0641861 0.0952047 0)
(-0.0762669 0.0973303 0)
(-0.08824 0.0971213 0)
(-0.0998587 0.0947325 0)
(-0.110907 0.0903395 0)
(-0.121198 0.0841317 0)
(-0.130574 0.0763064 0)
(-0.138902 0.0670652 0)
(-0.146071 0.0566108 0)
(-0.151994 0.045146 0)
(-0.156597 0.0328735 0)
(-0.159826 0.0199965 0)
(-0.16164 0.00671975 0)
(-0.162012 -0.00674828 0)
(-0.160927 -0.020194 0)
(-0.158386 -0.0333969 0)
(-0.154402 -0.0461285 0)
(-0.149008 -0.0581514 0)
(-0.142255 -0.0692205 0)
(-0.134216 -0.0790841 0)
(-0.12499 -0.0874871 0)
(-0.114707 -0.0941765 0)
(-0.103528 -0.0989071 0)
(-0.091652 -0.101451 0)
(-0.079314 -0.101606 0)
(-0.0667871 -0.0992093 0)
(-0.0543799 -0.094147 0)
(-0.0424307 -0.0863678 0)
(-0.0312968 -0.0758935 0)
(-0.0213384 -0.0628277 0)
(-0.0128918 -0.0473612 0)
(-0.00622489 -0.0297723 0)
(-0.00149287 -0.0104181 0)
(-0.00159158 0.012141 0)
(-0.00657005 0.0340738 0)
(-0.0135002 0.0534714 0)
(-0.0222036 0.070106 0)
(-0.0323978 0.0838332 0)
(-0.0437421 0.0945896 0)
(-0.0558813 0.102385 0)
(-0.06847 0.10729 0)
(-0.0811868 0.10943 0)
(-0.0937421 0.108965 0)
(-0.105881 0.106086 0)
(-0.117385 0.101003 0)
(-0.128069 0.093935 0)
(-0.137777 0.0851073 0)
(-0.146383 0.0747457 0)
(-0.153785 0.0630741 0)
(-0.159899 0.0503136 0)
(-0.164661 0.0366825 0)
(-0.16802 0.0223979 0)
(-0.169938 0.0076773 0)
(-0.170388 -0.00725867 0)
(-0.169355 -0.0221839 0)
(-0.166835 -0.0368645 0)
(-0.162834 -0.0510561 0)
(-0.157377 -0.0645035 0)
(-0.150505 -0.0769398 0)
(-0.142279 -0.0880878 0)
(-0.13279 -0.0976628 0)
(-0.122155 -0.105378 0)
(-0.110532 -0.110949 0)
(-0.0981158 -0.114107 0)
(-0.0851444 -0.114607 0)
(-0.0719013 -0.112242 0)
(-0.0587127 -0.106854 0)
(-0.0459428 -0.0983558 0)
(-0.0339828 -0.0867357 0)
(-0.0232325 -0.0720744 0)
(-0.0140719 -0.0545507 0)
(-0.00680993 -0.0344426 0)
(-0.00163508 -0.0121199 0)
(-0.00171656 0.0138912 0)
(-0.00707699 0.0388121 0)
(-0.0145132 0.0606893 0)
(-0.0238176 0.0793054 0)
(-0.0346729 0.0945377 0)
(-0.0467024 0.106354 0)
(-0.059519 0.1148 0)
(-0.0727511 0.119992 0)
(-0.0860582 0.122094 0)
(-0.0991386 0.121313 0)
(-0.111732 0.11788 0)
(-0.123619 0.112043 0)
(-0.134618 0.104055 0)
(-0.144583 0.0941717 0)
(-0.153396 0.0826445 0)
(-0.160964 0.0697187 0)
(-0.167215 0.0556327 0)
(-0.172092 0.0406196 0)
(-0.175551 0.0249082 0)
(-0.177559 0.00872638 0)
(-0.17809 -0.00769578 0)
(-0.177129 -0.0241225 0)
(-0.174665 -0.0403089 0)
(-0.170699 -0.0559979 0)
(-0.165244 -0.0709179 0)
(-0.158329 -0.0847819 0)
(-0.150001 -0.0972875 0)
(-0.140336 -0.10812 0)
(-0.129439 -0.116955 0)
(-0.117456 -0.123468 0)
(-0.104575 -0.127342 0)
(-0.0910324 -0.128282 0)
(-0.0771194 -0.126029 0)
(-0.0631775 -0.120373 0)
(-0.0495963 -0.111178 0)
(-0.0368018 -0.0983914 0)
(-0.0252371 -0.0820622 0)
(-0.0153302 -0.0623503 0)
(-0.00743786 -0.0395296 0)
(-0.00178825 -0.0139816 0)
(-0.00184855 0.0157742 0)
(-0.00761037 0.0438908 0)
(-0.0155717 0.0683985 0)
(-0.0254906 0.089093 0)
(-0.0370096 0.105879 0)
(-0.0497128 0.118762 0)
(-0.0631787 0.127836 0)
(-0.0770092 0.133264 0)
(-0.0908453 0.135266 0)
(-0.104375 0.134098 0)
(-0.117336 0.130039 0)
(-0.129512 0.123379 0)
(-0.140731 0.114411 0)
(-0.150856 0.103422 0)
(-0.159784 0.0906912 0)
(-0.167435 0.0764838 0)
(-0.173751 0.0610555 0)
(-0.178685 0.0446518 0)
(-0.182204 0.0275111 0)
(-0.184281 0.00986857 0)
(-0.184892 -0.00803951 0)
(-0.184021 -0.0259712 0)
(-0.181653 -0.0436741 0)
(-0.17778 -0.0608816 0)
(-0.172403 -0.0773086 0)
(-0.165535 -0.0926501 0)
(-0.157208 -0.10658 0)
(-0.147477 -0.118752 0)
(-0.136429 -0.128805 0)
(-0.124194 -0.136368 0)
(-0.110947 -0.141072 0)
(-0.0969202 -0.142565 0)
(-0.0824047 -0.140523 0)
(-0.0677553 -0.134677 0)
(-0.0533853 -0.124829 0)
(-0.0397568 -0.110873 0)
(-0.0273591 -0.0928158 0)
(-0.0166741 -0.0707901 0)
(-0.00811364 -0.0450597 0)
(-0.00195374 -0.0160156 0)
(-0.00198891 0.0177976 0)
(-0.00817522 0.0493244 0)
(-0.0166835 0.0766124 0)
(-0.0272307 0.0994744 0)
(-0.0394132 0.117849 0)
(-0.0527712 0.131791 0)
(-0.0668468 0.141449 0)
(-0.0812147 0.147049 0)
(-0.095499 0.148871 0)
(-0.109381 0.147232 0)
(-0.122599 0.142465 0)
(-0.134945 0.13491 0)
(-0.14626 0.124902 0)
(-0.156425 0.112763 0)
(-0.165353 0.0987972 0)
(-0.172983 0.083293 0)
(-0.179273 0.0665206 0)
(-0.184193 0.0487357 0)
(-0.18772 0.0301832 0)
(-0.189834 0.0111019 0)
(-0.190519 -0.00826949 0)
(-0.189756 -0.0276871 0)
(-0.187525 -0.0468956 0)
(-0.183811 -0.0656224 0)
(-0.178599 -0.0835731 0)
(-0.171886 -0.100428 0)
(-0.16368 -0.115838 0)
(-0.154016 -0.129427 0)
(-0.142956 -0.140796 0)
(-0.130606 -0.149525 0)
(-0.117122 -0.155187 0)
(-0.102725 -0.157362 0)
(-0.0877005 -0.155656 0)
(-0.0724121 -0.149722 0)
(-0.0572942 -0.139289 0)
(-0.0428447 -0.124183 0)
(-0.0296026 -0.104356 0)
(-0.0181097 -0.0798998 0)
(-0.0088419 -0.051061 0)
(-0.00213291 -0.0182357 0)
(-0.00213932 0.0199705 0)
(-0.00877754 0.0551296 0)
(-0.0178577 0.0853455 0)
(-0.029047 0.110453 0)
(-0.0418882 0.130436 0)
(-0.0558726 0.145406 0)
(-0.070503 0.155583 0)
(-0.0853272 0.161267 0)
(-0.0999548 0.162812 0)
(-0.114064 0.160602 0)
(-0.127399 0.155037 0)
(-0.139767 0.146511 0)
(-0.151027 0.135403 0)
(-0.161082 0.122073 0)
(-0.16987 0.106853 0)
(-0.177351 0.0900514 0)
(-0.183505 0.0719513 0)
(-0.188319 0.0528158 0)
(-0.191787 0.0328925 0)
(-0.193899 0.0124199 0)
(-0.194643 -0.00836597 0)
(-0.194003 -0.029224 0)
(-0.191954 -0.0499007 0)
(-0.18847 -0.070123 0)
(-0.183523 -0.0895916 0)
(-0.177086 -0.107975 0)
(-0.169146 -0.124907 0)
(-0.159707 -0.139984 0)
(-0.148802 -0.152765 0)
(-0.136507 -0.16278 0)
(-0.122951 -0.169539 0)
(-0.108332 -0.172547 0)
(-0.0929258 -0.171325 0)
(-0.0770962 -0.165437 0)
(-0.0612951 -0.15452 0)
(-0.0460552 -0.138314 0)
(-0.0319679 -0.116697 0)
(-0.0196418 -0.0897078 0)
(-0.00962698 -0.0575626 0)
(-0.00232708 -0.0206571 0)
(-0.00230181 0.022304 0)
(-0.00942462 0.061326 0)
(-0.0191049 0.0946131 0)
(-0.0309495 0.122031 0)
(-0.0444382 0.143617 0)
(-0.0590074 0.15956 0)
(-0.0741185 0.170163 0)
(-0.0892928 0.175818 0)
(-0.104129 0.176964 0)
(-0.118308 0.17407 0)
(-0.131586 0.167605 0)
(-0.143793 0.158025 0)
(-0.154813 0.14576 0)
(-0.164578 0.131207 0)
(-0.173055 0.114726 0)
(-0.180233 0.0966436 0)
(-0.186117 0.0772537 0)
(-0.190717 0.0568229 0)
(-0.194043 0.0355973 0)
(-0.1961 0.0138098 0)
(-0.196883 -0.00831098 0)
(-0.196377 -0.0305326 0)
(-0.194555 -0.0526093 0)
(-0.191379 -0.0742733 0)
(-0.186805 -0.0952262 0)
(-0.180785 -0.115131 0)
(-0.173276 -0.133608 0)
(-0.164249 -0.150227 0)
(-0.1537 -0.16451 0)
(-0.141666 -0.175935 0)
(-0.128242 -0.183942 0)
(-0.113591 -0.187955 0)
(-0.09797 -0.187396 0)
(-0.0817337 -0.181722 0)
(-0.0653449 -0.170458 0)
(-0.0493687 -0.153238 0)
(-0.0344507 -0.129844 0)
(-0.0212733 -0.100238 0)
(-0.0104729 -0.0645939 0)
(-0.00253756 -0.0232959 0)
(-0.0024789 0.0248113 0)
(-0.0101254 0.0679359 0)
(-0.0204381 0.104431 0)
(-0.0329494 0.134203 0)
(-0.0470654 0.15736 0)
(-0.0621607 0.174186 0)
(-0.0776533 0.18509 0)
(-0.0930402 0.19057 0)
(-0.107914 0.191173 0)
(-0.121966 0.187459 0)
(-0.134975 0.179982 0)
(-0.146797 0.169264 0)
(-0.157355 0.155788 0)
(-0.166615 0.139989 0)
(-0.174579 0.122256 0)
(-0.181272 0.102932 0)
(-0.186729 0.082315 0)
(-0.190984 0.0606727 0)
(-0.194069 0.0382442 0)
(-0.196005 0.0152518 0)
(-0.196797 -0.00808974 0)
(-0.196432 -0.0315625 0)
(-0.19488 -0.0549351 0)
(-0.192096 -0.0779519 0)
(-0.188015 -0.100322 0)
(-0.182567 -0.12171 0)
(-0.175676 -0.141728 0)
(-0.167276 -0.159925 0)
(-0.157319 -0.175789 0)
(-0.145795 -0.188745 0)
(-0.132751 -0.198163 0)
(-0.118308 -0.203372 0)
(-0.102686 -0.203685 0)
(-0.0862227 -0.198434 0)
(-0.0693813 -0.187009 0)
(-0.0527537 -0.168907 0)
(-0.0370404 -0.143786 0)
(-0.0230048 -0.11151 0)
(-0.0113831 -0.0721838 0)
(-0.0027656 -0.0261698 0)
(-0.00267369 0.0275086 0)
(-0.010891 0.0749858 0)
(-0.0218722 0.114816 0)
(-0.0350585 0.146959 0)
(-0.0497686 0.171619 0)
(-0.0653085 0.189197 0)
(-0.0810512 0.200233 0)
(-0.096474 0.205359 0)
(-0.111172 0.205242 0)
(-0.124854 0.200556 0)
(-0.137332 0.191943 0)
(-0.148505 0.179999 0)
(-0.158336 0.165265 0)
(-0.166838 0.148213 0)
(-0.174057 0.129258 0)
(-0.180054 0.108754 0)
(-0.1849 0.0870023 0)
(-0.18866 0.0642644 0)
(-0.19139 0.0407674 0)
(-0.193125 0.0167168 0)
(-0.193885 -0.00769238 0)
(-0.193662 -0.0322639 0)
(-0.192424 -0.0567877 0)
(-0.190114 -0.0810277 0)
(-0.186654 -0.104709 0)
(-0.181947 -0.127505 0)
(-0.175883 -0.149027 0)
(-0.168353 -0.168812 0)
(-0.159261 -0.186317 0)
(-0.148538 -0.200918 0)
(-0.136174 -0.211912 0)
(-0.122232 -0.218528 0)
(-0.106882 -0.219958 0)
(-0.0904261 -0.215384 0)
(-0.0733164 -0.204034 0)
(-0.0561625 -0.185238 0)
(-0.0397179 -0.158495 0)
(-0.0248333 -0.123532 0)
(-0.0123602 -0.0803595 0)
(-0.00301235 -0.0292976 0)
(-0.00288997 0.0304159 0)
(-0.0117344 0.0825062 0)
(-0.0234244 0.125783 0)
(-0.0372879 0.160281 0)
(-0.0525405 0.186327 0)
(-0.0684125 0.204473 0)
(-0.0842329 0.215425 0)
(-0.0994658 0.219973 0)
(-0.113719 0.218931 0)
(-0.126736 0.213097 0)
(-0.138372 0.203216 0)
(-0.14858 0.189962 0)
(-0.157378 0.173933 0)
(-0.164831 0.155639 0)
(-0.171036 0.135516 0)
(-0.1761 0.113923 0)
(-0.18013 0.0911622 0)
(-0.183225 0.0674807 0)
(-0.185466 0.0430878 0)
(-0.18691 0.0181661 0)
(-0.187588 -0.00711591 0)
(-0.187499 -0.0325902 0)
(-0.186612 -0.0580757 0)
(-0.184862 -0.0833639 0)
(-0.182155 -0.108204 0)
(-0.178368 -0.132289 0)
(-0.173357 -0.155237 0)
(-0.166968 -0.176584 0)
(-0.159047 -0.195764 0)
(-0.149463 -0.212108 0)
(-0.138133 -0.224841 0)
(-0.125047 -0.233092 0)
(-0.110307 -0.235912 0)
(-0.0941606 -0.232318 0)
(-0.0770287 -0.221344 0)
(-0.0595257 -0.202111 0)
(-0.042452 -0.173914 0)
(-0.0267508 -0.1363 0)
(-0.0134053 -0.089145 0)
(-0.00327867 -0.0326992 0)
(-0.00313219 0.0335576 0)
(-0.0126711 0.0905322 0)
(-0.0251129 0.137345 0)
(-0.0396451 0.174133 0)
(-0.055362 0.201388 0)
(-0.0714118 0.219857 0)
(-0.0870837 0.230449 0)
(-0.10184 0.234149 0)
(-0.115318 0.231941 0)
(-0.12731 0.224766 0)
(-0.137735 0.213479 0)
(-0.14661 0.198838 0)
(-0.154022 0.181494 0)
(-0.160099 0.161993 0)
(-0.164993 0.140785 0)
(-0.168859 0.118231 0)
(-0.171848 0.094622 0)
(-0.174092 0.0701877 0)
(-0.1757 0.0451125 0)
(-0.176749 0.0195493 0)
(-0.177284 -0.00636624 0)
(-0.177315 -0.0325013 0)
(-0.17681 -0.058711 0)
(-0.175701 -0.0848227 0)
(-0.173879 -0.110619 0)
(-0.171197 -0.135821 0)
(-0.167478 -0.16007 0)
(-0.16252 -0.182906 0)
(-0.156111 -0.203755 0)
(-0.148047 -0.221913 0)
(-0.138162 -0.236538 0)
(-0.126355 -0.246656 0)
(-0.112639 -0.251171 0)
(-0.0971823 -0.248911 0)
(-0.0803509 -0.238682 0)
(-0.0627429 -0.219351 0)
(-0.0451938 -0.189951 0)
(-0.0287408 -0.149791 0)
(-0.0145167 -0.0985587 0)
(-0.00356486 -0.0363956 0)
(-0.00340537 0.0369639 0)
(-0.0137176 0.0991035 0)
(-0.0269543 0.149508 0)
(-0.0421282 0.188459 0)
(-0.0581921 0.216668 0)
(-0.0742086 0.235135 0)
(-0.0894361 0.245026 0)
(-0.103354 0.247555 0)
(-0.115649 0.243908 0)
(-0.126185 0.235183 0)
(-0.134965 0.222355 0)
(-0.142089 0.206264 0)
(-0.14772 0.187611 0)
(-0.152059 0.166969 0)
(-0.155318 0.144796 0)
(-0.157706 0.121446 0)
(-0.159414 0.0971922 0)
(-0.16061 0.0722378 0)
(-0.161429 0.0467363 0)
(-0.161972 0.0208047 0)
(-0.162297 -0.00546017 0)
(-0.162423 -0.0319669 0)
(-0.162325 -0.0586138 0)
(-0.161929 -0.0852717 0)
(-0.161117 -0.111766 0)
(-0.159723 -0.137858 0)
(-0.157539 -0.163221 0)
(-0.154317 -0.187418 0)
(-0.149785 -0.209879 0)
(-0.143662 -0.229879 0)
(-0.135687 -0.246523 0)
(-0.125653 -0.258735 0)
(-0.11346 -0.265271 0)
(-0.0991666 -0.264749 0)
(-0.0830523 -0.255711 0)
(-0.0656689 -0.236716 0)
(-0.0478671 -0.206466 0)
(-0.0307736 -0.163956 0)
(-0.0156879 -0.10861 0)
(-0.00387007 -0.0404087 0)
(-0.00371462 0.0406715 0)
(-0.0148902 0.108263 0)
(-0.0289587 0.162264 0)
(-0.0447159 0.203167 0)
(-0.0609521 0.231978 0)
(-0.0766457 0.250026 0)
(-0.0910425 0.258794 0)
(-0.103665 0.259777 0)
(-0.114281 0.25439 0)
(-0.122854 0.243902 0)
(-0.129491 0.229409 0)
(-0.134391 0.21183 0)
(-0.13781 0.191908 0)
(-0.140023 0.170234 0)
(-0.141308 0.14726 0)
(-0.141925 0.123324 0)
(-0.142109 0.0986712 0)
(-0.142058 0.0734727 0)
(-0.141933 0.0478434 0)
(-0.141854 0.0218593 0)
(-0.141895 -0.00442703 0)
(-0.142086 -0.0309708 0)
(-0.142406 -0.0577189 0)
(-0.142784 -0.0845929 0)
(-0.143095 -0.11147 0)
(-0.143161 -0.138161 0)
(-0.142747 -0.164385 0)
(-0.141567 -0.189746 0)
(-0.13929 -0.213695 0)
(-0.135558 -0.235508 0)
(-0.130008 -0.25425 0)
(-0.122312 -0.268762 0)
(-0.112231 -0.27765 0)
(-0.0996805 -0.279312 0)
(-0.0848135 -0.271989 0)
(-0.0680941 -0.253873 0)
(-0.0503546 -0.223253 0)
(-0.0327976 -0.178705 0)
(-0.0169036 -0.119296 0)
(-0.00419136 -0.0447605 0)
(-0.00406424 0.0447246 0)
(-0.0162007 0.118053 0)
(-0.0311197 0.175585 0)
(-0.0473494 0.218113 0)
(-0.0634983 0.247049 0)
(-0.0784719 0.264149 0)
(-0.0915347 0.271292 0)
(-0.102292 0.270305 0)
(-0.110632 0.262857 0)
(-0.116649 0.250399 0)
(-0.120581 0.234147 0)
(-0.122744 0.215084 0)
(-0.123491 0.193984 0)
(-0.12318 0.171436 0)
(-0.122151 0.147876 0)
(-0.120713 0.123612 0)
(-0.119137 0.0988539 0)
(-0.11765 0.0737302 0)
(-0.116433 0.0483125 0)
(-0.115622 0.022631 0)
(-0.115305 -0.00330957 0)
(-0.115521 -0.0295143 0)
(-0.116259 -0.0559828 0)
(-0.117453 -0.0826922 0)
(-0.118979 -0.109578 0)
(-0.120652 -0.136512 0)
(-0.122222 -0.163274 0)
(-0.123373 -0.189522 0)
(-0.123725 -0.214754 0)
(-0.122847 -0.238267 0)
(-0.120272 -0.259119 0)
(-0.115541 -0.276086 0)
(-0.108252 -0.287641 0)
(-0.0981432 -0.291958 0)
(-0.0851896 -0.28695 0)
(-0.0697123 -0.270378 0)
(-0.0524749 -0.240016 0)
(-0.0347256 -0.193898 0)
(-0.0181329 -0.130592 0)
(-0.00452186 -0.0494725 0)
(-0.00445557 0.0491749 0)
(-0.017648 0.128509 0)
(-0.0333962 0.189396 0)
(-0.0499013 0.233071 0)
(-0.065578 0.2615 0)
(-0.0792877 0.276998 0)
(-0.0903639 0.28193 0)
(-0.0985506 0.278509 0)
(-0.103904 0.268681 0)
(-0.106692 0.25408 0)
(-0.107305 0.236024 0)
(-0.106189 0.215544 0)
(-0.103801 0.193419 0)
(-0.100577 0.17022 0)
(-0.0969153 0.146348 0)
(-0.0931642 0.122069 0)
(-0.0896221 0.0975434 0)
(-0.0865353 0.0728538 0)
(-0.0840994 0.0480227 0)
(-0.0824607 0.0230318 0)
(-0.0817169 -0.00216366 0)
(-0.0819169 -0.0276198 0)
(-0.0830587 -0.0533904 0)
(-0.0850866 -0.0795107 0)
(-0.0878855 -0.10598 0)
(-0.0912747 -0.132737 0)
(-0.0950013 -0.159635 0)
(-0.0987338 -0.186406 0)
(-0.102058 -0.212616 0)
(-0.104482 -0.237616 0)
(-0.105444 -0.260488 0)
(-0.10435 -0.279981 0)
(-0.100619 -0.294468 0)
(-0.0937739 -0.30191 0)
(-0.0835569 -0.299877 0)
(-0.070074 -0.285637 0)
(-0.0539457 -0.256341 0)
(-0.0364111 -0.209313 0)
(-0.019318 -0.142439 0)
(-0.00484763 -0.0545631 0)
(-0.00488298 0.0540806 0)
(-0.0192026 0.139644 0)
(-0.0356792 0.203552 0)
(-0.0521223 0.247691 0)
(-0.0667581 0.274794 0)
(-0.0784614 0.287897 0)
(-0.0867123 0.289959 0)
(-0.0914687 0.283628 0)
(-0.0930157 0.271136 0)
(-0.0918307 0.254282 0)
(-0.0884798 0.234459 0)
(-0.0835466 0.212714 0)
(-0.0775873 0.189802 0)
(-0.0711058 0.166251 0)
(-0.0645433 0.142406 0)
(-0.0582751 0.118477 0)
(-0.0526133 0.0945672 0)
(-0.0478111 0.0707058 0)
(-0.0440676 0.046864 0)
(-0.041532 0.0229743 0)
(-0.0403066 -0.00105619 0)
(-0.0404479 -0.025333 0)
(-0.041965 -0.0499623 0)
(-0.0448163 -0.075037 0)
(-0.0489033 -0.10062 0)
(-0.0540621 -0.126724 0)
(-0.0600529 -0.153284 0)
(-0.0665485 -0.18012 0)
(-0.073123 -0.206891 0)
(-0.079245 -0.233037 0)
(-0.0842793 -0.257707 0)
(-0.0875047 -0.279673 0)
(-0.0881585 -0.297255 0)
(-0.0855188 -0.308243 0)
(-0.0790358 -0.309872 0)
(-0.0685132 -0.298872 0)
(-0.0543248 -0.271648 0)
(-0.0376084 -0.224619 0)
(-0.0203532 -0.154729 0)
(-0.00514199 -0.0600445 0)
(-0.00532568 0.0595019 0)
(-0.0207756 0.151427 0)
(-0.0377312 0.217784 0)
(-0.0535492 0.261435 0)
(-0.0663092 0.286169 0)
(-0.0750016 0.295952 0)
(-0.0793666 0.294444 0)
(-0.0796713 0.284759 0)
(-0.0764942 0.269402 0)
(-0.0705573 0.250296 0)
(-0.0626128 0.228864 0)
(-0.0533742 0.206121 0)
(-0.0434809 0.182763 0)
(-0.033484 0.159244 0)
(-0.0238462 0.135834 0)
(-0.0149478 0.112673 0)
(-0.00709573 0.0897994 0)
(-0.000533991 0.0671849 0)
(0.00454789 0.04475 0)
(0.00800748 0.0223804 0)
(0.00974455 -6.07344e-05 0)
(0.00969866 -0.0227234 0)
(0.00784957 -0.0457605 0)
(0.00422065 -0.0693177 0)
(-0.00111443 -0.0935194 0)
(-0.00802157 -0.118451 0)
(-0.0162926 -0.144132 0)
(-0.0256286 -0.170486 0)
(-0.0356212 -0.197285 0)
(-0.0457345 -0.22409 0)
(-0.0552918 -0.250166 0)
(-0.0634765 -0.274373 0)
(-0.069357 -0.29505 0)
(-0.0719559 -0.309888 0)
(-0.0703813 -0.315834 0)
(-0.0640375 -0.309067 0)
(-0.0529145 -0.285135 0)
(-0.0379049 -0.239318 0)
(-0.0210485 -0.167272 0)
(-0.00535533 -0.0659155 0)
(-0.00573195 0.0654906 0)
(-0.0221603 0.163729 0)
(-0.0390756 0.231617 0)
(-0.0533479 0.273477 0)
(-0.0630191 0.294559 0)
(-0.067364 0.299994 0)
(-0.0665384 0.294237 0)
(-0.0612274 0.280865 0)
(-0.0523609 0.262598 0)
(-0.0409227 0.241413 0)
(-0.0278401 0.218693 0)
(-0.01393 0.195364 0)
(0.000118344 0.17202 0)
(0.0137406 0.14901 0)
(0.0264845 0.126511 0)
(0.0379931 0.104579 0)
(0.0479875 0.0831869 0)
(0.0562525 0.0622477 0)
(0.0626231 0.0416347 0)
(0.0669752 0.0211932 0)
(0.0692184 0.000749601 0)
(0.0692929 -0.0198815 0)
(0.0671684 -0.040891 0)
(0.0628471 -0.0624677 0)
(0.0563707 -0.0847892 0)
(0.0478307 -0.108007 0)
(0.0373847 -0.132226 0)
(0.0252761 -0.157473 0)
(0.0118605 -0.183651 0)
(-0.00236575 -0.210472 0)
(-0.0167356 -0.237363 0)
(-0.0303894 -0.263347 0)
(-0.0422718 -0.286878 0)
(-0.051171 -0.305657 0)
(-0.0558289 -0.316443 0)
(-0.0551599 -0.314916 0)
(-0.048606 -0.295697 0)
(-0.0366025 -0.252669 0)
(-0.0210626 -0.179749 0)
(-0.00539636 -0.0721484 0)
(-0.00598725 0.0720671 0)
(-0.0229155 0.176247 0)
(-0.0387915 0.244234 0)
(-0.0500406 0.28257 0)
(-0.0548942 0.29849 0)
(-0.0531669 0.298533 0)
(-0.04562 0.287986 0)
(-0.0334588 0.270818 0)
(-0.0179929 0.24985 0)
(-0.000447792 0.227001 0)
(0.0181195 0.203523 0)
(0.0368429 0.18019 0)
(0.055037 0.157446 0)
(0.0721727 0.135511 0)
(0.0878489 0.114453 0)
(0.101765 0.0942414 0)
(0.113697 0.074781 0)
(0.123479 0.0559334 0)
(0.130986 0.037532 0)
(0.136123 0.0193912 0)
(0.13882 0.00131204 0)
(0.139021 -0.0169145 0)
(0.136689 -0.0355041 0)
(0.131804 -0.0546757 0)
(0.12437 -0.0746461 0)
(0.114426 -0.095621 0)
(0.102061 -0.117779 0)
(0.0874364 -0.141248 0)
(0.0708173 -0.166061 0)
(0.0526088 -0.192102 0)
(0.0334019 -0.219004 0)
(0.0140203 -0.24602 0)
(-0.00444077 -0.271833 0)
(-0.0206067 -0.294304 0)
(-0.0328842 -0.310179 0)
(-0.0396481 -0.31478 0)
(-0.0396253 -0.301822 0)
(-0.0325103 -0.263569 0)
(-0.0197785 -0.191628 0)
(-0.0050967 -0.0786648 0)
(-0.00584849 0.079169 0)
(-0.0221307 0.188338 0)
(-0.0351271 0.254265 0)
(-0.0410352 0.286858 0)
(-0.0386878 0.295974 0)
(-0.0287815 0.289742 0)
(-0.012869 0.274194 0)
(0.00727732 0.253503 0)
(0.0300089 0.230408 0)
(0.053941 0.206623 0)
(0.0779799 0.183164 0)
(0.101298 0.160587 0)
(0.123288 0.139151 0)
(0.143516 0.118927 0)
(0.161679 0.0998715 0)
(0.177567 0.0818708 0)
(0.191037 0.0647699 0)
(0.201991 0.0483893 0)
(0.210359 0.0325353 0)
(0.216086 0.0170045 0)
(0.219127 0.00158625 0)
(0.219438 -0.0139369 0)
(0.216976 -0.0297898 0)
(0.211702 -0.0462045 0)
(0.203579 -0.0634192 0)
(0.192587 -0.0816743 0)
(0.178736 -0.101204 0)
(0.162083 -0.122217 0)
(0.142768 -0.144871 0)
(0.121052 -0.169217 0)
(0.0973744 -0.195118 0)
(0.0724205 -0.222117 0)
(0.0471988 -0.249232 0)
(0.0231066 -0.274666 0)
(0.00194978 -0.295395 0)
(-0.0141556 -0.306663 0)
(-0.0231175 -0.301475 0)
(-0.0235703 -0.270375 0)
(-0.0160616 -0.202018 0)
(-0.00414081 -0.0852866 0)
(-0.00480009 0.0865403 0)
(-0.0179291 0.198738 0)
(-0.024756 0.259446 0)
(-0.0218144 0.283644 0)
(-0.00917837 0.28445 0)
(0.0112198 0.27154 0)
(0.0369604 0.25138 0)
(0.0657977 0.228016 0)
(0.0959068 0.203849 0)
(0.125913 0.180218 0)
(0.154836 0.157808 0)
(0.182002 0.136906 0)
(0.206973 0.11757 0)
(0.229473 0.0997243 0)
(0.24934 0.0832226 0)
(0.266486 0.0678833 0)
(0.28087 0.0535084 0)
(0.292475 0.0398943 0)
(0.301292 0.0268362 0)
(0.307316 0.0141292 0)
(0.31053 0.0015671 0)
(0.310906 -0.0110599 0)
(0.308401 -0.0239685 0)
(0.302958 -0.0373849 0)
(0.294504 -0.0515473 0)
(0.282961 -0.0667073 0)
(0.268254 -0.0831265 0)
(0.250326 -0.10107 0)
(0.229169 -0.120785 0)
(0.204855 -0.142471 0)
(0.177603 -0.166209 0)
(0.147847 -0.191854 0)
(0.116347 -0.218845 0)
(0.084309 -0.245895 0)
(0.0535001 -0.270511 0)
(0.0262978 -0.288287 0)
(0.00552388 -0.291988 0)
(-0.00617357 -0.270651 0)
(-0.00776857 -0.209423 0)
(-0.0019181 -0.091634 0)
(-0.00169918 0.0934621 0)
(-0.00636226 0.204995 0)
(-0.00132659 0.256118 0)
(0.0154342 0.269184 0)
(0.0418764 0.260877 0)
(0.0747322 0.241874 0)
(0.110963 0.218435 0)
(0.148204 0.194007 0)
(0.184786 0.170366 0)
(0.219609 0.148334 0)
(0.251994 0.128203 0)
(0.281555 0.109988 0)
(0.308104 0.0935587 0)
(0.331575 0.078719 0)
(0.351979 0.0652494 0)
(0.369365 0.0529273 0)
(0.383799 0.0415364 0)
(0.395349 0.0308709 0)
(0.40407 0.0207343 0)
(0.410002 0.0109376 0)
(0.413161 0.00129524 0)
(0.413535 -0.00837902 0)
(0.411084 -0.0182767 0)
(0.40574 -0.0285997 0)
(0.397402 -0.0395647 0)
(0.385944 -0.051408 0)
(0.371215 -0.0643877 0)
(0.353049 -0.0787842 0)
(0.331288 -0.0948937 0)
(0.305799 -0.11301 0)
(0.276531 -0.133388 0)
(0.243577 -0.156161 0)
(0.207282 -0.1812 0)
(0.168394 -0.20784 0)
(0.128253 -0.234399 0)
(0.0890059 -0.257361 0)
(0.0537152 -0.270056 0)
(0.0261081 -0.260824 0)
(0.00930666 -0.211265 0)
(0.00283265 -0.0968884 0)
(0.00623579 0.0981781 0)
(0.021207 0.202514 0)
(0.0473943 0.238668 0)
(0.0840266 0.238781 0)
(0.127082 0.222249 0)
(0.172738 0.199371 0)
(0.218213 0.175236 0)
(0.261729 0.15218 0)
(0.302261 0.131144 0)
(0.339291 0.112382 0)
(0.372626 0.0958262 0)
(0.402264 0.081267 0)
(0.428314 0.0684472 0)
(0.450937 0.0571046 0)
(0.470313 0.0469916 0)
(0.48662 0.0378822 0)
(0.500019 0.0295725 0)
(0.510648 0.0218787 0)
(0.518613 0.0146324 0)
(0.523991 0.00767666 0)
(0.526824 0.000860968 0)
(0.527116 -0.00596372 0)
(0.524834 -0.0129501 0)
(0.519907 -0.02026 0)
(0.512219 -0.0280697 0)
(0.501613 -0.0365761 0)
(0.487888 -0.0460024 0)
(0.470799 -0.056603 0)
(0.450062 -0.0686666 0)
(0.425368 -0.0825133 0)
(0.396399 -0.0984814 0)
(0.362876 -0.116889 0)
(0.324625 -0.13795 0)
(0.281694 -0.161591 0)
(0.234548 -0.187078 0)
(0.184337 -0.212263 0)
(0.133263 -0.232103 0)
(0.0848926 -0.235929 0)
(0.0438405 -0.203119 0)
(0.0130288 -0.0992922 0)
(0.0273583 0.0959513 0)
(0.0846417 0.182243 0)
(0.1449 0.198993 0)
(0.205858 0.187607 0)
(0.264619 0.16689 0)
(0.319376 0.144547 0)
(0.369265 0.12356 0)
(0.41402 0.104906 0)
(0.453727 0.0887291 0)
(0.488658 0.0748487 0)
(0.519171 0.0629733 0)
(0.545645 0.0527948 0)
(0.568449 0.0440261 0)
(0.587922 0.036413 0)
(0.604365 0.0297363 0)
(0.618037 0.0238081 0)
(0.629153 0.0184674 0)
(0.637887 0.0135744 0)
(0.644371 0.00900524 0)
(0.648701 0.00464768 0)
(0.650929 0.000396012 0)
(0.651073 -0.00385308 0)
(0.649107 -0.00820494 0)
(0.644966 -0.0127715 0)
(0.638539 -0.0176762 0)
(0.629668 -0.0230591 0)
(0.618137 -0.0290833 0)
(0.603675 -0.0359413 0)
(0.58594 -0.0438614 0)
(0.56452 -0.053114 0)
(0.538921 -0.0640141 0)
(0.508571 -0.0769143 0)
(0.472822 -0.0921782 0)
(0.43097 -0.110103 0)
(0.382305 -0.130726 0)
(0.326206 -0.153355 0)
(0.262356 -0.175401 0)
(0.191223 -0.189551 0)
(0.114802 -0.176875 0)
(0.037075 -0.0945152 0)
(0.0931487 0.0779421 0)
(0.232151 0.131514 0)
(0.335582 0.130037 0)
(0.414562 0.114707 0)
(0.478032 0.097575 0)
(0.53042 0.081827 0)
(0.574343 0.0682379 0)
(0.611462 0.0567954 0)
(0.642956 0.0472494 0)
(0.669718 0.0393002 0)
(0.692457 0.0326637 0)
(0.711745 0.0270925 0)
(0.72805 0.0223788 0)
(0.741753 0.0183509 0)
(0.753166 0.0148678 0)
(0.762542 0.0118134 0)
(0.770081 0.00909146 0)
(0.775941 0.00662055 0)
(0.78024 0.00433049 0)
(0.78306 0.00215878 0)
(0.784451 4.76091e-05 0)
(0.78443 -0.00205896 0)
(0.782983 -0.00421765 0)
(0.780061 -0.00648882 0)
(0.775578 -0.00893944 0)
(0.769409 -0.0116465 0)
(0.76138 -0.014701 0)
(0.751259 -0.0182126 0)
(0.738749 -0.0223149 0)
(0.723466 -0.0271715 0)
(0.704917 -0.0329815 0)
(0.682469 -0.0399848 0)
(0.655291 -0.0484612 0)
(0.62226 -0.058719 0)
(0.581784 -0.0710517 0)
(0.531461 -0.0856114 0)
(0.467371 -0.101989 0)
(0.382959 -0.117812 0)
(0.266341 -0.122261 0)
(0.105583 -0.074834 0)
(0.361879 0.0130734 0)
(0.582601 0.0215558 0)
(0.692569 0.028157 0)
(0.751572 0.0278194 0)
(0.789993 0.0246132 0)
(0.817706 0.0208822 0)
(0.839034 0.0174197 0)
(0.85603 0.014436 0)
(0.869839 0.0119351 0)
(0.881185 0.00985871 0)
(0.890565 0.00813602 0)
(0.898341 0.00670075 0)
(0.904787 0.00549599 0)
(0.910112 0.00447451 0)
(0.91448 0.0035977 0)
(0.918017 0.00283401 0)
(0.920821 0.0021575 0)
(0.922967 0.00154648 0)
(0.924511 0.000982456 0)
(0.92549 0.000449097 0)
(0.925927 -6.8569e-05 0)
(0.925832 -0.000584932 0)
(0.925198 -0.00111453 0)
(0.924005 -0.00167279 0)
(0.922217 -0.00227682 0)
(0.919778 -0.0029463 0)
(0.916611 -0.00370447 0)
(0.912611 -0.00457924 0)
(0.907637 -0.00560432 0)
(0.901505 -0.00682021 0)
(0.893966 -0.00827429 0)
(0.884682 -0.0100187 0)
(0.873173 -0.0121025 0)
(0.858718 -0.0145491 0)
(0.840113 -0.0172982 0)
(0.815111 -0.0200586 0)
(0.778814 -0.0219726 0)
(0.71986 -0.0209356 0)
(0.604907 -0.0143433 0)
(0.367824 -0.0132627 0)
)
;

boundaryField
{
    movingWall
    {
        type            fixedValue;
        value           uniform (1 0 0);
    }
    fixedWalls
    {
        type            noSlip;
    }
    frontAndBack
    {
        type            empty;
    }
}


// ************************************************************************* //
