/*--------------------------------*- C++ -*----------------------------------*\
| =========                 |                                                 |
| \\      /  F ield         | OpenFOAM: The Open Source CFD Toolbox           |
|  \\    /   O peration     | Version:  4.1                                   |
|   \\  /    A nd           | Web:      www.OpenFOAM.org                      |
|    \\/     M anipulation  |                                                 |
\*---------------------------------------------------------------------------*/
FoamFile
{
    version     2.0;
    format      ascii;
    class       volVectorField;
    location    "0.0192746";
    object      U;
}
// * * * * * * * * * * * * * * * * * * * * * * * * * * * * * * * * * * * * * //

dimensions      [0 1 -1 0 0 0 0];

internalField   nonuniform List<vector> 
441
(
(0.000453354 -0.000432805 0)
(-0.000640859 0.000299258 0)
(-0.00472863 0.000896007 0)
(-0.0106195 0.00132149 0)
(-0.0176959 0.00147971 0)
(-0.0249443 0.00147814 0)
(-0.0318195 0.00134025 0)
(-0.0377666 0.00111876 0)
(-0.0424536 0.000829668 0)
(-0.0455841 0.000492046 0)
(-0.0469661 0.000115339 0)
(-0.0464553 -0.000286893 0)
(-0.0440107 -0.000694781 0)
(-0.0396827 -0.00108164 0)
(-0.0337104 -0.00140242 0)
(-0.0264652 -0.00161423 0)
(-0.018645 -0.00164057 0)
(-0.0109839 -0.00145365 0)
(-0.00469255 -0.000954886 0)
(-0.000479442 -0.000285081 0)
(0.000516835 0.000485583 0)
(-0.000221661 0.000600937 0)
(-0.00542413 0.00546011 0)
(-0.0166948 0.00969211 0)
(-0.0315516 0.0125686 0)
(-0.0487127 0.013754 0)
(-0.0661341 0.0135857 0)
(-0.0825497 0.0123086 0)
(-0.0967191 0.0102149 0)
(-0.107824 0.00749576 0)
(-0.115177 0.00431607 0)
(-0.118323 0.000811395 0)
(-0.116959 -0.00286615 0)
(-0.111021 -0.00652249 0)
(-0.100682 -0.00990487 0)
(-0.0865131 -0.0126772 0)
(-0.0694036 -0.0144678 0)
(-0.0508657 -0.0148372 0)
(-0.0325289 -0.0135015 0)
(-0.0168243 -0.0101961 0)
(-0.00521705 -0.00550723 0)
(-0.000134479 -0.000420967 0)
(-0.000844984 0.00464378 0)
(-0.0101886 0.0168001 0)
(-0.0279371 0.0266659 0)
(-0.0502629 0.0331233 0)
(-0.0754161 0.0357135 0)
(-0.100661 0.0350288 0)
(-0.12428 0.0316358 0)
(-0.144588 0.0261727 0)
(-0.160451 0.0191232 0)
(-0.170922 0.0109057 0)
(-0.175374 0.00188883 0)
(-0.173394 -0.00752421 0)
(-0.164899 -0.0168354 0)
(-0.150134 -0.0254102 0)
(-0.129877 -0.0324434 0)
(-0.105343 -0.0370399 0)
(-0.078571 -0.0382268 0)
(-0.0517643 -0.0353365 0)
(-0.0282061 -0.0279346 0)
(-0.00991863 -0.0170196 0)
(-0.000718054 -0.00430258 0)
(-0.00137927 0.0109486 0)
(-0.0144511 0.0329112 0)
(-0.0380348 0.0496897 0)
(-0.0668887 0.0602215 0)
(-0.0988339 0.0641929 0)
(-0.130556 0.0625643 0)
(-0.160042 0.0563101 0)
(-0.185311 0.0464762 0)
(-0.205035 0.0338949 0)
(-0.218094 0.0192853 0)
(-0.22374 0.00329429 0)
(-0.221464 -0.0133758 0)
(-0.211132 -0.0298645 0)
(-0.192986 -0.0450791 0)
(-0.167898 -0.0576486 0)
(-0.137266 -0.0660358 0)
(-0.103508 -0.0686096 0)
(-0.0692609 -0.0641898 0)
(-0.0386077 -0.0520527 0)
(-0.01414 -0.0334133 0)
(-0.00119837 -0.0103854 0)
(-0.00177953 0.0193961 0)
(-0.0181813 0.0537299 0)
(-0.0472154 0.0787638 0)
(-0.0821881 0.0938629 0)
(-0.120463 0.0991421 0)
(-0.158151 0.0960988 0)
(-0.193008 0.0862336 0)
(-0.222829 0.0710709 0)
(-0.246165 0.0518405 0)
(-0.261778 0.0295897 0)
(-0.268817 0.00526404 0)
(-0.266657 -0.0201147 0)
(-0.255059 -0.0452905 0)
(-0.23417 -0.0686515 0)
(-0.204852 -0.0881652 0)
(-0.168576 -0.101511 0)
(-0.128081 -0.106224 0)
(-0.0864316 -0.10041 0)
(-0.0486355 -0.0828579 0)
(-0.0179911 -0.0548077 0)
(-0.00154314 -0.0185808 0)
(-0.00214925 0.0296407 0)
(-0.0217883 0.0787725 0)
(-0.056259 0.113371 0)
(-0.097369 0.133496 0)
(-0.141989 0.139972 0)
(-0.185632 0.135047 0)
(-0.225854 0.120895 0)
(-0.260273 0.0996007 0)
(-0.287371 0.0728256 0)
(-0.305829 0.0419441 0)
(-0.314693 0.00818149 0)
(-0.313195 -0.027144 0)
(-0.300912 -0.0623889 0)
(-0.277792 -0.0953922 0)
(-0.244558 -0.123373 0)
(-0.202642 -0.143056 0)
(-0.155058 -0.150906 0)
(-0.105334 -0.144011 0)
(-0.0596113 -0.120386 0)
(-0.0221059 -0.0811039 0)
(-0.00188166 -0.028663 0)
(-0.00253258 0.0417727 0)
(-0.0256325 0.108287 0)
(-0.0659463 0.153874 0)
(-0.113636 0.17953 0)
(-0.165026 0.187092 0)
(-0.214996 0.179797 0)
(-0.260924 0.160685 0)
(-0.3003 0.132484 0)
(-0.331587 0.0973257 0)
(-0.353418 0.0568893 0)
(-0.364747 0.0126302 0)
(-0.364621 -0.0338981 0)
(-0.352346 -0.0807114 0)
(-0.327541 -0.125094 0)
(-0.290623 -0.163429 0)
(-0.242829 -0.191272 0)
(-0.187362 -0.203683 0)
(-0.128246 -0.196291 0)
(-0.0730207 -0.165925 0)
(-0.0271424 -0.113252 0)
(-0.00229121 -0.0409868 0)
(-0.00299891 0.0559978 0)
(-0.0300984 0.142735 0)
(-0.0770538 0.200833 0)
(-0.132108 0.232506 0)
(-0.190958 0.240971 0)
(-0.247819 0.230754 0)
(-0.299933 0.205983 0)
(-0.344729 0.170141 0)
(-0.380725 0.125857 0)
(-0.406568 0.0750671 0)
(-0.421138 0.0193675 0)
(-0.423277 -0.0395672 0)
(-0.41193 -0.0995167 0)
(-0.386224 -0.157255 0)
(-0.346051 -0.208271 0)
(-0.292211 -0.2467 0)
(-0.227905 -0.26576 0)
(-0.157612 -0.258981 0)
(-0.0905594 -0.22138 0)
(-0.033892 -0.152786 0)
(-0.00288974 -0.0561878 0)
(-0.00359552 0.072717 0)
(-0.0355351 0.182928 0)
(-0.0902863 0.255182 0)
(-0.153742 0.293272 0)
(-0.220863 0.302312 0)
(-0.285182 0.288479 0)
(-0.343877 0.257286 0)
(-0.394439 0.213079 0)
(-0.43555 0.15902 0)
(-0.465979 0.0972224 0)
(-0.48459 0.029294 0)
(-0.490033 -0.043146 0)
(-0.48081 -0.117824 0)
(-0.455397 -0.19113 0)
(-0.412868 -0.257664 0)
(-0.353236 -0.309887 0)
(-0.279336 -0.338652 0)
(-0.195899 -0.334459 0)
(-0.114068 -0.289565 0)
(-0.0432509 -0.202127 0)
(-0.00380184 -0.0753756 0)
(-0.00440678 0.0926332 0)
(-0.0423181 0.230122 0)
(-0.106281 0.318229 0)
(-0.179257 0.362871 0)
(-0.25533 0.371834 0)
(-0.327386 0.353406 0)
(-0.39266 0.314869 0)
(-0.448899 0.261561 0)
(-0.495112 0.1972 0)
(-0.530359 0.123979 0)
(-0.553609 0.0433332 0)
(-0.563393 -0.0434215 0)
(-0.557748 -0.134246 0)
(-0.534356 -0.225395 0)
(-0.491147 -0.310728 0)
(-0.426879 -0.380844 0)
(-0.343414 -0.423659 0)
(-0.24526 -0.425397 0)
(-0.145448 -0.374101 0)
(-0.0562838 -0.264667 0)
(-0.00521925 -0.100255 0)
(-0.00551238 0.116403 0)
(-0.0508761 0.28547 0)
(-0.125664 0.391049 0)
(-0.209154 0.441918 0)
(-0.294392 0.449677 0)
(-0.373771 0.425295 0)
(-0.444776 0.37831 0)
(-0.505712 0.315177 0)
(-0.556145 0.240205 0)
(-0.595681 0.155525 0)
(-0.623584 0.0621902 0)
(-0.638446 -0.0391082 0)
(-0.637905 -0.146966 0)
(-0.618811 -0.257922 0)
(-0.577639 -0.365455 0)
(-0.511369 -0.458309 0)
(-0.419978 -0.520997 0)
(-0.306881 -0.533907 0)
(-0.186393 -0.478791 0)
(-0.074206 -0.344433 0)
(-0.00738947 -0.133009 0)
(-0.00712528 0.145557 0)
(-0.0617579 0.35112 0)
(-0.148902 0.475375 0)
(-0.243335 0.531158 0)
(-0.336916 0.535658 0)
(-0.421925 0.50324 0)
(-0.49638 0.446311 0)
(-0.559582 0.372546 0)
(-0.611937 0.286866 0)
(-0.653932 0.191182 0)
(-0.685401 0.0859172 0)
(-0.705296 -0.0292318 0)
(-0.711078 -0.154008 0)
(-0.698916 -0.285844 0)
(-0.663663 -0.418513 0)
(-0.600071 -0.539277 0)
(-0.505062 -0.62914 0)
(-0.379612 -0.660976 0)
(-0.237693 -0.607512 0)
(-0.098293 -0.446553 0)
(-0.0107224 -0.177003 0)
(-0.00946852 0.180816 0)
(-0.0757995 0.42773 0)
(-0.176588 0.571005 0)
(-0.281311 0.629061 0)
(-0.380573 0.627227 0)
(-0.467388 0.584012 0)
(-0.540736 0.515397 0)
(-0.601551 0.430296 0)
(-0.651413 0.33424 0)
(-0.692092 0.228746 0)
(-0.724314 0.113381 0)
(-0.74781 -0.0135191 0)
(-0.760266 -0.153397 0)
(-0.757614 -0.305343 0)
(-0.73321 -0.464452 0)
(-0.679445 -0.617425 0)
(-0.588905 -0.742402 0)
(-0.458402 -0.803441 0)
(-0.298359 -0.761198 0)
(-0.129742 -0.574938 0)
(-0.0157414 -0.235608 0)
(-0.0132405 0.226157 0)
(-0.0940579 0.519181 0)
(-0.20843 0.679695 0)
(-0.320455 0.734505 0)
(-0.419637 0.721107 0)
(-0.501303 0.662917 0)
(-0.565934 0.580219 0)
(-0.61694 0.482996 0)
(-0.65736 0.37728 0)
(-0.690635 0.263969 0)
(-0.718669 0.14156 0)
(-0.742434 0.00673312 0)
(-0.760393 -0.144165 0)
(-0.769042 -0.312703 0)
(-0.760839 -0.496656 0)
(-0.726348 -0.683767 0)
(-0.652825 -0.85117 0)
(-0.531253 -0.95397 0)
(-0.363442 -0.938335 0)
(-0.169034 -0.734142 0)
(-0.0233766 -0.314977 0)
(-0.0192507 0.281129 0)
(-0.118834 0.622148 0)
(-0.244729 0.795189 0)
(-0.357307 0.838623 0)
(-0.445629 0.80722 0)
(-0.510461 0.729657 0)
(-0.554523 0.630955 0)
(-0.584828 0.521682 0)
(-0.606018 0.408096 0)
(-0.623442 0.290234 0)
(-0.640248 0.165416 0)
(-0.658974 0.028591 0)
(-0.679408 -0.126342 0)
(-0.699681 -0.30404 0)
(-0.712513 -0.506352 0)
(-0.708213 -0.724274 0)
(-0.668533 -0.937276 0)
(-0.577932 -1.09366 0)
(-0.422704 -1.1252 0)
(-0.215584 -0.919674 0)
(-0.0346903 -0.417847 0)
(-0.0296984 0.359101 0)
(-0.151227 0.745563 0)
(-0.279904 0.918713 0)
(-0.379008 0.935226 0)
(-0.438584 0.875335 0)
(-0.469562 0.772307 0)
(-0.477385 0.655624 0)
(-0.473705 0.535187 0)
(-0.464442 0.416705 0)
(-0.456673 0.298896 0)
(-0.454401 0.177794 0)
(-0.461667 0.0467535 0)
(-0.479828 -0.102603 0)
(-0.509742 -0.278155 0)
(-0.545992 -0.486885 0)
(-0.581551 -0.725534 0)
(-0.594223 -0.980774 0)
(-0.563868 -1.19945 0)
(-0.454005 -1.30411 0)
(-0.263799 -1.12853 0)
(-0.0514106 -0.556088 0)
(-0.0475496 0.449552 0)
(-0.197019 0.866298 0)
(-0.308853 1.02091 0)
(-0.36877 0.994383 0)
(-0.370262 0.898481 0)
(-0.342932 0.768575 0)
(-0.2946 0.636554 0)
(-0.242221 0.509878 0)
(-0.191654 0.392561 0)
(-0.150699 0.281638 0)
(-0.123071 0.171956 0)
(-0.113541 0.0558731 0)
(-0.124655 -0.0763565 0)
(-0.16058 -0.234945 0)
(-0.219273 -0.431732 0)
(-0.300365 -0.670794 0)
(-0.381471 -0.951025 0)
(-0.444469 -1.22675 0)
(-0.424421 -1.42378 0)
(-0.302853 -1.32076 0)
(-0.0744001 -0.718231 0)
(-0.0751351 0.604967 0)
(-0.237775 1.0076 0)
(-0.284094 1.10004 0)
(-0.261522 0.998728 0)
(-0.168016 0.855396 0)
(-0.0581996 0.698991 0)
(0.0613847 0.55813 0)
(0.17032 0.434197 0)
(0.265597 0.32734 0)
(0.340718 0.23227 0)
(0.393984 0.142726 0)
(0.421276 0.0508637 0)
(0.419962 -0.0530438 0)
(0.383075 -0.179801 0)
(0.308841 -0.344223 0)
(0.187466 -0.557513 0)
(0.0355136 -0.834477 0)
(-0.144411 -1.14833 0)
(-0.26296 -1.45027 0)
(-0.291329 -1.47844 0)
(-0.100683 -0.932906 0)
(-0.11304 0.731856 0)
(-0.257278 1.04915 0)
(-0.134835 1.04464 0)
(0.0366913 0.870959 0)
(0.270122 0.69806 0)
(0.480612 0.539165 0)
(0.674795 0.411047 0)
(0.834556 0.307858 0)
(0.96478 0.225155 0)
(1.06341 0.156194 0)
(1.13278 0.0946001 0)
(1.17097 0.0336998 0)
(1.17655 -0.0342832 0)
(1.14117 -0.118151 0)
(1.06028 -0.231316 0)
(0.913111 -0.387639 0)
(0.705931 -0.61304 0)
(0.407556 -0.907054 0)
(0.115808 -1.26679 0)
(-0.166909 -1.44508 0)
(-0.109707 -1.08422 0)
(-0.0407879 1.02804 0)
(0.0609794 1.02591 0)
(0.488963 0.84298 0)
(0.835151 0.595237 0)
(1.18131 0.422235 0)
(1.44726 0.295264 0)
(1.66667 0.207558 0)
(1.83275 0.14548 0)
(1.96003 0.10055 0)
(2.05201 0.0662728 0)
(2.11466 0.0376372 0)
(2.14853 0.0104291 0)
(2.15385 -0.0197298 0)
(2.12321 -0.0579543 0)
(2.05226 -0.112579 0)
(1.91576 -0.194987 0)
(1.71187 -0.332079 0)
(1.37184 -0.546786 0)
(0.957702 -0.902984 0)
(0.345025 -1.23706 0)
(0.0324389 -1.27046 0)
(0.846859 0.578174 0)
(1.32183 0.401254 0)
(2.06856 0.262023 0)
(2.45639 0.153539 0)
(2.76808 0.0900805 0)
(2.96107 0.0531366 0)
(3.09989 0.0313488 0)
(3.19219 0.0187001 0)
(3.25659 0.010869 0)
(3.29908 0.00581061 0)
(3.32558 0.00202462 0)
(3.33737 -0.0014654 0)
(3.33521 -0.00547381 0)
(3.3144 -0.0112379 0)
(3.27232 -0.0202904 0)
(3.18866 -0.0362924 0)
(3.05923 -0.0660089 0)
(2.8008 -0.120951 0)
(2.43818 -0.230739 0)
(1.62653 -0.387859 0)
(0.923947 -0.587828 0)
)
;

boundaryField
{
    movingWall
    {
        type            fixedValue;
        value           uniform (4 0 0);
    }
    fixedWalls
    {
        type            noSlip;
    }
    frontAndBack
    {
        type            empty;
    }
}


// ************************************************************************* //
