/*--------------------------------*- C++ -*----------------------------------*\
| =========                 |                                                 |
| \\      /  F ield         | OpenFOAM: The Open Source CFD Toolbox           |
|  \\    /   O peration     | Version:  4.1                                   |
|   \\  /    A nd           | Web:      www.OpenFOAM.org                      |
|    \\/     M anipulation  |                                                 |
\*---------------------------------------------------------------------------*/
FoamFile
{
    version     2.0;
    format      ascii;
    class       volVectorField;
    location    "0.0272";
    object      U;
}
// * * * * * * * * * * * * * * * * * * * * * * * * * * * * * * * * * * * * * //

dimensions      [0 1 -1 0 0 0 0];

internalField   nonuniform List<vector> 
441
(
(0.00328587 -0.00465726 0)
(0.00801874 -0.00277311 0)
(-0.000693381 -2.28141e-165 0)
(0.00156211 -2.43033e-266 0)
(-0.00981536 -0.00624897 0)
(-0.00156211 -2.54591e-232 0)
(-1.08661e-202 -3.84397e-203 0)
(-9.60803e-204 -4.74661e-228 0)
(-1.3434e-212 -1.96197e-213 0)
(-0.00473538 7.216e-266 0)
(-0.0559835 0.0189432 0)
(-0.071409 0.0102952 0)
(-0.0822031 0.00507755 0)
(-0.075567 0.00107138 0)
(-0.0665879 -0.000519502 0)
(-0.0500221 -0.00180117 0)
(-0.0346594 -0.00160203 0)
(-0.018444 -0.00170446 0)
(-0.00611934 -0.000244641 0)
(-0.000130402 0.000377651 0)
(0.00334764 0.00213945 0)
(0.00292511 -0.00643162 0)
(-0.00366315 0.00676302 0)
(-0.028735 0.00759447 0)
(-0.0564912 0.0111437 0)
(-0.0953775 0.00865062 0)
(-0.128568 -0.00526678 0)
(-0.157734 -0.000683287 0)
(-0.183916 0.00103451 0)
(-0.205907 0.00962377 0)
(-0.22844 0.0495124 0)
(-0.243975 0.0461151 0)
(-0.239494 0.0161973 0)
(-0.231773 -0.00130611 0)
(-0.206254 -0.0172356 0)
(-0.176657 -0.0250502 0)
(-0.136185 -0.0311016 0)
(-0.0973506 -0.0297754 0)
(-0.0581088 -0.0279068 0)
(-0.0271321 -0.0176861 0)
(-0.00801198 -0.0105748 0)
(0.00317645 0.00127323 0)
(0.00605832 -0.00453418 0)
(-0.00677825 0.0284908 0)
(-0.0508915 0.0513959 0)
(-0.105803 0.0646772 0)
(-0.168389 0.0648489 0)
(-0.230702 0.0589615 0)
(-0.293439 0.0533196 0)
(-0.339279 0.0465426 0)
(-0.38346 0.0427378 0)
(-0.400865 0.0417627 0)
(-0.392619 0.0307739 0)
(-0.378422 -0.000905584 0)
(-0.355461 -0.0276001 0)
(-0.315581 -0.0538763 0)
(-0.268841 -0.0697804 0)
(-0.208978 -0.0813057 0)
(-0.150943 -0.0786596 0)
(-0.0920055 -0.0723018 0)
(-0.045403 -0.0493374 0)
(-0.0139579 -0.030254 0)
(0.00427918 -0.00217034 0)
(0.00597137 -0.00587295 0)
(-0.0123766 0.0652624 0)
(-0.0796811 0.106757 0)
(-0.154319 0.130586 0)
(-0.237997 0.133838 0)
(-0.317822 0.122132 0)
(-0.39189 0.109044 0)
(-0.451371 0.0916909 0)
(-0.49729 0.0728404 0)
(-0.520499 0.056427 0)
(-0.519995 0.0233982 0)
(-0.500497 -0.0219016 0)
(-0.468292 -0.0642758 0)
(-0.415019 -0.104779 0)
(-0.353017 -0.131471 0)
(-0.274826 -0.150198 0)
(-0.199014 -0.146255 0)
(-0.121143 -0.134852 0)
(-0.0601278 -0.0950239 0)
(-0.0170951 -0.0615166 0)
(0.00623285 -0.00807273 0)
(6.0276e-165 0.00149284 0)
(-0.0173649 0.113749 0)
(-0.109226 0.192609 0)
(-0.197839 0.221826 0)
(-0.299516 0.227496 0)
(-0.393182 0.211418 0)
(-0.481815 0.18595 0)
(-0.551414 0.151199 0)
(-0.605791 0.111419 0)
(-0.632778 0.0650879 0)
(-0.635003 0.0111518 0)
(-0.614502 -0.0523509 0)
(-0.576154 -0.112407 0)
(-0.512614 -0.169335 0)
(-0.437222 -0.208982 0)
(-0.340501 -0.235883 0)
(-0.246972 -0.230998 0)
(-0.147147 -0.211997 0)
(-0.0719606 -0.151854 0)
(-0.0145476 -0.0972775 0)
(0.0125334 -0.0121346 0)
(-5.0108e-266 0.00484984 0)
(-0.0714576 0.17868 0)
(-0.14828 0.28559 0)
(-0.25088 0.322539 0)
(-0.356891 0.329157 0)
(-0.461521 0.305462 0)
(-0.557314 0.267812 0)
(-0.636882 0.215929 0)
(-0.698117 0.154845 0)
(-0.733869 0.0849736 0)
(-0.745022 0.00529777 0)
(-0.727724 -0.0816038 0)
(-0.688465 -0.165986 0)
(-0.617304 -0.244968 0)
(-0.530151 -0.303145 0)
(-0.414327 -0.342347 0)
(-0.300971 -0.338655 0)
(-0.176054 -0.312448 0)
(-0.0838069 -0.225983 0)
(-0.00858948 -0.148888 0)
(0.0158137 -0.00918755 0)
(-0.0193993 0.0761758 0)
(-0.0973575 0.258742 0)
(-0.184334 0.37256 0)
(-0.294089 0.42891 0)
(-0.411164 0.437636 0)
(-0.525925 0.410753 0)
(-0.633179 0.360822 0)
(-0.723713 0.291377 0)
(-0.796304 0.208328 0)
(-0.842837 0.11186 0)
(-0.864302 0.00544138 0)
(-0.853988 -0.109095 0)
(-0.817486 -0.221959 0)
(-0.741898 -0.328216 0)
(-0.644946 -0.41057 0)
(-0.508234 -0.466231 0)
(-0.373456 -0.467155 0)
(-0.21465 -0.43087 0)
(-0.106377 -0.316499 0)
(0.00372515 -0.198391 0)
(5.3952e-266 -0.00395342 0)
(-0.0137995 0.123885 0)
(-0.0900161 0.344669 0)
(-0.198891 0.483034 0)
(-0.323601 0.550232 0)
(-0.454829 0.561465 0)
(-0.582697 0.527974 0)
(-0.702038 0.466084 0)
(-0.806187 0.379136 0)
(-0.892389 0.27441 0)
(-0.954192 0.152572 0)
(-0.990866 0.0167503 0)
(-0.993192 -0.129312 0)
(-0.965396 -0.277737 0)
(-0.890514 -0.419229 0)
(-0.786604 -0.536161 0)
(-0.629637 -0.616909 0)
(-0.468697 -0.630632 0)
(-0.272818 -0.584526 0)
(-0.136348 -0.440254 0)
(-0.00119017 -0.263648 0)
(1.88822e-24 -1.62846e-24 0)
(-0.011862 0.177033 0)
(-0.0927531 0.442145 0)
(-0.216789 0.604945 0)
(-0.354983 0.683351 0)
(-0.50103 0.69586 0)
(-0.64235 0.656797 0)
(-0.775724 0.58381 0)
(-0.895054 0.480979 0)
(-0.997778 0.356313 0)
(-1.07822 0.209949 0)
(-1.13423 0.044979 0)
(-1.15532 -0.134916 0)
(-1.14288 -0.323462 0)
(-1.07566 -0.507827 0)
(-0.969957 -0.669449 0)
(-0.793679 -0.786076 0)
(-0.603541 -0.820556 0)
(-0.358996 -0.766703 0)
(-0.184066 -0.581937 0)
(-0.00337051 -0.340361 0)
(7.73708e-77 -4.72054e-25 0)
(-0.0104214 0.22933 0)
(-0.0935785 0.551255 0)
(-0.230258 0.746282 0)
(-0.380826 0.835293 0)
(-0.540634 0.849631 0)
(-0.695359 0.802993 0)
(-0.842399 0.719386 0)
(-0.977857 0.601142 0)
(-1.09844 0.457959 0)
(-1.20079 0.28859 0)
(-1.28074 0.0940972 0)
(-1.32746 -0.121668 0)
(-1.3387 -0.357119 0)
(-1.28858 -0.594315 0)
(-1.18906 -0.817606 0)
(-0.998327 -0.987741 0)
(-0.776435 -1.06385 0)
(-0.473797 -1.01164 0)
(-0.245354 -0.791392 0)
(-0.00492832 -0.459596 0)
(2.15051e-164 -1.93427e-77 0)
(-0.0111894 0.278054 0)
(-0.101284 0.66034 0)
(-0.252057 0.890275 0)
(-0.415458 0.991798 0)
(-0.587959 1.00912 0)
(-0.754746 0.956969 0)
(-0.9134 0.865619 0)
(-1.06352 0.735974 0)
(-1.20068 0.579111 0)
(-1.32562 0.391701 0)
(-1.43144 0.172187 0)
(-1.50966 -0.07723 0)
(-1.55246 -0.360845 0)
(-1.53153 -0.658147 0)
(-1.45024 -0.956979 0)
(-1.25655 -1.20114 0)
(-1.0078 -1.34049 0)
(-0.643541 -1.30315 0)
(-0.348696 -1.04104 0)
(-0.0605656 -0.595162 0)
(1.33782e-265 0.010393 0)
(-0.0129871 0.342952 0)
(-0.109196 0.794333 0)
(-0.272163 1.06221 0)
(-0.445629 1.17214 0)
(-0.626953 1.19039 0)
(-0.801885 1.12871 0)
(-0.967469 1.0291 0)
(-1.12794 0.88826 0)
(-1.27721 0.720382 0)
(-1.42153 0.518802 0)
(-1.55145 0.278008 0)
(-1.66261 -0.00172006 0)
(-1.74239 -0.335444 0)
(-1.76133 -0.698807 0)
(-1.71328 -1.0926 0)
(-1.53379 -1.43569 0)
(-1.26918 -1.67644 0)
(-0.839132 -1.6817 0)
(-0.448759 -1.37004 0)
(-0.0598284 -0.823778 0)
(0.0415719 -0.0581951 0)
(-0.0178677 0.396014 0)
(-0.127052 0.916623 0)
(-0.308426 1.22392 0)
(-0.493233 1.34341 0)
(-0.679118 1.36368 0)
(-0.856339 1.29504 0)
(-1.01897 1.1908 0)
(-1.18019 1.04424 0)
(-1.32962 0.872388 0)
(-1.48325 0.665348 0)
(-1.62667 0.413608 0)
(-1.76574 0.11379 0)
(-1.88001 -0.260496 0)
(-1.94827 -0.68702 0)
(-1.94855 -1.18082 0)
(-1.81092 -1.64696 0)
(-1.56076 -2.02978 0)
(-1.06894 -2.13009 0)
(-0.597003 -1.81349 0)
(0.0329584 -1.0905 0)
(1.98352e-231 -0.010393 0)
(-0.0243216 0.490783 0)
(-0.145506 1.08802 0)
(-0.34105 1.43225 0)
(-0.530734 1.54398 0)
(-0.712004 1.5566 0)
(-0.881024 1.46885 0)
(-1.02807 1.35477 0)
(-1.17569 1.19878 0)
(-1.30872 1.02385 0)
(-1.45323 0.815389 0)
(-1.59103 0.559694 0)
(-1.7397 0.250826 0)
(-1.87574 -0.154366 0)
(-1.98986 -0.631769 0)
(-2.05285 -1.23127 0)
(-1.99353 -1.82841 0)
(-1.81402 -2.42001 0)
(-1.34171 -2.66138 0)
(-0.814703 -2.46835 0)
(-0.00392855 -1.45169 0)
(5.04772e-202 4.16314e-184 0)
(-0.0420148 0.558589 0)
(-0.191797 1.22723 0)
(-0.41098 1.60504 0)
(-0.604179 1.70866 0)
(-0.764269 1.71204 0)
(-0.907816 1.60736 0)
(-1.01327 1.48479 0)
(-1.12298 1.32318 0)
(-1.21015 1.1498 0)
(-1.31794 0.947585 0)
(-1.41816 0.700368 0)
(-1.5502 0.399822 0)
(-1.67896 -0.00872414 0)
(-1.83119 -0.507377 0)
(-1.95161 -1.1716 0)
(-2.01975 -1.88415 0)
(-1.95938 -2.66926 0)
(-1.62445 -3.13844 0)
(-1.1004 -3.13119 0)
(-0.00824326 -1.93098 0)
(1.66526e-183 2.4969e-184 0)
(-0.0617703 0.732218 0)
(-0.236504 1.46127 0)
(-0.463103 1.85373 0)
(-0.640855 1.89844 0)
(-0.757776 1.86701 0)
(-0.852292 1.71822 0)
(-0.89186 1.57372 0)
(-0.936714 1.39591 0)
(-0.949804 1.21993 0)
(-0.988512 1.02383 0)
(-1.01697 0.790721 0)
(-1.09213 0.512488 0)
(-1.17558 0.12324 0)
(-1.32378 -0.357428 0)
(-1.48477 -1.0478 0)
(-1.6771 -1.81875 0)
(-1.81869 -2.82324 0)
(-1.7534 -3.52877 0)
(-1.47991 -4.10541 0)
(-0.438558 -2.5953 0)
(4.12818e-254 -4.16314e-184 0)
(-0.127068 0.842297 0)
(-0.369438 1.61522 0)
(-0.592571 2.00359 0)
(-0.730469 1.99324 0)
(-0.742414 1.92219 0)
(-0.740676 1.73614 0)
(-0.657955 1.5697 0)
(-0.59577 1.37967 0)
(-0.492641 1.2025 0)
(-0.429918 1.01631 0)
(-0.352584 0.804989 0)
(-0.344958 0.562901 0)
(-0.345255 0.224859 0)
(-0.470346 -0.190428 0)
(-0.621161 -0.811893 0)
(-0.974843 -1.54004 0)
(-1.2879 -2.56937 0)
(-1.82383 -3.47759 0)
(-1.82081 -4.3664 0)
(-2.00986 -3.48418 0)
(-2.41429e-264 -0.205552 0)
(-0.18044 1.24948 0)
(-0.449943 1.93087 0)
(-0.595081 2.23664 0)
(-0.623559 2.0485 0)
(-0.476557 1.89098 0)
(-0.328546 1.63362 0)
(-0.0910572 1.43553 0)
(0.107773 1.23089 0)
(0.34483 1.0561 0)
(0.526018 0.885236 0)
(0.719245 0.704447 0)
(0.828419 0.508975 0)
(0.927547 0.243886 0)
(0.879221 -0.0733851 0)
(0.786038 -0.554617 0)
(0.430899 -1.13561 0)
(0.00777038 -2.00285 0)
(-0.766625 -2.95267 0)
(-1.32372 -4.00423 0)
(-1.87675 -4.28357 0)
(-0.822209 -2.23536 0)
(-0.398146 1.43791 0)
(-0.729179 2.00102 0)
(-0.552116 2.1712 0)
(-0.320182 1.85815 0)
(0.167692 1.62856 0)
(0.550548 1.34347 0)
(1.01381 1.13595 0)
(1.37574 0.942363 0)
(1.75693 0.786348 0)
(2.04678 0.644716 0)
(2.33766 0.504174 0)
(2.52003 0.362229 0)
(2.69469 0.176034 0)
(2.69378 -0.0342529 0)
(2.67005 -0.360352 0)
(2.32435 -0.738557 0)
(1.94176 -1.36921 0)
(1.02558 -2.11194 0)
(0.231541 -3.25413 0)
(-0.800852 -3.91141 0)
(-0.691234 -2.93986 0)
(-0.252323 2.43861 0)
(-0.0847469 2.07948 0)
(0.703706 1.87863 0)
(1.3335 1.32191 0)
(2.11208 1.04191 0)
(2.68599 0.78237 0)
(3.27374 0.618016 0)
(3.71434 0.485052 0)
(4.14091 0.386465 0)
(4.45646 0.304678 0)
(4.75825 0.229296 0)
(4.94724 0.156451 0)
(5.12578 0.0655364 0)
(5.13897 -0.0370088 0)
(5.1396 -0.195391 0)
(4.84601 -0.385113 0)
(4.53152 -0.732335 0)
(3.67048 -1.20745 0)
(2.76385 -2.23962 0)
(1.04619 -3.31538 0)
(-0.041319 -3.80157 0)
(1.67065 1.67297 0)
(2.71986 0.979291 0)
(4.57179 0.751757 0)
(5.4115 0.423968 0)
(6.26698 0.283128 0)
(6.7541 0.172109 0)
(7.20212 0.113939 0)
(7.48998 0.0735442 0)
(7.75218 0.0485051 0)
(7.92408 0.0305501 0)
(8.08454 0.0158829 0)
(8.16622 0.00268115 0)
(8.24611 -0.0144669 0)
(8.21261 -0.0327502 0)
(8.18658 -0.0674868 0)
(7.94198 -0.102894 0)
(7.72244 -0.197069 0)
(6.99451 -0.295664 0)
(6.2692 -0.633317 0)
(4.05175 -1.00712 0)
(2.0153 -1.83067 0)
)
;

boundaryField
{
    movingWall
    {
        type            fixedValue;
        value           uniform (10 0 0);
    }
    fixedWalls
    {
        type            noSlip;
    }
    frontAndBack
    {
        type            empty;
    }
}


// ************************************************************************* //
