/*--------------------------------*- C++ -*----------------------------------*\
| =========                 |                                                 |
| \\      /  F ield         | OpenFOAM: The Open Source CFD Toolbox           |
|  \\    /   O peration     | Version:  4.1                                   |
|   \\  /    A nd           | Web:      www.OpenFOAM.org                      |
|    \\/     M anipulation  |                                                 |
\*---------------------------------------------------------------------------*/
FoamFile
{
    version     2.0;
    format      ascii;
    class       volVectorField;
    location    "0.0457";
    object      U;
}
// * * * * * * * * * * * * * * * * * * * * * * * * * * * * * * * * * * * * * //

dimensions      [0 1 -1 0 0 0 0];

internalField   nonuniform List<vector> 
441
(
(0.00334259 -0.00457111 0)
(0.00849305 -0.00258921 0)
(-0.000647324 -2.18448e-165 0)
(0.00169375 -2.75299e-266 0)
(-0.00888105 -0.00677561 0)
(-0.00169375 -2.69959e-232 0)
(-1.08403e-202 -4.5064e-203 0)
(-1.12643e-203 -5.74539e-228 0)
(-1.47382e-212 -2.43252e-213 0)
(-0.0052167 7.85461e-266 0)
(-0.0627531 0.0208691 0)
(-0.0794695 0.0111458 0)
(-0.0906335 0.00532905 0)
(-0.0816014 0.00077464 0)
(-0.0697085 -0.000968226 0)
(-0.0496034 -0.00229317 0)
(-0.031696 -0.00180109 0)
(-0.0143293 -0.0016546 0)
(-0.00236123 0.000169335 0)
(0.00164792 0.000797597 0)
(0.00384906 0.00242776 0)
(0.00319624 -0.00706546 0)
(-0.00232885 0.00654996 0)
(-0.0271327 0.00772102 0)
(-0.0557806 0.0106152 0)
(-0.0973728 0.0094001 0)
(-0.134855 -0.00420774 0)
(-0.169078 -0.000421049 0)
(-0.200911 0.00127356 0)
(-0.228515 0.0109268 0)
(-0.256436 0.0556534 0)
(-0.275672 0.0515895 0)
(-0.270894 0.0170432 0)
(-0.260582 -0.00363505 0)
(-0.228623 -0.0223677 0)
(-0.191262 -0.0310836 0)
(-0.142113 -0.0368596 0)
(-0.0964523 -0.0332466 0)
(-0.0532298 -0.0288594 0)
(-0.0215647 -0.0156786 0)
(-0.00506302 -0.00775109 0)
(0.00396619 0.00328225 0)
(0.00650555 -0.00598717 0)
(-0.00578733 0.0273544 0)
(-0.050496 0.0520817 0)
(-0.108789 0.0680629 0)
(-0.177902 0.0712646 0)
(-0.248256 0.0680585 0)
(-0.321708 0.0637092 0)
(-0.378694 0.0574598 0)
(-0.434251 0.0533764 0)
(-0.459315 0.0511371 0)
(-0.453673 0.0361802 0)
(-0.438602 -0.00287687 0)
(-0.410738 -0.0363035 0)
(-0.361046 -0.0683959 0)
(-0.302025 -0.0865742 0)
(-0.22827 -0.0973748 0)
(-0.158445 -0.0895693 0)
(-0.0912952 -0.0770185 0)
(-0.0412847 -0.0469371 0)
(-0.0112101 -0.025135 0)
(0.00528205 0.00179077 0)
(0.0059099 -0.00800585 0)
(-0.0136361 0.0651509 0)
(-0.084593 0.110793 0)
(-0.166121 0.140134 0)
(-0.260288 0.149199 0)
(-0.352956 0.142075 0)
(-0.442037 0.131414 0)
(-0.516817 0.114555 0)
(-0.577069 0.0935204 0)
(-0.610976 0.072654 0)
(-0.616103 0.0306364 0)
(-0.596377 -0.0269247 0)
(-0.558298 -0.0812986 0)
(-0.492295 -0.13214 0)
(-0.413536 -0.163646 0)
(-0.315474 -0.181821 0)
(-0.221615 -0.169661 0)
(-0.129513 -0.147584 0)
(-0.0606121 -0.094948 0)
(-0.0162213 -0.0556576 0)
(0.00713493 -0.002283 0)
(6.20971e-165 0.00147748 0)
(-0.0199602 0.117441 0)
(-0.119685 0.203831 0)
(-0.219414 0.242489 0)
(-0.336484 0.257156 0)
(-0.447926 0.248212 0)
(-0.556764 0.226503 0)
(-0.646493 0.191594 0)
(-0.719871 0.14699 0)
(-0.761539 0.0908041 0)
(-0.772836 0.0220008 0)
(-0.754152 -0.0604502 0)
(-0.710031 -0.139638 0)
(-0.631426 -0.213449 0)
(-0.534583 -0.262322 0)
(-0.410736 -0.290062 0)
(-0.29104 -0.274081 0)
(-0.16845 -0.239029 0)
(-0.0790368 -0.158587 0)
(-0.0159849 -0.0936798 0)
(0.0136455 -0.0064653 0)
(-5.07469e-266 0.00508086 0)
(-0.0769719 0.189166 0)
(-0.165211 0.308508 0)
(-0.283336 0.358647 0)
(-0.409364 0.377657 0)
(-0.536817 0.363387 0)
(-0.657829 0.330571 0)
(-0.762772 0.277912 0)
(-0.848291 0.209326 0)
(-0.904227 0.12489 0)
(-0.929901 0.0235092 0)
(-0.91829 -0.0906789 0)
(-0.875185 -0.203771 0)
(-0.78764 -0.309049 0)
(-0.674562 -0.38384 0)
(-0.523274 -0.427593 0)
(-0.373727 -0.410893 0)
(-0.214863 -0.362512 0)
(-0.100069 -0.245557 0)
(-0.0142907 -0.151432 0)
(0.0160115 -0.00349522 0)
(-0.0203234 0.0815418 0)
(-0.10632 0.279339 0)
(-0.207544 0.410622 0)
(-0.336525 0.48501 0)
(-0.477831 0.510001 0)
(-0.620142 0.495434 0)
(-0.757921 0.451837 0)
(-0.879697 0.381288 0)
(-0.98315 0.288314 0)
(-1.05683 0.17221 0)
(-1.09986 0.0365535 0)
(-1.10112 -0.115437 0)
(-1.06464 -0.269311 0)
(-0.972889 -0.414859 0)
(-0.846286 -0.525209 0)
(-0.665112 -0.59248 0)
(-0.48232 -0.58024 0)
(-0.274653 -0.514843 0)
(-0.132546 -0.356072 0)
(-0.00186006 -0.211469 0)
(5.69845e-266 -0.00400287 0)
(-0.0147381 0.134035 0)
(-0.10055 0.377483 0)
(-0.226489 0.539353 0)
(-0.37343 0.629752 0)
(-0.53238 0.66164 0)
(-0.691884 0.643867 0)
(-0.846613 0.590532 0)
(-0.987913 0.503105 0)
(-1.11201 0.386899 0)
(-1.20898 0.241097 0)
(-1.27575 0.0681747 0)
(-1.29742 -0.126915 0)
(-1.27568 -0.331532 0)
(-1.18697 -0.529425 0)
(-1.05146 -0.69089 0)
(-0.841728 -0.795271 0)
(-0.620457 -0.799659 0)
(-0.357867 -0.718091 0)
(-0.173691 -0.513902 0)
(-0.00243684 -0.293039 0)
(2.26911e-24 -1.28074e-24 0)
(-0.0129674 0.193628 0)
(-0.104293 0.489364 0)
(-0.246631 0.682125 0)
(-0.408596 0.789261 0)
(-0.584342 0.827383 0)
(-0.760014 0.808294 0)
(-0.932511 0.74717 0)
(-1.09401 0.645721 0)
(-1.24112 0.509242 0)
(-1.36449 0.335388 0)
(-1.4593 0.125559 0)
(-1.50833 -0.116003 0)
(-1.50953 -0.378418 0)
(-1.43326 -0.640211 0)
(-1.29711 -0.868312 0)
(-1.0631 -1.02621 0)
(-0.802801 -1.0605 0)
(-0.474831 -0.966204 0)
(-0.236933 -0.704393 0)
(-0.0042444 -0.392089 0)
(9.34309e-77 -5.67277e-25 0)
(-0.011453 0.251999 0)
(-0.104572 0.61282 0)
(-0.258982 0.844531 0)
(-0.432828 0.968154 0)
(-0.622138 1.01366 0)
(-0.811646 0.992144 0)
(-0.999134 0.92492 0)
(-1.17932 0.811412 0)
(-1.34825 0.657605 0)
(-1.4989 0.458605 0)
(-1.62427 0.212254 0)
(-1.70629 -0.0778666 0)
(-1.73878 -0.406111 0)
(-1.68635 -0.744363 0)
(-1.56143 -1.06031 0)
(-1.31392 -1.29502 0)
(-1.01809 -1.38639 0)
(-0.620141 -1.2933 0)
(-0.315096 -0.979215 0)
(-0.00576189 -0.543961 0)
(2.61425e-164 -2.33577e-77 0)
(-0.0120232 0.306482 0)
(-0.110178 0.735219 0)
(-0.275808 1.00828 0)
(-0.45936 1.15032 0)
(-0.658105 1.2047 0)
(-0.856659 1.18344 0)
(-1.05314 1.1139 0)
(-1.24607 0.993474 0)
(-1.43052 0.828455 0)
(-1.60389 0.610576 0)
(-1.75662 0.333436 0)
(-1.87334 -0.00196174 0)
(-1.94267 -0.396613 0)
(-1.92689 -0.81851 0)
(-1.82977 -1.23767 0)
(-1.58884 -1.57297 0)
(-1.27373 -1.74953 0)
(-0.814191 -1.67647 0)
(-0.436304 -1.30784 0)
(-0.0709058 -0.718939 0)
(1.65953e-265 0.0123297 0)
(-0.0133678 0.375211 0)
(-0.113982 0.878783 0)
(-0.286268 1.19531 0)
(-0.473578 1.35124 0)
(-0.674068 1.41222 0)
(-0.873213 1.3872 0)
(-1.06857 1.31501 0)
(-1.26356 1.18833 0)
(-1.4518 1.01551 0)
(-1.6368 0.783871 0)
(-1.80722 0.481542 0)
(-1.9532 0.106969 0)
(-2.0599 -0.352397 0)
(-2.0904 -0.859676 0)
(-2.03933 -1.39774 0)
(-1.83169 -1.85749 0)
(-1.52131 -2.16023 0)
(-1.01251 -2.1441 0)
(-0.542199 -1.71706 0)
(-0.0706355 -0.998734 0)
(0.0493189 -0.0668632 0)
(-0.0175922 0.429526 0)
(-0.12592 1.0052 0)
(-0.30851 1.36502 0)
(-0.497594 1.53486 0)
(-0.691432 1.60254 0)
(-0.880226 1.57536 0)
(-1.05838 1.50322 0)
(-1.23852 1.37504 0)
(-1.41026 1.20126 0)
(-1.58788 0.965243 0)
(-1.7563 0.650231 0)
(-1.91834 0.250827 0)
(-2.05359 -0.257281 0)
(-2.13663 -0.83866 0)
(-2.1482 -1.49172 0)
(-2.00826 -2.093 0)
(-1.74759 -2.56273 0)
(-1.21027 -2.66393 0)
(-0.685285 -2.24313 0)
(0.0366447 -1.31687 0)
(2.28222e-231 -0.0123297 0)
(-0.0231649 0.521615 0)
(-0.136904 1.17277 0)
(-0.323471 1.57081 0)
(-0.505078 1.73524 0)
(-0.679492 1.79792 0)
(-0.842988 1.7544 0)
(-0.985988 1.6751 0)
(-1.13085 1.54007 0)
(-1.26283 1.36534 0)
(-1.40766 1.12955 0)
(-1.54802 0.811478 0)
(-1.70145 0.403794 0)
(-1.84692 -0.134778 0)
(-1.9753 -0.765995 0)
(-2.06175 -1.52598 0)
(-2.02925 -2.26278 0)
(-1.8812 -2.95803 0)
(-1.41732 -3.22425 0)
(-0.881702 -2.9588 0)
(-0.00372879 -1.71943 0)
(5.6119e-202 4.48653e-184 0)
(-0.0399953 0.582472 0)
(-0.175704 1.29942 0)
(-0.375238 1.72925 0)
(-0.546932 1.8853 0)
(-0.683624 1.93873 0)
(-0.802385 1.87831 0)
(-0.881711 1.79066 0)
(-0.964485 1.65044 0)
(-1.02478 1.47829 0)
(-1.10719 1.25081 0)
(-1.18567 0.944912 0)
(-1.30258 0.551784 0)
(-1.42684 0.0192645 0)
(-1.5893 -0.620268 0)
(-1.73995 -1.43043 0)
(-1.85805 -2.27082 0)
(-1.86721 -3.15953 0)
(-1.59741 -3.67258 0)
(-1.12445 -3.63445 0)
(-0.0105583 -2.22774 0)
(1.79461e-183 4.14543e-185 0)
(-0.0591374 0.745156 0)
(-0.214862 1.51231 0)
(-0.413139 1.95133 0)
(-0.557726 2.04493 0)
(-0.636439 2.06039 0)
(-0.688822 1.95309 0)
(-0.682551 1.84131 0)
(-0.67927 1.68376 0)
(-0.643366 1.50962 0)
(-0.635209 1.29147 0)
(-0.622229 1.00642 0)
(-0.666384 0.64687 0)
(-0.733945 0.149824 0)
(-0.887146 -0.449834 0)
(-1.07886 -1.2607 0)
(-1.33213 -2.13228 0)
(-1.56495 -3.22416 0)
(-1.61086 -3.97447 0)
(-1.44235 -4.56399 0)
(-0.457947 -2.89038 0)
(4.34979e-254 -4.48653e-184 0)
(-0.124633 0.842276 0)
(-0.347657 1.64023 0)
(-0.539337 2.06673 0)
(-0.638332 2.0988 0)
(-0.603452 2.06893 0)
(-0.549073 1.91942 0)
(-0.408082 1.78197 0)
(-0.284427 1.61017 0)
(-0.118303 1.43563 0)
(0.00448931 1.23187 0)
(0.135059 0.97798 0)
(0.182224 0.669114 0)
(0.203742 0.243373 0)
(0.0756864 -0.266195 0)
(-0.1029 -0.977526 0)
(-0.518541 -1.77357 0)
(-0.920531 -2.85488 0)
(-1.59116 -3.79447 0)
(-1.71513 -4.69965 0)
(-2.05714 -3.74627 0)
(-2.52939e-264 -0.212573 0)
(-0.179477 1.23863 0)
(-0.436094 1.93127 0)
(-0.555344 2.26419 0)
(-0.548529 2.10932 0)
(-0.3561 1.98498 0)
(-0.15522 1.75747 0)
(0.142478 1.58332 0)
(0.405852 1.39417 0)
(0.709933 1.22278 0)
(0.955448 1.0398 0)
(1.20565 0.827918 0)
(1.35692 0.582901 0)
(1.47843 0.252756 0)
(1.42699 -0.133815 0)
(1.30631 -0.677076 0)
(0.896974 -1.2979 0)
(0.399017 -2.18161 0)
(-0.482534 -3.13583 0)
(-1.1614 -4.18599 0)
(-1.85564 -4.46132 0)
(-0.850293 -2.29452 0)
(-0.3995 1.42333 0)
(-0.729628 1.98736 0)
(-0.540666 2.1733 0)
(-0.286446 1.88282 0)
(0.235357 1.67679 0)
(0.661382 1.41322 0)
(1.17703 1.22309 0)
(1.5974 1.04087 0)
(2.04102 0.887944 0)
(2.39191 0.738975 0)
(2.73748 0.578582 0)
(2.96029 0.404719 0)
(3.15594 0.176458 0)
(3.15034 -0.0784718 0)
(3.09825 -0.443654 0)
(2.7012 -0.843666 0)
(2.25673 -1.47484 0)
(1.26508 -2.20304 0)
(0.391256 -3.3293 0)
(-0.734727 -3.98052 0)
(-0.697269 -2.95905 0)
(-0.254796 2.42958 0)
(-0.0956121 2.0671 0)
(0.689993 1.87169 0)
(1.32636 1.32582 0)
(2.12286 1.05793 0)
(2.72481 0.809531 0)
(3.3503 0.65392 0)
(3.83533 0.526368 0)
(4.31066 0.42888 0)
(4.67444 0.343005 0)
(5.01913 0.257691 0)
(5.23903 0.169437 0)
(5.43149 0.0590619 0)
(5.43678 -0.0634679 0)
(5.40875 -0.237696 0)
(5.06878 -0.434457 0)
(4.70177 -0.775776 0)
(3.78913 -1.23735 0)
(2.83965 -2.25253 0)
(1.0801 -3.32705 0)
(-0.0440072 -3.80058 0)
(1.66909 1.67137 0)
(2.71119 0.976809 0)
(4.55607 0.749691 0)
(5.39387 0.423481 0)
(6.25435 0.284525 0)
(6.75319 0.175144 0)
(7.21884 0.11809 0)
(7.52824 0.0781476 0)
(7.81396 0.052757 0)
(8.0083 0.0336231 0)
(8.18725 0.0168913 0)
(8.27967 0.00104619 0)
(8.36041 -0.0190794 0)
(8.31548 -0.0396884 0)
(8.26833 -0.075605 0)
(7.99497 -0.109925 0)
(7.74849 -0.200895 0)
(6.99968 -0.295003 0)
(6.2662 -0.628123 0)
(4.04801 -1.00022 0)
(2.00861 -1.82161 0)
)
;

boundaryField
{
    movingWall
    {
        type            fixedValue;
        value           uniform (10 0 0);
    }
    fixedWalls
    {
        type            noSlip;
    }
    frontAndBack
    {
        type            empty;
    }
}


// ************************************************************************* //
