/*--------------------------------*- C++ -*----------------------------------*\
| =========                 |                                                 |
| \\      /  F ield         | OpenFOAM: The Open Source CFD Toolbox           |
|  \\    /   O peration     | Version:  4.1                                   |
|   \\  /    A nd           | Web:      www.OpenFOAM.org                      |
|    \\/     M anipulation  |                                                 |
\*---------------------------------------------------------------------------*/
FoamFile
{
    version     2.0;
    format      ascii;
    class       volVectorField;
    location    "0.0358";
    object      U;
}
// * * * * * * * * * * * * * * * * * * * * * * * * * * * * * * * * * * * * * //

dimensions      [0 1 -1 0 0 0 0];

internalField   nonuniform List<vector> 
441
(
(0.00328502 -0.00457256 0)
(0.00821503 -0.00265192 0)
(-0.000663027 -2.21234e-165 0)
(0.00162198 -2.58542e-266 0)
(-0.00925262 -0.00648848 0)
(-0.00162198 -2.61035e-232 0)
(-1.08043e-202 -4.15964e-203 0)
(-1.03973e-203 -5.21573e-228 0)
(-1.40119e-212 -2.17411e-213 0)
(-0.00493996 7.48914e-266 0)
(-0.0588705 0.0197619 0)
(-0.0747309 0.0106372 0)
(-0.0855476 0.00516147 0)
(-0.0776889 0.000913558 0)
(-0.0673049 -0.000728878 0)
(-0.0491063 -0.00202061 0)
(-0.0326532 -0.00166406 0)
(-0.0160836 -0.00164812 0)
(-0.00411536 -1.63346e-05 0)
(0.000740525 0.000582803 0)
(0.00358319 0.00225821 0)
(0.00304393 -0.00672153 0)
(-0.00289941 0.00658793 0)
(-0.0276215 0.00760811 0)
(-0.0556591 0.0107886 0)
(-0.0957459 0.00899679 0)
(-0.131011 -0.00466609 0)
(-0.162638 -0.000541511 0)
(-0.191519 0.00114678 0)
(-0.216135 0.0101954 0)
(-0.241049 0.0521193 0)
(-0.258112 0.0483408 0)
(-0.253251 0.0163176 0)
(-0.244074 -0.0026075 0)
(-0.215329 -0.0197716 0)
(-0.181989 -0.0278835 0)
(-0.137465 -0.0336909 0)
(-0.0956061 -0.0311339 0)
(-0.0548376 -0.0280152 0)
(-0.0239201 -0.0163742 0)
(-0.00644942 -0.00901843 0)
(0.00357449 0.00227075 0)
(0.00624427 -0.00529106 0)
(-0.00617866 0.0276256 0)
(-0.050256 0.0513729 0)
(-0.106598 0.066059 0)
(-0.17228 0.0678636 0)
(-0.238472 0.0633855 0)
(-0.306404 0.0583326 0)
(-0.357619 0.0516998 0)
(-0.407129 0.0475861 0)
(-0.428005 0.0457867 0)
(-0.420837 0.0327805 0)
(-0.405936 -0.00237834 0)
(-0.380381 -0.0321541 0)
(-0.335596 -0.0610212 0)
(-0.282913 -0.0777299 0)
(-0.216466 -0.0886468 0)
(-0.153032 -0.0832206 0)
(-0.0905651 -0.0737695 0)
(-0.0427696 -0.0473712 0)
(-0.012449 -0.0272794 0)
(0.00479384 -0.000127664 0)
(0.00588219 -0.00697793 0)
(-0.0129574 0.0646521 0)
(-0.081692 0.108132 0)
(-0.1595 0.134832 0)
(-0.24824 0.141182 0)
(-0.334348 0.131859 0)
(-0.415763 0.119877 0)
(-0.482638 0.102554 0)
(-0.535372 0.0823713 0)
(-0.563517 0.0635008 0)
(-0.565507 0.0260215 0)
(-0.545608 -0.0251282 0)
(-0.510343 -0.0730576 0)
(-0.450741 -0.118236 0)
(-0.380619 -0.146805 0)
(-0.2929 -0.164866 0)
(-0.208607 -0.156497 0)
(-0.124227 -0.139766 0)
(-0.0598015 -0.09372 0)
(-0.0165595 -0.0578838 0)
(0.00669213 -0.00503619 0)
(6.0728e-165 0.00147055 0)
(-0.0186086 0.114796 0)
(-0.113959 0.19719 0)
(-0.207909 0.231394 0)
(-0.317126 0.241818 0)
(-0.419569 0.229398 0)
(-0.518131 0.205638 0)
(-0.59751 0.170491 0)
(-0.660993 0.12798 0)
(-0.694878 0.0765397 0)
(-0.701304 0.0152772 0)
(-0.681439 -0.0573064 0)
(-0.640161 -0.126303 0)
(-0.569198 -0.19099 0)
(-0.483422 -0.234527 0)
(-0.373559 -0.261336 0)
(-0.267475 -0.250486 0)
(-0.156814 -0.223492 0)
(-0.0750058 -0.153446 0)
(-0.0152415 -0.0945096 0)
(0.013096 -0.00913572 0)
(-4.99624e-266 0.00492466 0)
(-0.0737291 0.182842 0)
(-0.156073 0.295757 0)
(-0.266232 0.339677 0)
(-0.382203 0.352807 0)
(-0.498156 0.333889 0)
(-0.60641 0.298382 0)
(-0.698362 0.245669 0)
(-0.771361 0.18044 0)
(-0.816788 0.103113 0)
(-0.834942 0.0128071 0)
(-0.820363 -0.0871772 0)
(-0.779344 -0.185071 0)
(-0.700277 -0.276339 0)
(-0.600613 -0.341959 0)
(-0.467421 -0.382884 0)
(-0.336348 -0.372218 0)
(-0.194774 -0.335001 0)
(-0.0915925 -0.233532 0)
(-0.0115584 -0.148978 0)
(0.015884 -0.00616282 0)
(-0.0196986 0.078321 0)
(-0.101187 0.267596 0)
(-0.195072 0.39016 0)
(-0.314286 0.455954 0)
(-0.44345 0.473176 0)
(-0.57193 0.452445 0)
(-0.694326 0.405297 0)
(-0.800235 0.33475 0)
(-0.888003 0.246313 0)
(-0.947913 0.13995 0)
(-0.980238 0.0193246 0)
(-0.976013 -0.113138 0)
(-0.940156 -0.245453 0)
(-0.857108 -0.370404 0)
(-0.745915 -0.465928 0)
(-0.587093 -0.526987 0)
(-0.428229 -0.520928 0)
(-0.244672 -0.470195 0)
(-0.119375 -0.333694 0)
(0.000773888 -0.203596 0)
(5.54865e-266 -0.00397099 0)
(-0.0141412 0.128094 0)
(-0.0947029 0.359288 0)
(-0.211786 0.509531 0)
(-0.347432 0.588892 0)
(-0.492511 0.610873 0)
(-0.636199 0.585206 0)
(-0.773245 0.527138 0)
(-0.895953 0.439371 0)
(-1.00124 0.328566 0)
(-1.081 0.194895 0)
(-1.13357 0.0412591 0)
(-1.14674 -0.128218 0)
(-1.12346 -0.303554 0)
(-1.04284 -0.472461 0)
(-0.923822 -0.611259 0)
(-0.740028 -0.703979 0)
(-0.547839 -0.712959 0)
(-0.316941 -0.649288 0)
(-0.155525 -0.474676 0)
(-0.00183984 -0.277097 0)
(2.08954e-24 -1.42821e-24 0)
(-0.0123109 0.184099 0)
(-0.0979882 0.463545 0)
(-0.230842 0.641606 0)
(-0.380786 0.735118 0)
(-0.541763 0.760977 0)
(-0.700453 0.731917 0)
(-0.85373 0.664464 0)
(-0.994668 0.561898 0)
(-1.12053 0.431297 0)
(-1.22389 0.271803 0)
(-1.30149 0.0856323 0)
(-1.33915 -0.123677 0)
(-1.33632 -0.348076 0)
(-1.26652 -0.571032 0)
(-1.14632 -0.766645 0)
(-0.939736 -0.905324 0)
(-0.711759 -0.940475 0)
(-0.421577 -0.866592 0)
(-0.212327 -0.642103 0)
(-0.00382842 -0.365442 0)
(8.61133e-77 -5.22386e-25 0)
(-0.0108597 0.239159 0)
(-0.0986631 0.579482 0)
(-0.243972 0.793275 0)
(-0.406193 0.900568 0)
(-0.581066 0.931245 0)
(-0.753759 0.89739 0)
(-0.921976 0.821851 0)
(-1.08123 0.705989 0)
(-1.2282 0.558101 0)
(-1.35778 0.375298 0)
(-1.4645 0.156772 0)
(-1.53337 -0.0945005 0)
(-1.55963 -0.375786 0)
(-1.51118 -0.664825 0)
(-1.39957 -0.937378 0)
(-1.17764 -1.14352 0)
(-0.913708 -1.22958 0)
(-0.556394 -1.15731 0)
(-0.284153 -0.88747 0)
(-0.00521063 -0.502471 0)
(2.40887e-164 -2.15283e-77 0)
(-0.0115588 0.290556 0)
(-0.10551 0.695005 0)
(-0.2637 0.947134 0)
(-0.437474 1.07021 0)
(-0.623804 1.10716 0)
(-0.807637 1.07111 0)
(-0.987015 0.99112 0)
(-1.16118 0.866911 0)
(-1.32577 0.707592 0)
(-1.4799 0.507397 0)
(-1.61528 0.261736 0)
(-1.71919 -0.0289567 0)
(-1.78114 -0.368647 0)
(-1.7663 -0.731948 0)
(-1.67745 -1.09727 0)
(-1.45586 -1.3942 0)
(-1.16657 -1.55703 0)
(-0.744282 -1.50259 0)
(-0.399486 -1.18287 0)
(-0.0657265 -0.660323 0)
(1.53921e-265 0.0115621 0)
(-0.0131674 0.357306 0)
(-0.111637 0.833814 0)
(-0.27957 1.12691 0)
(-0.460628 1.26153 0)
(-0.652721 1.30276 0)
(-0.84158 1.26074 0)
(-1.02477 1.17618 0)
(-1.20632 1.04441 0)
(-1.38028 0.876995 0)
(-1.55146 0.664067 0)
(-1.70924 0.395879 0)
(-1.84545 0.0701491 0)
(-1.94533 -0.328701 0)
(-1.97374 -0.770928 0)
(-1.92415 -1.2475 0)
(-1.7254 -1.66051 0)
(-1.42915 -1.94053 0)
(-0.947242 -1.9368 0)
(-0.505716 -1.561 0)
(-0.066366 -0.91925 0)
(0.0462483 -0.0622182 0)
(-0.0177608 0.411097 0)
(-0.126819 0.958505 0)
(-0.309431 1.2933 0)
(-0.497389 1.44013 0)
(-0.688832 1.48636 0)
(-0.874139 1.44062 0)
(-1.04783 1.35489 0)
(-1.22296 1.22082 0)
(-1.38935 1.05231 0)
(-1.56187 0.835604 0)
(-1.72544 0.556032 0)
(-1.88329 0.207143 0)
(-2.01405 -0.238514 0)
(-2.09272 -0.752873 0)
(-2.09829 -1.34141 0)
(-1.95448 -1.8912 0)
(-1.69101 -2.32955 0)
(-1.16402 -2.4337 0)
(-0.653987 -2.05705 0)
(0.0341869 -1.21812 0)
(2.15884e-231 -0.0115621 0)
(-0.0237998 0.504776 0)
(-0.141723 1.12857 0)
(-0.333593 1.50131 0)
(-0.520381 1.64203 0)
(-0.69987 1.68258 0)
(-0.8684 1.61997 0)
(-1.01655 1.52678 0)
(-1.16681 1.38573 0)
(-1.30426 1.21627 0)
(-1.45443 0.999662 0)
(-1.59918 0.716564 0)
(-1.7552 0.358046 0)
(-1.89968 -0.12036 0)
(-2.02243 -0.687954 0)
(-2.09661 -1.38629 0)
(-2.04728 -2.0727 0)
(-1.87857 -2.73166 0)
(-1.40174 -2.99106 0)
(-0.861486 -2.75478 0)
(-0.00395015 -1.60683 0)
(5.41031e-202 4.37778e-184 0)
(-0.0410641 0.569424 0)
(-0.184267 1.26219 0)
(-0.394363 1.66792 0)
(-0.577714 1.80076 0)
(-0.727301 1.83254 0)
(-0.859983 1.75364 0)
(-0.954358 1.65272 0)
(-1.05293 1.50692 0)
(-1.12922 1.33994 0)
(-1.22669 1.13062 0)
(-1.31792 0.857354 0)
(-1.44342 0.509293 0)
(-1.57011 0.0308939 0)
(-1.72683 -0.552877 0)
(-1.86167 -1.30997 0)
(-1.95398 -2.10703 0)
(-1.92836 -2.96113 0)
(-1.62409 -3.4601 0)
(-1.12312 -3.4335 0)
(-0.00971033 -2.10757 0)
(1.75111e-183 1.42163e-184 0)
(-0.0604801 0.737825 0)
(-0.225955 1.48615 0)
(-0.438735 1.90394 0)
(-0.600164 1.97619 0)
(-0.698207 1.97173 0)
(-0.771806 1.8475 0)
(-0.788545 1.72367 0)
(-0.809137 1.56101 0)
(-0.797012 1.39136 0)
(-0.810717 1.1891 0)
(-0.815909 0.932464 0)
(-0.872189 0.611654 0)
(-0.944086 0.160388 0)
(-1.09185 -0.393893 0)
(-1.26716 -1.1632 0)
(-1.49152 -2.00328 0)
(-1.6836 -3.06793 0)
(-1.67997 -3.80426 0)
(-1.46513 -4.38862 0)
(-0.451007 -2.77541 0)
(4.2812e-254 -4.37778e-184 0)
(-0.125845 0.841477 0)
(-0.358524 1.62718 0)
(-0.565742 2.03655 0)
(-0.683624 2.0503 0)
(-0.671207 2.00311 0)
(-0.641737 1.83885 0)
(-0.527945 1.69076 0)
(-0.432315 1.51415 0)
(-0.293929 1.34271 0)
(-0.196187 1.15144 0)
(-0.0860595 0.920338 0)
(-0.0519257 0.642612 0)
(-0.0348876 0.253353 0)
(-0.156928 -0.221131 0)
(-0.320074 -0.90284 0)
(-0.707818 -1.67968 0)
(-1.07272 -2.74741 0)
(-1.68889 -3.67828 0)
(-1.76174 -4.57763 0)
(-2.04143 -3.64815 0)
(-2.48405e-264 -0.209924 0)
(-0.179961 1.24317 0)
(-0.44293 1.93023 0)
(-0.574619 2.25108 0)
(-0.584338 2.08192 0)
(-0.41284 1.94367 0)
(-0.235893 1.70406 0)
(0.0350289 1.52095 0)
(0.270476 1.32725 0)
(0.546652 1.15729 0)
(0.766896 0.982821 0)
(0.9966 0.787198 0)
(1.13507 0.56484 0)
(1.25282 0.261372 0)
(1.20792 -0.0997135 0)
(1.10244 -0.623022 0)
(0.717062 -1.23382 0)
(0.249001 -2.1161 0)
(-0.59158 -3.07132 0)
(-1.22462 -4.12258 0)
(-1.86512 -4.39755 0)
(-0.839696 -2.27417 0)
(-0.398904 1.42973 0)
(-0.729715 1.99307 0)
(-0.546459 2.17204 0)
(-0.302414 1.87189 0)
(0.204238 1.65596 0)
(0.611358 1.38359 0)
(1.10448 1.18677 0)
(1.50036 1.00089 0)
(1.91873 0.848277 0)
(2.24621 0.704306 0)
(2.57244 0.554012 0)
(2.78301 0.394468 0)
(2.97506 0.183239 0)
(2.97602 -0.0554169 0)
(2.93873 -0.408196 0)
(2.56369 -0.803231 0)
(2.14322 -1.43723 0)
(1.17924 -2.17236 0)
(0.333734 -3.30481 0)
(-0.758599 -3.95718 0)
(-0.694683 -2.95336 0)
(-0.25368 2.4336 0)
(-0.0908907 2.07245 0)
(0.695773 1.87461 0)
(1.32914 1.32407 0)
(2.11782 1.05107 0)
(2.70776 0.798068 0)
(3.31734 0.639024 0)
(3.78406 0.50964 0)
(4.23989 0.412345 0)
(4.58526 0.32895 0)
(4.91473 0.248484 0)
(5.12521 0.166972 0)
(5.31555 0.0643431 0)
(5.32728 -0.0510417 0)
(5.31281 -0.220494 0)
(4.99177 -0.416157 0)
(4.64428 -0.761041 0)
(3.74966 -1.22809 0)
(2.81438 -2.24932 0)
(1.06879 -3.32354 0)
(-0.0426575 -3.80148 0)
(1.66981 1.67209 0)
(2.71503 0.977888 0)
(4.56292 0.75057 0)
(5.40149 0.423669 0)
(6.25978 0.283907 0)
(6.75363 0.173839 0)
(7.21187 0.116344 0)
(7.5124 0.0762685 0)
(7.78873 0.051113 0)
(7.97455 0.0325688 0)
(8.14706 0.0167702 0)
(8.23661 0.00202379 0)
(8.31858 -0.0169854 0)
(8.27957 -0.0368576 0)
(8.24141 -0.0725862 0)
(7.97911 -0.107565 0)
(7.74201 -0.199898 0)
(6.99982 -0.295622 0)
(6.26826 -0.630238 0)
(4.04967 -1.00271 0)
(2.01121 -1.82485 0)
)
;

boundaryField
{
    movingWall
    {
        type            fixedValue;
        value           uniform (10 0 0);
    }
    fixedWalls
    {
        type            noSlip;
    }
    frontAndBack
    {
        type            empty;
    }
}


// ************************************************************************* //
