/*--------------------------------*- C++ -*----------------------------------*\
| =========                 |                                                 |
| \\      /  F ield         | OpenFOAM: The Open Source CFD Toolbox           |
|  \\    /   O peration     | Version:  4.1                                   |
|   \\  /    A nd           | Web:      www.OpenFOAM.org                      |
|    \\/     M anipulation  |                                                 |
\*---------------------------------------------------------------------------*/
FoamFile
{
    version     2.0;
    format      ascii;
    class       volVectorField;
    location    "0.0723";
    object      U;
}
// * * * * * * * * * * * * * * * * * * * * * * * * * * * * * * * * * * * * * //

dimensions      [0 1 -1 0 0 0 0];

internalField   nonuniform List<vector> 
441
(
(0.00359772 -0.00472731 0)
(0.00934982 -0.00254105 0)
(-0.000635265 -2.19224e-165 0)
(0.0018847 -3.16571e-266 0)
(-0.00842614 -0.00753929 0)
(-0.0018847 -2.95175e-232 0)
(-1.11889e-202 -5.32022e-203 0)
(-1.32993e-203 -6.95885e-228 0)
(-1.65589e-212 -3.02733e-213 0)
(-0.00590833 8.78426e-266 0)
(-0.0722369 0.023635 0)
(-0.0910018 0.0124219 0)
(-0.102877 0.00574444 0)
(-0.091056 0.000477645 0)
(-0.0755982 -0.00150594 0)
(-0.0511474 -0.00287342 0)
(-0.0299049 -0.00210103 0)
(-0.0106304 -0.0016391 0)
(0.00142333 0.0005887 0)
(0.00376657 0.00132699 0)
(0.00439829 0.00285699 0)
(0.00363818 -0.0080318 0)
(-0.00128571 0.00671309 0)
(-0.0271656 0.00822459 0)
(-0.058025 0.0106116 0)
(-0.103876 0.0104598 0)
(-0.146854 -0.00344473 0)
(-0.187184 -0.000206792 0)
(-0.22585 0.00156906 0)
(-0.260171 0.0126797 0)
(-0.294882 0.0642804 0)
(-0.318728 0.0593728 0)
(-0.313604 0.0186193 0)
(-0.300079 -0.00624997 0)
(-0.260393 -0.0285166 0)
(-0.213598 -0.0385555 0)
(-0.153958 -0.0441048 0)
(-0.0996595 -0.0382278 0)
(-0.0507053 -0.0309526 0)
(-0.017066 -0.0144749 0)
(-0.00212509 -0.00503398 0)
(0.00471712 0.00553147 0)
(0.00727308 -0.00759498 0)
(-0.00528467 0.0278758 0)
(-0.0529206 0.0553584 0)
(-0.117078 0.0742532 0)
(-0.195134 0.0801513 0)
(-0.275787 0.0792884 0)
(-0.362214 0.0762304 0)
(-0.432211 0.0706049 0)
(-0.501102 0.0663889 0)
(-0.534788 0.0629975 0)
(-0.531104 0.0432725 0)
(-0.51432 -0.00501887 0)
(-0.479954 -0.046788 0)
(-0.418552 -0.0858165 0)
(-0.345057 -0.106978 0)
(-0.255343 -0.1171 0)
(-0.171674 -0.104175 0)
(-0.0943167 -0.0847503 0)
(-0.039221 -0.0468915 0)
(-0.00890829 -0.0208975 0)
(0.00613177 0.005854 0)
(0.00619997 -0.010321 0)
(-0.0155109 0.0686282 0)
(-0.0934559 0.120009 0)
(-0.185058 0.155183 0)
(-0.292752 0.169532 0)
(-0.400928 0.166334 0)
(-0.507324 0.157883 0)
(-0.599304 0.141336 0)
(-0.675089 0.117633 0)
(-0.719925 0.0916284 0)
(-0.729343 0.0386458 0)
(-0.707448 -0.0336504 0)
(-0.660903 -0.102171 0)
(-0.579758 -0.164587 0)
(-0.481996 -0.201594 0)
(-0.362532 -0.219013 0)
(-0.249277 -0.198692 0)
(-0.141631 -0.165082 0)
(-0.063463 -0.0990088 0)
(-0.0159137 -0.051774 0)
(0.00782818 0.00313789 0)
(6.7061e-165 0.00154999 0)
(-0.0233887 0.127083 0)
(-0.135211 0.224125 0)
(-0.249386 0.272128 0)
(-0.38507 0.294938 0)
(-0.516794 0.292048 0)
(-0.647827 0.273321 0)
(-0.758831 0.23729 0)
(-0.851245 0.1863 0)
(-0.906212 0.117947 0)
(-0.923458 0.0312103 0)
(-0.902984 -0.0732069 0)
(-0.849122 -0.173712 0)
(-0.752614 -0.26508 0)
(-0.632521 -0.323116 0)
(-0.481589 -0.350717 0)
(-0.3363 -0.323584 0)
(-0.191658 -0.271695 0)
(-0.0878733 -0.170893 0)
(-0.0177966 -0.0930677 0)
(0.0144322 -0.00143684 0)
(-5.44008e-266 0.00559219 0)
(-0.0862663 0.208509 0)
(-0.188707 0.344053 0)
(-0.325655 0.406867 0)
(-0.474032 0.436819 0)
(-0.626075 0.430158 0)
(-0.772973 0.400545 0)
(-0.902808 0.345008 0)
(-1.01031 0.265887 0)
(-1.08241 0.163058 0)
(-1.11667 0.0357146 0)
(-1.10448 -0.109014 0)
(-1.05159 -0.25229 0)
(-0.944309 -0.382816 0)
(-0.804561 -0.472166 0)
(-0.620731 -0.517721 0)
(-0.439215 -0.487568 0)
(-0.250993 -0.416668 0)
(-0.116091 -0.270886 0)
(-0.0193329 -0.157311 0)
(0.016128 0.00108025 0)
(-0.0223688 0.090994 0)
(-0.120172 0.312268 0)
(-0.238265 0.463883 0)
(-0.389007 0.55564 0)
(-0.555929 0.594548 0)
(-0.726087 0.589537 0)
(-0.893038 0.549244 0)
(-1.04277 0.473697 0)
(-1.17118 0.365667 0)
(-1.26373 0.224054 0)
(-1.31784 0.0537681 0)
(-1.32029 -0.138604 0)
(-1.27489 -0.332882 0)
(-1.16288 -0.513062 0)
(-1.00756 -0.645231 0)
(-0.789451 -0.71795 0)
(-0.568822 -0.691043 0)
(-0.323699 -0.597279 0)
(-0.154974 -0.399298 0)
(-0.00641366 -0.227136 0)
(5.92017e-266 -0.00403199 0)
(-0.0164745 0.150556 0)
(-0.115015 0.425557 0)
(-0.260748 0.613447 0)
(-0.431737 0.72531 0)
(-0.61843 0.774134 0)
(-0.807755 0.767558 0)
(-0.993405 0.71754 0)
(-1.16443 0.623016 0)
(-1.31521 0.487263 0)
(-1.43296 0.309144 0)
(-1.51294 0.0926833 0)
(-1.53782 -0.15305 0)
(-1.50912 -0.409185 0)
(-1.40142 -0.652384 0)
(-1.23761 -0.844907 0)
(-0.989028 -0.960626 0)
(-0.726252 -0.951674 0)
(-0.418766 -0.836863 0)
(-0.20179 -0.583548 0)
(-0.00343932 -0.321801 0)
(2.54202e-24 -1.10258e-24 0)
(-0.0146408 0.218926 0)
(-0.118842 0.554695 0)
(-0.281408 0.779004 0)
(-0.467563 0.911475 0)
(-0.671003 0.969252 0)
(-0.876196 0.962899 0)
(-1.07918 0.904995 0)
(-1.26991 0.794333 0)
(-1.44339 0.633937 0)
(-1.58761 0.421122 0)
(-1.6964 0.159202 0)
(-1.75025 -0.142984 0)
(-1.74715 -0.467855 0)
(-1.65531 -0.785904 0)
(-1.4946 -1.05545 0)
(-1.22431 -1.23253 0)
(-0.923134 -1.25765 0)
(-0.546956 -1.12707 0)
(-0.271592 -0.806915 0)
(-0.00485763 -0.436773 0)
(1.03725e-76 -6.35505e-25 0)
(-0.0127892 0.284626 0)
(-0.117131 0.694029 0)
(-0.289763 0.962902 0)
(-0.485381 1.11548 0)
(-0.699581 1.18319 0)
(-0.915438 1.17567 0)
(-1.12989 1.11148 0)
(-1.3357 0.986773 0)
(-1.52759 0.805116 0)
(-1.69644 0.56141 0)
(-1.83442 0.255628 0)
(-1.9218 -0.103502 0)
(-1.95288 -0.503483 0)
(-1.89025 -0.907605 0)
(-1.74816 -1.27507 0)
(-1.47223 -1.53809 0)
(-1.14216 -1.62751 0)
(-0.698398 -1.49876 0)
(-0.35507 -1.12001 0)
(-0.00689022 -0.608685 0)
(2.88818e-164 -2.59313e-77 0)
(-0.0129265 0.345432 0)
(-0.11906 0.829922 0)
(-0.298171 1.14495 0)
(-0.498143 1.31902 0)
(-0.715752 1.3976 0)
(-0.934102 1.39116 0)
(-1.15048 1.32413 0)
(-1.36179 1.19052 0)
(-1.56226 0.994232 0)
(-1.74792 0.727073 0)
(-1.90925 0.385135 0)
(-2.03018 -0.0249564 0)
(-2.10057 -0.497418 0)
(-2.08124 -0.991598 0)
(-1.97751 -1.47011 0)
(-1.72154 -1.84236 0)
(-1.38572 -2.02655 0)
(-0.89136 -1.92245 0)
(-0.479749 -1.48675 0)
(-0.0791142 -0.804991 0)
(1.77058e-265 0.0131621 0)
(-0.0136073 0.417519 0)
(-0.117196 0.981444 0)
(-0.29561 1.34347 0)
(-0.491111 1.53375 0)
(-0.701318 1.62028 0)
(-0.910463 1.61033 0)
(-1.1153 1.53978 0)
(-1.31813 1.39806 0)
(-1.51228 1.19138 0)
(-1.70091 0.907653 0)
(-1.87357 0.537925 0)
(-2.02093 0.086774 0)
(-2.13016 -0.451868 0)
(-2.1639 -1.03292 0)
(-2.11808 -1.63365 0)
(-1.91221 -2.13649 0)
(-1.59982 -2.45652 0)
(-1.07375 -2.4191 0)
(-0.57984 -1.92641 0)
(-0.0752097 -1.10816 0)
(0.0526484 -0.0748359 0)
(-0.0170314 0.47186 0)
(-0.122116 1.10898 0)
(-0.301544 1.51596 0)
(-0.488365 1.72142 0)
(-0.68032 1.81513 0)
(-0.866863 1.80256 0)
(-1.04171 1.73083 0)
(-1.21709 1.58595 0)
(-1.38294 1.37674 0)
(-1.55419 1.08783 0)
(-1.71744 0.705871 0)
(-1.87705 0.232058 0)
(-2.01521 -0.351823 0)
(-2.10706 -1.0029 0)
(-2.13495 -1.71643 0)
(-2.01369 -2.3624 0)
(-1.77277 -2.85842 0)
(-1.24047 -2.95134 0)
(-0.711606 -2.47884 0)
(0.0417222 -1.44459 0)
(2.43052e-231 -0.0131621 0)
(-0.0217185 0.559612 0)
(-0.125445 1.26901 0)
(-0.298668 1.71359 0)
(-0.466487 1.91364 0)
(-0.626323 2.00195 0)
(-0.77442 1.9721 0)
(-0.900847 1.89201 0)
(-1.0284 1.7394 0)
(-1.1433 1.52927 0)
(-1.27283 1.24219 0)
(-1.40166 0.860732 0)
(-1.54948 0.384564 0)
(-1.69773 -0.221932 0)
(-1.83878 -0.913606 0)
(-1.94935 -1.72603 0)
(-1.94974 -2.50289 0)
(-1.8405 -3.22833 0)
(-1.40833 -3.49846 0)
(-0.892144 -3.2023 0)
(-0.00316108 -1.85724 0)
(5.79108e-202 4.57159e-184 0)
(-0.0377983 0.612072 0)
(-0.157503 1.37987 0)
(-0.334343 1.85325 0)
(-0.481447 2.04365 0)
(-0.591612 2.12158 0)
(-0.682931 2.07378 0)
(-0.734016 1.98468 0)
(-0.789229 1.8273 0)
(-0.824078 1.62178 0)
(-0.885396 1.34703 0)
(-0.948983 0.983953 0)
(-1.05933 0.530751 0)
(-1.18684 -0.0592173 0)
(-1.36408 -0.747163 0)
(-1.54213 -1.59738 0)
(-1.70026 -2.46789 0)
(-1.75992 -3.38339 0)
(-1.54199 -3.90833 0)
(-1.11224 -3.8606 0)
(-0.0113173 -2.36696 0)
(1.82864e-183 -1.02676e-184 0)
(-0.0565229 0.76303 0)
(-0.192504 1.56988 0)
(-0.361657 2.04706 0)
(-0.473749 2.17235 0)
(-0.51704 2.21069 0)
(-0.533235 2.11532 0)
(-0.490734 2.00268 0)
(-0.453609 1.83037 0)
(-0.388023 1.62737 0)
(-0.356982 1.36857 0)
(-0.329414 1.03473 0)
(-0.368865 0.624886 0)
(-0.441784 0.0812265 0)
(-0.611213 -0.554809 0)
(-0.82996 -1.39289 0)
(-1.12319 -2.28148 0)
(-1.40759 -3.39131 0)
(-1.51601 -4.15289 0)
(-1.40531 -4.75001 0)
(-0.464639 -3.01667 0)
(4.39508e-254 -4.57159e-184 0)
(-0.122288 0.847274 0)
(-0.326008 1.67193 0)
(-0.487308 2.12947 0)
(-0.551269 2.1894 0)
(-0.477346 2.18043 0)
(-0.383218 2.0426 0)
(-0.202811 1.90611 0)
(-0.0432846 1.72368 0)
(0.153285 1.52683 0)
(0.298132 1.29096 0)
(0.441176 0.998166 0)
(0.489859 0.649189 0)
(0.50306 0.186904 0)
(0.356769 -0.349539 0)
(0.152776 -1.07736 0)
(-0.298834 -1.87915 0)
(-0.743916 -2.96442 0)
(-1.47591 -3.90951 0)
(-1.65709 -4.82159 0)
(-2.07084 -3.8486 0)
(-2.58081e-264 -0.215406 0)
(-0.17841 1.23292 0)
(-0.421632 1.93927 0)
(-0.516197 2.29473 0)
(-0.478747 2.16262 0)
(-0.250381 2.05648 0)
(-0.0120534 1.84036 0)
(0.323398 1.66934 0)
(0.621266 1.47438 0)
(0.954593 1.28811 0)
(1.22093 1.08255 0)
(1.48216 0.842552 0)
(1.63329 0.568066 0)
(1.74462 0.211008 0)
(1.67391 -0.195002 0)
(1.52843 -0.74813 0)
(1.08882 -1.36844 0)
(0.557891 -2.2456 0)
(-0.366707 -3.19578 0)
(-1.09286 -4.24513 0)
(-1.84387 -4.52438 0)
(-0.861624 -2.31336 0)
(-0.400361 1.41306 0)
(-0.727283 1.98104 0)
(-0.525479 2.1808 0)
(-0.251287 1.90664 0)
(0.297396 1.71468 0)
(0.753736 1.46083 0)
(1.30183 1.27475 0)
(1.75316 1.09043 0)
(2.22406 0.929111 0)
(2.59513 0.766367 0)
(2.95204 0.588236 0)
(3.17551 0.395454 0)
(3.36188 0.149755 0)
(3.33781 -0.11771 0)
(3.26207 -0.488689 0)
(2.83781 -0.886678 0)
(2.36781 -1.5097 0)
(1.34881 -2.22917 0)
(0.448023 -3.34959 0)
(-0.71108 -4.00196 0)
(-0.700552 -2.9634 0)
(-0.256771 2.42248 0)
(-0.102753 2.05904 0)
(0.683372 1.86917 0)
(1.3275 1.33168 0)
(2.13933 1.0716 0)
(2.7618 0.828899 0)
(3.41144 0.675955 0)
(3.92095 0.547858 0)
(4.41873 0.446596 0)
(4.79967 0.354266 0)
(5.15435 0.260632 0)
(5.37523 0.163589 0)
(5.56 0.0454184 0)
(5.54964 -0.0823523 0)
(5.50143 -0.258101 0)
(5.13916 -0.452646 0)
(4.75263 -0.788009 0)
(3.8237 -1.24371 0)
(2.86228 -2.2535 0)
(1.09042 -3.32982 0)
(-0.0458681 -3.7992 0)
(1.66762 1.66993 0)
(2.70441 0.975001 0)
(4.54517 0.748512 0)
(5.3833 0.423616 0)
(6.2491 0.285946 0)
(6.75719 0.177459 0)
(7.2347 0.120717 0)
(7.55643 0.080523 0)
(7.85332 0.0543347 0)
(8.0556 0.0340414 0)
(8.23827 0.0159503 0)
(8.32913 -0.0011277 0)
(8.40372 -0.022151 0)
(8.34852 -0.0429987 0)
(8.28981 -0.0784687 0)
(8.00481 -0.111643 0)
(7.75027 -0.201024 0)
(6.99681 -0.293698 0)
(6.26313 -0.625664 0)
(4.04621 -0.997782 0)
(2.00579 -1.81849 0)
)
;

boundaryField
{
    movingWall
    {
        type            fixedValue;
        value           uniform (10 0 0);
    }
    fixedWalls
    {
        type            noSlip;
    }
    frontAndBack
    {
        type            empty;
    }
}


// ************************************************************************* //
