/*--------------------------------*- C++ -*----------------------------------*\
| =========                 |                                                 |
| \\      /  F ield         | OpenFOAM: The Open Source CFD Toolbox           |
|  \\    /   O peration     | Version:  4.1                                   |
|   \\  /    A nd           | Web:      www.OpenFOAM.org                      |
|    \\/     M anipulation  |                                                 |
\*---------------------------------------------------------------------------*/
FoamFile
{
    version     2.0;
    format      ascii;
    class       volVectorField;
    location    "0.0513";
    object      U;
}
// * * * * * * * * * * * * * * * * * * * * * * * * * * * * * * * * * * * * * //

dimensions      [0 1 -1 0 0 0 0];

internalField   nonuniform List<vector> 
441
(
(0.00338951 -0.004592 0)
(0.0086676 -0.00256959 0)
(-0.000642413 -2.17975e-165 0)
(0.0017354 -2.84611e-266 0)
(-0.00873381 -0.00694218 0)
(-0.0017354 -2.75367e-232 0)
(-1.08884e-202 -4.69759e-203 0)
(-1.17423e-203 -6.03804e-228 0)
(-1.51565e-212 -2.57849e-213 0)
(-0.00537843 8.06828e-266 0)
(-0.0650141 0.021516 0)
(-0.0822559 0.0114467 0)
(-0.0936419 0.00542991 0)
(-0.0839741 0.000701311 0)
(-0.071237 -0.00110316 0)
(-0.0500627 -0.00244522 0)
(-0.031316 -0.00188433 0)
(-0.0134553 -0.00166198 0)
(-0.00144155 0.000266417 0)
(0.00215895 0.000921795 0)
(0.00399096 0.002531 0)
(0.00328868 -0.00726902 0)
(-0.00206612 0.00656444 0)
(-0.0270302 0.00781132 0)
(-0.0561027 0.0105727 0)
(-0.0985921 0.00963175 0)
(-0.137304 -0.00400062 0)
(-0.172943 -0.000363589 0)
(-0.206399 0.00134398 0)
(-0.235654 0.0113461 0)
(-0.265282 0.0577157 0)
(-0.285763 0.0535022 0)
(-0.28107 0.0175118 0)
(-0.270149 -0.00417386 0)
(-0.236433 -0.0237982 0)
(-0.196838 -0.0328821 0)
(-0.145119 -0.0386551 0)
(-0.0973029 -0.0345029 0)
(-0.0526286 -0.0294166 0)
(-0.020445 -0.0153997 0)
(-0.004339 -0.00709755 0)
(0.00416356 0.00383513 0)
(0.00666669 -0.00635337 0)
(-0.00563218 0.027364 0)
(-0.0508669 0.0526684 0)
(-0.110366 0.0693219 0)
(-0.181431 0.0732031 0)
(-0.254096 0.0706221 0)
(-0.330567 0.0666512 0)
(-0.390691 0.060636 0)
(-0.449565 0.0566154 0)
(-0.47693 0.0541919 0)
(-0.472076 0.0381732 0)
(-0.456899 -0.00306991 0)
(-0.427736 -0.0385568 0)
(-0.375358 -0.0724543 0)
(-0.312863 -0.0914955 0)
(-0.235136 -0.102261 0)
(-0.161807 -0.0932409 0)
(-0.0920408 -0.079011 0)
(-0.0407205 -0.046951 0)
(-0.010612 -0.0241015 0)
(0.00551519 0.0028013 0)
(0.00595533 -0.00854316 0)
(-0.0140345 0.0657219 0)
(-0.0864137 0.112598 0)
(-0.17011 0.143303 0)
(-0.267303 0.153703 0)
(-0.363549 0.14766 0)
(-0.456761 0.137694 0)
(-0.535788 0.121114 0)
(-0.600054 0.0996582 0)
(-0.637005 0.0777506 0)
(-0.643679 0.033231 0)
(-0.623907 -0.0278822 0)
(-0.584154 -0.0858277 0)
(-0.514633 -0.13976 0)
(-0.431208 -0.172897 0)
(-0.327679 -0.191133 0)
(-0.228776 -0.177034 0)
(-0.13259 -0.1521 0)
(-0.0612635 -0.0959947 0)
(-0.0161054 -0.0546884 0)
(0.00733645 -0.000892694 0)
(6.30722e-165 0.00148883 0)
(-0.0207196 0.11931 0)
(-0.123041 0.208 0)
(-0.226002 0.248908 0)
(-0.347355 0.265668 0)
(-0.463615 0.258437 0)
(-0.577903 0.237774 0)
(-0.673073 0.202988 0)
(-0.751576 0.157249 0)
(-0.797159 0.0984625 0)
(-0.81069 0.0254959 0)
(-0.792268 -0.0623617 0)
(-0.746275 -0.147074 0)
(-0.663437 -0.225712 0)
(-0.560716 -0.277368 0)
(-0.429716 -0.305498 0)
(-0.303135 -0.286866 0)
(-0.174558 -0.247569 0)
(-0.0812708 -0.161773 0)
(-0.0164107 -0.0935245 0)
(0.0138852 -0.00514876 0)
(-5.14122e-266 0.00518511 0)
(-0.0789554 0.193161 0)
(-0.17044 0.316099 0)
(-0.292913 0.369354 0)
(-0.424277 0.391251 0)
(-0.557771 0.379247 0)
(-0.685389 0.347752 0)
(-0.79697 0.295037 0)
(-0.888714 0.224533 0)
(-0.94966 0.136122 0)
(-0.978576 0.0286128 0)
(-0.967792 -0.0932673 0)
(-0.922923 -0.214401 0)
(-0.830614 -0.326825 0)
(-0.710555 -0.406127 0)
(-0.550344 -0.451016 0)
(-0.391866 -0.431132 0)
(-0.224744 -0.376958 0)
(-0.104343 -0.252246 0)
(-0.0156271 -0.152978 0)
(0.0160598 -0.00224104 0)
(-0.0207404 0.0835413 0)
(-0.109367 0.2864 0)
(-0.214562 0.422367 0)
(-0.348749 0.501077 0)
(-0.496377 0.529851 0)
(-0.645788 0.518257 0)
(-0.79132 0.476307 0)
(-0.920911 0.405506 0)
(-1.0318 0.309784 0)
(-1.11165 0.188104 0)
(-1.15898 0.0441192 0)
(-1.16181 -0.118301 0)
(-1.1239 -0.283265 0)
(-1.02714 -0.438913 0)
(-0.892722 -0.556158 0)
(-0.700993 -0.625858 0)
(-0.507197 -0.610202 0)
(-0.2886 -0.537337 0)
(-0.1388 -0.367752 0)
(-0.0031048 -0.215679 0)
(5.76419e-266 -0.00401496 0)
(-0.0151133 0.137624 0)
(-0.103881 0.388093 0)
(-0.234579 0.556101 0)
(-0.387445 0.651977 0)
(-0.553473 0.688626 0)
(-0.720885 0.674553 0)
(-0.884213 0.623256 0)
(-1.03426 0.535454 0)
(-1.16676 0.415704 0)
(-1.2709 0.262767 0)
(-1.34295 0.0791537 0)
(-1.36699 -0.129381 0)
(-1.34441 -0.348581 0)
(-1.25087 -0.56009 0)
(-1.10729 -0.731554 0)
(-0.885933 -0.840385 0)
(-0.652051 -0.84184 0)
(-0.375865 -0.751321 0)
(-0.181848 -0.533237 0)
(-0.00271588 -0.300975 0)
(2.34848e-24 -1.22351e-24 0)
(-0.013353 0.199255 0)
(-0.107779 0.504117 0)
(-0.255127 0.704501 0)
(-0.423255 0.818285 0)
(-0.606339 0.86216 0)
(-0.790196 0.847563 0)
(-0.971614 0.788924 0)
(-1.14223 0.687032 0)
(-1.29817 0.546253 0)
(-1.4292 0.363692 0)
(-1.52984 0.140774 0)
(-1.58187 -0.117357 0)
(-1.58295 -0.398021 0)
(-1.50256 -0.677235 0)
(-1.35897 -0.918945 0)
(-1.11349 -1.08397 0)
(-0.840129 -1.11666 0)
(-0.496943 -1.01235 0)
(-0.247374 -0.733614 0)
(-0.00442601 -0.404723 0)
(9.65201e-77 -5.8712e-25 0)
(-0.0117828 0.259428 0)
(-0.107726 0.631546 0)
(-0.266817 0.872416 0)
(-0.446438 1.00385 0)
(-0.642647 1.05612 0)
(-0.83986 1.03989 0)
(-1.03574 0.975623 0)
(-1.2245 0.861654 0)
(-1.40174 0.70287 0)
(-1.55964 0.493734 0)
(-1.69066 0.232076 0)
(-1.77586 -0.0774789 0)
(-1.80891 -0.427364 0)
(-1.7536 -0.786638 0)
(-1.62297 -1.11986 0)
(-1.36573 -1.36485 0)
(-1.05818 -1.45686 0)
(-0.64505 -1.35373 0)
(-0.327544 -1.02036 0)
(-0.00606255 -0.562732 0)
(2.69818e-164 -2.413e-77 0)
(-0.0122651 0.315534 0)
(-0.112551 0.757462 0)
(-0.281837 1.04107 0)
(-0.470001 1.19198 0)
(-0.674322 1.25403 0)
(-0.879122 1.23875 0)
(-1.08238 1.17256 0)
(-1.28215 1.05162 0)
(-1.47318 0.880993 0)
(-1.65221 0.651745 0)
(-1.80939 0.357484 0)
(-1.92878 0.000411809 0)
(-1.99913 -0.418472 0)
(-1.98211 -0.864151 0)
(-1.88207 -1.30367 0)
(-1.635 -1.65233 0)
(-1.31178 -1.83254 0)
(-0.839774 -1.75059 0)
(-0.450307 -1.36145 0)
(-0.0732719 -0.744445 0)
(1.6993e-265 0.0126067 0)
(-0.013455 0.385224 0)
(-0.115024 0.903292 0)
(-0.289221 1.23143 0)
(-0.479156 1.39709 0)
(-0.68296 1.46646 0)
(-0.885848 1.44793 0)
(-1.08521 1.3793 0)
(-1.28409 1.25196 0)
(-1.47591 1.073 0)
(-1.66383 0.829109 0)
(-1.83649 0.508524 0)
(-1.98393 0.111079 0)
(-2.09173 -0.373761 0)
(-2.12275 -0.90609 0)
(-2.07215 -1.46622 0)
(-1.86333 -1.94165 0)
(-1.55038 -2.25118 0)
(-1.03419 -2.22892 0)
(-0.554994 -1.78128 0)
(-0.0721663 -1.03193 0)
(0.0504266 -0.0691008 0)
(-0.0174783 0.439687 0)
(-0.12521 1.03031 0)
(-0.307376 1.40232 0)
(-0.496397 1.58243 0)
(-0.690466 1.6589 0)
(-0.879598 1.6384 0)
(-1.05802 1.56978 0)
(-1.23815 1.44067 0)
(-1.40959 1.26031 0)
(-1.58659 1.01161 0)
(-1.75442 0.678054 0)
(-1.91618 0.255832 0)
(-2.05223 -0.277371 0)
(-2.13729 -0.883213 0)
(-2.15273 -1.55823 0)
(-2.01698 -2.17606 0)
(-1.76065 -2.65553 0)
(-1.2229 -2.75453 0)
(-0.695038 -2.31694 0)
(0.0379933 -1.3565 0)
(2.3294e-231 -0.0126067 0)
(-0.022815 0.530812 0)
(-0.134193 1.19625 0)
(-0.317666 1.60645 0)
(-0.496106 1.78126 0)
(-0.667195 1.85275 0)
(-0.827146 1.81576 0)
(-0.966257 1.7397 0)
(-1.1069 1.60344 0)
(-1.23452 1.42198 0)
(-1.37521 1.17367 0)
(-1.5122 0.837723 0)
(-1.66367 0.408569 0)
(-1.80944 -0.153142 0)
(-1.94089 -0.806363 0)
(-2.03382 -1.58614 0)
(-2.01033 -2.33829 0)
(-1.8731 -3.04469 0)
(-1.41757 -3.31253 0)
(-0.886617 -3.03667 0)
(-0.00358521 -1.76305 0)
(5.67646e-202 4.51885e-184 0)
(-0.0394379 0.589614 0)
(-0.171177 1.31907 0)
(-0.365089 1.76034 0)
(-0.530607 1.92642 0)
(-0.660497 1.98829 0)
(-0.771987 1.93399 0)
(-0.843548 1.84919 0)
(-0.918374 1.70759 0)
(-0.970933 1.52895 0)
(-1.04647 1.2898 0)
(-1.11961 0.967572 0)
(-1.23352 0.555313 0)
(-1.35776 0.00275172 0)
(-1.52384 -0.655091 0)
(-1.68224 -1.48119 0)
(-1.81214 -2.33383 0)
(-1.83654 -3.23273 0)
(-1.58221 -3.75003 0)
(-1.12206 -3.70828 0)
(-0.0108319 -2.27267 0)
(1.80754e-183 -1.91973e-186 0)
(-0.0584608 0.749335 0)
(-0.20919 1.52621 0)
(-0.400068 1.97523 0)
(-0.536226 2.07801 0)
(-0.605474 2.10121 0)
(-0.647777 1.99947 0)
(-0.630931 1.89027 0)
(-0.617184 1.73153 0)
(-0.571467 1.55175 0)
(-0.55503 1.32353 0)
(-0.535983 1.02449 0)
(-0.577041 0.648809 0)
(-0.644818 0.135258 0)
(-0.801982 -0.478659 0)
(-1.00151 -1.30113 0)
(-1.26703 -2.1806 0)
(-1.51613 -3.27981 0)
(-1.58175 -4.03425 0)
(-1.43153 -4.62597 0)
(-0.460253 -2.93189 0)
(4.36827e-254 -4.51885e-184 0)
(-0.124029 0.843163 0)
(-0.342172 1.64752 0)
(-0.526095 2.08209 0)
(-0.615916 2.12208 0)
(-0.570454 2.09902 0)
(-0.504789 1.95449 0)
(-0.352001 1.81952 0)
(-0.216878 1.64709 0)
(-0.0402188 1.46828 0)
(0.0911337 1.25662 0)
(0.227643 0.991621 0)
(0.277351 0.669926 0)
(0.298028 0.231209 0)
(0.165486 -0.289108 0)
(-0.0204649 -1.00813 0)
(-0.447377 -1.80804 0)
(-0.863352 -2.89195 0)
(-1.55405 -3.83377 0)
(-1.69678 -4.74112 0)
(-2.06203 -3.7805 0)
(-2.54607e-264 -0.213511 0)
(-0.179221 1.23682 0)
(-0.43256 1.93256 0)
(-0.545607 2.27122 0)
(-0.530847 2.12264 0)
(-0.328724 2.00393 0)
(-0.117235 1.78073 0)
(0.191773 1.60899 0)
(0.466221 1.4199 0)
(0.780522 1.24583 0)
(1.0343 1.0574 0)
(1.2901 0.837599 0)
(1.44352 0.583262 0)
(1.56371 0.24364 0)
(1.50752 -0.150703 0)
(1.37967 -0.698907 0)
(0.96082 -1.32106 0)
(0.451996 -2.20359 0)
(-0.443961 -3.15678 0)
(-1.13874 -4.2066 0)
(-1.85191 -4.48279 0)
(-0.854045 -2.30109 0)
(-0.399754 1.42049 0)
(-0.729301 1.98519 0)
(-0.537324 2.17453 0)
(-0.27812 1.88841 0)
(0.250738 1.68652 0)
(0.685149 1.42626 0)
(1.2103 1.23817 0)
(1.64037 1.05642 0)
(2.09326 0.9021 0)
(2.45187 0.749889 0)
(2.80285 0.584575 0)
(3.02786 0.404813 0)
(3.22238 0.170484 0)
(3.21225 -0.0894194 0)
(3.15334 -0.457611 0)
(2.74773 -0.85794 0)
(2.29476 -1.48705 0)
(1.29377 -2.2125 0)
(0.410614 -3.3367 0)
(-0.726676 -3.98801 0)
(-0.698295 -2.96067 0)
(-0.255317 2.42772 0)
(-0.0976518 2.06479 0)
(0.687762 1.87066 0)
(1.32581 1.32695 0)
(2.1261 1.06127 0)
(2.7335 0.814678 0)
(3.36579 0.660201 0)
(3.85822 0.532963 0)
(4.34087 0.434855 0)
(4.71089 0.347454 0)
(5.06001 0.259831 0)
(5.28171 0.168837 0)
(5.47313 0.055734 0)
(5.4745 -0.0689277 0)
(5.44057 -0.244179 0)
(5.09348 -0.440659 0)
(4.71984 -0.78027 0)
(3.80144 -1.23989 0)
(2.84762 -2.25314 0)
(1.08371 -3.32807 0)
(-0.0445783 -3.80017 0)
(1.66873 1.67102 0)
(2.70941 0.976322 0)
(4.55304 0.749331 0)
(5.39069 0.423451 0)
(6.25235 0.28485 0)
(6.75353 0.175746 0)
(7.22243 0.118835 0)
(7.53546 0.0788862 0)
(7.82476 0.0533264 0)
(8.02199 0.0338911 0)
(8.20274 0.0167562 0)
(8.29539 0.000498909 0)
(8.37483 -0.0199794 0)
(8.32706 -0.0407524 0)
(8.27634 -0.0766111 0)
(7.9991 -0.110607 0)
(7.7497 -0.201062 0)
(6.99904 -0.294653 0)
(6.26527 -0.627334 0)
(4.04741 -0.999386 0)
(2.00767 -1.82054 0)
)
;

boundaryField
{
    movingWall
    {
        type            fixedValue;
        value           uniform (10 0 0);
    }
    fixedWalls
    {
        type            noSlip;
    }
    frontAndBack
    {
        type            empty;
    }
}


// ************************************************************************* //
