/*--------------------------------*- C++ -*----------------------------------*\
| =========                 |                                                 |
| \\      /  F ield         | OpenFOAM: The Open Source CFD Toolbox           |
|  \\    /   O peration     | Version:  4.1                                   |
|   \\  /    A nd           | Web:      www.OpenFOAM.org                      |
|    \\/     M anipulation  |                                                 |
\*---------------------------------------------------------------------------*/
FoamFile
{
    version     2.0;
    format      ascii;
    class       volVectorField;
    location    "0.153";
    object      U;
}
// * * * * * * * * * * * * * * * * * * * * * * * * * * * * * * * * * * * * * //

dimensions      [0 1 -1 0 0 0 0];

internalField   nonuniform List<vector> 
441
(
(1.78047e-05 -2.27078e-05 0)
(-0.000377423 0.000332666 0)
(-0.00157582 0.000740188 0)
(-0.00347082 0.0010573 0)
(-0.0058358 0.0012369 0)
(-0.00839725 0.00127536 0)
(-0.0108927 0.00118604 0)
(-0.0130929 0.000989642 0)
(-0.014812 0.000709763 0)
(-0.015912 0.000371346 0)
(-0.0163051 4.95087e-07 0)
(-0.0159555 -0.000375198 0)
(-0.0148829 -0.000726393 0)
(-0.0131644 -0.00102225 0)
(-0.0109368 -0.00123154 0)
(-0.00839466 -0.00132493 0)
(-0.00578433 -0.00127879 0)
(-0.00338714 -0.00108138 0)
(-0.00148988 -0.000743035 0)
(-0.000319311 -0.000320988 0)
(3.31355e-05 3.47801e-05 0)
(-0.000345672 0.000359362 0)
(-0.00221722 0.00215498 0)
(-0.00587843 0.00408289 0)
(-0.0110454 0.00557365 0)
(-0.0172066 0.00641135 0)
(-0.0237412 0.00656253 0)
(-0.0300397 0.00608165 0)
(-0.035559 0.00506523 0)
(-0.0398531 0.0036291 0)
(-0.042589 0.00189893 0)
(-0.0435556 7.48924e-06 0)
(-0.0426701 -0.00190507 0)
(-0.0399841 -0.00369101 0)
(-0.035688 -0.00519699 0)
(-0.030112 -0.00627005 0)
(-0.0237193 -0.00676938 0)
(-0.0170858 -0.0065855 0)
(-0.0108591 -0.00567053 0)
(-0.00568796 -0.00408632 0)
(-0.00208683 -0.00209315 0)
(-0.000311515 -0.000303733 0)
(-0.000801981 0.00156882 0)
(-0.00440667 0.0058289 0)
(-0.0105384 0.00993143 0)
(-0.018677 0.0129978 0)
(-0.0280748 0.014658 0)
(-0.0378636 0.0148497 0)
(-0.0471972 0.013681 0)
(-0.0553203 0.0113515 0)
(-0.0616121 0.00810837 0)
(-0.0656086 0.00422461 0)
(-0.0670166 -8.53958e-06 0)
(-0.0657223 -0.00428356 0)
(-0.0617994 -0.00827792 0)
(-0.0555136 -0.0116596 0)
(-0.0473231 -0.0141012 0)
(-0.0378686 -0.0153053 0)
(-0.0279459 -0.015045 0)
(-0.0184509 -0.0132234 0)
(-0.0102928 -0.00995839 0)
(-0.00423007 -0.00570982 0)
(-0.000752992 -0.00145345 0)
(-0.00125212 0.00362365 0)
(-0.00658523 0.0113954 0)
(-0.0151264 0.0182667 0)
(-0.0260625 0.0231968 0)
(-0.038397 0.0257316 0)
(-0.0510444 0.0258164 0)
(-0.0629755 0.0236411 0)
(-0.0732854 0.0195371 0)
(-0.0812357 0.0139137 0)
(-0.0862778 0.00722505 0)
(-0.0880654 -4.36752e-05 0)
(-0.0864631 -0.00738066 0)
(-0.0815544 -0.0142502 0)
(-0.0736478 -0.0201024 0)
(-0.0632795 -0.0243955 0)
(-0.0512062 -0.0266369 0)
(-0.0383794 -0.0264473 0)
(-0.0258911 -0.0236485 0)
(-0.0148866 -0.0183793 0)
(-0.00638989 -0.0112399 0)
(-0.00119258 -0.00344225 0)
(-0.00167795 0.00649203 0)
(-0.00867557 0.0188237 0)
(-0.0195542 0.0290469 0)
(-0.0331781 0.0360821 0)
(-0.0482812 0.0394817 0)
(-0.063564 0.0392628 0)
(-0.0778398 0.0357433 0)
(-0.0900912 0.0294214 0)
(-0.0995024 0.0208979 0)
(-0.105473 0.0108322 0)
(-0.107625 -7.49423e-05 0)
(-0.105805 -0.0110861 0)
(-0.100095 -0.0214298 0)
(-0.0908159 -0.0303114 0)
(-0.0785439 -0.0369425 0)
(-0.0641073 -0.0405962 0)
(-0.0485761 -0.0406931 0)
(-0.0332179 -0.0369187 0)
(-0.0194202 -0.0293661 0)
(-0.00850733 -0.0186948 0)
(-0.00161582 -0.00625376 0)
(-0.00208969 0.0101361 0)
(-0.0107092 0.0280591 0)
(-0.0238776 0.0422093 0)
(-0.0401194 0.0515645 0)
(-0.0578816 0.0557814 0)
(-0.0756492 0.0550298 0)
(-0.0920944 0.049817 0)
(-0.106116 0.0408522 0)
(-0.116852 0.0289556 0)
(-0.12368 0.0150092 0)
(-0.126205 -6.11588e-05 0)
(-0.12426 -0.0152861 0)
(-0.117912 -0.02965 0)
(-0.107469 -0.042098 0)
(-0.0935081 -0.0515676 0)
(-0.0768927 -0.0570536 0)
(-0.0587805 -0.0577154 0)
(-0.0406032 -0.0530237 0)
(-0.0240039 -0.0429369 0)
(-0.0106425 -0.0280822 0)
(-0.00203919 -0.00987558 0)
(-0.00250365 0.0145429 0)
(-0.0127486 0.0390774 0)
(-0.028194 0.0577134 0)
(-0.0470039 0.0695726 0)
(-0.0673242 0.0745205 0)
(-0.0874269 0.0729757 0)
(-0.105863 0.0657104 0)
(-0.121477 0.0536956 0)
(-0.133399 0.0379994 0)
(-0.14101 0.019736 0)
(-0.143921 5.39592e-05 0)
(-0.141955 -0.0198539 0)
(-0.135148 -0.038734 0)
(-0.123769 -0.0552675 0)
(-0.108357 -0.0680956 0)
(-0.0897644 -0.0758876 0)
(-0.0692001 -0.0774658 0)
(-0.0482409 -0.0719851 0)
(-0.0287938 -0.0591547 0)
(-0.0128909 -0.0394641 0)
(-0.00248644 -0.0143328 0)
(-0.00293662 0.0197275 0)
(-0.0148588 0.0518896 0)
(-0.0325967 0.0755355 0)
(-0.05392 0.0900271 0)
(-0.076659 0.095561 0)
(-0.0988841 0.0929194 0)
(-0.119056 0.0832293 0)
(-0.136012 0.0677807 0)
(-0.148915 0.0479164 0)
(-0.157192 0.0249843 0)
(-0.160484 0.000338641 0)
(-0.15861 -0.0246293 0)
(-0.151567 -0.0484521 0)
(-0.139551 -0.0695586 0)
(-0.123014 -0.0862806 0)
(-0.102741 -0.0969145 0)
(-0.0799346 -0.0998568 0)
(-0.0562776 -0.0938202 0)
(-0.0339355 -0.0781165 0)
(-0.0153499 -0.0529602 0)
(-0.00298206 -0.0196925 0)
(-0.00340513 0.0257325 0)
(-0.0171015 0.0665363 0)
(-0.0371592 0.0956513 0)
(-0.0609008 0.112808 0)
(-0.0858265 0.118688 0)
(-0.109831 0.114582 0)
(-0.131338 0.102077 0)
(-0.149238 0.0828447 0)
(-0.162794 0.0585259 0)
(-0.171529 0.0306913 0)
(-0.17515 0.000867362 0)
(-0.173489 -0.0294026 0)
(-0.166494 -0.0584837 0)
(-0.154253 -0.0845855 0)
(-0.137071 -0.105734 0)
(-0.115587 -0.119812 0)
(-0.0909117 -0.124693 0)
(-0.0647626 -0.11849 0)
(-0.0395325 -0.0999227 0)
(-0.0181059 -0.0687364 0)
(-0.00354924 -0.026062 0)
(-0.00392704 0.032627 0)
(-0.0195373 0.0830766 0)
(-0.0419306 0.118008 0)
(-0.067907 0.137705 0)
(-0.0946268 0.14355 0)
(-0.119858 0.137519 0)
(-0.142069 0.121787 0)
(-0.160299 0.0984744 0)
(-0.173991 0.0695336 0)
(-0.182839 0.0367311 0)
(-0.186662 0.00171088 0)
(-0.18533 -0.0339029 0)
(-0.178737 -0.0683823 0)
(-0.166828 -0.0997797 0)
(-0.149694 -0.125847 0)
(-0.127723 -0.14403 0)
(-0.101814 -0.151578 0)
(-0.0735984 -0.145821 0)
(-0.0456216 -0.124624 0)
(-0.0212277 -0.0869788 0)
(-0.00420971 -0.033584 0)
(-0.00452456 0.04051 0)
(-0.0222338 0.101575 0)
(-0.046934 0.142483 0)
(-0.0748063 0.16436 0)
(-0.102677 0.169579 0)
(-0.128276 0.161039 0)
(-0.150242 0.141649 0)
(-0.167889 0.114044 0)
(-0.180953 0.0804827 0)
(-0.189383 0.0428813 0)
(-0.193171 0.00292016 0)
(-0.192258 -0.0377945 0)
(-0.186489 -0.0775485 0)
(-0.175638 -0.114337 0)
(-0.159507 -0.145708 0)
(-0.138116 -0.168681 0)
(-0.111983 -0.179798 0)
(-0.0824735 -0.175395 0)
(-0.0521403 -0.152141 0)
(-0.024759 -0.107855 0)
(-0.00498382 -0.0424313 0)
(-0.00522779 0.0495189 0)
(-0.0252708 0.122083 0)
(-0.0521533 0.168831 0)
(-0.0813273 0.19217 0)
(-0.109332 0.195891 0)
(-0.134017 0.184111 0)
(-0.154373 0.160631 0)
(-0.170156 0.12865 0)
(-0.181528 0.0907074 0)
(-0.188785 0.0487883 0)
(-0.19216 0.00450278 0)
(-0.191706 -0.0406876 0)
(-0.187234 -0.0852215 0)
(-0.178334 -0.127178 0)
(-0.164457 -0.164026 0)
(-0.145127 -0.192429 0)
(-0.120281 -0.208181 0)
(-0.0907599 -0.206404 0)
(-0.0588703 -0.182148 0)
(-0.0287023 -0.131454 0)
(-0.0058895 -0.0527999 0)
(-0.00607754 0.0598427 0)
(-0.0287358 0.144611 0)
(-0.0574852 0.196584 0)
(-0.0869559 0.220166 0)
(-0.11354 0.221156 0)
(-0.135468 0.205248 0)
(-0.152342 0.177294 0)
(-0.164561 0.141061 0)
(-0.172853 0.0992944 0)
(-0.177949 0.053936 0)
(-0.180378 0.00639212 0)
(-0.180343 -0.0421681 0)
(-0.177658 -0.0904998 0)
(-0.171735 -0.136947 0)
(-0.161649 -0.179087 0)
(-0.146321 -0.213381 0)
(-0.124893 -0.234923 0)
(-0.097343 -0.237453 0)
(-0.0653322 -0.213902 0)
(-0.032981 -0.157692 0)
(-0.00693755 -0.0648969 0)
(-0.007123 0.0717359 0)
(-0.032683 0.169053 0)
(-0.062607 0.224898 0)
(-0.090709 0.246815 0)
(-0.113558 0.243426 0)
(-0.130184 0.222403 0)
(-0.141143 0.189737 0)
(-0.147693 0.14969 0)
(-0.151238 0.105075 0)
(-0.152992 0.0576316 0)
(-0.153804 0.00841325 0)
(-0.154057 -0.0418543 0)
(-0.153604 -0.0924115 0)
(-0.151733 -0.142072 0)
(-0.147175 -0.188769 0)
(-0.138217 -0.229025 0)
(-0.123026 -0.257431 0)
(-0.100336 -0.266314 0)
(-0.0705804 -0.245993 0)
(-0.0373486 -0.186156 0)
(-0.00811747 -0.0789146 0)
(-0.0084013 0.0855134 0)
(-0.036993 0.195024 0)
(-0.0666499 0.252262 0)
(-0.090661 0.269734 0)
(-0.106428 0.259938 0)
(-0.114412 0.232867 0)
(-0.116512 0.19559 0)
(-0.115018 0.152645 0)
(-0.112029 0.106675 0)
(-0.109208 0.059028 0)
(-0.107678 0.0102562 0)
(-0.107993 -0.039483 0)
(-0.110092 -0.0900527 0)
(-0.113239 -0.140929 0)
(-0.115952 -0.19068 0)
(-0.11598 -0.236273 0)
(-0.110476 -0.27221 0)
(-0.0965909 -0.289644 0)
(-0.0727974 -0.275975 0)
(-0.0411768 -0.215833 0)
(-0.00935768 -0.0949692 0)
(-0.00986268 0.10148 0)
(-0.0409688 0.221484 0)
(-0.0674333 0.275988 0)
(-0.0829895 0.285284 0)
(-0.0870543 0.266923 0)
(-0.0823394 0.233288 0)
(-0.0724103 0.192153 0)
(-0.0605828 0.147902 0)
(-0.0495041 0.102674 0)
(-0.0410956 0.0572194 0)
(-0.0366152 0.0114782 0)
(-0.0367192 -0.0350154 0)
(-0.0414672 -0.0828034 0)
(-0.0502457 -0.132143 0)
(-0.0616077 -0.182493 0)
(-0.0730709 -0.231724 0)
(-0.0809985 -0.27491 0)
(-0.0808785 -0.302727 0)
(-0.0684892 -0.299857 0)
(-0.0429508 -0.244622 0)
(-0.0104174 -0.112949 0)
(-0.011105 0.119591 0)
(-0.042226 0.245841 0)
(-0.0597349 0.291302 0)
(-0.0601409 0.288067 0)
(-0.0466673 0.259561 0)
(-0.0250204 0.219935 0)
(-0.000394919 0.176799 0)
(0.0232385 0.133716 0)
(0.0431246 0.0919392 0)
(0.0574535 0.0514534 0)
(0.0650965 0.01157 0)
(0.0654283 -0.0287385 0)
(0.0582639 -0.0706118 0)
(0.0439289 -0.115059 0)
(0.0234809 -0.162554 0)
(-0.000910817 -0.21228 0)
(-0.0254765 -0.260733 0)
(-0.0445302 -0.299389 0)
(-0.0508948 -0.31142 0)
(-0.0390567 -0.268418 0)
(-0.0105633 -0.132088 0)
(-0.0104779 0.138607 0)
(-0.0336437 0.262281 0)
(-0.0314272 0.290157 0)
(-0.00746921 0.270717 0)
(0.0294875 0.232514 0)
(0.0709026 0.189555 0)
(0.110872 0.147853 0)
(0.145732 0.109377 0)
(0.173382 0.0741927 0)
(0.19266 0.0415039 0)
(0.202906 0.0101271 0)
(0.203709 -0.0213115 0)
(0.194799 -0.0542963 0)
(0.176082 -0.0903445 0)
(0.147856 -0.130806 0)
(0.111262 -0.176324 0)
(0.0690686 -0.225574 0)
(0.0266845 -0.272567 0)
(-0.00686751 -0.301671 0)
(-0.020805 -0.279651 0)
(-0.00753868 -0.150017 0)
(-0.000902282 0.152091 0)
(0.00505691 0.256991 0)
(0.0445202 0.259232 0)
(0.102054 0.224391 0)
(0.164776 0.181543 0)
(0.223966 0.141158 0)
(0.275318 0.106114 0)
(0.317008 0.0763516 0)
(0.348499 0.0508191 0)
(0.369781 0.0282012 0)
(0.380938 0.00714966 0)
(0.381931 -0.0136932 0)
(0.372484 -0.0357519 0)
(0.352077 -0.0605919 0)
(0.320051 -0.0899393 0)
(0.275931 -0.125499 0)
(0.22016 -0.168208 0)
(0.155386 -0.216026 0)
(0.0888465 -0.258471 0)
(0.0329663 -0.263793 0)
(0.00678251 -0.159247 0)
(0.0495105 0.145072 0)
(0.131436 0.207524 0)
(0.226095 0.184282 0)
(0.314863 0.144653 0)
(0.392552 0.108567 0)
(0.456519 0.0795995 0)
(0.507088 0.0571417 0)
(0.545495 0.0396626 0)
(0.573134 0.025674 0)
(0.591155 0.0139268 0)
(0.600323 0.00337792 0)
(0.600941 -0.00690753 0)
(0.592821 -0.0178736 0)
(0.575225 -0.0306018 0)
(0.546827 -0.0464486 0)
(0.505698 -0.0671536 0)
(0.449478 -0.0947626 0)
(0.375819 -0.130769 0)
(0.284159 -0.172766 0)
(0.175108 -0.201244 0)
(0.0650192 -0.14458 0)
(0.320806 0.0484839 0)
(0.500058 0.0579365 0)
(0.618472 0.0489445 0)
(0.694218 0.0365927 0)
(0.747878 0.0259951 0)
(0.786059 0.0181232 0)
(0.813268 0.0124441 0)
(0.832384 0.00829808 0)
(0.845324 0.00515386 0)
(0.85332 0.00262265 0)
(0.857095 0.000413381 0)
(0.856959 -0.00171399 0)
(0.852842 -0.00399063 0)
(0.844261 -0.00667979 0)
(0.830197 -0.0101199 0)
(0.80886 -0.0147644 0)
(0.777254 -0.021166 0)
(0.730081 -0.0297605 0)
(0.658323 -0.0397951 0)
(0.536232 -0.0477059 0)
(0.3315 -0.0475931 0)
)
;

boundaryField
{
    movingWall
    {
        type            fixedValue;
        value           uniform (1 0 0);
    }
    fixedWalls
    {
        type            noSlip;
    }
    frontAndBack
    {
        type            empty;
    }
}


// ************************************************************************* //
