/*--------------------------------*- C++ -*----------------------------------*\
| =========                 |                                                 |
| \\      /  F ield         | OpenFOAM: The Open Source CFD Toolbox           |
|  \\    /   O peration     | Version:  4.1                                   |
|   \\  /    A nd           | Web:      www.OpenFOAM.org                      |
|    \\/     M anipulation  |                                                 |
\*---------------------------------------------------------------------------*/
FoamFile
{
    version     2.0;
    format      ascii;
    class       volVectorField;
    location    "0.0748308";
    object      U;
}
// * * * * * * * * * * * * * * * * * * * * * * * * * * * * * * * * * * * * * //

dimensions      [0 1 -1 0 0 0 0];

internalField   nonuniform List<vector> 
441
(
(0.000810607 -0.000781937 0)
(0.000174657 9.93291e-05 0)
(-0.00440581 0.000924318 0)
(-0.0118065 0.00159576 0)
(-0.021315 0.00192953 0)
(-0.0315762 0.00204072 0)
(-0.0417352 0.00193921 0)
(-0.0508528 0.00168321 0)
(-0.0582459 0.00128669 0)
(-0.0632732 0.000775644 0)
(-0.0654691 0.000172054 0)
(-0.0645108 -0.000486026 0)
(-0.0603341 -0.00114277 0)
(-0.0531416 -0.00172832 0)
(-0.043531 -0.00215111 0)
(-0.0323804 -0.00233686 0)
(-0.021016 -0.00219084 0)
(-0.0107291 -0.00171848 0)
(-0.00316766 -0.000865484 0)
(0.000935761 7.13195e-05 0)
(0.000957697 0.00091339 0)
(2.40506e-06 -0.000230582 0)
(-0.00575388 0.00575969 0)
(-0.0198903 0.0118033 0)
(-0.0397914 0.0165282 0)
(-0.0639536 0.0191032 0)
(-0.0895674 0.0197388 0)
(-0.114613 0.0185804 0)
(-0.136936 0.0159103 0)
(-0.154861 0.0119391 0)
(-0.166893 0.00691918 0)
(-0.171955 0.00114391 0)
(-0.16937 -0.00499143 0)
(-0.159065 -0.0109748 0)
(-0.141602 -0.0161961 0)
(-0.118377 -0.0199752 0)
(-0.0914246 -0.0217053 0)
(-0.0636329 -0.0208746 0)
(-0.0378596 -0.017426 0)
(-0.0175247 -0.0115379 0)
(-0.00420398 -0.00473903 0)
(0.000301985 0.00101723 0)
(-0.000887452 0.00433901 0)
(-0.0127022 0.0200325 0)
(-0.0365818 0.0344827 0)
(-0.0680021 0.0453386 0)
(-0.104818 0.0511844 0)
(-0.143166 0.0522457 0)
(-0.180247 0.0488431 0)
(-0.213074 0.0415675 0)
(-0.239291 0.030975 0)
(-0.256818 0.0177323 0)
(-0.264164 0.00264026 0)
(-0.260411 -0.0132673 0)
(-0.245471 -0.0286977 0)
(-0.220125 -0.0421454 0)
(-0.186276 -0.0519885 0)
(-0.146692 -0.0567732 0)
(-0.105306 -0.055372 0)
(-0.0660383 -0.0476153 0)
(-0.0336859 -0.0341083 0)
(-0.0106078 -0.0178071 0)
(-0.000443524 -0.00247288 0)
(-0.0017564 0.0124936 0)
(-0.0196099 0.0419239 0)
(-0.0530114 0.0669728 0)
(-0.0952429 0.0849598 0)
(-0.143504 0.0942732 0)
(-0.19301 0.095275 0)
(-0.240425 0.0885476 0)
(-0.282183 0.0750502 0)
(-0.315484 0.0557624 0)
(-0.337845 0.0318558 0)
(-0.347472 0.00475003 0)
(-0.343231 -0.0237516 0)
(-0.324941 -0.0514217 0)
(-0.293425 -0.0756788 0)
(-0.250833 -0.0937576 0)
(-0.20036 -0.103139 0)
(-0.146707 -0.101881 0)
(-0.0946532 -0.0895276 0)
(-0.0503932 -0.0670042 0)
(-0.0172382 -0.0385076 0)
(-0.00117138 -0.00929192 0)
(-0.00247629 0.0242427 0)
(-0.0259556 0.0716536 0)
(-0.0684518 0.109594 0)
(-0.120959 0.135662 0)
(-0.179974 0.148508 0)
(-0.239822 0.148852 0)
(-0.296752 0.137683 0)
(-0.346771 0.116408 0)
(-0.386784 0.0864939 0)
(-0.414014 0.0496699 0)
(-0.426405 0.00803135 0)
(-0.42257 -0.0357793 0)
(-0.402113 -0.0785024 0)
(-0.365704 -0.116336 0)
(-0.315506 -0.145169 0)
(-0.254917 -0.161146 0)
(-0.189271 -0.161198 0)
(-0.1242 -0.14426 0)
(-0.0675247 -0.111312 0)
(-0.0237963 -0.0675589 0)
(-0.0017752 -0.0195763 0)
(-0.00313194 0.0391097 0)
(-0.0318682 0.108457 0)
(-0.0829855 0.161425 0)
(-0.145237 0.196381 0)
(-0.214412 0.212714 0)
(-0.28399 0.211795 0)
(-0.349899 0.195218 0)
(-0.407841 0.164926 0)
(-0.45454 0.122915 0)
(-0.487004 0.0714609 0)
(-0.502937 0.0133124 0)
(-0.500638 -0.0480725 0)
(-0.479356 -0.108394 0)
(-0.439395 -0.162552 0)
(-0.382677 -0.204905 0)
(-0.312568 -0.229937 0)
(-0.234898 -0.23302 0)
(-0.156163 -0.21196 0)
(-0.0860948 -0.167352 0)
(-0.0308224 -0.105121 0)
(-0.0023919 -0.0331944 0)
(-0.00373035 0.056965 0)
(-0.0374062 0.152078 0)
(-0.0966706 0.222167 0)
(-0.168109 0.266807 0)
(-0.246827 0.286598 0)
(-0.325527 0.283874 0)
(-0.399911 0.261066 0)
(-0.465497 0.220749 0)
(-0.518942 0.165468 0)
(-0.557124 0.0980008 0)
(-0.577528 0.0216626 0)
(-0.578091 -0.0593691 0)
(-0.557566 -0.13982 0)
(-0.51567 -0.213266 0)
(-0.453795 -0.27237 0)
(-0.374968 -0.309573 0)
(-0.285295 -0.318112 0)
(-0.192079 -0.293928 0)
(-0.10723 -0.236587 0)
(-0.0388752 -0.152345 0)
(-0.00309789 -0.0506003 0)
(-0.00431159 0.0776084 0)
(-0.0426704 0.202069 0)
(-0.109584 0.291198 0)
(-0.189528 0.346191 0)
(-0.276952 0.369353 0)
(-0.363889 0.36433 0)
(-0.445938 0.334644 0)
(-0.518595 0.283605 0)
(-0.578587 0.214315 0)
(-0.622789 0.129959 0)
(-0.648528 0.0342647 0)
(-0.65338 -0.0680538 0)
(-0.635489 -0.170915 0)
(-0.593769 -0.266642 0)
(-0.528741 -0.346108 0)
(-0.442686 -0.399314 0)
(-0.341583 -0.416677 0)
(-0.233311 -0.391258 0)
(-0.132121 -0.320636 0)
(-0.0486211 -0.21071 0)
(-0.00401801 -0.0724635 0)
(-0.00488494 0.100903 0)
(-0.0477178 0.258034 0)
(-0.121744 0.36788 0)
(-0.209312 0.433673 0)
(-0.304239 0.459987 0)
(-0.398037 0.452154 0)
(-0.48636 0.415087 0)
(-0.564899 0.352936 0)
(-0.630648 0.269356 0)
(-0.680669 0.167809 0)
(-0.712269 0.0522275 0)
(-0.722734 -0.0724093 0)
(-0.709563 -0.199496 0)
(-0.670692 -0.320312 0)
(-0.605401 -0.423983 0)
(-0.514705 -0.497749 0)
(-0.403814 -0.528462 0)
(-0.280669 -0.504986 0)
(-0.16177 -0.421502 0)
(-0.0607012 -0.282297 0)
(-0.00526684 -0.0998663 0)
(-0.00549987 0.126852 0)
(-0.0526693 0.319691 0)
(-0.133199 0.451526 0)
(-0.22721 0.528111 0)
(-0.32788 0.557009 0)
(-0.426408 0.545669 0)
(-0.518713 0.500761 0)
(-0.600977 0.427382 0)
(-0.670721 0.329743 0)
(-0.725473 0.211424 0)
(-0.762752 0.0763045 0)
(-0.779749 -0.0707308 0)
(-0.773388 -0.222972 0)
(-0.740555 -0.371053 0)
(-0.678943 -0.502626 0)
(-0.587707 -0.602047 0)
(-0.470364 -0.651942 0)
(-0.334021 -0.635373 0)
(-0.196851 -0.541119 0)
(-0.0757724 -0.369617 0)
(-0.00701009 -0.13431 0)
(-0.00620848 0.155296 0)
(-0.0577909 0.386433 0)
(-0.144231 0.540939 0)
(-0.243154 0.627613 0)
(-0.347067 0.657983 0)
(-0.447171 0.642108 0)
(-0.539926 0.588861 0)
(-0.622412 0.504398 0)
(-0.693008 0.393499 0)
(-0.750087 0.25969 0)
(-0.791717 0.106514 0)
(-0.81533 -0.0616615 0)
(-0.817507 -0.238574 0)
(-0.794189 -0.414826 0)
(-0.741238 -0.577199 0)
(-0.655386 -0.707401 0)
(-0.537268 -0.783482 0)
(-0.391808 -0.780959 0)
(-0.237482 -0.680565 0)
(-0.094485 -0.475129 0)
(-0.00944935 -0.177546 0)
(-0.00721823 0.186889 0)
(-0.063655 0.458562 0)
(-0.155398 0.635463 0)
(-0.257193 0.730262 0)
(-0.360832 0.759942 0)
(-0.458026 0.737758 0)
(-0.546139 0.675352 0)
(-0.623673 0.580037 0)
(-0.690254 0.457179 0)
(-0.745557 0.310081 0)
(-0.788627 0.141659 0)
(-0.817618 -0.0446913 0)
(-0.829193 -0.243814 0)
(-0.818705 -0.447118 0)
(-0.78018 -0.641518 0)
(-0.707542 -0.806845 0)
(-0.597219 -0.916862 0)
(-0.450202 -0.93799 0)
(-0.282753 -0.839777 0)
(-0.117443 -0.601498 0)
(-0.0129247 -0.232149 0)
(-0.00878855 0.22156 0)
(-0.071432 0.535098 0)
(-0.168096 0.732771 0)
(-0.270127 0.832117 0)
(-0.36859 0.857733 0)
(-0.456643 0.826692 0)
(-0.533038 0.754038 0)
(-0.598423 0.648273 0)
(-0.654078 0.515363 0)
(-0.701493 0.358225 0)
(-0.741143 0.178911 0)
(-0.772489 -0.0205712 0)
(-0.792877 -0.236849 0)
(-0.797742 -0.463128 0)
(-0.779619 -0.687853 0)
(-0.729683 -0.890435 0)
(-0.638894 -1.04163 0)
(-0.502399 -1.09801 0)
(-0.330278 -1.01488 0)
(-0.145184 -0.749388 0)
(-0.0178782 -0.300369 0)
(-0.0117146 0.262752 0)
(-0.0829386 0.618837 0)
(-0.183772 0.833154 0)
(-0.282096 0.930297 0)
(-0.368404 0.946086 0)
(-0.438904 0.902037 0)
(-0.494317 0.817275 0)
(-0.538322 0.701334 0)
(-0.574207 0.560701 0)
(-0.605733 0.397713 0)
(-0.63517 0.213362 0)
(-0.663858 0.00794949 0)
(-0.69051 -0.217531 0)
(-0.711624 -0.459098 0)
(-0.719074 -0.708436 0)
(-0.702088 -0.946706 0)
(-0.645392 -1.1443 0)
(-0.536758 -1.24872 0)
(-0.374649 -1.19918 0)
(-0.177707 -0.919438 0)
(-0.0251308 -0.386816 0)
(-0.0169914 0.310058 0)
(-0.101764 0.70651 0)
(-0.205567 0.930254 0)
(-0.29411 1.01557 0)
(-0.357873 1.01427 0)
(-0.399186 0.952559 0)
(-0.421497 0.854064 0)
(-0.432677 0.728889 0)
(-0.4382 0.583799 0)
(-0.444376 0.420339 0)
(-0.45536 0.238353 0)
(-0.47471 0.0363441 0)
(-0.503058 -0.187361 0)
(-0.539098 -0.432334 0)
(-0.575338 -0.695158 0)
(-0.600924 -0.961432 0)
(-0.594589 -1.20529 0)
(-0.536492 -1.36839 0)
(-0.406833 -1.37507 0)
(-0.214416 -1.10356 0)
(-0.0356621 -0.492575 0)
(-0.0270705 0.37766 0)
(-0.130694 0.808531 0)
(-0.23154 1.02684 0)
(-0.298989 1.08303 0)
(-0.324713 1.05294 0)
(-0.321757 0.966831 0)
(-0.296759 0.852553 0)
(-0.262854 0.719578 0)
(-0.227419 0.574195 0)
(-0.199153 0.416717 0)
(-0.183691 0.245698 0)
(-0.186649 0.0579403 0)
(-0.210695 -0.150788 0)
(-0.257651 -0.383824 0)
(-0.322226 -0.643816 0)
(-0.396576 -0.923563 0)
(-0.455506 -1.20631 0)
(-0.474227 -1.43423 0)
(-0.408294 -1.52328 0)
(-0.250519 -1.29603 0)
(-0.0511277 -0.627736 0)
(-0.0452159 0.456974 0)
(-0.17728 0.905295 0)
(-0.26028 1.09746 0)
(-0.285618 1.10643 0)
(-0.248272 1.03834 0)
(-0.180295 0.925216 0)
(-0.0911825 0.797196 0)
(-3.09492e-05 0.661406 0)
(0.0851431 0.522539 0)
(0.154239 0.379253 0)
(0.201339 0.228817 0)
(0.219688 0.0667872 0)
(0.205218 -0.112848 0)
(0.152741 -0.316362 0)
(0.0641427 -0.552141 0)
(-0.059607 -0.821713 0)
(-0.19358 -1.12254 0)
(-0.315522 -1.4068 0)
(-0.352135 -1.59573 0)
(-0.27727 -1.45744 0)
(-0.0725261 -0.780012 0)
(-0.0738871 0.6031 0)
(-0.223857 1.02461 0)
(-0.24598 1.14538 0)
(-0.191596 1.0731 0)
(-0.0596636 0.953362 0)
(0.0926082 0.81177 0)
(0.256498 0.675338 0)
(0.408743 0.545303 0)
(0.543458 0.422573 0)
(0.651236 0.303396 0)
(0.727726 0.183639 0)
(0.766634 0.0581459 0)
(0.763863 -0.0797319 0)
(0.711768 -0.237631 0)
(0.608838 -0.427695 0)
(0.44617 -0.659613 0)
(0.242422 -0.948216 0)
(0.0031827 -1.26704 0)
(-0.175321 -1.56529 0)
(-0.256767 -1.57335 0)
(-0.097211 -0.978119 0)
(-0.113417 0.725344 0)
(-0.252777 1.05136 0)
(-0.115291 1.06525 0)
(0.0803419 0.911956 0)
(0.346597 0.756011 0)
(0.596049 0.607888 0)
(0.832635 0.483223 0)
(1.03482 0.37624 0)
(1.20406 0.283234 0)
(1.33509 0.198702 0)
(1.42743 0.117867 0)
(1.47711 0.0359574 0)
(1.48153 -0.0526614 0)
(1.43225 -0.154627 0)
(1.32566 -0.281498 0)
(1.14267 -0.44624 0)
(0.891698 -0.675256 0)
(0.543611 -0.969784 0)
(0.200091 -1.32728 0)
(-0.131062 -1.4966 0)
(-0.10549 -1.10968 0)
(-0.0423519 1.02238 0)
(0.0573225 1.02251 0)
(0.490491 0.848034 0)
(0.850795 0.610439 0)
(1.22009 0.445882 0)
(1.51583 0.324125 0)
(1.76881 0.237902 0)
(1.96882 0.173779 0)
(2.12712 0.123815 0)
(2.24431 0.0822497 0)
(2.32407 0.0449355 0)
(2.36544 0.00860623 0)
(2.36806 -0.0300867 0)
(2.32498 -0.0752573 0)
(2.23326 -0.134364 0)
(2.06991 -0.218417 0)
(1.83544 -0.354597 0)
(1.46301 -0.567207 0)
(1.01594 -0.921284 0)
(0.371261 -1.25276 0)
(0.0357992 -1.2776 0)
(0.84528 0.576408 0)
(1.31654 0.399781 0)
(2.06258 0.261966 0)
(2.45498 0.155164 0)
(2.77663 0.0929875 0)
(2.98343 0.0567105 0)
(3.138 0.0349457 0)
(3.24593 0.0217819 0)
(3.32402 0.0130399 0)
(3.37683 0.00682881 0)
(3.40928 0.00180663 0)
(3.42218 -0.00285232 0)
(3.41633 -0.00780865 0)
(3.38763 -0.0141686 0)
(3.3346 -0.0233553 0)
(3.23847 -0.0390297 0)
(3.09658 -0.068027 0)
(2.82681 -0.122188 0)
(2.45427 -0.231269 0)
(1.63336 -0.38807 0)
(0.924215 -0.587307 0)
)
;

boundaryField
{
    movingWall
    {
        type            fixedValue;
        value           uniform (4 0 0);
    }
    fixedWalls
    {
        type            noSlip;
    }
    frontAndBack
    {
        type            empty;
    }
}


// ************************************************************************* //
