/*--------------------------------*- C++ -*----------------------------------*\
| =========                 |                                                 |
| \\      /  F ield         | OpenFOAM: The Open Source CFD Toolbox           |
|  \\    /   O peration     | Version:  4.1                                   |
|   \\  /    A nd           | Web:      www.OpenFOAM.org                      |
|    \\/     M anipulation  |                                                 |
\*---------------------------------------------------------------------------*/
FoamFile
{
    version     2.0;
    format      ascii;
    class       volVectorField;
    location    "0.0916";
    object      U;
}
// * * * * * * * * * * * * * * * * * * * * * * * * * * * * * * * * * * * * * //

dimensions      [0 1 -1 0 0 0 0];

internalField   nonuniform List<vector> 
441
(
(0.00376957 -0.00485523 0)
(0.00986929 -0.00254006 0)
(-0.000635015 -2.21407e-165 0)
(0.00198499 -3.37162e-266 0)
(-0.00836966 -0.0079403 0)
(-0.00198499 -3.08562e-232 0)
(-1.14855e-202 -5.68136e-203 0)
(-1.42027e-203 -7.45874e-228 0)
(-1.73969e-212 -3.25638e-213 0)
(-0.00621242 9.21138e-266 0)
(-0.0761807 0.0248506 0)
(-0.0956249 0.0129781 0)
(-0.10758 0.00592077 0)
(-0.0944567 0.000368231 0)
(-0.0774813 -0.00169993 0)
(-0.0513188 -0.00306551 0)
(-0.0288471 -0.00217816 0)
(-0.00894078 -0.00159014 0)
(0.00302562 0.000782834 0)
(0.00464736 0.00155554 0)
(0.00460367 0.00303092 0)
(0.00389789 -0.00859924 0)
(-0.000821528 0.00686949 0)
(-0.0275598 0.00858072 0)
(-0.0598476 0.0107751 0)
(-0.108116 0.0110164 0)
(-0.153878 -0.00319948 0)
(-0.197046 -0.000140236 0)
(-0.238637 0.00169335 0)
(-0.275556 0.0134089 0)
(-0.312672 0.0678348 0)
(-0.337769 0.0623401 0)
(-0.331718 0.0188549 0)
(-0.31616 -0.00771303 0)
(-0.272809 -0.0312653 0)
(-0.221927 -0.0416395 0)
(-0.158054 -0.0469047 0)
(-0.10044 -0.0400308 0)
(-0.0493982 -0.0315703 0)
(-0.0151545 -0.0138459 0)
(-0.000910072 -0.00385495 0)
(0.00499694 0.00644714 0)
(0.00771304 -0.00843531 0)
(-0.00517785 0.0285301 0)
(-0.0548369 0.0576281 0)
(-0.122466 0.0779581 0)
(-0.205348 0.084896 0)
(-0.291203 0.0847199 0)
(-0.38362 0.0818046 0)
(-0.45903 0.0759606 0)
(-0.532948 0.0711923 0)
(-0.569169 0.0668741 0)
(-0.56496 0.0448415 0)
(-0.546172 -0.00735212 0)
(-0.508028 -0.0522952 0)
(-0.441141 -0.093653 0)
(-0.361468 -0.115473 0)
(-0.265396 -0.124839 0)
(-0.176434 -0.109635 0)
(-0.0952979 -0.0874015 0)
(-0.0383867 -0.0465933 0)
(-0.00801359 -0.0190473 0)
(0.0064299 0.007501 0)
(0.00641924 -0.0114786 0)
(-0.0165848 0.0712121 0)
(-0.0987231 0.125816 0)
(-0.195904 0.163772 0)
(-0.310578 0.18012 0)
(-0.426187 0.177887 0)
(-0.540199 0.169458 0)
(-0.639022 0.151961 0)
(-0.720226 0.126082 0)
(-0.767994 0.0970862 0)
(-0.777289 0.0390629 0)
(-0.752741 -0.0392368 0)
(-0.701354 -0.112927 0)
(-0.613303 -0.179043 0)
(-0.507696 -0.217242 0)
(-0.379981 -0.233515 0)
(-0.259512 -0.209573 0)
(-0.146202 -0.171328 0)
(-0.0646613 -0.100238 0)
(-0.0158667 -0.0500707 0)
(0.00804763 0.00525217 0)
(7.01192e-165 0.00160481 0)
(-0.0252221 0.133209 0)
(-0.143781 0.236138 0)
(-0.265466 0.288311 0)
(-0.410275 0.314021 0)
(-0.551197 0.31242 0)
(-0.691473 0.293252 0)
(-0.810393 0.254831 0)
(-0.908944 0.199385 0)
(-0.967058 0.124669 0)
(-0.984216 0.0299975 0)
(-0.960819 -0.083019 0)
(-0.901448 -0.190964 0)
(-0.79709 -0.287685 0)
(-0.66785 -0.34771 0)
(-0.50698 -0.37396 0)
(-0.352593 -0.341911 0)
(-0.200216 -0.283418 0)
(-0.0913314 -0.175189 0)
(-0.0185871 -0.0926584 0)
(0.0146605 0.000467481 0)
(-5.68245e-266 0.00589309 0)
(-0.0914369 0.219864 0)
(-0.201021 0.363971 0)
(-0.347194 0.432149 0)
(-0.505779 0.465682 0)
(-0.668273 0.460175 0)
(-0.825167 0.429288 0)
(-0.96355 0.369693 0)
(-1.07746 0.283663 0)
(-1.15305 0.171555 0)
(-1.18764 0.0331293 0)
(-1.17264 -0.123062 0)
(-1.11421 -0.276419 0)
(-0.998677 -0.414331 0)
(-0.849046 -0.506927 0)
(-0.65397 -0.551345 0)
(-0.461713 -0.515289 0)
(-0.263687 -0.435824 0)
(-0.121954 -0.279844 0)
(-0.0212115 -0.159335 0)
(0.0161374 0.00269447 0)
(-0.0235724 0.0963151 0)
(-0.127514 0.330565 0)
(-0.253598 0.492251 0)
(-0.414308 0.591154 0)
(-0.592181 0.634209 0)
(-0.773336 0.630258 0)
(-0.950693 0.587637 0)
(-1.10919 0.506134 0)
(-1.24418 0.388608 0)
(-1.34041 0.234581 0)
(-1.3952 0.0500822 0)
(-1.39525 -0.156781 0)
(-1.34471 -0.363929 0)
(-1.22471 -0.553844 0)
(-1.05948 -0.690965 0)
(-0.829455 -0.763279 0)
(-0.596903 -0.729913 0)
(-0.339956 -0.625733 0)
(-0.162659 -0.414357 0)
(-0.00802766 -0.232644 0)
(5.98972e-266 -0.00403434 0)
(-0.0174093 0.159477 0)
(-0.122085 0.451064 0)
(-0.276792 0.651285 0)
(-0.458169 0.771496 0)
(-0.655967 0.824887 0)
(-0.856206 0.818944 0)
(-1.05195 0.765416 0)
(-1.23139 0.66303 0)
(-1.38847 0.515313 0)
(-1.50988 0.321993 0)
(-1.59087 0.0883961 0)
(-1.61398 -0.174661 0)
(-1.58106 -0.446431 0)
(-1.4664 -0.701865 0)
(-1.29362 -0.901516 0)
(-1.03348 -1.01823 0)
(-0.758563 -1.00317 0)
(-0.43774 -0.876583 0)
(-0.210819 -0.607104 0)
(-0.00378383 -0.331655 0)
(2.6298e-24 -1.05594e-24 0)
(-0.0154508 0.232068 0)
(-0.125434 0.588024 0)
(-0.296637 0.826629 0)
(-0.492563 0.968379 0)
(-0.706299 1.03083 0)
(-0.92139 1.02453 0)
(-1.13336 0.961827 0)
(-1.33145 0.841438 0)
(-1.51036 0.666807 0)
(-1.65776 0.436306 0)
(-1.7676 0.154767 0)
(-1.82033 -0.167156 0)
(-1.81429 -0.51005 0)
(-1.71726 -0.842665 0)
(-1.54964 -1.12169 0)
(-1.26964 -1.30171 0)
(-0.957566 -1.32199 0)
(-0.568073 -1.17903 0)
(-0.282061 -0.840417 0)
(-0.0050478 -0.451605 0)
(1.06866e-76 -6.5745e-25 0)
(-0.013355 0.300909 0)
(-0.122299 0.73397 0)
(-0.302151 1.01909 0)
(-0.505887 1.18169 0)
(-0.72855 1.25407 0)
(-0.952342 1.2459 0)
(-1.17376 1.17566 0)
(-1.38504 1.03956 0)
(-1.58078 0.841785 0)
(-1.75175 0.578505 0)
(-1.89044 0.251319 0)
(-1.97719 -0.129164 0)
(-2.00678 -0.548794 0)
(-1.94131 -0.969204 0)
(-1.79538 -1.34826 0)
(-1.51306 -1.61646 0)
(-1.1751 -1.70323 0)
(-0.719818 -1.56274 0)
(-0.366467 -1.1644 0)
(-0.00729533 -0.629404 0)
(2.9688e-164 -2.67166e-77 0)
(-0.0132457 0.3642 0)
(-0.122242 0.875031 0)
(-0.3061 1.20783 0)
(-0.511491 1.39243 0)
(-0.734685 1.4755 0)
(-0.958046 1.46764 0)
(-1.17851 1.39336 0)
(-1.39262 1.24693 0)
(-1.59467 1.03308 0)
(-1.78082 0.745111 0)
(-1.94203 0.380841 0)
(-2.06252 -0.0512126 0)
(-2.13274 -0.543851 0)
(-2.11318 -1.055 0)
(-2.00933 -1.54645 0)
(-1.7516 -1.92591 0)
(-1.41259 -2.11022 0)
(-0.91089 -1.99624 0)
(-0.491376 -1.54104 0)
(-0.0817693 -0.831636 0)
(1.79384e-265 0.0133714 0)
(-0.0136167 0.437275 0)
(-0.117754 1.029 0)
(-0.297588 1.4098 0)
(-0.49494 1.61095 0)
(-0.707012 1.70175 0)
(-0.917517 1.68966 0)
(-1.12293 1.61087 0)
(-1.3254 1.45528 0)
(-1.51847 1.23018 0)
(-1.70562 0.925186 0)
(-1.87704 0.533164 0)
(-2.02386 0.0605947 0)
(-2.13395 -0.497448 0)
(-2.16984 -1.09479 0)
(-2.12761 -1.70854 0)
(-1.92502 -2.21982 0)
(-1.61508 -2.54264 0)
(-1.08715 -2.49856 0)
(-0.588885 -1.98758 0)
(-0.0763432 -1.14082 0)
(0.0534856 -0.0775151 0)
(-0.0167149 0.491175 0)
(-0.119753 1.15605 0)
(-0.296772 1.5821 0)
(-0.481339 1.79854 0)
(-0.670926 1.89627 0)
(-0.854797 1.881 0)
(-1.02648 1.80032 0)
(-1.19829 1.64099 0)
(-1.36047 1.41312 0)
(-1.52842 1.10325 0)
(-1.68936 0.699915 0)
(-1.84823 0.206242 0)
(-1.98793 -0.395085 0)
(-2.08374 -1.06043 0)
(-2.11827 -1.78569 0)
(-2.0048 -2.44011 0)
(-1.77215 -2.94129 0)
(-1.24421 -3.03144 0)
(-0.716725 -2.54543 0)
(0.0435517 -1.48131 0)
(2.47148e-231 -0.0133714 0)
(-0.0210754 0.576729 0)
(-0.120127 1.31211 0)
(-0.287022 1.77529 0)
(-0.448371 1.98624 0)
(-0.601561 2.07844 0)
(-0.743055 2.04566 0)
(-0.862873 1.95646 0)
(-0.984154 1.78949 0)
(-1.09344 1.56122 0)
(-1.21854 1.25424 0)
(-1.3446 0.85308 0)
(-1.49181 0.359344 0)
(-1.64215 -0.261839 0)
(-1.78832 -0.964745 0)
(-1.90733 -1.78627 0)
(-1.9188 -2.57 0)
(-1.82233 -3.30146 0)
(-1.40133 -3.57221 0)
(-0.892652 -3.26869 0)
(-0.00294693 -1.89557 0)
(5.82894e-202 4.5872e-184 0)
(-0.0368945 0.625507 0)
(-0.149698 1.41595 0)
(-0.316756 1.90668 0)
(-0.453615 2.10771 0)
(-0.55331 2.18956 0)
(-0.634668 2.13909 0)
(-0.67643 2.0414 0)
(-0.723562 1.87057 0)
(-0.751879 1.64826 0)
(-0.808699 1.35539 0)
(-0.869998 0.97477 0)
(-0.980554 0.506561 0)
(-1.11087 -0.0951355 0)
(-1.29384 -0.791025 0)
(-1.48077 -1.64695 0)
(-1.65111 -2.52158 0)
(-1.72566 -3.44199 0)
(-1.52333 -3.96958 0)
(-1.10673 -3.9201 0)
(-0.0114772 -2.40441 0)
(1.83488e-183 -1.46067e-184 0)
(-0.0554757 0.77156 0)
(-0.183173 1.59631 0)
(-0.340197 2.08883 0)
(-0.439313 2.22428 0)
(-0.469344 2.26683 0)
(-0.473237 2.16965 0)
(-0.419739 2.04981 0)
(-0.37376 1.86593 0)
(-0.30173 1.6484 0)
(-0.26706 1.37397 0)
(-0.238552 1.02512 0)
(-0.279703 0.602799 0)
(-0.356574 0.0499601 0)
(-0.532264 -0.591254 0)
(-0.759477 -1.43199 0)
(-1.06419 -2.32144 0)
(-1.36281 -3.43379 0)
(-1.48853 -4.1977 0)
(-1.39377 -4.79724 0)
(-0.466231 -3.04957 0)
(4.40166e-254 -4.5872e-184 0)
(-0.121333 0.850483 0)
(-0.316874 1.68762 0)
(-0.46551 2.15792 0)
(-0.515542 2.22728 0)
(-0.427163 2.22292 0)
(-0.319755 2.08464 0)
(-0.127739 1.94304 0)
(0.0406729 1.75171 0)
(0.243162 1.54332 0)
(0.390572 1.29484 0)
(0.533143 0.989847 0)
(0.578552 0.630737 0)
(0.586498 0.161258 0)
(0.433192 -0.378663 0)
(0.221227 -1.10702 0)
(-0.240429 -1.90722 0)
(-0.696871 -2.99155 0)
(-1.4449 -3.93741 0)
(-1.64098 -4.85143 0)
(-2.07387 -3.87445 0)
(-2.59457e-264 -0.216136 0)
(-0.177914 1.23154 0)
(-0.415087 1.94489 0)
(-0.498966 2.30998 0)
(-0.448978 2.18614 0)
(-0.206993 2.08486 0)
(0.0441156 1.86975 0)
(0.390893 1.69596 0)
(0.697412 1.49513 0)
(1.03639 1.30072 0)
(1.3049 1.08592 0)
(1.56507 0.836789 0)
(1.71221 0.554579 0)
(1.81749 0.192046 0)
(1.73925 -0.216477 0)
(1.58582 -0.769338 0)
(1.13769 -1.38713 0)
(0.598227 -2.26108 0)
(-0.337224 -3.20971 0)
(-1.07517 -4.25892 0)
(-1.8406 -4.53979 0)
(-0.864543 -2.31775 0)
(-0.400621 1.40934 0)
(-0.725476 1.98003 0)
(-0.517437 2.18607 0)
(-0.234418 1.91827 0)
(0.325112 1.73071 0)
(0.792467 1.47864 0)
(1.35099 1.29166 0)
(1.81077 1.10414 0)
(2.28759 0.937852 0)
(2.66137 0.769215 0)
(3.01781 0.58508 0)
(3.23775 0.387126 0)
(3.41834 0.13773 0)
(3.38686 -0.131411 0)
(3.30335 -0.502035 0)
(2.87134 -0.897911 0)
(2.39475 -1.51783 0)
(1.36908 -2.23479 0)
(0.461882 -3.35386 0)
(-0.705286 -4.00694 0)
(-0.701483 -2.96426 0)
(-0.257558 2.41961 0)
(-0.105139 2.05635 0)
(0.682188 1.86926 0)
(1.33053 1.33528 0)
(2.14928 1.0779 0)
(2.77991 0.8366 0)
(3.43805 0.683576 0)
(3.95498 0.554153 0)
(4.45835 0.4506 0)
(4.84224 0.355476 0)
(5.1971 0.258992 0)
(5.41537 0.159528 0)
(5.5954 0.0397301 0)
(5.5788 -0.0886427 0)
(5.524 -0.263897 0)
(5.15546 -0.457134 0)
(4.76407 -0.790541 0)
(3.83141 -1.24472 0)
(2.86744 -2.25332 0)
(1.09283 -3.33036 0)
(-0.0464098 -3.79877 0)
(1.66695 1.66927 0)
(2.70166 0.974303 0)
(4.54125 0.748183 0)
(5.38023 0.423863 0)
(6.24884 0.28666 0)
(6.76093 0.178408 0)
(7.24288 0.121628 0)
(7.56857 0.0811871 0)
(7.86837 0.0545983 0)
(8.072 0.0338596 0)
(8.25441 0.015355 0)
(8.34339 -0.00200746 0)
(8.41503 -0.0231459 0)
(8.35619 -0.0439019 0)
(8.29402 -0.0791082 0)
(8.00604 -0.111902 0)
(7.74978 -0.200856 0)
(6.99557 -0.293225 0)
(6.26217 -0.624979 0)
(4.04573 -0.997178 0)
(2.00505 -1.81773 0)
)
;

boundaryField
{
    movingWall
    {
        type            fixedValue;
        value           uniform (10 0 0);
    }
    fixedWalls
    {
        type            noSlip;
    }
    frontAndBack
    {
        type            empty;
    }
}


// ************************************************************************* //
