/*--------------------------------*- C++ -*----------------------------------*\
| =========                 |                                                 |
| \\      /  F ield         | OpenFOAM: The Open Source CFD Toolbox           |
|  \\    /   O peration     | Version:  4.1                                   |
|   \\  /    A nd           | Web:      www.OpenFOAM.org                      |
|    \\/     M anipulation  |                                                 |
\*---------------------------------------------------------------------------*/
FoamFile
{
    version     2.0;
    format      ascii;
    class       volVectorField;
    location    "0.0412";
    object      U;
}
// * * * * * * * * * * * * * * * * * * * * * * * * * * * * * * * * * * * * * //

dimensions      [0 1 -1 0 0 0 0];

internalField   nonuniform List<vector> 
441
(
(0.00331125 -0.00456388 0)
(0.00836083 -0.00261185 0)
(-0.000652991 -2.19311e-165 0)
(0.00166078 -2.67743e-266 0)
(-0.00902751 -0.0066437 0)
(-0.00166078 -2.65771e-232 0)
(-1.0815e-202 -4.35005e-203 0)
(-1.08734e-203 -5.5056e-228 0)
(-1.44037e-212 -2.31395e-213 0)
(-0.00508792 7.68485e-266 0)
(-0.0609465 0.0203539 0)
(-0.0772481 0.0109067 0)
(-0.0882339 0.00524867 0)
(-0.0797212 0.000835575 0)
(-0.068512 -0.000858525 0)
(-0.0492789 -0.00216767 0)
(-0.03205 -0.00173415 0)
(-0.0150736 -0.00164799 0)
(-0.0031311 8.87825e-05 0)
(0.0012343 0.000698914 0)
(0.00372928 0.00234692 0)
(0.0031249 -0.00690633 0)
(-0.00256563 0.00655404 0)
(-0.0272914 0.00766052 0)
(-0.0556346 0.0106744 0)
(-0.0965278 0.00921572 0)
(-0.133012 -0.00439738 0)
(-0.166073 -0.000472164 0)
(-0.196575 0.00121613 0)
(-0.222825 0.0105891 0)
(-0.249358 0.0540068 0)
(-0.267578 0.0500622 0)
(-0.262726 0.016673 0)
(-0.252898 -0.00319638 0)
(-0.222371 -0.0212036 0)
(-0.186827 -0.0296245 0)
(-0.139783 -0.0353999 0)
(-0.0958778 -0.0322428 0)
(-0.0538209 -0.0284272 0)
(-0.0225504 -0.015942 0)
(-0.00567204 -0.00830065 0)
(0.0037946 0.00282655 0)
(0.00638202 -0.00568166 0)
(-0.00594123 0.0274184 0)
(-0.0503031 0.0516941 0)
(-0.107675 0.0671099 0)
(-0.175228 0.0697163 0)
(-0.243707 0.0659631 0)
(-0.314682 0.0612948 0)
(-0.369078 0.0548554 0)
(-0.421897 0.0507293 0)
(-0.445049 0.0486526 0)
(-0.438704 0.034559 0)
(-0.423677 -0.00272783 0)
(-0.396832 -0.0344807 0)
(-0.349329 -0.0650877 0)
(-0.293162 -0.0825587 0)
(-0.222705 -0.0933781 0)
(-0.15579 -0.0865991 0)
(-0.0908011 -0.0754358 0)
(-0.0418489 -0.047011 0)
(-0.011738 -0.0260343 0)
(0.00507227 0.000941723 0)
(0.00588649 -0.00755511 0)
(-0.0133232 0.0648208 0)
(-0.0832125 0.10948 0)
(-0.163029 0.137669 0)
(-0.254748 0.14557 0)
(-0.344477 0.137498 0)
(-0.430135 0.12624 0)
(-0.501376 0.109143 0)
(-0.558253 0.0884498 0)
(-0.589562 0.0684352 0)
(-0.593282 0.0284474 0)
(-0.573472 -0.026214 0)
(-0.536662 -0.0776506 0)
(-0.473527 -0.125906 0)
(-0.398644 -0.156034 0)
(-0.305206 -0.174116 0)
(-0.215637 -0.163594 0)
(-0.127013 -0.143901 0)
(-0.0601563 -0.0942075 0)
(-0.0163497 -0.0565462 0)
(0.00694713 -0.00348242 0)
(6.14016e-165 0.00147162 0)
(-0.0193481 0.116107 0)
(-0.117042 0.20067 0)
(-0.214157 0.237401 0)
(-0.327711 0.250244 0)
(-0.435145 0.239794 0)
(-0.539414 0.217164 0)
(-0.624535 0.182112 0)
(-0.69351 0.138398 0)
(-0.731721 0.0843059 0)
(-0.740892 0.0188848 0)
(-0.721733 -0.059115 0)
(-0.678948 -0.133689 0)
(-0.603787 -0.203379 0)
(-0.511893 -0.249816 0)
(-0.394234 -0.277114 0)
(-0.28055 -0.263359 0)
(-0.163222 -0.231887 0)
(-0.0771858 -0.156053 0)
(-0.0156445 -0.0939106 0)
(0.0134153 -0.00761889 0)
(-5.03106e-266 0.00500395 0)
(-0.0754413 0.186142 0)
(-0.161028 0.302581 0)
(-0.275581 0.350034 0)
(-0.397147 0.366515 0)
(-0.519507 0.350228 0)
(-0.63488 0.316209 0)
(-0.734083 0.26349 0)
(-0.814097 0.19637 0)
(-0.865449 0.115103 0)
(-0.887922 0.0187049 0)
(-0.875151 -0.0890895 0)
(-0.833144 -0.195351 0)
(-0.74946 -0.29438 0)
(-0.642356 -0.365093 0)
(-0.498981 -0.407622 0)
(-0.357463 -0.393561 0)
(-0.20608 -0.350124 0)
(-0.0963319 -0.239967 0)
(-0.013111 -0.150198 0)
(0.0159587 -0.00463039 0)
(-0.0200158 0.0800111 0)
(-0.103926 0.273845 0)
(-0.201863 0.401253 0)
(-0.326497 0.471918 0)
(-0.462443 0.493565 0)
(-0.598665 0.476322 0)
(-0.729694 0.431155 0)
(-0.844534 0.360595 0)
(-0.941193 0.269652 0)
(-1.009 0.157942 0)
(-1.0476 0.0290722 0)
(-1.04677 -0.114149 0)
(-1.0109 -0.258418 0)
(-0.923179 -0.39491 0)
(-0.803401 -0.498823 0)
(-0.63186 -0.563506 0)
(-0.459277 -0.554024 0)
(-0.261831 -0.495088 0)
(-0.126873 -0.345984 0)
(-0.000736533 -0.20787 0)
(5.63573e-266 -0.00398968 0)
(-0.0144512 0.131242 0)
(-0.0978641 0.369076 0)
(-0.219839 0.525808 0)
(-0.361772 0.61144 0)
(-0.514628 0.639073 0)
(-0.66722 0.617892 0)
(-0.814271 0.562506 0)
(-0.947564 0.47498 0)
(-1.06368 0.361277 0)
(-1.15349 0.221026 0)
(-1.21457 0.0568463 0)
(-1.2331 -0.126783 0)
(-1.21123 -0.318489 0)
(-1.12638 -0.503839 0)
(-0.99811 -0.655685 0)
(-0.799345 -0.755331 0)
(-0.590206 -0.761897 0)
(-0.340755 -0.688179 0)
(-0.166036 -0.496671 0)
(-0.00218249 -0.286002 0)
(2.19413e-24 -1.33915e-24 0)
(-0.0126604 0.189188 0)
(-0.101426 0.477522 0)
(-0.239537 0.663825 0)
(-0.396205 0.765104 0)
(-0.565515 0.79799 0)
(-0.733848 0.774642 0)
(-0.898126 0.710853 0)
(-1.05095 0.609088 0)
(-1.18927 0.475476 0)
(-1.30459 0.30831 0)
(-1.39276 0.109246 0)
(-1.43772 -0.11796 0)
(-1.43796 -0.363822 0)
(-1.36493 -0.609105 0)
(-1.23569 -0.823729 0)
(-1.01299 -0.973979 0)
(-0.7658 -1.00904 0)
(-0.453092 -0.923641 0)
(-0.226806 -0.677618 0)
(-0.00407113 -0.380583 0)
(9.04322e-77 -5.48533e-25 0)
(-0.0111808 0.246059 0)
(-0.101916 0.59762 0)
(-0.252303 0.821494 0)
(-0.421079 0.938137 0)
(-0.604176 0.977364 0)
(-0.786541 0.950659 0)
(-0.965971 0.880048 0)
(-1.13758 0.765878 0)
(-1.29773 0.615181 0)
(-1.44025 0.423879 0)
(-1.55873 0.190221 0)
(-1.63626 -0.0827364 0)
(-1.66705 -0.390832 0)
(-1.61683 -0.708568 0)
(-1.49754 -1.00692 0)
(-1.2602 -1.23048 0)
(-0.976833 -1.32025 0)
(-0.594787 -1.23621 0)
(-0.302649 -0.940543 0)
(-0.00550672 -0.526414 0)
(2.53125e-164 -2.26081e-77 0)
(-0.0118147 0.29916 0)
(-0.108114 0.716981 0)
(-0.270506 0.980935 0)
(-0.449871 1.11492 0)
(-0.643389 1.16201 0)
(-0.83586 1.13465 0)
(-1.02543 1.061 0)
(-1.21098 0.939551 0)
(-1.38789 0.777827 0)
(-1.55425 0.568523 0)
(-1.70097 0.305746 0)
(-1.81357 -0.0100953 0)
(-1.88082 -0.381558 0)
(-1.86591 -0.779534 0)
(-1.77211 -1.17736 0)
(-1.53838 -1.49796 0)
(-1.23276 -1.66973 0)
(-0.78716 -1.60476 0)
(-0.42185 -1.25618 0)
(-0.0687057 -0.694569 0)
(1.61491e-265 0.0120353 0)
(-0.0132826 0.367027 0)
(-0.112991 0.858495 0)
(-0.283457 1.16488 0)
(-0.468199 1.31184 0)
(-0.665314 1.36465 0)
(-0.860435 1.33277 0)
(-1.05119 1.25589 0)
(-1.24129 1.12792 0)
(-1.42459 0.958562 0)
(-1.60508 0.736147 0)
(-1.7716 0.449354 0)
(-1.91478 0.0958903 0)
(-2.01957 -0.338407 0)
(-2.04953 -0.819708 0)
(-1.99875 -1.33396 0)
(-1.79375 -1.77614 0)
(-1.48775 -2.07074 0)
(-0.98827 -2.06013 0)
(-0.528358 -1.65371 0)
(-0.0690017 -0.966283 0)
(0.0481413 -0.064841 0)
(-0.017675 0.421146 0)
(-0.126396 0.984246 0)
(-0.309134 1.3333 0)
(-0.497943 1.49353 0)
(-0.691077 1.55246 0)
(-0.878854 1.51795 0)
(-1.05578 1.44085 0)
(-1.2347 1.31131 0)
(-1.40529 1.14117 0)
(-1.582 0.914763 0)
(-1.74963 0.615786 0)
(-1.91096 0.23792 0)
(-2.045 -0.244803 0)
(-2.12634 -0.800018 0)
(-2.13498 -1.42867 0)
(-1.99239 -2.01098 0)
(-1.72919 -2.46937 0)
(-1.19435 -2.57226 0)
(-0.673969 -2.16882 0)
(0.0355041 -1.27725 0)
(2.23379e-231 -0.0120353 0)
(-0.0234537 0.513986 0)
(-0.139113 1.15303 0)
(-0.328153 1.54026 0)
(-0.512235 1.69486 0)
(-0.689166 1.74863 0)
(-0.85527 1.69771 0)
(-1.00107 1.61352 0)
(-1.14896 1.47725 0)
(-1.28409 1.30628 0)
(-1.43202 1.08006 0)
(-1.57498 0.777686 0)
(-1.73001 0.390682 0)
(-1.87529 -0.123879 0)
(-2.00119 -0.730814 0)
(-2.0821 -1.46805 0)
(-2.04185 -2.18672 0)
(-1.88435 -2.86895 0)
(-1.41382 -3.13298 0)
(-0.87504 -2.8787 0)
(-0.00384126 -1.67496 0)
(5.53833e-202 4.44804e-184 0)
(-0.0404713 0.576557 0)
(-0.179533 1.28285 0)
(-0.383805 1.70243 0)
(-0.560726 1.84893 0)
(-0.70321 1.89372 0)
(-0.828226 1.82626 0)
(-0.914316 1.73405 0)
(-1.00416 1.59282 0)
(-1.07154 1.42436 0)
(-1.1605 1.2059 0)
(-1.24437 0.914522 0)
(-1.36472 0.540122 0)
(-1.48967 0.0288541 0)
(-1.64933 -0.58985 0)
(-1.79304 -1.38095 0)
(-1.90012 -2.20621 0)
(-1.89469 -3.08274 0)
(-1.61024 -3.59082 0)
(-1.12528 -3.5569 0)
(-0.0102473 -2.18103 0)
(1.77922e-183 8.32625e-185 0)
(-0.0597262 0.741776 0)
(-0.21975 1.50065 0)
(-0.424409 1.93069 0)
(-0.576359 2.01554 0)
(-0.663468 2.02308 0)
(-0.724985 1.90937 0)
(-0.728525 1.79349 0)
(-0.735273 1.63501 0)
(-0.709159 1.46409 0)
(-0.709734 1.2538 0)
(-0.703699 0.981293 0)
(-0.752104 0.637692 0)
(-0.820649 0.158408 0)
(-0.970923 -0.424601 0)
(-1.1555 -1.22094 0)
(-1.39684 -2.08201 0)
(-1.61329 -3.16463 0)
(-1.63934 -3.91007 0)
(-1.45232 -4.49748 0)
(-0.455387 -2.84638 0)
(4.32648e-254 -4.44804e-184 0)
(-0.125161 0.841755 0)
(-0.352409 1.63431 0)
(-0.55085 2.05358 0)
(-0.657979 2.07814 0)
(-0.632674 2.04138 0)
(-0.588778 1.88626 0)
(-0.459073 1.74514 0)
(-0.34682 1.57231 0)
(-0.191692 1.40013 0)
(-0.0784664 1.20253 0)
(0.044722 0.958635 0)
(0.0877041 0.662506 0)
(0.108513 0.25082 0)
(-0.016227 -0.246012 0)
(-0.188073 -0.94726 0)
(-0.59245 -1.73733 0)
(-0.979929 -2.81452 0)
(-1.62949 -3.75123 0)
(-1.73372 -4.65419 0)
(-2.05152 -3.7093 0)
(-2.51192e-264 -0.21157 0)
(-0.179692 1.24044 0)
(-0.4391 1.93057 0)
(-0.563741 2.25838 0)
(-0.563989 2.09763 0)
(-0.380387 1.96772 0)
(-0.189451 1.73555 0)
(0.0972997 1.55821 0)
(0.349499 1.36785 0)
(0.642722 1.19781 0)
(0.878789 1.01903 0)
(1.12178 0.814259 0)
(1.26911 0.57848 0)
(1.3903 0.258586 0)
(1.34241 -0.118762 0)
(1.22833 -0.655335 0)
(0.828589 -1.27335 0)
(0.342131 -2.1573 0)
(-0.52391 -3.11225 0)
(-1.18553 -4.16283 0)
(-1.85942 -4.43768 0)
(-0.846278 -2.28712 0)
(-0.399257 1.42598 0)
(-0.729758 1.98961 0)
(-0.543313 2.17258 0)
(-0.293449 1.8781 0)
(0.221983 1.66807 0)
(0.64019 1.40105 0)
(1.14668 1.20846 0)
(1.5573 1.02512 0)
(1.99113 0.872777 0)
(2.33328 0.726282 0)
(2.67203 0.570287 0)
(2.89103 0.402249 0)
(3.08632 0.180526 0)
(3.08416 -0.0685183 0)
(3.0384 -0.429572 0)
(2.65007 -0.828338 0)
(2.21471 -1.46108 0)
(1.23335 -2.19207 0)
(0.369935 -3.32063 0)
(-0.743583 -3.97207 0)
(-0.696237 -2.9571 0)
(-0.254326 2.43127 0)
(-0.0936771 2.06929 0)
(0.69228 1.87282 0)
(1.32731 1.325 0)
(2.12049 1.05503 0)
(2.71746 0.8048 0)
(3.33647 0.647897 0)
(3.81419 0.519756 0)
(4.28194 0.422538 0)
(4.6388 0.337853 0)
(4.97806 0.254624 0)
(5.19498 0.169092 0)
(5.38737 0.0616725 0)
(5.3958 -0.0582969 0)
(5.37341 -0.230995 0)
(5.04081 -0.427637 0)
(4.68108 -0.770519 0)
(3.77498 -1.23419 0)
(2.83055 -2.25157 0)
(1.07602 -3.32584 0)
(-0.043449 -3.80098 0)
(1.6694 1.67168 0)
(2.7128 0.977257 0)
(4.55889 0.750045 0)
(5.39696 0.423543 0)
(6.25648 0.284255 0)
(6.75323 0.174599 0)
(7.21584 0.11738 0)
(7.52169 0.0774044 0)
(7.80375 0.0521342 0)
(7.99488 0.0332603 0)
(8.17157 0.0169139 0)
(8.2632 0.00149875 0)
(8.34476 -0.0182171 0)
(8.30239 -0.0385852 0)
(8.25882 -0.0744844 0)
(7.98965 -0.109097 0)
(7.74655 -0.200601 0)
(7.00002 -0.295298 0)
(6.26708 -0.628944 0)
(4.04865 -1.00114 0)
(2.0096 -1.8228 0)
)
;

boundaryField
{
    movingWall
    {
        type            fixedValue;
        value           uniform (10 0 0);
    }
    fixedWalls
    {
        type            noSlip;
    }
    frontAndBack
    {
        type            empty;
    }
}


// ************************************************************************* //
