/*--------------------------------*- C++ -*----------------------------------*\
| =========                 |                                                 |
| \\      /  F ield         | OpenFOAM: The Open Source CFD Toolbox           |
|  \\    /   O peration     | Version:  4.1                                   |
|   \\  /    A nd           | Web:      www.OpenFOAM.org                      |
|    \\/     M anipulation  |                                                 |
\*---------------------------------------------------------------------------*/
FoamFile
{
    version     2.0;
    format      ascii;
    class       volVectorField;
    location    "0.0984";
    object      U;
}
// * * * * * * * * * * * * * * * * * * * * * * * * * * * * * * * * * * * * * //

dimensions      [0 1 -1 0 0 0 0];

internalField   nonuniform List<vector> 
441
(
(0.00381674 -0.00489075 0)
(0.0100077 -0.00254069 0)
(-0.000635172 -2.22024e-165 0)
(0.00200987 -3.42199e-266 0)
(-0.0083714 -0.00803975 0)
(-0.00200987 -3.1188e-232 0)
(-1.15679e-202 -5.76451e-203 0)
(-1.44107e-203 -7.56992e-228 0)
(-1.75926e-212 -3.30556e-213 0)
(-0.00628228 9.31135e-266 0)
(-0.0770626 0.0251299 0)
(-0.0966429 0.0131063 0)
(-0.108598 0.00596174 0)
(-0.0951696 0.000345577 0)
(-0.0778504 -0.00174056 0)
(-0.0513098 -0.00310466 0)
(-0.0285741 -0.00219141 0)
(-0.00853929 -0.00157554 0)
(0.00339582 0.000828788 0)
(0.00484829 0.00160803 0)
(0.00464934 0.00306995 0)
(0.00396702 -0.00875033 0)
(-0.000707515 0.00691405 0)
(-0.0276876 0.00867982 0)
(-0.0603598 0.0108309 0)
(-0.10925 0.0111544 0)
(-0.155695 -0.00315229 0)
(-0.199531 -0.000128084 0)
(-0.241782 0.00172114 0)
(-0.279258 0.0135722 0)
(-0.316866 0.0686259 0)
(-0.342176 0.0629774 0)
(-0.33584 0.0188688 0)
(-0.319761 -0.00807455 0)
(-0.275543 -0.0319 0)
(-0.223724 -0.0423319 0)
(-0.158902 -0.0475189 0)
(-0.100558 -0.0404143 0)
(-0.0490679 -0.031687 0)
(-0.0147069 -0.013688 0)
(-0.000630771 -0.0035802 0)
(0.00505967 0.00665548 0)
(0.00782833 -0.0086512 0)
(-0.00516343 0.0287266 0)
(-0.0553786 0.0582495 0)
(-0.12392 0.0789299 0)
(-0.208028 0.0860872 0)
(-0.295161 0.0860245 0)
(-0.38899 0.0830894 0)
(-0.465609 0.0771409 0)
(-0.540596 0.0721976 0)
(-0.577275 0.0676304 0)
(-0.572821 0.0450556 0)
(-0.553461 -0.00801272 0)
(-0.51437 -0.0536388 0)
(-0.446186 -0.0954742 0)
(-0.365094 -0.117396 0)
(-0.267592 -0.126556 0)
(-0.177455 -0.110821 0)
(-0.0954901 -0.0879543 0)
(-0.0381878 -0.0464938 0)
(-0.00780951 -0.0186121 0)
(0.00649608 0.00787708 0)
(0.00648031 -0.0117709 0)
(-0.0168671 0.071932 0)
(-0.100117 0.127371 0)
(-0.198736 0.165997 0)
(-0.315158 0.182761 0)
(-0.432564 0.180653 0)
(-0.548345 0.172115 0)
(-0.648678 0.154281 0)
(-0.731002 0.127807 0)
(-0.77928 0.0980655 0)
(-0.788382 0.0388775 0)
(-0.763086 -0.0407513 0)
(-0.710495 -0.115541 0)
(-0.62082 -0.182404 0)
(-0.513418 -0.22079 0)
(-0.383852 -0.236745 0)
(-0.261779 -0.211962 0)
(-0.147216 -0.172672 0)
(-0.0649316 -0.100473 0)
(-0.0158588 -0.0496657 0)
(0.00809524 0.00573201 0)
(7.09328e-165 0.00162008 0)
(-0.0256938 0.134857 0)
(-0.146002 0.239301 0)
(-0.269586 0.292448 0)
(-0.416645 0.31874 0)
(-0.559755 0.317264 0)
(-0.702143 0.297792 0)
(-0.822777 0.258624 0)
(-0.922567 0.202005 0)
(-0.981199 0.125751 0)
(-0.998143 0.02927 0)
(-0.973923 -0.0856277 0)
(-0.913196 -0.195136 0)
(-0.80701 -0.292928 0)
(-0.675698 -0.353279 0)
(-0.512613 -0.37914 0)
(-0.356215 -0.345951 0)
(-0.20213 -0.285975 0)
(-0.0921152 -0.176107 0)
(-0.0187707 -0.092546 0)
(0.0147091 0.000897193 0)
(-5.74781e-266 0.00597227 0)
(-0.0927784 0.222857 0)
(-0.20416 0.369139 0)
(-0.352624 0.438538 0)
(-0.513667 0.472747 0)
(-0.678597 0.467246 0)
(-0.837724 0.435772 0)
(-0.977917 0.374968 0)
(-1.09309 0.287156 0)
(-1.16924 0.172835 0)
(-1.20369 0.0319087 0)
(-1.1879 -0.126763 0)
(-1.12811 -0.28222 0)
(-1.01069 -0.421606 0)
(-0.858852 -0.514769 0)
(-0.661297 -0.558822 0)
(-0.466685 -0.5214 0)
(-0.266508 -0.440021 0)
(-0.123269 -0.2818 0)
(-0.0216346 -0.159772 0)
(0.0161383 0.00305314 0)
(-0.0238891 0.0976999 0)
(-0.129393 0.335313 0)
(-0.257446 0.499501 0)
(-0.420576 0.600015 0)
(-0.601033 0.643803 0)
(-0.784693 0.639746 0)
(-0.96432 0.596201 0)
(-1.12462 0.512982 0)
(-1.26088 0.393044 0)
(-1.3577 0.236094 0)
(-1.41243 0.0484258 0)
(-1.41178 -0.16154 0)
(-1.36 -0.371347 0)
(-1.23821 -0.563201 0)
(-1.07079 -0.701226 0)
(-0.838178 -0.773315 0)
(-0.603042 -0.738458 0)
(-0.343529 -0.631968 0)
(-0.164361 -0.417661 0)
(-0.00838681 -0.233857 0)
(6.00495e-266 -0.00403459 0)
(-0.0176491 0.161771 0)
(-0.123848 0.457594 0)
(-0.280735 0.660832 0)
(-0.464587 0.782885 0)
(-0.664952 0.837027 0)
(-0.867624 0.830785 0)
(-1.06551 0.775973 0)
(-1.24665 0.671373 0)
(-1.40491 0.520659 0)
(-1.5269 0.323804 0)
(-1.60792 0.0864294 0)
(-1.63049 -0.180297 0)
(-1.59657 -0.455273 0)
(-1.48036 -0.71314 0)
(-1.30565 -0.914134 0)
(-1.04305 -1.03091 0)
(-0.765538 -1.01444 0)
(-0.441855 -0.885257 0)
(-0.212791 -0.612264 0)
(-0.00385996 -0.333824 0)
(2.64898e-24 -1.04637e-24 0)
(-0.015652 0.23541 0)
(-0.127037 0.596454 0)
(-0.300297 0.838508 0)
(-0.498502 0.982258 0)
(-0.714567 1.0454 0)
(-0.931811 1.03858 0)
(-1.14565 0.974218 0)
(-1.34516 0.851143 0)
(-1.52505 0.672994 0)
(-1.67293 0.438427 0)
(-1.78284 0.152612 0)
(-1.83521 -0.173447 0)
(-1.82849 -0.520005 0)
(-1.73034 -0.855507 0)
(-1.56127 -1.13635 0)
(-1.27925 -1.31683 0)
(-0.964892 -1.33598 0)
(-0.572589 -1.19032 0)
(-0.284316 -0.847721 0)
(-0.00508894 -0.454855 0)
(1.07544e-76 -6.62245e-25 0)
(-0.0134892 0.304999 0)
(-0.123514 0.743962 0)
(-0.305043 1.03296 0)
(-0.510627 1.19768 0)
(-0.735155 1.27068 0)
(-0.960622 1.26175 0)
(-1.18344 1.18951 0)
(-1.39573 1.05031 0)
(-1.59211 0.848598 0)
(-1.76336 0.580867 0)
(-1.90208 0.249068 0)
(-1.98861 -0.135841 0)
(-2.01785 -0.559427 0)
(-1.9518 -0.983047 0)
(-1.80513 -1.36434 0)
(-1.52154 -1.63347 0)
(-1.18199 -1.71959 0)
(-0.724328 -1.57655 0)
(-0.368888 -1.17401 0)
(-0.00738548 -0.633913 0)
(2.98606e-164 -2.68861e-77 0)
(-0.0133164 0.368864 0)
(-0.122952 0.886209 0)
(-0.307868 1.22321 0)
(-0.514445 1.41001 0)
(-0.73882 1.49359 0)
(-0.963186 1.48475 0)
(-1.1844 1.40816 0)
(-1.39897 1.25829 0)
(-1.6012 1.0402 0)
(-1.78732 0.747542 0)
(-1.94842 0.378506 0)
(-2.06877 -0.0580485 0)
(-2.13897 -0.554704 0)
(-2.11941 -1.06916 0)
(-2.01563 -1.56311 0)
(-1.75764 -1.94391 0)
(-1.41807 -2.12816 0)
(-0.914927 -2.01206 0)
(-0.493811 -1.55271 0)
(-0.0823488 -0.837397 0)
(1.79837e-265 0.0134146 0)
(-0.0136119 0.44214 0)
(-0.117826 1.04069 0)
(-0.297917 1.42591 0)
(-0.495611 1.6293 0)
(-0.70801 1.72054 0)
(-0.918713 1.70727 0)
(-1.12413 1.62593 0)
(-1.32641 1.46668 0)
(-1.51916 1.23717 0)
(-1.70591 0.927422 0)
(-1.87702 0.530684 0)
(-2.02372 0.0537769 0)
(-2.13403 -0.508074 0)
(-2.17045 -1.10855 0)
(-2.12908 -1.72477 0)
(-1.92731 -2.23765 0)
(-1.61801 -2.56096 0)
(-1.08982 -2.51546 0)
(-0.590729 -2.00064 0)
(-0.0765758 -1.14783 0)
(0.0536582 -0.0781042 0)
(-0.0166341 0.495903 0)
(-0.119137 1.16755 0)
(-0.295512 1.59808 0)
(-0.479477 1.81678 0)
(-0.668443 1.91489 0)
(-0.851643 1.89832 0)
(-1.02257 1.81495 0)
(-1.19356 1.65185 0)
(-1.35492 1.41954 0)
(-1.52216 1.105 0)
(-1.68263 0.697184 0)
(-1.84139 0.199532 0)
(-1.98147 -0.40516 0)
(-2.07819 -1.07318 0)
(-2.1142 -1.80063 0)
(-2.00249 -2.45663 0)
(-1.77169 -2.9588 0)
(-1.2448 -3.04836 0)
(-0.717707 -2.55955 0)
(0.043959 -1.48913 0)
(2.48013e-231 -0.0134146 0)
(-0.0209207 0.580908 0)
(-0.118828 1.32263 0)
(-0.284176 1.79017 0)
(-0.443966 2.00337 0)
(-0.595591 2.09595 0)
(-0.735584 2.06186 0)
(-0.853955 1.96996 0)
(-0.973913 1.79928 0)
(-1.08206 1.56672 0)
(-1.20629 1.25533 0)
(-1.33185 0.850044 0)
(-1.47902 0.352824 0)
(-1.62987 -0.271137 0)
(-1.77718 -0.976071 0)
(-1.89804 -1.79922 0)
(-1.91192 -2.58419 0)
(-1.81822 -3.31681 0)
(-1.39967 -3.58767 0)
(-0.892655 -3.28266 0)
(-0.00289909 -1.90367 0)
(5.83642e-202 4.59015e-184 0)
(-0.0366815 0.6288 0)
(-0.147831 1.42477 0)
(-0.31255 1.91958 0)
(-0.446998 2.12284 0)
(-0.544289 2.20514 0)
(-0.623445 2.15348 0)
(-0.663228 2.05328 0)
(-0.708726 1.87898 0)
(-0.735791 1.65269 0)
(-0.791814 1.35581 0)
(-0.852781 0.971521 0)
(-0.96351 0.500352 0)
(-1.09451 -0.103517 0)
(-1.27876 -0.80076 0)
(-1.46761 -1.65761 0)
(-1.64055 -2.5329 0)
(-1.71826 -3.45422 0)
(-1.51925 -3.98234 0)
(-1.10548 -3.93253 0)
(-0.0115087 -2.41228 0)
(1.83606e-183 -1.55395e-184 0)
(-0.05523 0.773688 0)
(-0.180952 1.60283 0)
(-0.335093 2.09897 0)
(-0.431175 2.23661 0)
(-0.458185 2.27975 0)
(-0.459382 2.18169 0)
(-0.403582 2.05973 0)
(-0.355863 1.87286 0)
(-0.28267 1.65187 0)
(-0.247458 1.37395 0)
(-0.218963 1.02195 0)
(-0.260647 0.597163 0)
(-0.338474 0.0426462 0)
(-0.515559 -0.599377 0)
(-0.744586 -1.44042 0)
(-1.05173 -2.32985 0)
(-1.35332 -3.44262 0)
(-1.48268 -4.20698 0)
(-1.39129 -4.80704 0)
(-0.466556 -3.05643 0)
(4.40279e-254 -4.59015e-184 0)
(-0.121106 0.851347 0)
(-0.314684 1.69159 0)
(-0.460296 2.16493 0)
(-0.507059 2.23637 0)
(-0.415375 2.2328 0)
(-0.30505 2.09404 0)
(-0.110606 1.95089 0)
(0.0595304 1.75723 0)
(0.263037 1.54607 0)
(0.410721 1.29475 0)
(0.552935 0.987165 0)
(0.59744 0.626032 0)
(0.604125 0.155235 0)
(0.449246 -0.38519 0)
(0.235562 -1.11344 0)
(-0.228212 -1.91315 0)
(-0.687021 -2.99717 0)
(-1.43839 -3.94316 0)
(-1.63757 -4.85757 0)
(-2.07448 -3.87981 0)
(-2.59746e-264 -0.216288 0)
(-0.177791 1.23129 0)
(-0.413475 1.94644 0)
(-0.494763 2.31385 0)
(-0.441792 2.19188 0)
(-0.196654 2.09156 0)
(0.0573015 1.87642 0)
(0.406481 1.70172 0)
(0.714703 1.49932 0)
(1.05465 1.30291 0)
(1.32335 1.08601 0)
(1.58303 0.8349 0)
(1.72909 0.551122 0)
(1.83291 0.18757 0)
(1.75296 -0.221316 0)
(1.5978 -0.773958 0)
(1.14785 -1.3911 0)
(0.606605 -2.26429 0)
(-0.331096 -3.21255 0)
(-1.07149 -4.26173 0)
(-1.8399 -4.54296 0)
(-0.86515 -2.31864 0)
(-0.400675 1.4085 0)
(-0.724971 1.97992 0)
(-0.515362 2.18751 0)
(-0.230185 1.9212 0)
(0.331917 1.73457 0)
(0.801791 1.48277 0)
(1.36259 1.2954 0)
(1.82411 1.10698 0)
(2.30202 0.939458 0)
(2.67616 0.76945 0)
(3.03225 0.583998 0)
(3.25121 0.384977 0)
(3.43038 0.134881 0)
(3.39719 -0.134507 0)
(3.31196 -0.504947 0)
(2.87828 -0.900292 0)
(2.40031 -1.5195 0)
(1.37324 -2.23592 0)
(0.464737 -3.3547 0)
(-0.704091 -4.00795 0)
(-0.70168 -2.96443 0)
(-0.257744 2.41892 0)
(-0.105661 2.05577 0)
(0.682039 1.86937 0)
(1.33147 1.33624 0)
(2.15192 1.07946 0)
(2.78449 0.83842 0)
(3.44455 0.685295 0)
(3.96307 0.555489 0)
(4.46755 0.451358 0)
(4.85192 0.355579 0)
(5.20663 0.258465 0)
(5.42415 0.158499 0)
(5.603 0.0383951 0)
(5.58495 -0.090053 0)
(5.52869 -0.26515 0)
(5.1588 -0.458072 0)
(4.76638 -0.791045 0)
(3.83297 -1.2449 0)
(2.86848 -2.25326 0)
(1.09332 -3.33046 0)
(-0.0465255 -3.79868 0)
(1.66678 1.66911 0)
(2.70101 0.97414 0)
(4.54036 0.748117 0)
(5.37961 0.423937 0)
(6.24894 0.28684 0)
(6.76199 0.178634 0)
(7.24498 0.121833 0)
(7.57153 0.0813245 0)
(7.87193 0.0546378 0)
(8.07577 0.0337972 0)
(8.25802 0.0152045 0)
(8.3465 -0.0022129 0)
(8.41743 -0.0233667 0)
(8.35776 -0.0440936 0)
(8.29484 -0.0792363 0)
(8.00623 -0.111945 0)
(7.74962 -0.20081 0)
(6.99528 -0.293118 0)
(6.26195 -0.624832 0)
(4.04563 -0.997052 0)
(2.0049 -1.81758 0)
)
;

boundaryField
{
    movingWall
    {
        type            fixedValue;
        value           uniform (10 0 0);
    }
    fixedWalls
    {
        type            noSlip;
    }
    frontAndBack
    {
        type            empty;
    }
}


// ************************************************************************* //
