/*--------------------------------*- C++ -*----------------------------------*\
| =========                 |                                                 |
| \\      /  F ield         | OpenFOAM: The Open Source CFD Toolbox           |
|  \\    /   O peration     | Version:  4.1                                   |
|   \\  /    A nd           | Web:      www.OpenFOAM.org                      |
|    \\/     M anipulation  |                                                 |
\*---------------------------------------------------------------------------*/
FoamFile
{
    version     2.0;
    format      ascii;
    class       volVectorField;
    location    "0.0624";
    object      U;
}
// * * * * * * * * * * * * * * * * * * * * * * * * * * * * * * * * * * * * * //

dimensions      [0 1 -1 0 0 0 0];

internalField   nonuniform List<vector> 
441
(
(0.00349711 -0.004657 0)
(0.00903082 -0.00254821 0)
(-0.000637059 -2.18251e-165 0)
(0.00181738 -3.02396e-266 0)
(-0.00852833 -0.00727009 0)
(-0.00181738 -2.86205e-232 0)
(-1.10299e-202 -5.05228e-203 0)
(-1.26292e-203 -6.57067e-228 0)
(-1.59491e-212 -2.84148e-213 0)
(-0.00568111 8.47336e-266 0)
(-0.0691859 0.0227265 0)
(-0.0873472 0.0120058 0)
(-0.0990669 0.00561215 0)
(-0.088189 0.000569638 0)
(-0.0738884 -0.00134239 0)
(-0.0507966 -0.00270443 0)
(-0.0305688 -0.00202086 0)
(-0.011852 -0.00165897 0)
(0.000213565 0.000448467 0)
(0.00309064 0.0011543 0)
(0.00423319 0.00272083 0)
(0.00347663 -0.00767946 0)
(-0.0016166 0.00663163 0)
(-0.0270273 0.00802189 0)
(-0.0570325 0.0105617 0)
(-0.101337 0.0100865 0)
(-0.142412 -0.00366442 0)
(-0.180699 -0.000268557 0)
(-0.217143 0.0014735 0)
(-0.249362 0.0121165 0)
(-0.282013 0.0615142 0)
(-0.304583 0.0569531 0)
(-0.299815 0.0182479 0)
(-0.287548 -0.00528551 0)
(-0.250484 -0.0264801 0)
(-0.206762 -0.0361674 0)
(-0.150426 -0.0418582 0)
(-0.098791 -0.036721 0)
(-0.0515678 -0.0303648 0)
(-0.0184905 -0.0148918 0)
(-0.00305231 -0.00591232 0)
(0.00449352 0.0048238 0)
(0.00699425 -0.00704134 0)
(-0.00540885 0.0275697 0)
(-0.0518733 0.0540434 0)
(-0.113864 0.0719487 0)
(-0.188754 0.0770087 0)
(-0.265851 0.0754728 0)
(-0.347953 0.0721041 0)
(-0.413777 0.0664108 0)
(-0.478546 0.0623848 0)
(-0.509789 0.0595042 0)
(-0.505912 0.0414242 0)
(-0.490099 -0.00387009 0)
(-0.458175 -0.0430513 0)
(-0.400715 -0.0800457 0)
(-0.331885 -0.100453 0)
(-0.247141 -0.110963 0)
(-0.167704 -0.0997179 0)
(-0.0934203 -0.0824687 0)
(-0.0398378 -0.0469775 0)
(-0.00960545 -0.0222616 0)
(0.00588816 0.00458382 0)
(0.00607681 -0.00953803 0)
(-0.0148329 0.0671752 0)
(-0.0901813 0.116496 0)
(-0.178182 0.149715 0)
(-0.281186 0.16243 0)
(-0.384138 0.158155 0)
(-0.484893 0.149238 0)
(-0.571478 0.1329 0)
(-0.642636 0.110379 0)
(-0.684512 0.0863027 0)
(-0.693217 0.0370146 0)
(-0.67263 -0.03058 0)
(-0.62926 -0.0948014 0)
(-0.553147 -0.153908 0)
(-0.461391 -0.189553 0)
(-0.34845 -0.207525 0)
(-0.240998 -0.189877 0)
(-0.137954 -0.159877 0)
(-0.0625328 -0.0978473 0)
(-0.0159717 -0.0530142 0)
(0.00764081 0.00148433 0)
(6.51827e-165 0.0015192 0)
(-0.0221882 0.123391 0)
(-0.129681 0.216629 0)
(-0.238845 0.261585 0)
(-0.36823 0.28193 0)
(-0.493299 0.277442 0)
(-0.617293 0.258234 0)
(-0.721846 0.223134 0)
(-0.808819 0.174763 0)
(-0.8604 0.110757 0)
(-0.876707 0.0299602 0)
(-0.857634 -0.0675848 0)
(-0.807447 -0.161769 0)
(-0.71678 -0.248255 0)
(-0.603842 -0.304064 0)
(-0.460921 -0.332219 0)
(-0.323067 -0.308731 0)
(-0.184779 -0.262033 0)
(-0.0851619 -0.167265 0)
(-0.0172051 -0.0932938 0)
(0.0142301 -0.00294376 0)
(-5.29574e-266 0.00540331 0)
(-0.0829347 0.201399 0)
(-0.180536 0.331281 0)
(-0.311132 0.390049 0)
(-0.452192 0.41679 0)
(-0.596414 0.408272 0)
(-0.735403 0.378402 0)
(-0.857998 0.324676 0)
(-0.959541 0.249771 0)
(-1.02776 0.153424 0)
(-1.0606 0.0345375 0)
(-1.04966 -0.100844 0)
(-1.00054 -0.235398 0)
(-0.899548 -0.359093 0)
(-0.767739 -0.444942 0)
(-0.593199 -0.490714 0)
(-0.420652 -0.464959 0)
(-0.240622 -0.400879 0)
(-0.111384 -0.26347 0)
(-0.0178379 -0.155601 0)
(0.0161106 -0.000234829 0)
(-0.0216133 0.087585 0)
(-0.115322 0.300488 0)
(-0.227819 0.445211 0)
(-0.371446 0.531495 0)
(-0.530238 0.566461 0)
(-0.691852 0.559271 0)
(-0.850242 0.519069 0)
(-0.992231 0.446392 0)
(-1.11424 0.344319 0)
(-1.20254 0.21157 0)
(-1.25483 0.0523541 0)
(-1.25822 -0.127954 0)
(-1.21637 -0.310885 0)
(-1.11065 -0.481956 0)
(-0.963557 -0.60894 0)
(-0.75557 -0.68111 0)
(-0.54515 -0.659032 0)
(-0.310118 -0.573681 0)
(-0.148643 -0.386839 0)
(-0.00510157 -0.2226 0)
(5.86112e-266 -0.00402766 0)
(-0.0158603 0.144718 0)
(-0.11014 0.408739 0)
(-0.249438 0.587991 0)
(-0.412778 0.69326 0)
(-0.590945 0.737474 0)
(-0.771467 0.728595 0)
(-0.948457 0.679119 0)
(-1.11168 0.588564 0)
(-1.25605 0.460494 0)
(-1.36942 0.293456 0)
(-1.44729 0.0906278 0)
(-1.47269 -0.140374 0)
(-1.44694 -0.382466 0)
(-1.34494 -0.61409 0)
(-1.18885 -0.799321 0)
(-0.950427 -0.913164 0)
(-0.698356 -0.908747 0)
(-0.402525 -0.803588 0)
(-0.194157 -0.563906 0)
(-0.00315556 -0.313639 0)
(2.46792e-24 -1.14586e-24 0)
(-0.0140787 0.210152 0)
(-0.114109 0.532266 0)
(-0.27028 0.746322 0)
(-0.448987 0.871227 0)
(-0.644226 0.923913 0)
(-0.841094 0.915244 0)
(-1.03599 0.858432 0)
(-1.21955 0.752871 0)
(-1.38715 0.601819 0)
(-1.52734 0.402166 0)
(-1.63404 0.156191 0)
(-1.68802 -0.128853 0)
(-1.68702 -0.437228 0)
(-1.59964 -0.741327 0)
(-1.4452 -1.00129 0)
(-1.18383 -1.1747 0)
(-0.892633 -1.2033 0)
(-0.528429 -1.08301 0)
(-0.262521 -0.778658 0)
(-0.00469441 -0.424356 0)
(1.01017e-76 -6.1698e-25 0)
(-0.0123675 0.273526 0)
(-0.113223 0.666634 0)
(-0.280295 0.923645 0)
(-0.469469 1.06781 0)
(-0.67663 1.13005 0)
(-0.885468 1.12034 0)
(-1.09326 1.05784 0)
(-1.29332 0.939303 0)
(-1.48063 0.768449 0)
(-1.64641 0.539603 0)
(-1.78275 0.251581 0)
(-1.87004 -0.0886076 0)
(-1.90223 -0.47025 0)
(-1.84228 -0.858542 0)
(-1.70408 -1.21432 0)
(-1.43448 -1.4716 0)
(-1.1121 -1.56263 0)
(-0.679093 -1.44379 0)
(-0.344965 -1.08209 0)
(-0.00656058 -0.59111 0)
(2.81766e-164 -2.52542e-77 0)
(-0.0126639 0.332407 0)
(-0.116465 0.798472 0)
(-0.291684 1.10033 0)
(-0.487079 1.26534 0)
(-0.699716 1.33826 0)
(-0.913246 1.32988 0)
(-1.12526 1.2652 0)
(-1.33307 1.13876 0)
(-1.53099 0.954467 0)
(-1.7152 0.703404 0)
(-1.87585 0.38036 0)
(-1.99677 -0.00983959 0)
(-2.06733 -0.46307 0)
(-2.04863 -0.940453 0)
(-1.9457 -1.40582 0)
(-1.6922 -1.77043 0)
(-1.36016 -1.95381 0)
(-0.873192 -1.85818 0)
(-0.469176 -1.43971 0)
(-0.0768719 -0.782106 0)
(1.74701e-265 0.0129669 0)
(-0.0135649 0.403589 0)
(-0.116471 0.947825 0)
(-0.293397 1.29577 0)
(-0.486965 1.47656 0)
(-0.695062 1.55738 0)
(-0.902344 1.54583 0)
(-1.10582 1.47827 0)
(-1.30802 1.34454 0)
(-1.50222 1.15068 0)
(-1.69143 0.88366 0)
(-1.86474 0.533122 0)
(-2.01246 0.101767 0)
(-2.12116 -0.417952 0)
(-2.15352 -0.98249 0)
(-2.10529 -1.56977 0)
(-1.89745 -2.06373 0)
(-1.58391 -2.38058 0)
(-1.06049 -2.34893 0)
(-0.571243 -1.87266 0)
(-0.074145 -1.07972 0)
(0.0518674 -0.0726049 0)
(-0.0172373 0.458086 0)
(-0.123587 1.07537 0)
(-0.304417 1.46793 0)
(-0.492485 1.66371 0)
(-0.685742 1.75182 0)
(-0.873854 1.73804 0)
(-1.05073 1.66987 0)
(-1.22859 1.53355 0)
(-1.39718 1.33753 0)
(-1.57109 1.06531 0)
(-1.73634 0.702012 0)
(-1.8968 0.246905 0)
(-2.03397 -0.31952 0)
(-2.12288 -0.955642 0)
(-2.14557 -1.65671 0)
(-2.0182 -2.29368 0)
(-1.77077 -2.78435 0)
(-1.23555 -2.87963 0)
(-0.706268 -2.41958 0)
(0.040235 -1.41216 0)
(2.39382e-231 -0.0129669 0)
(-0.022185 0.547335 0)
(-0.129216 1.23806 0)
(-0.306893 1.66853 0)
(-0.479324 1.85898 0)
(-0.644021 1.94189 0)
(-0.797162 1.91114 0)
(-0.928878 1.83494 0)
(-1.06174 1.69101 0)
(-1.18163 1.49386 0)
(-1.31536 1.22273 0)
(-1.44709 0.858651 0)
(-1.59597 0.399294 0)
(-1.74292 -0.192094 0)
(-1.87997 -0.871449 0)
(-1.98356 -1.67368 0)
(-1.97462 -2.44287 0)
(-1.85455 -3.16213 0)
(-1.41312 -3.43157 0)
(-0.890889 -3.14244 0)
(-0.00333317 -1.82297 0)
(5.75314e-202 4.55494e-184 0)
(-0.0384783 0.60248 0)
(-0.163246 1.35401 0)
(-0.347271 1.81423 0)
(-0.502052 1.99536 0)
(-0.620314 2.0681 0)
(-0.719716 2.01952 0)
(-0.778778 1.93424 0)
(-0.841361 1.7851 0)
(-0.882594 1.59166 0)
(-0.948753 1.33149 0)
(-1.0153 0.983921 0)
(-1.12634 0.545223 0)
(-1.25206 -0.0323608 0)
(-1.42471 -0.711022 0)
(-1.5952 -1.55414 0)
(-1.74269 -2.41947 0)
(-1.78922 -3.32972 0)
(-1.55766 -3.85208 0)
(-1.11649 -3.80624 0)
(-0.0111568 -2.33305 0)
(1.82198e-183 -6.4975e-185 0)
(-0.0573192 0.757088 0)
(-0.199447 1.55117 0)
(-0.377635 2.01678 0)
(-0.49961 2.13342 0)
(-0.553355 2.16674 0)
(-0.579764 2.07036 0)
(-0.54696 1.96089 0)
(-0.518279 1.79566 0)
(-0.459473 1.60308 0)
(-0.432987 1.35681 0)
(-0.407606 1.03617 0)
(-0.446727 0.638397 0)
(-0.517004 0.10459 0)
(-0.681408 -0.524896 0)
(-0.892843 -1.35881 0)
(-1.17585 -2.24529 0)
(-1.44744 -3.35202 0)
(-1.54029 -4.11125 0)
(-1.41524 -4.7063 0)
(-0.463128 -2.98652 0)
(4.38722e-254 -4.55494e-184 0)
(-0.123007 0.845306 0)
(-0.332752 1.66121 0)
(-0.503456 2.10926 0)
(-0.57801 2.16141 0)
(-0.515493 2.14755 0)
(-0.432416 2.00823 0)
(-0.262327 1.87376 0)
(-0.111447 1.69666 0)
(0.0785582 1.50797 0)
(0.219512 1.28207 0)
(0.361346 0.999889 0)
(0.411527 0.660595 0)
(0.428362 0.206018 0)
(0.287687 -0.325769 0)
(0.0905523 -1.05163 0)
(-0.352049 -1.85373 0)
(-0.786729 -2.93913 0)
(-1.50402 -3.88325 0)
(-1.67152 -4.7936 0)
(-2.06788 -3.82465 0)
(-2.56834e-264 -0.214735 0)
(-0.178759 1.23432 0)
(-0.426291 1.93596 0)
(-0.528625 2.28438 0)
(-0.500548 2.14572 0)
(-0.282766 2.03499 0)
(-0.0549162 1.81683 0)
(0.270616 1.64652 0)
(0.560169 1.45489 0)
(0.887244 1.27425 0)
(1.15005 1.07583 0)
(1.41051 0.843624 0)
(1.56367 0.57637 0)
(1.67921 0.225072 0)
(1.61445 -0.177567 0)
(1.47571 -0.729827 0)
(1.04367 -1.35153 0)
(0.520585 -2.23107 0)
(-0.393949 -3.18247 0)
(-1.10912 -4.23195 0)
(-1.84679 -4.50992 0)
(-0.858939 -2.30917 0)
(-0.400131 1.41601 0)
(-0.728311 1.98239 0)
(-0.530792 2.1777 0)
(-0.262941 1.89867 0)
(0.277591 1.70293 0)
(0.725206 1.44695 0)
(1.26452 1.26068 0)
(1.70811 1.07801 0)
(2.1729 0.920008 0)
(2.54026 0.761719 0)
(2.89606 0.588596 0)
(3.12119 0.400547 0)
(3.31149 0.158652 0)
(3.29317 -0.106605 0)
(3.22391 -0.477171 0)
(2.80648 -0.876484 0)
(2.34249 -1.50198 0)
(1.32975 -2.22363 0)
(0.435024 -3.34533 0)
(-0.716506 -3.99719 0)
(-0.699725 -2.96251 0)
(-0.256175 2.42464 0)
(-0.10077 2.06128 0)
(0.684833 1.86952 0)
(1.32621 1.32945 0)
(2.13313 1.06717 0)
(2.74943 0.82308 0)
(3.39224 0.669788 0)
(3.89533 0.542325 0)
(4.38776 0.442564 0)
(4.76523 0.352324 0)
(5.11864 0.261046 0)
(5.34066 0.166207 0)
(5.52861 0.0497245 0)
(5.52308 -0.077171 0)
(5.48034 -0.253018 0)
(5.12359 -0.448476 0)
(4.74157 -0.785473 0)
(3.8162 -1.24256 0)
(2.8573 -2.25351 0)
(1.08813 -3.32925 0)
(-0.0453914 -3.79956 0)
(1.66809 1.67039 0)
(2.70646 0.975536 0)
(4.54829 0.748814 0)
(5.38606 0.423503 0)
(6.25 0.285462 0)
(6.75519 0.17675 0)
(7.22924 0.119979 0)
(7.54764 0.0799226 0)
(7.84181 0.0540142 0)
(8.04248 0.0340701 0)
(8.22483 0.0163393 0)
(8.31676 -0.000455659 0)
(8.39347 -0.02132 0)
(8.34121 -0.042188 0)
(8.28547 -0.0778418 0)
(8.00321 -0.111334 0)
(7.75036 -0.2011 0)
(6.99775 -0.294078 0)
(6.26394 -0.62627 0)
(4.04663 -0.99834 0)
(2.00646 -1.8192 0)
)
;

boundaryField
{
    movingWall
    {
        type            fixedValue;
        value           uniform (10 0 0);
    }
    fixedWalls
    {
        type            noSlip;
    }
    frontAndBack
    {
        type            empty;
    }
}


// ************************************************************************* //
