/*--------------------------------*- C++ -*----------------------------------*\
| =========                 |                                                 |
| \\      /  F ield         | OpenFOAM: The Open Source CFD Toolbox           |
|  \\    /   O peration     | Version:  4.1                                   |
|   \\  /    A nd           | Web:      www.OpenFOAM.org                      |
|    \\/     M anipulation  |                                                 |
\*---------------------------------------------------------------------------*/
FoamFile
{
    version     2.0;
    format      ascii;
    class       volVectorField;
    location    "0.0442";
    object      U;
}
// * * * * * * * * * * * * * * * * * * * * * * * * * * * * * * * * * * * * * //

dimensions      [0 1 -1 0 0 0 0];

internalField   nonuniform List<vector> 
441
(
(0.00333139 -0.00456758 0)
(0.00844805 -0.00259594 0)
(-0.000649008 -2.18679e-165 0)
(0.0016827 -2.72788e-266 0)
(-0.00892664 -0.0067314 0)
(-0.0016827 -2.68543e-232 0)
(-1.08305e-202 -4.45449e-203 0)
(-1.11345e-203 -5.66573e-228 0)
(-1.46262e-212 -2.39295e-213 0)
(-0.00517346 7.79762e-266 0)
(-0.0621467 0.0206961 0)
(-0.0787225 0.0110653 0)
(-0.0898256 0.00530192 0)
(-0.0809653 0.000794728 0)
(-0.0693002 -0.000931599 0)
(-0.0494858 -0.00225136 0)
(-0.0318058 -0.00177843 0)
(-0.0145717 -0.00165221 0)
(-0.00261459 0.000142844 0)
(0.00150985 0.000764477 0)
(0.00380953 0.00240037 0)
(0.00317211 -0.00701191 0)
(-0.00240471 0.00654945 0)
(-0.0271766 0.00769947 0)
(-0.0557188 0.0106321 0)
(-0.0970755 0.00933843 0)
(-0.134226 -0.00426829 0)
(-0.168065 -0.000437546 0)
(-0.199456 0.00125446 0)
(-0.22661 0.0108138 0)
(-0.254067 0.0551006 0)
(-0.272963 0.0510757 0)
(-0.268158 0.0169164 0)
(-0.258006 -0.00349098 0)
(-0.226521 -0.0219811 0)
(-0.189765 -0.030597 0)
(-0.141315 -0.0363721 0)
(-0.0962412 -0.0329082 0)
(-0.0534112 -0.0287109 0)
(-0.0218828 -0.0157605 0)
(-0.00526329 -0.00793137 0)
(0.00391021 0.00313106 0)
(0.00646365 -0.0058867 0)
(-0.00583522 0.0273673 0)
(-0.0504195 0.0519428 0)
(-0.1084 0.0677386 0)
(-0.176992 0.0707475 0)
(-0.246723 0.0673637 0)
(-0.319354 0.0629089 0)
(-0.375483 0.0565949 0)
(-0.430131 0.0524946 0)
(-0.45456 0.0503059 0)
(-0.448687 0.0356347 0)
(-0.43363 -0.00283245 0)
(-0.406106 -0.0357004 0)
(-0.357139 -0.0672977 0)
(-0.299066 -0.085238 0)
(-0.226403 -0.0960431 0)
(-0.157543 -0.0885734 0)
(-0.091113 -0.076482 0)
(-0.0414586 -0.0469482 0)
(-0.0113809 -0.025426 0)
(0.00521435 0.00151114 0)
(0.00590055 -0.0078578 0)
(-0.013531 0.0650258 0)
(-0.0841232 0.11034 0)
(-0.165077 0.139303 0)
(-0.25843 0.14799 0)
(-0.350124 0.140558 0)
(-0.438074 0.129701 0)
(-0.511684 0.112761 0)
(-0.570823 0.0918364 0)
(-0.603873 0.0712492 0)
(-0.608542 0.0299054 0)
(-0.588796 -0.0266916 0)
(-0.551144 -0.0800885 0)
(-0.486094 -0.130072 0)
(-0.408617 -0.16112 0)
(-0.312078 -0.179264 0)
(-0.219631 -0.16764 0)
(-0.128674 -0.14635 0)
(-0.0604499 -0.0946825 0)
(-0.0162602 -0.0559393 0)
(0.00707492 -0.00267466 0)
(6.18547e-165 0.00147514 0)
(-0.0197563 0.116977 0)
(-0.118797 0.202755 0)
(-0.217657 0.240784 0)
(-0.333562 0.254859 0)
(-0.443681 0.245426 0)
(-0.551014 0.223415 0)
(-0.639227 0.188458 0)
(-0.71116 0.144147 0)
(-0.751699 0.0886555 0)
(-0.762314 0.0209757 0)
(-0.743493 -0.0599984 0)
(-0.699833 -0.137658 0)
(-0.622373 -0.210111 0)
(-0.527162 -0.258183 0)
(-0.40534 -0.285784 0)
(-0.287606 -0.270532 0)
(-0.166731 -0.236659 0)
(-0.0784217 -0.157727 0)
(-0.0158709 -0.0937408 0)
(0.0135726 -0.00684017 0)
(-5.05899e-266 0.00505438 0)
(-0.0764536 0.188136 0)
(-0.163813 0.306512 0)
(-0.280755 0.355775 0)
(-0.405312 0.373965 0)
(-0.53109 0.35904 0)
(-0.650253 0.325833 0)
(-0.753317 0.273157 0)
(-0.837044 0.20506 0)
(-0.891501 0.12168 0)
(-0.916161 0.0219551 0)
(-0.904209 -0.0901162 0)
(-0.861503 -0.200957 0)
(-0.775247 -0.30419 0)
(-0.66413 -0.377657 0)
(-0.515413 -0.421027 0)
(-0.368463 -0.405196 0)
(-0.212013 -0.358439 0)
(-0.0988497 -0.243699 0)
(-0.0139081 -0.151013 0)
(0.0159952 -0.00386054 0)
(-0.0202175 0.081022 0)
(-0.105514 0.277485 0)
(-0.205651 0.407488 0)
(-0.333199 0.480662 0)
(-0.472745 0.504569 0)
(-0.613062 0.489136 0)
(-0.748639 0.445033 0)
(-0.868161 0.374493 0)
(-0.969424 0.282206 0)
(-1.04123 0.167573 0)
(-1.08288 0.034173 0)
(-1.08353 -0.114922 0)
(-1.04731 -0.265649 0)
(-0.956909 -0.408257 0)
(-0.832537 -0.51654 0)
(-0.654464 -0.583007 0)
(-0.474941 -0.571685 0)
(-0.270538 -0.508401 0)
(-0.130718 -0.35276 0)
(-0.00149813 -0.210282 0)
(5.67856e-266 -0.00399881 0)
(-0.0146405 0.133092 0)
(-0.0996528 0.374662 0)
(-0.224282 0.534841 0)
(-0.369578 0.62369 0)
(-0.526534 0.654202 0)
(-0.683787 0.635331 0)
(-0.836028 0.581346 0)
(-0.974751 0.493915 0)
(-1.09631 0.378571 0)
(-1.19102 0.234637 0)
(-1.25605 0.0646237 0)
(-1.2768 -0.126695 0)
(-1.25511 -0.327108 0)
(-1.16771 -0.520966 0)
(-1.03455 -0.679375 0)
(-0.828308 -0.782294 0)
(-0.610877 -0.787429 0)
(-0.352437 -0.708419 0)
(-0.171251 -0.508309 0)
(-0.0023551 -0.29075 0)
(2.24529e-24 -1.29883e-24 0)
(-0.0128643 0.192135 0)
(-0.103341 0.485406 0)
(-0.244288 0.676049 0)
(-0.404518 0.781287 0)
(-0.578171 0.817723 0)
(-0.75147 0.797273 0)
(-0.921328 0.735318 0)
(-1.08007 0.633821 0)
(-1.22442 0.498352 0)
(-1.3453 0.326765 0)
(-1.43811 0.120516 0)
(-1.48597 -0.116343 0)
(-1.48698 -0.373408 0)
(-1.41181 -0.629939 0)
(-1.27788 -0.853803 0)
(-1.04743 -1.00935 0)
(-0.791221 -1.04397 0)
(-0.46801 -0.952554 0)
(-0.233741 -0.695786 0)
(-0.00418949 -0.388383 0)
(9.24868e-77 -5.61322e-25 0)
(-0.0113625 0.250009 0)
(-0.103696 0.607757 0)
(-0.256789 0.836904 0)
(-0.428985 0.958274 0)
(-0.61629 1.00177 0)
(-0.80351 0.978613 0)
(-0.988444 0.910351 0)
(-1.16594 0.79672 0)
(-1.33217 0.644041 0)
(-1.48036 0.447666 0)
(-1.6037 0.205532 0)
(-1.68445 -0.0789965 0)
(-1.71654 -0.400783 0)
(-1.66488 -0.73256 0)
(-1.54173 -1.04303 0)
(-1.29735 -1.27434 0)
(-1.00535 -1.36531 0)
(-0.612281 -1.27515 0)
(-0.311215 -0.966894 0)
(-0.00567748 -0.538361 0)
(2.58829e-164 -2.31217e-77 0)
(-0.0119547 0.304038 0)
(-0.109503 0.729162 0)
(-0.274082 0.999256 0)
(-0.456287 1.13871 0)
(-0.653364 1.19077 0)
(-0.85 1.1676 0)
(-1.04433 1.09682 0)
(-1.235 0.976203 0)
(-1.41719 0.812415 0)
(-1.5885 0.597475 0)
(-1.73952 0.325095 0)
(-1.85511 -0.00397137 0)
(-1.92391 -0.391258 0)
(-1.90846 -0.805681 0)
(-1.81235 -1.21827 0)
(-1.57356 -1.54912 0)
(-1.26126 -1.7243 0)
(-0.805919 -1.65385 0)
(-0.431846 -1.29152 0)
(-0.0702024 -0.711221 0)
(1.64615e-265 0.0122399 0)
(-0.0133408 0.372488 0)
(-0.113666 0.872064 0)
(-0.285374 1.1853 0)
(-0.471876 1.33835 0)
(-0.671317 1.39676 0)
(-0.86923 1.36962 0)
(-1.06321 1.29604 0)
(-1.25676 1.16913 0)
(-1.4436 0.997637 0)
(-1.62736 0.769166 0)
(-1.79674 0.471966 0)
(-1.942 0.10418 0)
(-2.04821 -0.347297 0)
(-2.07856 -0.846546 0)
(-2.02751 -1.37735 0)
(-1.82055 -1.83182 0)
(-1.51134 -2.13217 0)
(-1.00523 -2.11783 0)
(-0.537998 -1.69722 0)
(-0.0701374 -0.988539 0)
(0.0489595 -0.0662099 0)
(-0.0176208 0.426745 0)
(-0.126089 0.998283 0)
(-0.308751 1.35461 0)
(-0.49778 1.52139 0)
(-0.691443 1.58633 0)
(-0.879985 1.55691 0)
(-1.05785 1.48334 0)
(-1.23773 1.35494 0)
(-1.40927 1.18257 0)
(-1.58677 0.949856 0)
(-1.75511 0.640114 0)
(-1.91704 0.247583 0)
(-2.05198 -0.25261 0)
(-2.13447 -0.825987 0)
(-2.14503 -1.47169 0)
(-2.0041 -2.06731 0)
(-1.74245 -2.53368 0)
(-1.20567 -2.63547 0)
(-0.68193 -2.22002 0)
(0.0362669 -1.30452 0)
(2.26726e-231 -0.0122399 0)
(-0.0232607 0.519088 0)
(-0.13764 1.16627 0)
(-0.325037 1.56081 0)
(-0.507481 1.72212 0)
(-0.682759 1.78203 0)
(-0.847162 1.73627 0)
(-0.991147 1.65559 0)
(-1.13708 1.52039 0)
(-1.27018 1.34712 0)
(-1.4161 1.11461 0)
(-1.55737 0.801679 0)
(-1.71135 0.40055 0)
(-1.85677 -0.130601 0)
(-1.98432 -0.75447 0)
(-2.06895 -1.50768 0)
(-2.03389 -2.23912 0)
(-1.88274 -2.93052 0)
(-1.4166 -3.19613 0)
(-0.87982 -2.93408 0)
(-0.00376721 -1.70566 0)
(5.58996e-202 4.47523e-184 0)
(-0.0401516 0.580512 0)
(-0.176965 1.29396 0)
(-0.37806 1.72049 0)
(-0.551475 1.87352 0)
(-0.690073 1.92427 0)
(-0.810887 1.86173 0)
(-0.892429 1.77281 0)
(-0.977506 1.6325 0)
(-1.0401 1.46178 0)
(-1.1246 1.23738 0)
(-1.20477 0.936211 0)
(-1.32272 0.548986 0)
(-1.44713 0.0229854 0)
(-1.60864 -0.610308 0)
(-1.75704 -1.41486 0)
(-1.87161 -2.25085 0)
(-1.87615 -3.13599 0)
(-1.60168 -3.64757 0)
(-1.12489 -3.61069 0)
(-0.0104654 -2.21338 0)
(1.79009e-183 5.46651e-185 0)
(-0.0593294 0.744027 0)
(-0.216461 1.50847 0)
(-0.416823 1.9446 0)
(-0.563808 2.03543 0)
(-0.645243 2.04844 0)
(-0.70057 1.93921 0)
(-0.697441 1.82629 0)
(-0.697341 1.66865 0)
(-0.664506 1.49575 0)
(-0.659039 1.28028 0)
(-0.648147 0.999304 0)
(-0.693516 0.644762 0)
(-0.761261 0.153136 0)
(-0.913439 -0.441578 0)
(-1.10285 -1.24823 0)
(-1.35237 -2.11683 0)
(-1.58009 -3.20603 0)
(-1.61982 -3.95492 0)
(-1.44556 -4.54377 0)
(-0.457178 -2.87695 0)
(4.34308e-254 -4.47523e-184 0)
(-0.124805 0.84208 0)
(-0.349207 1.63826 0)
(-0.543088 2.06243 0)
(-0.644716 2.09213 0)
(-0.612917 2.06012 0)
(-0.561886 1.90891 0)
(-0.424468 1.77043 0)
(-0.304382 1.59847 0)
(-0.141649 1.42484 0)
(-0.0217463 1.22318 0)
(0.106663 0.972534 0)
(0.152691 0.667659 0)
(0.174151 0.246196 0)
(0.0472573 -0.259609 0)
(-0.129156 -0.968055 0)
(-0.541282 -1.76247 0)
(-0.938805 -2.84267 0)
(-1.60298 -3.78144 0)
(-1.7209 -4.68593 0)
(-2.05547 -3.73506 0)
(-2.52404e-264 -0.212268 0)
(-0.179548 1.23919 0)
(-0.437079 1.93099 0)
(-0.558084 2.26227 0)
(-0.553551 2.10553 0)
(-0.363953 1.97945 0)
(-0.166236 1.75053 0)
(0.128015 1.57545 0)
(0.387912 1.38603 0)
(0.688668 1.21519 0)
(0.931353 1.03365 0)
(1.17947 0.824069 0)
(1.32969 0.581946 0)
(1.45128 0.254921 0)
(1.40107 -0.128927 0)
(1.28252 -0.670292 0)
(0.876168 -1.29041 0)
(0.381726 -2.17429 0)
(-0.495114 -3.12878 0)
(-1.16875 -4.17907 0)
(-1.85681 -4.4542 0)
(-0.849072 -2.29231 0)
(-0.399423 1.42417 0)
(-0.729687 1.98806 0)
(-0.541553 2.17303 0)
(-0.288746 1.88128 0)
(0.231011 1.67399 0)
(0.654549 1.40936 0)
(1.16731 1.21849 0)
(1.58465 1.03599 0)
(2.02527 0.883322 0)
(2.37354 0.735202 0)
(2.71713 0.576233 0)
(2.93892 0.404196 0)
(3.13461 0.177926 0)
(3.1302 -0.0752655 0)
(3.08013 -0.439282 0)
(2.68579 -0.839008 0)
(2.24409 -1.47072 0)
(1.25554 -2.1998 0)
(0.384836 -3.32674 0)
(-0.737395 -3.978 0)
(-0.696948 -2.95848 0)
(-0.254645 2.43013 0)
(-0.0949998 2.06779 0)
(0.690701 1.87204 0)
(1.32662 1.32554 0)
(2.12205 1.05699 0)
(2.72241 0.808022 0)
(3.34584 0.652023 0)
(3.8286 0.524313 0)
(4.3016 0.426942 0)
(4.66328 0.341472 0)
(5.00639 0.25683 0)
(5.22548 0.169427 0)
(5.41803 0.0599498 0)
(5.42438 -0.061827 0)
(5.39814 -0.235633 0)
(5.06044 -0.432401 0)
(4.69563 -0.774223 0)
(3.78493 -1.23644 0)
(2.83694 -2.25227 0)
(1.07889 -3.3267 0)
(-0.0438315 -3.80071 0)
(1.66919 1.67147 0)
(2.7117 0.976952 0)
(4.55696 0.749802 0)
(5.39484 0.423497 0)
(6.255 0.284436 0)
(6.75317 0.174969 0)
(7.21785 0.117866 0)
(7.52614 0.0779168 0)
(7.81074 0.0525683 0)
(8.0041 0.0335195 0)
(8.1824 0.0169096 0)
(8.27463 0.00119681 0)
(8.35567 -0.0188069 0)
(8.31157 -0.0393489 0)
(8.26553 -0.0752683 0)
(7.99345 -0.109683 0)
(7.74797 -0.200818 0)
(6.99982 -0.295101 0)
(6.26648 -0.628375 0)
(4.0482 -1.0005 0)
(2.00891 -1.82197 0)
)
;

boundaryField
{
    movingWall
    {
        type            fixedValue;
        value           uniform (10 0 0);
    }
    fixedWalls
    {
        type            noSlip;
    }
    frontAndBack
    {
        type            empty;
    }
}


// ************************************************************************* //
