/*--------------------------------*- C++ -*----------------------------------*\
| =========                 |                                                 |
| \\      /  F ield         | OpenFOAM: The Open Source CFD Toolbox           |
|  \\    /   O peration     | Version:  4.1                                   |
|   \\  /    A nd           | Web:      www.OpenFOAM.org                      |
|    \\/     M anipulation  |                                                 |
\*---------------------------------------------------------------------------*/
FoamFile
{
    version     2.0;
    format      ascii;
    class       volVectorField;
    location    "0.0648";
    object      U;
}
// * * * * * * * * * * * * * * * * * * * * * * * * * * * * * * * * * * * * * //

dimensions      [0 1 -1 0 0 0 0];

internalField   nonuniform List<vector> 
441
(
(0.00352156 -0.00467352 0)
(0.0091097 -0.0025457 0)
(-0.00063643 -2.18446e-165 0)
(0.00183443 -3.0602e-266 0)
(-0.00849717 -0.00733829 0)
(-0.00183443 -2.88474e-232 0)
(-1.10667e-202 -5.12217e-203 0)
(-1.2804e-203 -6.67326e-228 0)
(-1.61073e-212 -2.89118e-213 0)
(-0.00574055 8.55406e-266 0)
(-0.0699918 0.0229641 0)
(-0.0883189 0.0121148 0)
(-0.100087 0.005647 0)
(-0.0889657 0.000544868 0)
(-0.0743607 -0.00138665 0)
(-0.0509065 -0.00275082 0)
(-0.0304049 -0.00204376 0)
(-0.0115348 -0.00165523 0)
(0.000532113 0.000484809 0)
(0.00326937 0.00119968 0)
(0.0042776 0.00275703 0)
(0.00351682 -0.00776709 0)
(-0.00153037 0.0066503 0)
(-0.0270517 0.00807066 0)
(-0.0572657 0.0105696 0)
(-0.101957 0.0101811 0)
(-0.143517 -0.00360428 0)
(-0.182332 -0.000251556 0)
(-0.21936 0.00149867 0)
(-0.25214 0.0122652 0)
(-0.28535 0.062246 0)
(-0.30828 0.057602 0)
(-0.303446 0.0183612 0)
(-0.290872 -0.00552666 0)
(-0.253131 -0.027011 0)
(-0.208603 -0.036799 0)
(-0.15139 -0.0424593 0)
(-0.0990414 -0.037129 0)
(-0.0513501 -0.0305293 0)
(-0.0181162 -0.0147866 0)
(-0.00280716 -0.00568207 0)
(0.00455366 0.00501152 0)
(0.00706394 -0.0071818 0)
(-0.0053729 0.0276366 0)
(-0.0521205 0.054361 0)
(-0.114649 0.0725195 0)
(-0.190337 0.0778024 0)
(-0.268342 0.0764531 0)
(-0.351564 0.0731797 0)
(-0.418489 0.0675211 0)
(-0.484364 0.0634628 0)
(-0.516288 0.0604638 0)
(-0.512509 0.0419615 0)
(-0.496485 -0.00412186 0)
(-0.463954 -0.0439971 0)
(-0.405475 -0.0815486 0)
(-0.335418 -0.102176 0)
(-0.249352 -0.112601 0)
(-0.16878 -0.100918 0)
(-0.0936683 -0.0830922 0)
(-0.0396752 -0.0469657 0)
(-0.0094194 -0.0219048 0)
(0.00595428 0.00492083 0)
(0.00610617 -0.00973825 0)
(-0.0150022 0.0675221 0)
(-0.0909942 0.117359 0)
(-0.1799 0.151081 0)
(-0.284096 0.164232 0)
(-0.388393 0.160262 0)
(-0.490622 0.151499 0)
(-0.578642 0.135143 0)
(-0.651057 0.112349 0)
(-0.69377 0.0877942 0)
(-0.70273 0.0375482 0)
(-0.681858 -0.031292 0)
(-0.637695 -0.096674 0)
(-0.560274 -0.156694 0)
(-0.46693 -0.192738 0)
(-0.352244 -0.210593 0)
(-0.24323 -0.192249 0)
(-0.138943 -0.161289 0)
(-0.0627792 -0.0981719 0)
(-0.0159539 -0.0526906 0)
(0.0076925 0.00192566 0)
(6.56464e-165 0.00152654 0)
(-0.0224918 0.124297 0)
(-0.131072 0.218491 0)
(-0.241509 0.26424 0)
(-0.372511 0.285249 0)
(-0.49931 0.281223 0)
(-0.625161 0.262198 0)
(-0.731449 0.22692 0)
(-0.819919 0.177921 0)
(-0.872476 0.112815 0)
(-0.889118 0.0304668 0)
(-0.86975 -0.0689115 0)
(-0.818641 -0.164815 0)
(-0.726445 -0.252658 0)
(-0.611598 -0.30912 0)
(-0.466517 -0.337173 0)
(-0.326647 -0.312734 0)
(-0.186633 -0.264651 0)
(-0.0858861 -0.168254 0)
(-0.0173603 -0.0932408 0)
(0.0142866 -0.00253971 0)
(-5.33092e-266 0.00545033 0)
(-0.083772 0.203168 0)
(-0.18261 0.334484 0)
(-0.314837 0.394315 0)
(-0.457798 0.421932 0)
(-0.604077 0.41397 0)
(-0.74518 0.384256 0)
(-0.869748 0.330152 0)
(-0.972957 0.254223 0)
(-1.04231 0.156222 0)
(-1.07563 0.0351134 0)
(-1.06445 -0.102779 0)
(-1.01438 -0.239724 0)
(-0.911726 -0.36533 0)
(-0.777778 -0.4522 0)
(-0.600709 -0.497978 0)
(-0.425709 -0.471073 0)
(-0.243438 -0.405165 0)
(-0.112653 -0.265484 0)
(-0.0182398 -0.156068 0)
(0.0161164 0.000121677 0)
(-0.0218013 0.08844 0)
(-0.116552 0.303448 0)
(-0.230495 0.449936 0)
(-0.37597 0.537665 0)
(-0.536898 0.573723 0)
(-0.700787 0.567204 0)
(-0.861496 0.527104 0)
(-1.00563 0.453803 0)
(-1.12945 0.35027 0)
(-1.21901 0.215244 0)
(-1.27191 0.0530973 0)
(-1.27515 -0.130477 0)
(-1.2324 -0.31654 0)
(-1.125 -0.490176 0)
(-0.975666 -0.618667 0)
(-0.764892 -0.69107 0)
(-0.551653 -0.667727 0)
(-0.313837 -0.580108 0)
(-0.150368 -0.390229 0)
(-0.00545703 -0.223833 0)
(5.87742e-266 -0.00402911 0)
(-0.0160157 0.146193 0)
(-0.111394 0.413001 0)
(-0.252367 0.594481 0)
(-0.417715 0.701507 0)
(-0.598148 0.747017 0)
(-0.781044 0.73888 0)
(-0.960414 0.689426 0)
(-1.12583 0.597992 0)
(-1.27205 0.468025 0)
(-1.38674 0.29812 0)
(-1.4653 0.0916556 0)
(-1.49066 -0.143366 0)
(-1.46417 -0.389364 0)
(-1.36063 -0.624264 0)
(-1.2024 -0.81161 0)
(-0.961148 -0.926067 0)
(-0.706088 -0.920469 0)
(-0.407013 -0.812692 0)
(-0.196256 -0.569272 0)
(-0.00323281 -0.315864 0)
(2.48829e-24 -1.1336e-24 0)
(-0.0142235 0.212384 0)
(-0.115342 0.537988 0)
(-0.273196 0.754712 0)
(-0.453879 0.881652 0)
(-0.651325 0.935795 0)
(-0.850471 0.927912 0)
(-1.04763 0.871018 0)
(-1.23324 0.764309 0)
(-1.40257 0.610934 0)
(-1.544 0.407851 0)
(-1.65139 0.15759 0)
(-1.70543 -0.132169 0)
(-1.70389 -0.445166 0)
(-1.61528 -0.753237 0)
(-1.45908 -1.01598 0)
(-1.19519 -1.19051 0)
(-0.901166 -1.21822 0)
(-0.533595 -1.09513 0)
(-0.265038 -0.786414 0)
(-0.00473954 -0.427756 0)
(1.01767e-76 -6.22073e-25 0)
(-0.0124787 0.27637 0)
(-0.114258 0.673669 0)
(-0.282811 0.933784 0)
(-0.473718 1.08024 0)
(-0.682801 1.14407 0)
(-0.893592 1.13515 0)
(-1.10328 1.07244 0)
(-1.30503 0.952502 0)
(-1.49372 0.778943 0)
(-1.66048 0.546198 0)
(-1.79738 0.253367 0)
(-1.88477 -0.0920741 0)
(-1.91668 -0.478894 0)
(-1.85597 -0.871721 0)
(-1.71663 -1.23089 0)
(-1.4452 -1.48989 0)
(-1.1206 -1.58054 0)
(-0.684527 -1.45899 0)
(-0.347793 -1.09255 0)
(-0.00664987 -0.595948 0)
(2.8373e-164 -2.54418e-77 0)
(-0.0127352 0.335765 0)
(-0.117168 0.806593 0)
(-0.293444 1.11192 0)
(-0.490094 1.27941 0)
(-0.704119 1.354 0)
(-0.919026 1.34638 0)
(-1.13232 1.28135 0)
(-1.34121 1.15326 0)
(-1.53996 0.965942 0)
(-1.72468 0.710627 0)
(-1.88561 0.382429 0)
(-2.00658 -0.0133278 0)
(-2.0771 -0.47203 0)
(-2.05819 -0.954258 0)
(-1.95496 -1.42345 0)
(-1.70068 -1.79033 0)
(-1.36749 -1.97401 0)
(-0.878362 -1.87604 0)
(-0.472161 -1.45276 0)
(-0.0774882 -0.788435 0)
(1.7539e-265 0.0130225 0)
(-0.0135791 0.407199 0)
(-0.116689 0.956548 0)
(-0.294045 1.30822 0)
(-0.488174 1.49162 0)
(-0.696899 1.57415 0)
(-0.904761 1.56329 0)
(-1.1087 1.49524 0)
(-1.31117 1.35964 0)
(-1.50546 1.16252 0)
(-1.69459 0.891063 0)
(-1.86778 0.535257 0)
(-2.01543 0.0983299 0)
(-2.12426 -0.426817 0)
(-2.15696 -0.99616 0)
(-2.10932 -1.58738 0)
(-1.90193 -2.08396 0)
(-1.58861 -2.40178 0)
(-1.06434 -2.36853 0)
(-0.573707 -1.88765 0)
(-0.0744489 -1.08763 0)
(0.0520899 -0.0732147 0)
(-0.0171857 0.46167 0)
(-0.123224 1.08412 0)
(-0.303719 1.4805 0)
(-0.491501 1.67896 0)
(-0.684464 1.76877 0)
(-0.872214 1.75559 0)
(-1.0486 1.68677 0)
(-1.22585 1.54843 0)
(-1.39374 1.34904 0)
(-1.56695 1.07236 0)
(-1.73167 0.703907 0)
(-1.89188 0.2435 0)
(-2.02929 -0.327974 0)
(-2.11897 -0.968489 0)
(-2.14304 -1.67325 0)
(-2.01729 -2.31288 0)
(-1.7716 -2.80513 0)
(-1.23709 -2.89976 0)
(-0.707844 -2.43618 0)
(0.0406376 -1.42122 0)
(2.40413e-231 -0.0130225 0)
(-0.0220631 0.550537 0)
(-0.128237 1.24614 0)
(-0.304763 1.68035 0)
(-0.475999 1.87346 0)
(-0.63943 1.95801 0)
(-0.791243 1.92778 0)
(-0.921546 1.85082 0)
(-1.05297 1.70482 0)
(-1.17148 1.50433 0)
(-1.30403 1.22893 0)
(-1.43492 0.860034 0)
(-1.58346 0.395888 0)
(-1.73072 -0.199908 0)
(-1.86883 -0.88293 0)
(-1.97432 -1.68822 0)
(-1.96793 -2.45971 0)
(-1.85084 -3.18079 0)
(-1.41193 -3.45044 0)
(-0.891324 -3.15929 0)
(-0.00328684 -1.83259 0)
(5.76421e-202 4.55989e-184 0)
(-0.0382984 0.604978 0)
(-0.161736 1.36076 0)
(-0.343875 1.82447 0)
(-0.496629 2.00817 0)
(-0.612733 2.08248 0)
(-0.709952 2.03435 0)
(-0.766825 1.94831 0)
(-0.827349 1.79719 0)
(-0.866762 1.60064 0)
(-0.931502 1.33655 0)
(-0.997142 0.984673 0)
(-1.10791 0.541828 0)
(-1.23406 -0.0393968 0)
(-1.40794 -0.720868 0)
(-1.58051 -1.56617 0)
(-1.73096 -2.4331 0)
(-1.78114 -3.34491 0)
(-1.55337 -3.86802 0)
(-1.11537 -3.82161 0)
(-0.0112036 -2.34262 0)
(1.82396e-183 -7.54463e-185 0)
(-0.0571076 0.758624 0)
(-0.197614 1.55603 0)
(-0.373417 2.02471 0)
(-0.492765 2.14373 0)
(-0.543702 2.17854 0)
(-0.567326 2.08264 0)
(-0.53183 1.97254 0)
(-0.500751 1.80561 0)
(-0.439968 1.61035 0)
(-0.412096 1.36071 0)
(-0.385981 1.03641 0)
(-0.425083 0.635183 0)
(-0.496012 0.0984658 0)
(-0.661766 -0.53304 0)
(-0.875223 -1.3683 0)
(-1.16109 -2.2555 0)
(-1.43628 -3.36319 0)
(-1.53351 -4.1231 0)
(-1.41249 -4.71873 0)
(-0.463561 -2.99506 0)
(4.38963e-254 -4.55989e-184 0)
(-0.122817 0.845791 0)
(-0.330976 1.66396 0)
(-0.499197 2.11452 0)
(-0.570934 2.16879 0)
(-0.50535 2.15635 0)
(-0.419252 2.01759 0)
(-0.246287 1.88275 0)
(-0.0929351 1.70439 0)
(0.0990125 1.5136 0)
(0.241195 1.28504 0)
(0.383517 0.999918 0)
(0.433412 0.657861 0)
(0.449332 0.201008 0)
(0.307148 -0.332232 0)
(0.108118 -1.05879 0)
(-0.337013 -1.86091 0)
(-0.774636 -2.94635 0)
(-1.49609 -3.89076 0)
(-1.66746 -4.8016 0)
(-2.06874 -3.83146 0)
(-2.57186e-264 -0.214925 0)
(-0.178668 1.23392 0)
(-0.425078 1.93676 0)
(-0.525375 2.28703 0)
(-0.494817 2.15013 0)
(-0.2742 2.0407 0)
(-0.043497 1.8232 0)
(0.284791 1.65282 0)
(0.576716 1.46042 0)
(0.905641 1.27835 0)
(1.16958 1.07803 0)
(1.43041 0.843685 0)
(1.58314 0.574379 0)
(1.69761 0.221388 0)
(1.63126 -0.182302 0)
(1.49066 -0.734913 0)
(1.0565 -1.35631 0)
(0.531189 -2.23523 0)
(-0.386209 -3.1863 0)
(-1.10451 -4.23574 0)
(-1.84597 -4.51405 0)
(-0.8597 -2.31037 0)
(-0.400195 1.41522 0)
(-0.728066 1.98199 0)
(-0.529444 2.17845 0)
(-0.259936 1.90072 0)
(0.282757 1.70602 0)
(0.732723 1.45067 0)
(1.27445 1.26453 0)
(1.72022 1.0815 0)
(2.18679 0.922664 0)
(2.5553 0.763201 0)
(2.91155 0.58871 0)
(3.13635 0.399327 0)
(3.32566 0.156321 0)
(3.3058 -0.109622 0)
(3.23476 -0.480374 0)
(2.81542 -0.87937 0)
(2.34973 -1.5042 0)
(1.3352 -2.22524 0)
(0.438737 -3.34657 0)
(-0.714957 -3.99857 0)
(-0.699957 -2.96277 0)
(-0.256333 2.42407 0)
(-0.101312 2.06067 0)
(0.684398 1.86939 0)
(1.32647 1.33 0)
(2.13467 1.06832 0)
(2.7526 0.824626 0)
(3.39727 0.671463 0)
(3.90213 0.543866 0)
(4.39609 0.44373 0)
(4.7746 0.352941 0)
(5.12847 0.26102 0)
(5.35027 0.165561 0)
(5.53743 0.0485845 0)
(5.53061 -0.0785877 0)
(5.48637 -0.25444 0)
(5.12807 -0.449666 0)
(4.74476 -0.786214 0)
(3.81836 -1.24291 0)
(2.85874 -2.25352 0)
(1.08879 -3.32942 0)
(-0.0455245 -3.79946 0)
(1.66797 1.67027 0)
(2.70592 0.975393 0)
(4.54745 0.74873 0)
(5.38529 0.423527 0)
(6.2497 0.285586 0)
(6.75565 0.176938 0)
(7.23063 0.12018 0)
(7.54994 0.080091 0)
(7.84488 0.0541108 0)
(8.04604 0.0340732 0)
(8.22852 0.0162424 0)
(8.32021 -0.00063424 0)
(8.39637 -0.0215482 0)
(8.34331 -0.0424162 0)
(8.28674 -0.0780233 0)
(8.00371 -0.111429 0)
(7.75037 -0.201085 0)
(6.9975 -0.293976 0)
(6.26371 -0.6261 0)
(4.04651 -0.998181 0)
(2.00627 -1.819 0)
)
;

boundaryField
{
    movingWall
    {
        type            fixedValue;
        value           uniform (10 0 0);
    }
    fixedWalls
    {
        type            noSlip;
    }
    frontAndBack
    {
        type            empty;
    }
}


// ************************************************************************* //
