/*--------------------------------*- C++ -*----------------------------------*\
| =========                 |                                                 |
| \\      /  F ield         | OpenFOAM: The Open Source CFD Toolbox           |
|  \\    /   O peration     | Version:  4.1                                   |
|   \\  /    A nd           | Web:      www.OpenFOAM.org                      |
|    \\/     M anipulation  |                                                 |
\*---------------------------------------------------------------------------*/
FoamFile
{
    version     2.0;
    format      ascii;
    class       volVectorField;
    location    "0.0564";
    object      U;
}
// * * * * * * * * * * * * * * * * * * * * * * * * * * * * * * * * * * * * * //

dimensions      [0 1 -1 0 0 0 0];

internalField   nonuniform List<vector> 
441
(
(0.0034373 -0.00461892 0)
(0.008833 -0.00255745 0)
(-0.000639373 -2.17946e-165 0)
(0.00177344 -2.92944e-266 0)
(-0.0086263 -0.00709435 0)
(-0.00177344 -2.80376e-232 0)
(-1.09465e-202 -4.86594e-203 0)
(-1.21632e-203 -6.29308e-228 0)
(-1.55305e-212 -2.70525e-213 0)
(-0.00552215 8.25954e-266 0)
(-0.0670076 0.0220908 0)
(-0.0847002 0.011713 0)
(-0.0962614 0.00551757 0)
(-0.086025 0.000637807 0)
(-0.0725431 -0.00121937 0)
(-0.0504437 -0.00257293 0)
(-0.0309765 -0.00195308 0)
(-0.0126945 -0.0016638 0)
(-0.000647701 0.000352353 0)
(0.00260573 0.00103239 0)
(0.00410954 0.00262214 0)
(0.00337491 -0.0074576 0)
(-0.00184901 0.00659047 0)
(-0.0270018 0.00790408 0)
(-0.0564924 0.010557 0)
(-0.0998154 0.00984287 0)
(-0.139632 -0.00383433 0)
(-0.176522 -0.000316693 0)
(-0.211401 0.00140576 0)
(-0.242084 0.0117145 0)
(-0.273181 0.0595325 0)
(-0.294702 0.0551684 0)
(-0.290023 0.0178918 0)
(-0.278506 -0.00467903 0)
(-0.243217 -0.0250676 0)
(-0.201658 -0.0344557 0)
(-0.147715 -0.0402045 0)
(-0.0980474 -0.0355836 0)
(-0.0521297 -0.0298881 0)
(-0.0195032 -0.0151623 0)
(-0.00371909 -0.00653123 0)
(0.00432573 0.0043117 0)
(0.00681721 -0.00667628 0)
(-0.00551722 0.0274338 0)
(-0.0512944 0.0532741 0)
(-0.111931 0.0705171 0)
(-0.18477 0.0749683 0)
(-0.259509 0.0729024 0)
(-0.338643 0.0692388 0)
(-0.401495 0.0634026 0)
(-0.463221 0.0594084 0)
(-0.492506 0.056795 0)
(-0.48821 0.0398152 0)
(-0.472816 -0.00335726 0)
(-0.442408 -0.040629 0)
(-0.387637 -0.0760488 0)
(-0.322113 -0.0957873 0)
(-0.240991 -0.106468 0)
(-0.164689 -0.0963906 0)
(-0.0927151 -0.0807089 0)
(-0.0402853 -0.0469772 0)
(-0.0101198 -0.0232203 0)
(0.00570083 0.00366285 0)
(0.00600734 -0.00901286 0)
(-0.0144023 0.0663497 0)
(-0.0881338 0.114355 0)
(-0.17382 0.146249 0)
(-0.273729 0.15777 0)
(-0.373139 0.152607 0)
(-0.469947 0.143189 0)
(-0.552619 0.126785 0)
(-0.620258 0.104885 0)
(-0.659681 0.0819977 0)
(-0.66747 0.0352358 0)
(-0.64744 -0.0289817 0)
(-0.606057 -0.0899798 0)
(-0.533417 -0.146476 0)
(-0.44598 -0.180902 0)
(-0.337863 -0.199081 0)
(-0.234768 -0.183294 0)
(-0.135207 -0.155914 0)
(-0.0618666 -0.0969106 0)
(-0.0160314 -0.0538834 0)
(0.00749073 0.000266288 0)
(6.40256e-165 0.00150183 0)
(-0.0214041 0.121145 0)
(-0.126115 0.21194 0)
(-0.231976 0.254779 0)
(-0.357116 0.273285 0)
(-0.47757 0.267433 0)
(-0.596527 0.247558 0)
(-0.696271 0.212735 0)
(-0.778975 0.165854 0)
(-0.827623 0.104665 0)
(-0.842699 0.0279945 0)
(-0.824153 -0.0645335 0)
(-0.776277 -0.153891 0)
(-0.689712 -0.236452 0)
(-0.582025 -0.290256 0)
(-0.445154 -0.318515 0)
(-0.312989 -0.297573 0)
(-0.179588 -0.254683 0)
(-0.0831637 -0.164474 0)
(-0.0167887 -0.093419 0)
(0.0140626 -0.00406709 0)
(-5.20969e-266 0.00528467 0)
(-0.0807929 0.196929 0)
(-0.175156 0.323105 0)
(-0.301463 0.379008 0)
(-0.437449 0.403284 0)
(-0.576104 0.393064 0)
(-0.709259 0.3625 0)
(-0.826282 0.309482 0)
(-0.922965 0.237049 0)
(-0.987687 0.144967 0)
(-1.01879 0.0320468 0)
(-1.00818 -0.0963903 0)
(-0.961426 -0.224162 0)
(-0.864955 -0.34227 0)
(-0.739123 -0.424977 0)
(-0.571773 -0.470475 0)
(-0.406246 -0.447799 0)
(-0.232645 -0.388787 0)
(-0.10782 -0.257787 0)
(-0.0167156 -0.154275 0)
(0.0160892 -0.00124321 0)
(-0.0211387 0.0854041 0)
(-0.112141 0.292912 0)
(-0.220804 0.433007 0)
(-0.359494 0.515369 0)
(-0.5125 0.547215 0)
(-0.66785 0.537909 0)
(-0.819725 0.497031 0)
(-0.955534 0.425598 0)
(-1.07212 0.327081 0)
(-1.15644 0.200259 0)
(-1.20655 0.0489827 0)
(-1.20997 -0.122195 0)
(-1.17035 -0.296127 0)
(-1.06925 -0.459625 0)
(-0.928529 -0.581961 0)
(-0.728596 -0.65313 0)
(-0.526369 -0.63443 0)
(-0.299431 -0.555423 0)
(-0.143725 -0.377229 0)
(-0.00409717 -0.219111 0)
(5.8136e-266 -0.00402229 0)
(-0.0154599 0.140917 0)
(-0.106837 0.397716 0)
(-0.241645 0.571062 0)
(-0.399555 0.671504 0)
(-0.571492 0.711949 0)
(-0.745364 0.700631 0)
(-0.915529 0.650543 0)
(-1.07229 0.561789 0)
(-1.21099 0.438373 0)
(-1.32009 0.278856 0)
(-1.39544 0.0859802 0)
(-1.42052 -0.133651 0)
(-1.39661 -0.364387 0)
(-1.29893 -0.586226 0)
(-1.14903 -0.764922 0)
(-0.918939 -0.87658 0)
(-0.675708 -0.875289 0)
(-0.38944 -0.777517 0)
(-0.188081 -0.548576 0)
(-0.00293564 -0.307297 0)
(2.40897e-24 -1.18294e-24 0)
(-0.013696 0.204349 0)
(-0.110804 0.517326 0)
(-0.262409 0.724249 0)
(-0.435685 0.843487 0)
(-0.624756 0.891842 0)
(-0.815115 0.880461 0)
(-1.00339 0.823156 0)
(-1.18072 0.719984 0)
(-1.34287 0.574672 0)
(-1.47894 0.384095 0)
(-1.58307 0.149976 0)
(-1.63645 -0.121568 0)
(-1.63673 -0.416333 0)
(-1.55286 -0.708444 0)
(-1.40369 -0.959793 0)
(-1.14994 -1.12944 0)
(-0.867263 -1.1603 0)
(-0.513153 -1.04803 0)
(-0.25513 -0.756311 0)
(-0.00456274 -0.414592 0)
(9.88192e-77 -6.02243e-25 0)
(-0.012065 0.266064 0)
(-0.110391 0.648115 0)
(-0.273377 0.896751 0)
(-0.457704 1.03449 0)
(-0.659384 1.09189 0)
(-0.862506 1.07928 0)
(-1.06457 1.01645 0)
(-1.25933 0.900881 0)
(-1.44207 0.736759 0)
(-1.60443 0.518327 0)
(-1.7386 0.243759 0)
(-1.82522 -0.0812072 0)
(-1.85803 -0.447412 0)
(-1.80036 -0.821863 0)
(-1.6657 -1.16707 0)
(-1.40186 -1.41876 0)
(-1.0864 -1.51055 0)
(-0.662779 -1.39953 0)
(-0.336554 -1.05169 0)
(-0.00630886 -0.577101 0)
(2.75965e-164 -2.47048e-77 0)
(-0.0124625 0.323524 0)
(-0.114486 0.776934 0)
(-0.286716 1.06937 0)
(-0.478507 1.22732 0)
(-0.687068 1.29504 0)
(-0.896416 1.28369 0)
(-1.10435 1.21893 0)
(-1.30856 1.09604 0)
(-1.50353 0.919346 0)
(-1.68566 0.679743 0)
(-1.84503 0.371273 0)
(-1.9655 -0.00262008 0)
(-2.03609 -0.439327 0)
(-2.01814 -0.901743 0)
(-1.91639 -1.35509 0)
(-1.66566 -1.71242 0)
(-1.3375 -1.89456 0)
(-0.857399 -1.80569 0)
(-0.460169 -1.40146 0)
(-0.0750914 -0.763635 0)
(1.72511e-265 0.0127968 0)
(-0.0135154 0.393968 0)
(-0.115786 0.92454 0)
(-0.291399 1.26231 0)
(-0.483237 1.43557 0)
(-0.689337 1.51099 0)
(-0.894653 1.49653 0)
(-1.0964 1.42922 0)
(-1.29734 1.29956 0)
(-1.49079 1.11394 0)
(-1.67976 0.859002 0)
(-1.85309 0.523516 0)
(-2.00088 0.108699 0)
(-2.10918 -0.394417 0)
(-2.14076 -0.943917 0)
(-2.09111 -1.51868 0)
(-1.88241 -2.0042 0)
(-1.56872 -2.31782 0)
(-1.04836 -2.29081 0)
(-0.563632 -1.82833 0)
(-0.0732129 -1.05645 0)
(0.0511872 -0.0708584 0)
(-0.0173684 0.448484 0)
(-0.124486 1.05189 0)
(-0.306097 1.43394 0)
(-0.494781 1.62196 0)
(-0.688626 1.70464 0)
(-0.877477 1.68815 0)
(-1.0554 1.6206 0)
(-1.23469 1.4888 0)
(-1.40499 1.30139 0)
(-1.58068 1.04138 0)
(-1.74737 0.692926 0)
(-1.90854 0.25372 0)
(-2.04512 -0.297056 0)
(-2.13198 -0.919213 0)
(-2.1509 -1.60841 0)
(-2.01912 -2.23672 0)
(-1.76701 -2.72232 0)
(-1.23014 -2.81947 0)
(-0.701183 -2.37011 0)
(0.039101 -1.38525 0)
(2.36292e-231 -0.0127968 0)
(-0.022513 0.538731 0)
(-0.131823 1.21633 0)
(-0.312551 1.63645 0)
(-0.488151 1.81918 0)
(-0.656219 1.89679 0)
(-0.812938 1.8636 0)
(-0.94851 1.78832 0)
(-1.08538 1.64911 0)
(-1.2092 1.46053 0)
(-1.3464 1.2012 0)
(-1.48068 0.851088 0)
(-1.63074 0.40623 0)
(-1.77697 -0.171321 0)
(-1.91111 -0.838794 0)
(-2.00933 -1.63095 0)
(-1.9931 -2.39254 0)
(-1.86448 -3.10597 0)
(-1.41592 -3.37472 0)
(-0.889182 -3.0918 0)
(-0.00346216 -1.79418 0)
(5.718e-202 4.53876e-184 0)
(-0.0389715 0.595774 0)
(-0.167345 1.33585 0)
(-0.356486 1.78641 0)
(-0.516801 1.96012 0)
(-0.641017 2.02782 0)
(-0.746546 1.97701 0)
(-0.811867 1.89277 0)
(-0.880486 1.74821 0)
(-0.927202 1.56283 0)
(-0.99779 1.31348 0)
(-1.06733 0.978449 0)
(-1.17952 0.552378 0)
(-1.30429 -0.0136414 0)
(-1.47355 -0.682989 0)
(-1.63802 -1.51865 0)
(-1.77689 -2.37848 0)
(-1.81264 -3.28364 0)
(-1.56995 -3.80367 0)
(-1.11948 -3.75966 0)
(-0.011008 -2.30423 0)
(1.8155e-183 -3.42076e-185 0)
(-0.0579028 0.753014 0)
(-0.204457 1.53815 0)
(-0.389168 1.9953 0)
(-0.51839 2.10509 0)
(-0.579986 2.13367 0)
(-0.614339 2.03516 0)
(-0.589391 1.9265 0)
(-0.567916 1.76521 0)
(-0.515274 1.57959 0)
(-0.493352 1.34261 0)
(-0.470664 1.03265 0)
(-0.510342 0.645407 0)
(-0.579084 0.120909 0)
(-0.739755 -0.501723 0)
(-0.945313 -1.3308 0)
(-1.21985 -2.21445 0)
(-1.48062 -3.31792 0)
(-1.56039 -4.07496 0)
(-1.42325 -4.66837 0)
(-0.461787 -2.9606 0)
(4.379e-254 -4.53876e-184 0)
(-0.12353 0.844111 0)
(-0.337599 1.65398 0)
(-0.515092 2.09513 0)
(-0.59743 2.14124 0)
(-0.543518 2.12301 0)
(-0.469101 1.98149 0)
(-0.307466 1.84731 0)
(-0.164111 1.6731 0)
(0.0197114 1.4898 0)
(0.156433 1.27125 0)
(0.296175 0.997577 0)
(0.346598 0.666683 0)
(0.365676 0.21939 0)
(0.229187 -0.307395 0)
(0.0375653 -1.03051 0)
(-0.397481 -1.832 0)
(-0.823254 -2.91698 0)
(-1.52791 -3.86009 0)
(-1.68365 -4.769 0)
(-2.06519 -3.80383 0)
(-2.55773e-264 -0.214155 0)
(-0.179 1.23552 0)
(-0.42955 1.93403 0)
(-0.537414 2.27742 0)
(-0.516149 2.13378 0)
(-0.306285 2.01919 0)
(-0.086583 1.79878 0)
(0.230869 1.62813 0)
(0.513215 1.43817 0)
(0.834388 1.26116 0)
(1.09325 1.06792 0)
(1.35196 0.841885 0)
(1.50574 0.580824 0)
(1.62394 0.234908 0)
(1.56359 -0.164111 0)
(1.43023 -0.714824 0)
(1.00454 -1.33707 0)
(0.488206 -2.21823 0)
(-0.417569 -3.17054 0)
(-1.12314 -4.22017 0)
(-1.84925 -4.4972 0)
(-0.856622 -2.30542 0)
(-0.399946 1.41826 0)
(-0.728887 1.98369 0)
(-0.534281 2.1759 0)
(-0.270905 1.89328 0)
(0.263672 1.6945 0)
(0.704658 1.43653 0)
(1.23699 1.24956 0)
(1.67407 1.06761 0)
(2.13329 0.911668 0)
(2.49676 0.756555 0)
(2.85067 0.587338 0)
(3.07619 0.403283 0)
(3.26892 0.164894 0)
(3.25483 -0.098018 0)
(3.19069 -0.467703 0)
(2.77894 -0.867712 0)
(2.32016 -1.49505 0)
(1.31292 -2.21853 0)
(0.423587 -3.34139 0)
(-0.721274 -3.99293 0)
(-0.699035 -2.96167 0)
(-0.255738 2.42621 0)
(-0.0992203 2.06302 0)
(0.686205 1.87001 0)
(1.3258 1.32807 0)
(2.12927 1.06409 0)
(2.74104 0.818807 0)
(3.37861 0.665017 0)
(3.87649 0.537778 0)
(4.36427 0.438946 0)
(4.73835 0.35019 0)
(5.08999 0.26074 0)
(5.3122 0.167755 0)
(5.50214 0.0528359 0)
(5.50015 -0.0730931 0)
(5.46175 -0.248774 0)
(5.10964 -0.444815 0)
(4.73154 -0.783105 0)
(3.80939 -1.24139 0)
(2.85282 -2.25339 0)
(1.08607 -3.32872 0)
(-0.0449973 -3.79986 0)
(1.66842 1.67071 0)
(2.70796 0.975934 0)
(4.55067 0.749066 0)
(5.38832 0.42346 0)
(6.25104 0.285138 0)
(6.75417 0.176237 0)
(7.22562 0.119409 0)
(7.54138 0.0794217 0)
(7.83322 0.0537004 0)
(8.03232 0.0340158 0)
(8.21404 0.0165772 0)
(8.30649 3.51199e-05 0)
(8.38466 -0.0206595 0)
(8.33465 -0.0415018 0)
(8.28134 -0.0772724 0)
(8.00145 -0.111015 0)
(7.75018 -0.201109 0)
(6.99843 -0.294369 0)
(6.26459 -0.626779 0)
(4.047 -0.99883 0)
(2.00703 -1.81983 0)
)
;

boundaryField
{
    movingWall
    {
        type            fixedValue;
        value           uniform (10 0 0);
    }
    fixedWalls
    {
        type            noSlip;
    }
    frontAndBack
    {
        type            empty;
    }
}


// ************************************************************************* //
