/*--------------------------------*- C++ -*----------------------------------*\
| =========                 |                                                 |
| \\      /  F ield         | OpenFOAM: The Open Source CFD Toolbox           |
|  \\    /   O peration     | Version:  4.1                                   |
|   \\  /    A nd           | Web:      www.OpenFOAM.org                      |
|    \\/     M anipulation  |                                                 |
\*---------------------------------------------------------------------------*/
FoamFile
{
    version     2.0;
    format      ascii;
    class       volVectorField;
    location    "0.0656";
    object      U;
}
// * * * * * * * * * * * * * * * * * * * * * * * * * * * * * * * * * * * * * //

dimensions      [0 1 -1 0 0 0 0];

internalField   nonuniform List<vector> 
441
(
(0.00352974 -0.00467914 0)
(0.00913585 -0.00254499 0)
(-0.000636252 -2.18519e-165 0)
(0.00184003 -3.07204e-266 0)
(-0.00848774 -0.00736067 0)
(-0.00184003 -2.89219e-232 0)
(-1.10794e-202 -5.14481e-203 0)
(-1.28606e-203 -6.70629e-228 0)
(-1.61587e-212 -2.9071e-213 0)
(-0.00575978 8.58025e-266 0)
(-0.0702513 0.023041 0)
(-0.0886308 0.0121501 0)
(-0.100414 0.00565822 0)
(-0.0892128 0.000536957 0)
(-0.0745097 -0.00140074 0)
(-0.0509393 -0.00276549 0)
(-0.0303505 -0.00205087 0)
(-0.0114319 -0.0016538 0)
(0.00063477 0.000496611 0)
(0.00332687 0.00121432 0)
(0.00429176 0.00276864 0)
(0.00353011 -0.00779606 0)
(-0.00150248 0.00665672 0)
(-0.0270613 0.00808703 0)
(-0.0573449 0.0105729 0)
(-0.102163 0.0102121 0)
(-0.143882 -0.00358523 0)
(-0.18287 -0.00024618 0)
(-0.220085 0.00150678 0)
(-0.253046 0.0123131 0)
(-0.286433 0.0624815 0)
(-0.309476 0.0578095 0)
(-0.304617 0.0183954 0)
(-0.29194 -0.00560634 0)
(-0.253978 -0.027183 0)
(-0.209191 -0.0370023 0)
(-0.151696 -0.0426517 0)
(-0.099119 -0.0372588 0)
(-0.0512786 -0.0305809 0)
(-0.0179955 -0.014752 0)
(-0.00272832 -0.00560771 0)
(0.00457284 0.00507181 0)
(0.00708693 -0.00722781 0)
(-0.00536179 0.0276601 0)
(-0.0522043 0.0544675 0)
(-0.114911 0.0727086 0)
(-0.190862 0.0780632 0)
(-0.269163 0.0767727 0)
(-0.352749 0.0735281 0)
(-0.420028 0.0678783 0)
(-0.486257 0.063807 0)
(-0.518395 0.0607675 0)
(-0.51464 0.0421272 0)
(-0.498542 -0.00421058 0)
(-0.46581 -0.0443077 0)
(-0.406999 -0.0820356 0)
(-0.336547 -0.102731 0)
(-0.250057 -0.113126 0)
(-0.169123 -0.1013 0)
(-0.0937465 -0.0832897 0)
(-0.0396229 -0.0469603 0)
(-0.00935986 -0.0217895 0)
(0.00597527 0.00502904 0)
(0.00611607 -0.0098036 0)
(-0.0150581 0.0676391 0)
(-0.0912632 0.117646 0)
(-0.180466 0.151532 0)
(-0.285053 0.164823 0)
(-0.389788 0.160948 0)
(-0.492494 0.15223 0)
(-0.580974 0.135863 0)
(-0.653789 0.112975 0)
(-0.696763 0.088262 0)
(-0.705795 0.0377048 0)
(-0.684822 -0.0315359 0)
(-0.640397 -0.0972879 0)
(-0.562552 -0.157596 0)
(-0.468697 -0.193763 0)
(-0.353453 -0.211576 0)
(-0.243941 -0.193005 0)
(-0.139258 -0.161738 0)
(-0.0628584 -0.0982738 0)
(-0.0159486 -0.052586 0)
(0.00770877 0.00206692 0)
(6.58003e-165 0.00152902 0)
(-0.0225914 0.124598 0)
(-0.131529 0.219107 0)
(-0.242384 0.265113 0)
(-0.373912 0.286334 0)
(-0.501272 0.282451 0)
(-0.627721 0.263477 0)
(-0.734562 0.228132 0)
(-0.823505 0.178922 0)
(-0.876364 0.113453 0)
(-0.893101 0.0306034 0)
(-0.873626 -0.0693624 0)
(-0.822213 -0.165812 0)
(-0.729522 -0.254082 0)
(-0.614065 -0.310743 0)
(-0.468295 -0.338757 0)
(-0.327786 -0.314009 0)
(-0.187224 -0.265483 0)
(-0.0861178 -0.168568 0)
(-0.0174104 -0.0932227 0)
(0.0143043 -0.00241069 0)
(-5.34267e-266 0.00546587 0)
(-0.0840475 0.203753 0)
(-0.18329 0.335539 0)
(-0.316048 0.395713 0)
(-0.459625 0.423609 0)
(-0.606567 0.415816 0)
(-0.748346 0.38614 0)
(-0.87354 0.331899 0)
(-0.977271 0.255627 0)
(-1.04697 0.157085 0)
(-1.08043 0.0352586 0)
(-1.06916 -0.103436 0)
(-1.01877 -0.241137 0)
(-0.915587 -0.367341 0)
(-0.780957 -0.454525 0)
(-0.603086 -0.500295 0)
(-0.427311 -0.473018 0)
(-0.244331 -0.406525 0)
(-0.113058 -0.266124 0)
(-0.0183679 -0.156216 0)
(0.0161181 0.000234891 0)
(-0.0218635 0.0887217 0)
(-0.116955 0.304422 0)
(-0.231367 0.451486 0)
(-0.377442 0.53968 0)
(-0.539059 0.576082 0)
(-0.703677 0.569766 0)
(-0.865123 0.52968 0)
(-1.00993 0.456158 0)
(-1.13432 0.352138 0)
(-1.22426 0.216369 0)
(-1.27734 0.0532796 0)
(-1.28051 -0.131334 0)
(-1.23747 -0.318384 0)
(-1.12953 -0.49282 0)
(-0.979482 -0.621774 0)
(-0.76783 -0.694238 0)
(-0.553705 -0.670487 0)
(-0.315012 -0.582145 0)
(-0.150914 -0.391304 0)
(-0.00556994 -0.224224 0)
(5.88254e-266 -0.00402952 0)
(-0.0160666 0.146678 0)
(-0.111802 0.414398 0)
(-0.253317 0.596603 0)
(-0.419313 0.704192 0)
(-0.600472 0.750108 0)
(-0.784125 0.742189 0)
(-0.964246 0.692719 0)
(-1.13035 0.600976 0)
(-1.27714 0.470377 0)
(-1.39222 0.29954 0)
(-1.47099 0.0919105 0)
(-1.49632 -0.144385 0)
(-1.46958 -0.391609 0)
(-1.36555 -0.627529 0)
(-1.20665 -0.815525 0)
(-0.96451 -0.93016 0)
(-0.708516 -0.924179 0)
(-0.408424 -0.81557 0)
(-0.196918 -0.57097 0)
(-0.00325729 -0.316569 0)
(2.49471e-24 -1.12979e-24 0)
(-0.0142706 0.213115 0)
(-0.115741 0.539859 0)
(-0.274137 0.757445 0)
(-0.455455 0.885035 0)
(-0.653604 0.939631 0)
(-0.85347 0.931974 0)
(-1.05133 0.875023 0)
(-1.23758 0.767915 0)
(-1.40744 0.613768 0)
(-1.54924 0.409574 0)
(-1.65683 0.157945 0)
(-1.71087 -0.133303 0)
(-1.70916 -0.447745 0)
(-1.62016 -0.757048 0)
(-1.46341 -1.02064 0)
(-1.19873 -1.19551 0)
(-0.903832 -1.22293 0)
(-0.535211 -1.09895 0)
(-0.265828 -0.788862 0)
(-0.00475373 -0.42883 0)
(1.02003e-76 -6.23679e-25 0)
(-0.0125145 0.277298 0)
(-0.114591 0.67596 0)
(-0.283618 0.937078 0)
(-0.475078 1.08426 0)
(-0.684768 1.14857 0)
(-0.896172 1.13988 0)
(-1.10645 1.07707 0)
(-1.30871 0.956646 0)
(-1.49782 0.782192 0)
(-1.66486 0.548187 0)
(-1.80193 0.253826 0)
(-1.88933 -0.0932654 0)
(-1.92115 -0.481698 0)
(-1.86021 -0.875927 0)
(-1.72052 -1.23614 0)
(-1.44852 -1.49565 0)
(-1.12324 -1.58618 0)
(-0.68622 -1.46376 0)
(-0.348676 -1.09585 0)
(-0.00667824 -0.597472 0)
(2.84345e-164 -2.55007e-77 0)
(-0.0127579 0.336857 0)
(-0.117392 0.809232 0)
(-0.294003 1.11567 0)
(-0.49105 1.28395 0)
(-0.705509 1.35905 0)
(-0.920842 1.35164 0)
(-1.13453 1.28646 0)
(-1.34374 1.15779 0)
(-1.54273 0.96948 0)
(-1.72759 0.712795 0)
(-1.88859 0.382964 0)
(-2.00958 -0.0145331 0)
(-2.08008 -0.474932 0)
(-2.06111 -0.958653 0)
(-1.9578 -1.42902 0)
(-1.70329 -1.79658 0)
(-1.36975 -1.98034 0)
(-0.879964 -1.88164 0)
(-0.473089 -1.45686 0)
(-0.0776825 -0.790424 0)
(1.756e-265 0.0130397 0)
(-0.0135832 0.408371 0)
(-0.116755 0.959376 0)
(-0.294244 1.31224 0)
(-0.488545 1.49646 0)
(-0.69746 1.57952 0)
(-0.905495 1.56884 0)
(-1.10957 1.50058 0)
(-1.31211 1.36434 0)
(-1.50641 1.16616 0)
(-1.6955 0.893272 0)
(-1.86864 0.535802 0)
(-2.01626 0.097137 0)
(-2.12513 -0.429686 0)
(-2.15794 -1.0005 0)
(-2.11051 -1.59292 0)
(-1.90328 -2.0903 0)
(-1.59003 -2.40841 0)
(-1.06552 -2.37466 0)
(-0.574467 -1.89234 0)
(-0.0745429 -1.09011 0)
(0.0521587 -0.0734076 0)
(-0.0171686 0.462831 0)
(-0.123103 1.08695 0)
(-0.303485 1.48456 0)
(-0.491168 1.68386 0)
(-0.684028 1.77418 0)
(-0.871654 1.76115 0)
(-1.04788 1.69208 0)
(-1.22492 1.55305 0)
(-1.39258 1.35255 0)
(-1.56557 1.07444 0)
(-1.73011 0.704373 0)
(-1.89024 0.242318 0)
(-2.02774 -0.330708 0)
(-2.11766 -0.972563 0)
(-2.14218 -1.67844 0)
(-2.01695 -2.31889 0)
(-1.77181 -2.81161 0)
(-1.23755 -2.90604 0)
(-0.708323 -2.44137 0)
(0.0407656 -1.42405 0)
(2.40735e-231 -0.0130397 0)
(-0.0220237 0.551573 0)
(-0.12792 1.24875 0)
(-0.304072 1.68417 0)
(-0.47492 1.87811 0)
(-0.637941 1.96315 0)
(-0.789325 1.93304 0)
(-0.919176 1.8558 0)
(-1.05014 1.7091 0)
(-1.16822 1.50752 0)
(-1.30039 1.23075 0)
(-1.43103 0.860341 0)
(-1.57947 0.39471 0)
(-1.72684 -0.202434 0)
(-1.86529 -0.886568 0)
(-1.97138 -1.69278 0)
(-1.9658 -2.46497 0)
(-1.84965 -3.1866 0)
(-1.41153 -3.45631 0)
(-0.891446 -3.16454 0)
(-0.00327207 -1.83559 0)
(5.76759e-202 4.56139e-184 0)
(-0.0382406 0.605787 0)
(-0.16125 1.36294 0)
(-0.34278 1.82777 0)
(-0.494882 2.01227 0)
(-0.610296 2.08706 0)
(-0.70682 2.03904 0)
(-0.763002 1.95271 0)
(-0.82288 1.80092 0)
(-0.861729 1.60336 0)
(-0.926035 1.33802 0)
(-0.991404 0.984792 0)
(-1.10209 0.540664 0)
(-1.2284 -0.0416715 0)
(-1.40267 -0.723988 0)
(-1.57589 -1.56994 0)
(-1.72727 -2.43735 0)
(-1.7786 -3.34963 0)
(-1.55202 -3.87297 0)
(-1.11501 -3.82639 0)
(-0.011218 -2.34559 0)
(1.82456e-183 -7.87306e-185 0)
(-0.0570398 0.759123 0)
(-0.197025 1.55761 0)
(-0.372061 2.02727 0)
(-0.490567 2.14704 0)
(-0.540608 2.1823 0)
(-0.56335 2.08652 0)
(-0.527009 1.97619 0)
(-0.495186 1.80868 0)
(-0.433796 1.61255 0)
(-0.405508 1.36184 0)
(-0.379183 1.03638 0)
(-0.418297 0.63409 0)
(-0.489443 0.0964867 0)
(-0.655628 -0.53562 0)
(-0.869721 -1.37127 0)
(-1.15648 -2.25868 0)
(-1.4328 -3.36665 0)
(-1.53139 -4.12677 0)
(-1.41163 -4.72258 0)
(-0.463695 -2.99771 0)
(4.39035e-254 -4.56139e-184 0)
(-0.122755 0.845952 0)
(-0.330404 1.66486 0)
(-0.497827 2.11622 0)
(-0.568662 2.17117 0)
(-0.5021 2.15916 0)
(-0.415047 2.02055 0)
(-0.241182 1.88557 0)
(-0.0870642 1.70677 0)
(0.105474 1.5153 0)
(0.24802 1.28589 0)
(0.39047 0.999847 0)
(0.440255 0.656935 0)
(0.455873 0.199389 0)
(0.313207 -0.334281 0)
(0.113581 -1.06103 0)
(-0.332339 -1.86314 0)
(-0.770877 -2.94858 0)
(-1.49362 -3.89308 0)
(-1.6662 -4.80407 0)
(-2.069 -3.83357 0)
(-2.57296e-264 -0.214984 0)
(-0.178639 1.23379 0)
(-0.424685 1.93703 0)
(-0.524325 2.28789 0)
(-0.492971 2.15156 0)
(-0.271449 2.04253 0)
(-0.0398421 1.82522 0)
(0.28931 1.6548 0)
(0.58197 1.46214 0)
(0.911458 1.2796 0)
(1.17572 1.07867 0)
(1.43665 0.843647 0)
(1.58922 0.573705 0)
(1.70335 0.220197 0)
(1.63648 -0.183804 0)
(1.4953 -0.736507 0)
(1.06048 -1.35779 0)
(0.534474 -2.23651 0)
(-0.38381 -3.18747 0)
(-1.10308 -4.23691 0)
(-1.84571 -4.51532 0)
(-0.859936 -2.31075 0)
(-0.400215 1.41496 0)
(-0.727983 1.98186 0)
(-0.529002 2.1787 0)
(-0.258959 1.90139 0)
(0.284427 1.70702 0)
(0.735142 1.45186 0)
(1.27763 1.26575 0)
(1.72408 1.08259 0)
(2.19119 0.923478 0)
(2.56004 0.763636 0)
(2.91641 0.588712 0)
(3.14108 0.398914 0)
(3.33007 0.155567 0)
(3.30973 -0.110578 0)
(3.23813 -0.481377 0)
(2.81819 -0.880265 0)
(2.35197 -1.50488 0)
(1.33688 -2.22573 0)
(0.439885 -3.34695 0)
(-0.714478 -3.99899 0)
(-0.700029 -2.96285 0)
(-0.256384 2.42388 0)
(-0.101483 2.06047 0)
(0.684266 1.86936 0)
(1.32657 1.33019 0)
(2.13518 1.06869 0)
(2.75364 0.825121 0)
(3.39889 0.671994 0)
(3.90432 0.544349 0)
(4.39874 0.444089 0)
(4.77757 0.353122 0)
(5.13156 0.260998 0)
(5.35328 0.165346 0)
(5.54018 0.0482183 0)
(5.53294 -0.0790354 0)
(5.48823 -0.254884 0)
(5.12945 -0.450034 0)
(4.74575 -0.786441 0)
(3.81903 -1.24301 0)
(2.85918 -2.25352 0)
(1.08899 -3.32947 0)
(-0.0455661 -3.79943 0)
(1.66793 1.67023 0)
(2.70574 0.975348 0)
(4.54718 0.748703 0)
(5.38505 0.423536 0)
(6.24961 0.285626 0)
(6.75581 0.176998 0)
(7.23108 0.120243 0)
(7.55069 0.0801436 0)
(7.84586 0.0541399 0)
(8.04717 0.0340724 0)
(8.22969 0.0162103 0)
(8.32129 -0.000691504 0)
(8.39727 -0.0216202 0)
(8.34396 -0.0424873 0)
(8.28713 -0.078079 0)
(8.00386 -0.111457 0)
(7.75036 -0.20108 0)
(6.99742 -0.293943 0)
(6.26364 -0.626047 0)
(4.04648 -0.998132 0)
(2.00621 -1.81893 0)
)
;

boundaryField
{
    movingWall
    {
        type            fixedValue;
        value           uniform (10 0 0);
    }
    fixedWalls
    {
        type            noSlip;
    }
    frontAndBack
    {
        type            empty;
    }
}


// ************************************************************************* //
