/*--------------------------------*- C++ -*----------------------------------*\
| =========                 |                                                 |
| \\      /  F ield         | OpenFOAM: The Open Source CFD Toolbox           |
|  \\    /   O peration     | Version:  4.1                                   |
|   \\  /    A nd           | Web:      www.OpenFOAM.org                      |
|    \\/     M anipulation  |                                                 |
\*---------------------------------------------------------------------------*/
FoamFile
{
    version     2.0;
    format      ascii;
    class       volVectorField;
    location    "0.0973";
    object      U;
}
// * * * * * * * * * * * * * * * * * * * * * * * * * * * * * * * * * * * * * //

dimensions      [0 1 -1 0 0 0 0];

internalField   nonuniform List<vector> 
441
(
(0.00380963 -0.0048854 0)
(0.00998692 -0.00254059 0)
(-0.000635147 -2.21932e-165 0)
(0.00200618 -3.41454e-266 0)
(-0.00837079 -0.008025 0)
(-0.00200618 -3.11388e-232 0)
(-1.15555e-202 -5.75233e-203 0)
(-1.43803e-203 -7.55373e-228 0)
(-1.75639e-212 -3.29843e-213 0)
(-0.00627205 9.29667e-266 0)
(-0.076934 0.025089 0)
(-0.0964948 0.0130875 0)
(-0.10845 0.00595572 0)
(-0.0950667 0.000348839 0)
(-0.0777978 -0.00173469 0)
(-0.0513122 -0.00309903 0)
(-0.0286148 -0.00218956 0)
(-0.0085985 -0.00157775 0)
(0.00334144 0.000822018 0)
(0.00481884 0.00160033 0)
(0.00464267 0.00306425 0)
(0.00395664 -0.00872763 0)
(-0.000724462 0.00690732 0)
(-0.027668 0.00866485 0)
(-0.0602825 0.0108223 0)
(-0.10908 0.0111339 0)
(-0.155424 -0.00315898 0)
(-0.199162 -0.000129785 0)
(-0.241317 0.00171709 0)
(-0.278712 0.0135484 0)
(-0.316249 0.0685106 0)
(-0.341529 0.0628851 0)
(-0.335237 0.0188676 0)
(-0.319235 -0.00802104 0)
(-0.275145 -0.031807 0)
(-0.223463 -0.0422308 0)
(-0.15878 -0.0474295 0)
(-0.100542 -0.0403588 0)
(-0.0491171 -0.0316704 0)
(-0.0147728 -0.0137114 0)
(-0.000671772 -0.0036206 0)
(0.00505049 0.00662495 0)
(0.00781105 -0.00861893 0)
(-0.00516531 0.0286967 0)
(-0.0552966 0.058156 0)
(-0.123702 0.0787845 0)
(-0.207627 0.0859102 0)
(-0.294571 0.0858321 0)
(-0.388192 0.0829012 0)
(-0.464635 0.0769692 0)
(-0.539467 0.0720527 0)
(-0.576082 0.0675227 0)
(-0.571666 0.0450275 0)
(-0.552393 -0.0079132 0)
(-0.513442 -0.0534402 0)
(-0.44545 -0.0952069 0)
(-0.364565 -0.117115 0)
(-0.267272 -0.126306 0)
(-0.177307 -0.110649 0)
(-0.0954627 -0.0878744 0)
(-0.0382172 -0.0465091 0)
(-0.00783945 -0.0186762 0)
(0.00648641 0.00782193 0)
(0.00647109 -0.0117273 0)
(-0.0168248 0.0718233 0)
(-0.0999078 0.127137 0)
(-0.198312 0.165664 0)
(-0.314474 0.182369 0)
(-0.431614 0.180245 0)
(-0.547136 0.171726 0)
(-0.647249 0.153944 0)
(-0.729412 0.12756 0)
(-0.777619 0.0979283 0)
(-0.786753 0.038911 0)
(-0.761569 -0.0405243 0)
(-0.709157 -0.115154 0)
(-0.619721 -0.18191 0)
(-0.512582 -0.220271 0)
(-0.383287 -0.236274 0)
(-0.261448 -0.211614 0)
(-0.147068 -0.172476 0)
(-0.0648921 -0.100439 0)
(-0.0158599 -0.0497254 0)
(0.0080883 0.00566169 0)
(7.08107e-165 0.00161777 0)
(-0.0256233 0.134609 0)
(-0.145669 0.238827 0)
(-0.268971 0.291831 0)
(-0.415696 0.31804 0)
(-0.558484 0.31655 0)
(-0.700562 0.297128 0)
(-0.820947 0.258074 0)
(-0.92056 0.20163 0)
(-0.979119 0.125603 0)
(-0.996099 0.0293866 0)
(-0.972004 -0.0852377 0)
(-0.911477 -0.19452 0)
(-0.80556 -0.292158 0)
(-0.674551 -0.352464 0)
(-0.51179 -0.378384 0)
(-0.355685 -0.345362 0)
(-0.20185 -0.285603 0)
(-0.0920003 -0.175973 0)
(-0.0187437 -0.0925629 0)
(0.014702 0.000834257 0)
(-5.73799e-266 0.0059604 0)
(-0.0925777 0.222408 0)
(-0.203691 0.368366 0)
(-0.351815 0.437587 0)
(-0.512495 0.471701 0)
(-0.677067 0.466205 0)
(-0.835867 0.434825 0)
(-0.975798 0.374204 0)
(-1.09079 0.286658 0)
(-1.16686 0.172662 0)
(-1.20134 0.0321012 0)
(-1.18567 -0.12621 0)
(-1.12608 -0.281364 0)
(-1.00894 -0.420538 0)
(-0.85742 -0.513622 0)
(-0.660227 -0.55773 0)
(-0.465958 -0.520509 0)
(-0.266095 -0.43941 0)
(-0.123076 -0.281515 0)
(-0.0215727 -0.159708 0)
(0.0161382 0.00300071 0)
(-0.0238416 0.0974927 0)
(-0.129112 0.334602 0)
(-0.256873 0.498419 0)
(-0.419645 0.598698 0)
(-0.59972 0.642384 0)
(-0.783013 0.638352 0)
(-0.96231 0.594951 0)
(-1.12235 0.511992 0)
(-1.25843 0.392412 0)
(-1.35517 0.235892 0)
(-1.40991 0.048686 0)
(-1.40937 -0.16083 0)
(-1.35777 -0.370253 0)
(-1.23624 -0.561828 0)
(-1.06914 -0.699725 0)
(-0.836906 -0.77185 0)
(-0.602146 -0.737212 0)
(-0.343007 -0.631059 0)
(-0.164112 -0.417179 0)
(-0.0083343 -0.23368 0)
(6.00273e-266 -0.00403455 0)
(-0.0176133 0.161428 0)
(-0.123586 0.456619 0)
(-0.280149 0.65941 0)
(-0.463635 0.781195 0)
(-0.663623 0.835234 0)
(-0.86594 0.829047 0)
(-1.06352 0.774434 0)
(-1.24441 0.670168 0)
(-1.4025 0.519899 0)
(-1.52441 0.323563 0)
(-1.60543 0.0867384 0)
(-1.62808 -0.179457 0)
(-1.59431 -0.45397 0)
(-1.47833 -0.711487 0)
(-1.3039 -0.91229 0)
(-1.04165 -1.02906 0)
(-0.764522 -1.01279 0)
(-0.441255 -0.883992 0)
(-0.212503 -0.611511 0)
(-0.00384884 -0.333507 0)
(2.64618e-24 -1.04776e-24 0)
(-0.0156221 0.234911 0)
(-0.126799 0.595197 0)
(-0.299755 0.83674 0)
(-0.497624 0.980201 0)
(-0.713347 1.04325 0)
(-0.930278 1.03652 0)
(-1.14384 0.972415 0)
(-1.34316 0.849744 0)
(-1.52291 0.672115 0)
(-1.67072 0.438145 0)
(-1.78063 0.152951 0)
(-1.83305 -0.172509 0)
(-1.82642 -0.518539 0)
(-1.72844 -0.853626 0)
(-1.55958 -1.1342 0)
(-1.27785 -1.31463 0)
(-0.963827 -1.33394 0)
(-0.571932 -1.18867 0)
(-0.283988 -0.846656 0)
(-0.00508295 -0.45438 0)
(1.07446e-76 -6.61545e-25 0)
(-0.0134694 0.30439 0)
(-0.123335 0.742474 0)
(-0.304617 1.0309 0)
(-0.509929 1.19531 0)
(-0.734185 1.26823 0)
(-0.959408 1.25943 0)
(-1.18202 1.1875 0)
(-1.39417 1.04876 0)
(-1.59047 0.847632 0)
(-1.76168 0.580553 0)
(-1.90039 0.249424 0)
(-1.98696 -0.134846 0)
(-2.01625 -0.557862 0)
(-1.95028 -0.981021 0)
(-1.80372 -1.36199 0)
(-1.52031 -1.63099 0)
(-1.18099 -1.7172 0)
(-0.723673 -1.57453 0)
(-0.368536 -1.17261 0)
(-0.00737229 -0.633256 0)
(2.98355e-164 -2.68614e-77 0)
(-0.013306 0.36817 0)
(-0.122848 0.884547 0)
(-0.307608 1.22093 0)
(-0.514012 1.40741 0)
(-0.738215 1.49093 0)
(-0.962436 1.48225 0)
(-1.18354 1.40601 0)
(-1.39805 1.25666 0)
(-1.60026 1.03919 0)
(-1.78639 0.747221 0)
(-1.9475 0.378876 0)
(-2.06788 -0.057029 0)
(-2.13808 -0.553107 0)
(-2.11852 -1.06709 0)
(-2.01472 -1.56068 0)
(-1.75677 -1.94129 0)
(-1.41727 -2.12555 0)
(-0.914342 -2.00976 0)
(-0.493458 -1.55101 0)
(-0.0822643 -0.836557 0)
(1.79772e-265 0.0134083 0)
(-0.0136128 0.441417 0)
(-0.117816 1.03895 0)
(-0.297871 1.42352 0)
(-0.495516 1.62659 0)
(-0.707869 1.71777 0)
(-0.918544 1.7047 0)
(-1.12396 1.62375 0)
(-1.32627 1.46504 0)
(-1.51907 1.23618 0)
(-1.70588 0.927131 0)
(-1.87704 0.531076 0)
(-2.02376 0.0547939 0)
(-2.13403 -0.50651 0)
(-2.17038 -1.10654 0)
(-2.12888 -1.72241 0)
(-1.92698 -2.23505 0)
(-1.61759 -2.5583 0)
(-1.08944 -2.513 0)
(-0.590463 -1.99874 0)
(-0.0765422 -1.14681 0)
(0.0536332 -0.0780182 0)
(-0.0166461 0.495201 0)
(-0.119229 1.16585 0)
(-0.295701 1.59571 0)
(-0.479755 1.81409 0)
(-0.668813 1.91216 0)
(-0.852113 1.89579 0)
(-1.02315 1.81283 0)
(-1.19426 1.65029 0)
(-1.35574 1.41864 0)
(-1.52308 1.10478 0)
(-1.68362 0.697612 0)
(-1.8424 0.200533 0)
(-1.98242 -0.403678 0)
(-2.07901 -1.07132 0)
(-2.1148 -1.79845 0)
(-2.00283 -2.45423 0)
(-1.77176 -2.95626 0)
(-1.24472 -3.04591 0)
(-0.717567 -2.5575 0)
(0.0438994 -1.48799 0)
(2.47888e-231 -0.0134083 0)
(-0.0209436 0.580288 0)
(-0.119021 1.32106 0)
(-0.284598 1.78796 0)
(-0.444619 2.00084 0)
(-0.596474 2.09338 0)
(-0.736686 2.05949 0)
(-0.855267 1.96801 0)
(-0.975417 1.79788 0)
(-1.08373 1.56595 0)
(-1.20808 1.25521 0)
(-1.33371 0.850515 0)
(-1.48089 0.353796 0)
(-1.63166 -0.269768 0)
(-1.77881 -0.974415 0)
(-1.89939 -1.79733 0)
(-1.91293 -2.58213 0)
(-1.81882 -3.31458 0)
(-1.39991 -3.58543 0)
(-0.892657 -3.28063 0)
(-0.00290609 -1.90249 0)
(5.83534e-202 4.58973e-184 0)
(-0.036713 0.628311 0)
(-0.148107 1.42346 0)
(-0.313172 1.91766 0)
(-0.447975 2.12061 0)
(-0.545619 2.20285 0)
(-0.625097 2.15138 0)
(-0.665166 2.05156 0)
(-0.7109 1.87778 0)
(-0.738143 1.65208 0)
(-0.794279 1.35578 0)
(-0.85529 0.972022 0)
(-0.965992 0.501277 0)
(-1.09689 -0.102283 0)
(-1.28095 -0.799336 0)
(-1.46952 -1.65606 0)
(-1.64208 -2.53126 0)
(-1.71934 -3.45245 0)
(-1.51985 -3.98049 0)
(-1.10566 -3.93072 0)
(-0.0115042 -2.41113 0)
(1.83589e-183 -1.54037e-184 0)
(-0.0552663 0.773371 0)
(-0.181281 1.60186 0)
(-0.335848 2.09746 0)
(-0.432376 2.23479 0)
(-0.45983 2.27785 0)
(-0.46142 2.17993 0)
(-0.405953 2.05829 0)
(-0.358483 1.87187 0)
(-0.285455 1.65139 0)
(-0.250317 1.37398 0)
(-0.221815 1.02244 0)
(-0.263418 0.598003 0)
(-0.341104 0.0437239 0)
(-0.517985 -0.598187 0)
(-0.746748 -1.43919 0)
(-1.05354 -2.32863 0)
(-1.3547 -3.44134 0)
(-1.48353 -4.20564 0)
(-1.39165 -4.80562 0)
(-0.466509 -3.05544 0)
(4.40263e-254 -4.58973e-184 0)
(-0.121139 0.851217 0)
(-0.315008 1.691 0)
(-0.461068 2.16389 0)
(-0.508313 2.23502 0)
(-0.417114 2.23135 0)
(-0.307215 2.09267 0)
(-0.113123 1.94975 0)
(0.0567671 1.75644 0)
(0.260131 1.54568 0)
(0.407781 1.29479 0)
(0.550053 0.987575 0)
(0.594693 0.626733 0)
(0.601565 0.156124 0)
(0.446916 -0.384233 0)
(0.233483 -1.11251 0)
(-0.229984 -1.91229 0)
(-0.68845 -2.99636 0)
(-1.43933 -3.94233 0)
(-1.63807 -4.85668 0)
(-2.07439 -3.87903 0)
(-2.59704e-264 -0.216266 0)
(-0.177809 1.23132 0)
(-0.413715 1.9462 0)
(-0.495387 2.31327 0)
(-0.442857 2.19103 0)
(-0.198184 2.09057 0)
(0.0553554 1.87544 0)
(0.404186 1.70088 0)
(0.712164 1.49871 0)
(1.05198 1.3026 0)
(1.32066 1.08601 0)
(1.58041 0.835189 0)
(1.72664 0.551638 0)
(1.83067 0.188231 0)
(1.75097 -0.220606 0)
(1.59606 -0.773283 0)
(1.14638 -1.39052 0)
(0.605391 -2.26383 0)
(-0.331985 -3.21214 0)
(-1.07202 -4.26133 0)
(-1.84 -4.5425 0)
(-0.865062 -2.31851 0)
(-0.400667 1.40862 0)
(-0.725048 1.97993 0)
(-0.515673 2.18729 0)
(-0.230817 1.92076 0)
(0.330905 1.734 0)
(0.800409 1.48216 0)
(1.36087 1.29485 0)
(1.82214 1.10657 0)
(2.2999 0.939231 0)
(2.67399 0.769424 0)
(3.03013 0.584165 0)
(3.24925 0.385298 0)
(3.42863 0.135302 0)
(3.39568 -0.134053 0)
(3.31071 -0.504522 0)
(2.87727 -0.899945 0)
(2.3995 -1.51926 0)
(1.37264 -2.23576 0)
(0.464324 -3.35458 0)
(-0.704264 -4.0078 0)
(-0.701651 -2.9644 0)
(-0.257716 2.41902 0)
(-0.105585 2.05585 0)
(0.682057 1.86935 0)
(1.33133 1.33609 0)
(2.15152 1.07923 0)
(2.78381 0.838151 0)
(3.44358 0.685043 0)
(3.96187 0.555295 0)
(4.46619 0.45125 0)
(4.8505 0.355567 0)
(5.20523 0.258546 0)
(5.42287 0.158652 0)
(5.6019 0.0385922 0)
(5.58406 -0.0898462 0)
(5.52801 -0.264967 0)
(5.15831 -0.457936 0)
(4.76605 -0.790972 0)
(3.83274 -1.24487 0)
(2.86833 -2.25327 0)
(1.09324 -3.33044 0)
(-0.0465087 -3.79869 0)
(1.66681 1.66914 0)
(2.70111 0.974164 0)
(4.54049 0.748126 0)
(5.3797 0.423926 0)
(6.24892 0.286813 0)
(6.76183 0.178601 0)
(7.24467 0.121803 0)
(7.57109 0.0813046 0)
(7.8714 0.0546324 0)
(8.07522 0.0338068 0)
(8.25749 0.015227 0)
(8.34605 -0.00218261 0)
(8.41708 -0.0233343 0)
(8.35753 -0.0440657 0)
(8.29472 -0.0792178 0)
(8.00621 -0.111939 0)
(7.74965 -0.200817 0)
(6.99532 -0.293134 0)
(6.26199 -0.624853 0)
(4.04565 -0.99707 0)
(2.00492 -1.8176 0)
)
;

boundaryField
{
    movingWall
    {
        type            fixedValue;
        value           uniform (10 0 0);
    }
    fixedWalls
    {
        type            noSlip;
    }
    frontAndBack
    {
        type            empty;
    }
}


// ************************************************************************* //
