/*--------------------------------*- C++ -*----------------------------------*\
| =========                 |                                                 |
| \\      /  F ield         | OpenFOAM: The Open Source CFD Toolbox           |
|  \\    /   O peration     | Version:  4.1                                   |
|   \\  /    A nd           | Web:      www.OpenFOAM.org                      |
|    \\/     M anipulation  |                                                 |
\*---------------------------------------------------------------------------*/
FoamFile
{
    version     2.0;
    format      ascii;
    class       volVectorField;
    location    "0.0476196";
    object      U;
}
// * * * * * * * * * * * * * * * * * * * * * * * * * * * * * * * * * * * * * //

dimensions      [0 1 -1 0 0 0 0];

internalField   nonuniform List<vector> 
441
(
(0.000713529 -0.00068623 0)
(4.73071e-05 0.000125586 0)
(-0.00421021 0.000873931 0)
(-0.0109994 0.00147762 0)
(-0.019669 0.0017725 0)
(-0.0289878 0.00186535 0)
(-0.0381893 0.00176613 0)
(-0.0464342 0.00152927 0)
(-0.0531212 0.0011684 0)
(-0.0576863 0.000707444 0)
(-0.0597214 0.000165329 0)
(-0.0589377 -0.000425716 0)
(-0.0552679 -0.00101816 0)
(-0.048872 -0.00155198 0)
(-0.0402591 -0.00194594 0)
(-0.0301869 -0.00213291 0)
(-0.019833 -0.00202278 0)
(-0.0103554 -0.00161533 0)
(-0.00328128 -0.000849645 0)
(0.000683414 1.01298e-05 0)
(0.000854492 0.000811487 0)
(-2.50428e-05 -0.000100296 0)
(-0.00536411 0.00539607 0)
(-0.0182977 0.0108588 0)
(-0.0364001 0.0150912 0)
(-0.0583001 0.0173647 0)
(-0.0814553 0.0178886 0)
(-0.104061 0.0168059 0)
(-0.1242 0.0143828 0)
(-0.140399 0.0108139 0)
(-0.151338 0.00632413 0)
(-0.156068 0.00116579 0)
(-0.153974 -0.00432476 0)
(-0.14496 -0.00970915 0)
(-0.129475 -0.0144576 0)
(-0.108709 -0.0179652 0)
(-0.0844245 -0.0196771 0)
(-0.0591879 -0.0191 0)
(-0.0355681 -0.016137 0)
(-0.0167277 -0.0108833 0)
(-0.00418082 -0.00467468 0)
(0.0002305 0.000762747 0)
(-0.000820485 0.00411692 0)
(-0.0115982 0.0184364 0)
(-0.0332897 0.0314758 0)
(-0.0617516 0.0411957 0)
(-0.0950356 0.0463626 0)
(-0.129651 0.0472238 0)
(-0.1631 0.0440981 0)
(-0.192727 0.0375427 0)
(-0.216455 0.0280648 0)
(-0.232445 0.0162519 0)
(-0.239369 0.00279031 0)
(-0.236381 -0.0114392 0)
(-0.223346 -0.0253265 0)
(-0.200884 -0.0375577 0)
(-0.170617 -0.0466845 0)
(-0.134948 -0.0513705 0)
(-0.0973838 -0.0505226 0)
(-0.06146 -0.0438811 0)
(-0.0316121 -0.0318509 0)
(-0.0100909 -0.0169997 0)
(-0.000457485 -0.00263593 0)
(-0.00159081 0.0115279 0)
(-0.01778 0.0382976 0)
(-0.0480503 0.0609 0)
(-0.0862826 0.077027 0)
(-0.129938 0.0852825 0)
(-0.174689 0.0860644 0)
(-0.217556 0.0799472 0)
(-0.25536 0.0678329 0)
(-0.285625 0.0506082 0)
(-0.30614 0.0292978 0)
(-0.315291 0.00511436 0)
(-0.312014 -0.0204053 0)
(-0.296067 -0.0453427 0)
(-0.268085 -0.0674351 0)
(-0.229897 -0.084201 0)
(-0.184291 -0.0933153 0)
(-0.135481 -0.0928928 0)
(-0.0877983 -0.0823437 0)
(-0.0469854 -0.0622768 0)
(-0.0161814 -0.0363217 0)
(-0.00112105 -0.0090801 0)
(-0.00223244 0.0221602 0)
(-0.0235284 0.0652379 0)
(-0.0621218 0.0995167 0)
(-0.109804 0.122953 0)
(-0.163395 0.13439 0)
(-0.217737 0.13458 0)
(-0.26947 0.124486 0)
(-0.315016 0.105426 0)
(-0.351621 0.0787209 0)
(-0.376791 0.0458728 0)
(-0.388652 0.00866625 0)
(-0.385883 -0.0306462 0)
(-0.368025 -0.0692481 0)
(-0.335551 -0.10379 0)
(-0.290297 -0.130561 0)
(-0.235247 -0.145988 0)
(-0.175218 -0.147099 0)
(-0.115353 -0.132667 0)
(-0.0629345 -0.103258 0)
(-0.0222654 -0.0633577 0)
(-0.00167381 -0.0187114 0)
(-0.00283298 0.0356419 0)
(-0.0290397 0.0987106 0)
(-0.0757575 0.146693 0)
(-0.132675 0.178239 0)
(-0.195945 0.192862 0)
(-0.2596 0.191935 0)
(-0.319968 0.176994 0)
(-0.373169 0.149856 0)
(-0.416266 0.112306 0)
(-0.446543 0.0663135 0)
(-0.461876 0.0142092 0)
(-0.460629 -0.0410594 0)
(-0.441989 -0.0957648 0)
(-0.406083 -0.145386 0)
(-0.354529 -0.184803 0)
(-0.290297 -0.208878 0)
(-0.218709 -0.213138 0)
(-0.145755 -0.195236 0)
(-0.0805524 -0.155289 0)
(-0.0289052 -0.0983856 0)
(-0.00224898 -0.0314542 0)
(-0.00340792 0.051956 0)
(-0.0344352 0.138707 0)
(-0.0891615 0.202448 0)
(-0.155157 0.242923 0)
(-0.227901 0.260746 0)
(-0.30065 0.258214 0)
(-0.369492 0.237652 0)
(-0.430347 0.201465 0)
(-0.480186 0.151924 0)
(-0.516144 0.0914161 0)
(-0.535859 0.0227405 0)
(-0.537333 -0.0505466 0)
(-0.519268 -0.123858 0)
(-0.481235 -0.191464 0)
(-0.424372 -0.24666 0)
(-0.351366 -0.282369 0)
(-0.267858 -0.292068 0)
(-0.180661 -0.271594 0)
(-0.101025 -0.220015 0)
(-0.0366746 -0.142671 0)
(-0.00292294 -0.0478061 0)
(-0.00400136 0.0710564 0)
(-0.0398574 0.185112 0)
(-0.102512 0.266583 0)
(-0.177363 0.316705 0)
(-0.259215 0.337677 0)
(-0.34061 0.333058 0)
(-0.417501 0.306213 0)
(-0.485742 0.260237 0)
(-0.542339 0.19789 0)
(-0.584387 0.121892 0)
(-0.609345 0.0353677 0)
(-0.614842 -0.0576836 0)
(-0.598993 -0.151959 0)
(-0.56061 -0.240567 0)
(-0.500031 -0.315108 0)
(-0.419285 -0.366169 0)
(-0.323973 -0.384508 0)
(-0.221544 -0.363185 0)
(-0.125586 -0.299312 0)
(-0.0462439 -0.197853 0)
(-0.00381694 -0.0684932 0)
(-0.00462676 0.0929712 0)
(-0.0453878 0.237887 0)
(-0.115876 0.338911 0)
(-0.199191 0.399202 0)
(-0.289442 0.423123 0)
(-0.378566 0.415873 0)
(-0.462515 0.382163 0)
(-0.537279 0.325875 0)
(-0.600077 0.25027 0)
(-0.648142 0.158273 0)
(-0.678884 0.0531416 0)
(-0.689631 -0.0609269 0)
(-0.677871 -0.178169 0)
(-0.641486 -0.290711 0)
(-0.57966 -0.388467 0)
(-0.493272 -0.459354 0)
(-0.387287 -0.490679 0)
(-0.269327 -0.471448 0)
(-0.155291 -0.395482 0)
(-0.0582662 -0.266186 0)
(-0.00504484 -0.0946493 0)
(-0.00533359 0.117878 0)
(-0.0511405 0.297117 0)
(-0.129284 0.419209 0)
(-0.22035 0.489764 0)
(-0.317715 0.516068 0)
(-0.412879 0.505413 0)
(-0.501984 0.464228 0)
(-0.581431 0.397304 0)
(-0.648904 0.308403 0)
(-0.702045 0.200514 0)
(-0.738438 0.0767874 0)
(-0.755298 -0.0587163 0)
(-0.749552 -0.200159 0)
(-0.718081 -0.339044 0)
(-0.658571 -0.463837 0)
(-0.570174 -0.559624 0)
(-0.45633 -0.609593 0)
(-0.323994 -0.597122 0)
(-0.190878 -0.510819 0)
(-0.0734185 -0.350392 0)
(-0.00677291 -0.127839 0)
(-0.00616954 0.145778 0)
(-0.0573359 0.362534 0)
(-0.1429 0.5067 0)
(-0.240583 0.586939 0)
(-0.342963 0.614504 0)
(-0.441386 0.599297 0)
(-0.532448 0.549937 0)
(-0.613355 0.472241 0)
(-0.682577 0.370499 0)
(-0.73854 0.247605 0)
(-0.779335 0.106338 0)
(-0.802396 -0.0497756 0)
(-0.804314 -0.215344 0)
(-0.781061 -0.381819 0)
(-0.728577 -0.536776 0)
(-0.643716 -0.662657 0)
(-0.527226 -0.738147 0)
(-0.384087 -0.739256 0)
(-0.23254 -0.646805 0)
(-0.0923817 -0.453173 0)
(-0.00920615 -0.169885 0)
(-0.00733117 0.177454 0)
(-0.0644535 0.434697 0)
(-0.157065 0.60105 0)
(-0.259581 0.689153 0)
(-0.363722 0.715795 0)
(-0.461171 0.69412 0)
(-0.549325 0.635523 0)
(-0.626717 0.546962 0)
(-0.692987 0.433286 0)
(-0.747806 0.297139 0)
(-0.790196 0.140661 0)
(-0.818292 -0.0335925 0)
(-0.828763 -0.221305 0)
(-0.817016 -0.414683 0)
(-0.777214 -0.601364 0)
(-0.703508 -0.761864 0)
(-0.592619 -0.870587 0)
(-0.445818 -0.894595 0)
(-0.279429 -0.803814 0)
(-0.115798 -0.577481 0)
(-0.0126913 -0.223459 0)
(-0.00905975 0.212897 0)
(-0.073519 0.51275 0)
(-0.172838 0.700086 0)
(-0.277607 0.792634 0)
(-0.378675 0.814963 0)
(-0.468992 0.784122 0)
(-0.547242 0.714945 0)
(-0.614002 0.61558 0)
(-0.670498 0.49147 0)
(-0.718159 0.344863 0)
(-0.757402 0.177037 0)
(-0.787646 -0.0108187 0)
(-0.806232 -0.216126 0)
(-0.808652 -0.432807 0)
(-0.787609 -0.649925 0)
(-0.734568 -0.847464 0)
(-0.640924 -0.996754 0)
(-0.502302 -1.05508 0)
(-0.32918 -0.978378 0)
(-0.144241 -0.724284 0)
(-0.0176787 -0.290927 0)
(-0.0121251 0.255525 0)
(-0.0861589 0.599433 0)
(-0.191235 0.804042 0)
(-0.29412 0.894456 0)
(-0.38496 0.906713 0)
(-0.45959 0.862423 0)
(-0.518567 0.780569 0)
(-0.565404 0.670358 0)
(-0.603271 0.537766 0)
(-0.63582 0.38447 0)
(-0.665235 0.210705 0)
(-0.692794 0.0159842 0)
(-0.717192 -0.199437 0)
(-0.734974 -0.432207 0)
(-0.738176 -0.674497 0)
(-0.716331 -0.907886 0)
(-0.654681 -1.1032 0)
(-0.541613 -1.2086 0)
(-0.376302 -1.16414 0)
(-0.177721 -0.894527 0)
(-0.0250002 -0.377038 0)
(-0.0174898 0.304787 0)
(-0.105736 0.691189 0)
(-0.214903 0.906229 0)
(-0.309358 0.985073 0)
(-0.379143 0.980033 0)
(-0.426089 0.917567 0)
(-0.453386 0.82124 0)
(-0.468658 0.700876 0)
(-0.477198 0.562762 0)
(-0.485164 0.407817 0)
(-0.496599 0.235156 0)
(-0.514984 0.0425361 0)
(-0.540928 -0.172401 0)
(-0.573152 -0.409774 0)
(-0.604308 -0.666522 0)
(-0.623811 -0.928485 0)
(-0.61091 -1.17002 0)
(-0.546438 -1.33332 0)
(-0.411529 -1.34356 0)
(-0.215601 -1.08032 0)
(-0.0356404 -0.483014 0)
(-0.0275716 0.374603 0)
(-0.134818 0.797928 0)
(-0.241432 1.00883 0)
(-0.315421 1.05902 0)
(-0.347995 1.02511 0)
(-0.351616 0.937742 0)
(-0.332597 0.824823 0)
(-0.303741 0.695594 0)
(-0.272181 0.555925 0)
(-0.246409 0.405548 0)
(-0.231914 0.242344 0)
(-0.234229 0.0624181 0)
(-0.255999 -0.13909 0)
(-0.299079 -0.365993 0)
(-0.358301 -0.621191 0)
(-0.426032 -0.897554 0)
(-0.477527 -1.17834 0)
(-0.488618 -1.40598 0)
(-0.415892 -1.4972 0)
(-0.252967 -1.27602 0)
(-0.0512559 -0.619067 0)
(-0.0456061 0.456001 0)
(-0.180797 0.899311 0)
(-0.269094 1.08557 0)
(-0.300725 1.08925 0)
(-0.27026 1.01748 0)
(-0.20915 0.90275 0)
(-0.126501 0.775351 0)
(-0.0409989 0.642239 0)
(0.0396694 0.50775 0)
(0.105681 0.370032 0)
(0.15131 0.225761 0)
(0.1699 0.0698718 0)
(0.157389 -0.104204 0)
(0.108521 -0.303152 0)
(0.0250393 -0.535544 0)
(-0.0922649 -0.802862 0)
(-0.218804 -1.10238 0)
(-0.332798 -1.3863 0)
(-0.361902 -1.57634 0)
(-0.280837 -1.44193 0)
(-0.0728219 -0.772908 0)
(-0.0740549 0.603659 0)
(-0.226046 1.02239 0)
(-0.252169 1.13888 0)
(-0.203003 1.06231 0)
(-0.0772187 0.939352 0)
(0.0685487 0.796116 0)
(0.226018 0.659785 0)
(0.372429 0.531483 0)
(0.502319 0.411829 0)
(0.60664 0.296655 0)
(0.681287 0.181345 0)
(0.72008 0.0602431 0)
(0.718904 -0.0737528 0)
(0.669987 -0.228614 0)
(0.571608 -0.41663 0)
(0.41465 -0.647403 0)
(0.217511 -0.935491 0)
(-0.0145021 -1.2542 0)
(-0.185847 -1.55294 0)
(-0.260974 -1.56306 0)
(-0.0976523 -0.973156 0)
(-0.113315 0.726538 0)
(-0.253291 1.0514 0)
(-0.118022 1.06259 0)
(0.0740123 0.906314 0)
(0.335424 0.748001 0)
(0.5793 0.598564 0)
(0.810068 0.473784 0)
(1.00676 0.367799 0)
(1.17134 0.276693 0)
(1.29895 0.194666 0)
(1.38938 0.116602 0)
(1.43878 0.0373874 0)
(1.44452 -0.0489221 0)
(1.39795 -0.149192 0)
(1.29519 -0.275086 0)
(1.11684 -0.439502 0)
(0.871061 -0.668612 0)
(0.528572 -0.963342 0)
(0.190757 -1.3211 0)
(-0.135064 -1.49126 0)
(-0.105971 -1.107 0)
(-0.0420818 1.02331 0)
(0.0580597 1.02321 0)
(0.490639 0.847527 0)
(0.849033 0.608444 0)
(1.21512 0.44268 0)
(1.50676 0.320245 0)
(1.75526 0.233945 0)
(1.95093 0.170284 0)
(2.10554 0.1212 0)
(2.22006 0.0807736 0)
(2.29839 0.0446846 0)
(2.33967 0.00950225 0)
(2.34343 -0.0282658 0)
(2.30253 -0.0728337 0)
(2.21371 -0.131705 0)
(2.05365 -0.215848 0)
(1.8226 -0.352331 0)
(1.45357 -0.565254 0)
(1.00988 -0.91954 0)
(0.368505 -1.25121 0)
(0.0354433 -1.27688 0)
(0.845525 0.57668 0)
(1.3174 0.400027 0)
(2.06366 0.262009 0)
(2.45551 0.154955 0)
(2.77582 0.0925895 0)
(2.98074 0.0562213 0)
(3.13322 0.0344687 0)
(3.23914 0.0213993 0)
(3.3156 0.0128066 0)
(3.36733 0.00676872 0)
(3.39936 0.00191461 0)
(3.41249 -0.002606 0)
(3.40743 -0.00747277 0)
(3.37993 -0.0138017 0)
(3.32833 -0.0230171 0)
(3.23362 -0.0387657 0)
(3.09302 -0.0678625 0)
(2.82433 -0.122107 0)
(2.4527 -0.231247 0)
(1.63269 -0.388062 0)
(0.924191 -0.587365 0)
)
;

boundaryField
{
    movingWall
    {
        type            fixedValue;
        value           uniform (4 0 0);
    }
    fixedWalls
    {
        type            noSlip;
    }
    frontAndBack
    {
        type            empty;
    }
}


// ************************************************************************* //
