/*--------------------------------*- C++ -*----------------------------------*\
| =========                 |                                                 |
| \\      /  F ield         | OpenFOAM: The Open Source CFD Toolbox           |
|  \\    /   O peration     | Version:  4.1                                   |
|   \\  /    A nd           | Web:      www.OpenFOAM.org                      |
|    \\/     M anipulation  |                                                 |
\*---------------------------------------------------------------------------*/
FoamFile
{
    version     2.0;
    format      ascii;
    class       volVectorField;
    location    "0.0909";
    object      U;
}
// * * * * * * * * * * * * * * * * * * * * * * * * * * * * * * * * * * * * * //

dimensions      [0 1 -1 0 0 0 0];

internalField   nonuniform List<vector> 
441
(
(0.00376428 -0.00485125 0)
(0.00985367 -0.00254 0)
(-0.000635 -2.21338e-165 0)
(0.00198214 -3.36583e-266 0)
(-0.00836983 -0.00792889 0)
(-0.00198214 -3.08182e-232 0)
(-1.14762e-202 -5.67167e-203 0)
(-1.41785e-203 -7.44569e-228 0)
(-1.73741e-212 -3.25057e-213 0)
(-0.00620428 9.19977e-266 0)
(-0.0760773 0.0248181 0)
(-0.0955052 0.0129632 0)
(-0.10746 0.00591601 0)
(-0.094372 0.000370932 0)
(-0.0774368 -0.0016951 0)
(-0.0513186 -0.00306084 0)
(-0.0288782 -0.00217651 0)
(-0.00898717 -0.00159176 0)
(0.0029826 0.000777518 0)
(0.00462395 0.00154943 0)
(0.00459833 0.00302635 0)
(0.0038901 -0.0085822 0)
(-0.000834576 0.00686452 0)
(-0.0275458 0.00856964 0)
(-0.0597903 0.0107691 0)
(-0.107988 0.0110005 0)
(-0.153672 -0.00320521 0)
(-0.196762 -0.000141734 0)
(-0.238276 0.00169009 0)
(-0.275128 0.0133898 0)
(-0.312186 0.067742 0)
(-0.337257 0.0622648 0)
(-0.331237 0.0188524 0)
(-0.315738 -0.00767149 0)
(-0.272488 -0.0311915 0)
(-0.221715 -0.0415585 0)
(-0.157953 -0.0468325 0)
(-0.100425 -0.0399855 0)
(-0.0494359 -0.0315561 0)
(-0.0152063 -0.0138639 0)
(-0.000942549 -0.00388682 0)
(0.00498961 0.00642286 0)
(0.0077 -0.0084108 0)
(-0.00517978 0.0285084 0)
(-0.0547765 0.0575583 0)
(-0.122303 0.077848 0)
(-0.205045 0.0847597 0)
(-0.290753 0.0845693 0)
(-0.383006 0.0816549 0)
(-0.458274 0.0758218 0)
(-0.532066 0.0710727 0)
(-0.56823 0.0667828 0)
(-0.564047 0.044813 0)
(-0.545323 -0.00727805 0)
(-0.507287 -0.0521404 0)
(-0.440551 -0.0934413 0)
(-0.361043 -0.115249 0)
(-0.265138 -0.124638 0)
(-0.176314 -0.109495 0)
(-0.0952747 -0.0873358 0)
(-0.0384096 -0.0466041 0)
(-0.00803735 -0.0190977 0)
(0.00642216 0.00745722 0)
(0.0064124 -0.0114453 0)
(-0.0165529 0.0711316 0)
(-0.0985657 0.12564 0)
(-0.195583 0.163519 0)
(-0.310057 0.179818 0)
(-0.425459 0.177568 0)
(-0.539266 0.169148 0)
(-0.637911 0.151687 0)
(-0.718982 0.125875 0)
(-0.766686 0.0969655 0)
(-0.776 0.0390779 0)
(-0.751536 -0.0390657 0)
(-0.700288 -0.112626 0)
(-0.612425 -0.178652 0)
(-0.507026 -0.216828 0)
(-0.379528 -0.233136 0)
(-0.259247 -0.209293 0)
(-0.146083 -0.171169 0)
(-0.0646297 -0.10021 0)
(-0.0158677 -0.0501175 0)
(0.00804204 0.00519625 0)
(7.00274e-165 0.0016031 0)
(-0.0251685 0.133023 0)
(-0.143529 0.23578 0)
(-0.264997 0.28784 0)
(-0.409549 0.31348 0)
(-0.550218 0.31186 0)
(-0.690247 0.292722 0)
(-0.808966 0.254383 0)
(-0.907369 0.199071 0)
(-0.965417 0.124532 0)
(-0.982595 0.0300718 0)
(-0.959291 -0.0827234 0)
(-0.900076 -0.190483 0)
(-0.79593 -0.287076 0)
(-0.666932 -0.34706 0)
(-0.50632 -0.373353 0)
(-0.352169 -0.341438 0)
(-0.199993 -0.283118 0)
(-0.09124 -0.17508 0)
(-0.0185658 -0.092671 0)
(0.0146548 0.000417357 0)
(-5.67509e-266 0.00588414 0)
(-0.0912849 0.219525 0)
(-0.200664 0.363385 0)
(-0.346575 0.43142 0)
(-0.504876 0.464871 0)
(-0.667088 0.459356 0)
(-0.823721 0.42853 0)
(-0.96189 0.369069 0)
(-1.07565 0.283243 0)
(-1.15116 0.17139 0)
(-1.18576 0.033257 0)
(-1.17086 -0.122641 0)
(-1.11258 -0.275749 0)
(-0.99727 -0.413485 0)
(-0.847898 -0.506012 0)
(-0.653112 -0.55047 0)
(-0.461131 -0.514573 0)
(-0.263357 -0.435331 0)
(-0.1218 -0.279614 0)
(-0.0211622 -0.159284 0)
(0.0161372 0.00265252 0)
(-0.0235366 0.0961582 0)
(-0.127301 0.330026 0)
(-0.253159 0.491427 0)
(-0.413591 0.590141 0)
(-0.591166 0.633104 0)
(-0.772029 0.629156 0)
(-0.949118 0.586634 0)
(-1.1074 0.505323 0)
(-1.24224 0.388072 0)
(-1.3384 0.234384 0)
(-1.39319 0.0502567 0)
(-1.39331 -0.156241 0)
(-1.34291 -0.363072 0)
(-1.22313 -0.552755 0)
(-1.05815 -0.689766 0)
(-0.828432 -0.762104 0)
(-0.596183 -0.728911 0)
(-0.339537 -0.625002 0)
(-0.16246 -0.413969 0)
(-0.00798566 -0.232501 0)
(5.98793e-266 -0.00403431 0)
(-0.0173821 0.159216 0)
(-0.121884 0.450322 0)
(-0.27634 0.650196 0)
(-0.457432 0.770191 0)
(-0.654932 0.823487 0)
(-0.854887 0.817567 0)
(-1.05037 0.764177 0)
(-1.22962 0.662039 0)
(-1.38656 0.514665 0)
(-1.50789 0.321756 0)
(-1.58888 0.0886031 0)
(-1.61204 -0.17402 0)
(-1.57924 -0.445408 0)
(-1.46475 -0.700552 0)
(-1.2922 -0.900041 0)
(-1.03236 -1.01674 0)
(-0.757743 -1.00185 0)
(-0.437257 -0.875566 0)
(-0.210588 -0.606499 0)
(-0.00377491 -0.331401 0)
(2.62755e-24 -1.05708e-24 0)
(-0.0154278 0.231688 0)
(-0.12525 0.587063 0)
(-0.296216 0.825271 0)
(-0.491878 0.966786 0)
(-0.705343 1.02915 0)
(-0.920182 1.02289 0)
(-1.13193 0.96037 0)
(-1.32985 0.840283 0)
(-1.50864 0.666056 0)
(-1.65598 0.436029 0)
(-1.76581 0.154993 0)
(-1.81858 -0.16644 0)
(-1.81262 -0.508898 0)
(-1.71572 -0.841167 0)
(-1.54827 -1.11997 0)
(-1.26851 -1.29993 0)
(-0.956703 -1.32035 0)
(-0.567541 -1.17771 0)
(-0.281796 -0.83956 0)
(-0.00504297 -0.451224 0)
(1.06787e-76 -6.56888e-25 0)
(-0.0133395 0.300443 0)
(-0.122159 0.73283 0)
(-0.301817 1.0175 0)
(-0.505337 1.17985 0)
(-0.727782 1.25215 0)
(-0.951376 1.24405 0)
(-1.17263 1.17403 0)
(-1.38379 1.03828 0)
(-1.57945 0.840956 0)
(-1.75038 0.578195 0)
(-1.88907 0.251554 0)
(-1.97584 -0.128404 0)
(-2.00546 -0.547562 0)
(-1.94006 -0.967588 0)
(-1.79422 -1.34637 0)
(-1.51206 -1.61446 0)
(-1.17429 -1.70131 0)
(-0.719285 -1.56111 0)
(-0.366181 -1.16327 0)
(-0.00728479 -0.628875 0)
(2.96676e-164 -2.66966e-77 0)
(-0.0132374 0.363667 0)
(-0.122159 0.873753 0)
(-0.305893 1.20606 0)
(-0.511146 1.39041 0)
(-0.734201 1.4734 0)
(-0.957443 1.46564 0)
(-1.17781 1.39162 0)
(-1.39187 1.24557 0)
(-1.5939 1.03221 0)
(-1.78004 0.744791 0)
(-1.94127 0.381084 0)
(-2.06177 -0.0504349 0)
(-2.132 -0.542594 0)
(-2.11244 -1.05335 0)
(-2.00858 -1.5445 0)
(-1.75088 -1.92379 0)
(-1.41194 -2.10811 0)
(-0.910412 -1.99438 0)
(-0.491089 -1.53967 0)
(-0.0817013 -0.830959 0)
(1.79329e-265 0.0133663 0)
(-0.0136171 0.436718 0)
(-0.117744 1.02766 0)
(-0.297548 1.40795 0)
(-0.494858 1.60883 0)
(-0.70689 1.69956 0)
(-0.91737 1.6876 0)
(-1.12277 1.60909 0)
(-1.32527 1.45392 0)
(-1.51838 1.22933 0)
(-1.70557 0.924887 0)
(-1.87702 0.533422 0)
(-2.02386 0.0613702 0)
(-2.13392 -0.496217 0)
(-2.16976 -1.09319 0)
(-2.12743 -1.70663 0)
(-1.92475 -2.21772 0)
(-1.61473 -2.54048 0)
(-1.08684 -2.49657 0)
(-0.588666 -1.98604 0)
(-0.0763156 -1.14 0)
(0.0534651 -0.077446 0)
(-0.0167241 0.490634 0)
(-0.119823 1.15473 0)
(-0.296914 1.58026 0)
(-0.48155 1.79643 0)
(-0.671208 1.89411 0)
(-0.855156 1.87897 0)
(-1.02693 1.79859 0)
(-1.19883 1.63969 0)
(-1.36111 1.41233 0)
(-1.52914 1.103 0)
(-1.69013 0.700203 0)
(-1.84902 0.207005 0)
(-1.98868 -0.393917 0)
(-2.08439 -1.05894 0)
(-2.11873 -1.78393 0)
(-2.00507 -2.43817 0)
(-1.7722 -2.93922 0)
(-1.24414 -3.02945 0)
(-0.716607 -2.54377 0)
(0.0435041 -1.48039 0)
(2.47046e-231 -0.0133663 0)
(-0.0210932 0.57625 0)
(-0.120276 1.31091 0)
(-0.287348 1.77358 0)
(-0.448878 1.98426 0)
(-0.602249 2.0764 0)
(-0.743917 2.04376 0)
(-0.863906 1.95486 0)
(-0.985344 1.78831 0)
(-1.09477 1.56054 0)
(-1.21997 1.25408 0)
(-1.34609 0.853405 0)
(-1.49331 0.360087 0)
(-1.64359 -0.260762 0)
(-1.78962 -0.96342 0)
(-1.90841 -1.78474 0)
(-1.91961 -2.56832 0)
(-1.82281 -3.29964 0)
(-1.40153 -3.57038 0)
(-0.892649 -3.26704 0)
(-0.00295252 -1.89461 0)
(5.82805e-202 4.58685e-184 0)
(-0.0369191 0.625129 0)
(-0.149913 1.41494 0)
(-0.317241 1.9052 0)
(-0.454379 2.10596 0)
(-0.554352 2.18776 0)
(-0.635969 2.1374 0)
(-0.677965 2.04 0)
(-0.725292 1.86956 0)
(-0.75376 1.64771 0)
(-0.810677 1.35531 0)
(-0.872019 0.975123 0)
(-0.982558 0.507268 0)
(-1.11279 -0.0941647 0)
(-1.29561 -0.789887 0)
(-1.48232 -1.6457 0)
(-1.65235 -2.52025 0)
(-1.72653 -3.44055 0)
(-1.5238 -3.96807 0)
(-1.10688 -3.91863 0)
(-0.0114734 -2.40348 0)
(1.83474e-183 -1.4497e-184 0)
(-0.0555041 0.771317 0)
(-0.183429 1.59556 0)
(-0.340786 2.08766 0)
(-0.440252 2.22286 0)
(-0.470635 2.26533 0)
(-0.474844 2.16825 0)
(-0.421618 2.04864 0)
(-0.375848 1.8651 0)
(-0.303961 1.64797 0)
(-0.26936 1.37395 0)
(-0.240855 1.02547 0)
(-0.281947 0.603442 0)
(-0.358708 0.0508066 0)
(-0.534235 -0.590305 0)
(-0.761234 -1.431 0)
(-1.06567 -2.32044 0)
(-1.36392 -3.43275 0)
(-1.48921 -4.19661 0)
(-1.39407 -4.79608 0)
(-0.466192 -3.04875 0)
(4.40152e-254 -4.58685e-184 0)
(-0.121359 0.850386 0)
(-0.317126 1.68717 0)
(-0.46611 2.15712 0)
(-0.51652 2.22624 0)
(-0.428524 2.22178 0)
(-0.321459 2.08355 0)
(-0.12973 1.94211 0)
(0.0384741 1.75105 0)
(0.240837 1.54297 0)
(0.388209 1.29483 0)
(0.530815 0.990142 0)
(0.576327 0.631273 0)
(0.584419 0.161954 0)
(0.431296 -0.377902 0)
(0.219533 -1.10626 0)
(-0.241873 -1.90652 0)
(-0.698035 -2.99088 0)
(-1.44566 -3.93673 0)
(-1.64138 -4.8507 0)
(-2.0738 -3.87382 0)
(-2.59423e-264 -0.216118 0)
(-0.177928 1.23157 0)
(-0.415271 1.94472 0)
(-0.499448 2.30954 0)
(-0.449804 2.18548 0)
(-0.208184 2.08409 0)
(0.0425924 1.86897 0)
(0.389086 1.69529 0)
(0.695401 1.49463 0)
(1.03426 1.30045 0)
(1.30274 1.0859 0)
(1.56296 0.836996 0)
(1.71023 0.554973 0)
(1.81567 0.192563 0)
(1.73763 -0.215914 0)
(1.58441 -0.768797 0)
(1.13649 -1.38667 0)
(0.597235 -2.26071 0)
(-0.337949 -3.20937 0)
(-1.07561 -4.25859 0)
(-1.84068 -4.53941 0)
(-0.864471 -2.31764 0)
(-0.400615 1.40944 0)
(-0.725532 1.98004 0)
(-0.517672 2.18591 0)
(-0.2349 1.91793 0)
(0.324333 1.73026 0)
(0.791396 1.47816 0)
(1.34965 1.29122 0)
(1.80922 1.1038 0)
(2.28591 0.937656 0)
(2.65964 0.769178 0)
(3.01612 0.585197 0)
(3.23618 0.38737 0)
(3.41693 0.138059 0)
(3.38564 -0.131051 0)
(3.30234 -0.501694 0)
(2.87052 -0.897631 0)
(2.3941 -1.51763 0)
(1.36858 -2.23466 0)
(0.461544 -3.35376 0)
(-0.705428 -4.00682 0)
(-0.701459 -2.96424 0)
(-0.257536 2.41968 0)
(-0.105078 2.05642 0)
(0.682209 1.86925 0)
(1.33043 1.33517 0)
(2.14898 1.07772 0)
(2.77939 0.83639 0)
(3.4373 0.683376 0)
(3.95404 0.553995 0)
(4.45728 0.450508 0)
(4.84112 0.35546 0)
(5.19599 0.25905 0)
(5.41435 0.159645 0)
(5.59451 0.0398844 0)
(5.57807 -0.0884784 0)
(5.52345 -0.26375 0)
(5.15506 -0.457024 0)
(4.76379 -0.790481 0)
(3.83123 -1.2447 0)
(2.86731 -2.25332 0)
(1.09277 -3.33034 0)
(-0.0463962 -3.79878 0)
(1.66697 1.66929 0)
(2.70174 0.974322 0)
(4.54135 0.748191 0)
(5.38031 0.423854 0)
(6.24883 0.286639 0)
(6.76081 0.178382 0)
(7.24265 0.121605 0)
(7.56823 0.0811707 0)
(7.86796 0.0545933 0)
(8.07157 0.0338663 0)
(8.25399 0.0153722 0)
(8.34303 -0.0019837 0)
(8.41475 -0.0231202 0)
(8.356 -0.0438793 0)
(8.29392 -0.0790929 0)
(8.00602 -0.111896 0)
(7.74979 -0.200862 0)
(6.9956 -0.293238 0)
(6.26219 -0.624996 0)
(4.04575 -0.997193 0)
(2.00507 -1.81775 0)
)
;

boundaryField
{
    movingWall
    {
        type            fixedValue;
        value           uniform (10 0 0);
    }
    fixedWalls
    {
        type            noSlip;
    }
    frontAndBack
    {
        type            empty;
    }
}


// ************************************************************************* //
