/*--------------------------------*- C++ -*----------------------------------*\
| =========                 |                                                 |
| \\      /  F ield         | OpenFOAM: The Open Source CFD Toolbox           |
|  \\    /   O peration     | Version:  4.1                                   |
|   \\  /    A nd           | Web:      www.OpenFOAM.org                      |
|    \\/     M anipulation  |                                                 |
\*---------------------------------------------------------------------------*/
FoamFile
{
    version     2.0;
    format      ascii;
    class       volVectorField;
    location    "0.0151";
    object      U;
}
// * * * * * * * * * * * * * * * * * * * * * * * * * * * * * * * * * * * * * //

dimensions      [0 1 -1 0 0 0 0];

internalField   nonuniform List<vector> 
441
(
(0.00343789 -0.00511133 0)
(0.00768516 -0.00327861 0)
(-0.000820027 -2.59552e-165 0)
(0.00147764 -2.13898e-266 0)
(-0.0116086 -0.0059112 0)
(-0.00147764 -2.50627e-232 0)
(-1.13995e-202 -3.34105e-203 0)
(-8.35031e-204 -4.04131e-228 0)
(-1.29492e-212 -1.68725e-213 0)
(-0.00461615 7.07396e-266 0)
(-0.0538886 0.0184641 0)
(-0.0696422 0.0102392 0)
(-0.0811901 0.00518686 0)
(-0.0767685 0.00142675 0)
(-0.0702212 -0.000169335 0)
(-0.0562543 -0.0014629 0)
(-0.0425376 -0.00160612 0)
(-0.0262264 -0.00198844 0)
(-0.012296 -0.000927159 0)
(-0.00277605 -0.000250851 0)
(0.00284517 0.00184943 0)
(0.00269464 -0.00576319 0)
(-0.00621074 0.00762214 0)
(-0.0332826 0.00772498 0)
(-0.0611011 0.012424 0)
(-0.0981599 0.00812402 0)
(-0.127471 -0.00696459 0)
(-0.15224 -0.00101038 0)
(-0.174023 0.000872263 0)
(-0.192026 0.00909683 0)
(-0.211662 0.0476518 0)
(-0.225754 0.0449748 0)
(-0.222569 0.0173883 0)
(-0.217937 0.00153986 0)
(-0.198131 -0.0127929 0)
(-0.175107 -0.0203886 0)
(-0.14151 -0.0270213 0)
(-0.107689 -0.0282847 0)
(-0.0700677 -0.029234 0)
(-0.0373869 -0.0222572 0)
(-0.0128132 -0.0156506 0)
(0.00226497 -0.00160214 0)
(0.00585189 -0.00236598 0)
(-0.00872283 0.0322518 0)
(-0.0545824 0.0532501 0)
(-0.107242 0.0630793 0)
(-0.163626 0.0594724 0)
(-0.218514 0.0508001 0)
(-0.271859 0.0447289 0)
(-0.308376 0.0384292 0)
(-0.34434 0.0360197 0)
(-0.356671 0.037421 0)
(-0.346854 0.0300815 0)
(-0.334729 0.00347391 0)
(-0.317042 -0.0187793 0)
(-0.286337 -0.0411522 0)
(-0.250464 -0.0560951 0)
(-0.202336 -0.0689637 0)
(-0.153777 -0.0721288 0)
(-0.100146 -0.0725451 0)
(-0.0542106 -0.0572145 0)
(-0.0183486 -0.0401361 0)
(0.00323852 -0.00805621 0)
(0.00655052 -0.00298352 0)
(-0.0111191 0.0696514 0)
(-0.0771042 0.106482 0)
(-0.145604 0.123311 0)
(-0.21884 0.119646 0)
(-0.286096 0.103603 0)
(-0.346254 0.0897945 0)
(-0.392718 0.0739279 0)
(-0.427479 0.058796 0)
(-0.443433 0.0479941 0)
(-0.43981 0.0226821 0)
(-0.422605 -0.0132656 0)
(-0.397237 -0.0470546 0)
(-0.356328 -0.0801421 0)
(-0.309441 -0.104294 0)
(-0.248335 -0.124726 0)
(-0.187338 -0.1301 0)
(-0.119862 -0.130063 0)
(-0.0635067 -0.103477 0)
(-0.0187101 -0.0743161 0)
(0.00553304 -0.0164029 0)
(6.22696e-165 0.00163763 0)
(-0.0148188 0.115518 0)
(-0.101214 0.186964 0)
(-0.178789 0.203713 0)
(-0.264754 0.199153 0)
(-0.340701 0.176886 0)
(-0.41053 0.150515 0)
(-0.462915 0.119049 0)
(-0.502521 0.0863173 0)
(-0.519568 0.0504461 0)
(-0.516787 0.00957243 0)
(-0.498072 -0.0387428 0)
(-0.467383 -0.0844936 0)
(-0.418962 -0.128976 0)
(-0.362846 -0.16323 0)
(-0.289243 -0.191431 0)
(-0.216867 -0.199408 0)
(-0.134058 -0.196982 0)
(-0.0685879 -0.156949 0)
(-0.0128738 -0.109707 0)
(0.0119758 -0.0202336 0)
(-5.39224e-266 0.00499508 0)
(-0.0699631 0.175176 0)
(-0.135564 0.268805 0)
(-0.222741 0.288556 0)
(-0.307756 0.281549 0)
(-0.38985 0.250461 0)
(-0.462222 0.212492 0)
(-0.520456 0.166218 0)
(-0.562961 0.115977 0)
(-0.585202 0.0616574 0)
(-0.588078 0.00124752 0)
(-0.570542 -0.0633997 0)
(-0.538138 -0.126119 0)
(-0.483681 -0.185715 0)
(-0.419339 -0.233724 0)
(-0.333121 -0.272286 0)
(-0.248303 -0.284529 0)
(-0.148722 -0.280617 0)
(-0.0722105 -0.223277 0)
(-0.00163199 -0.157604 0)
(0.0165211 -0.0166429 0)
(-0.0199803 0.0753242 0)
(-0.0940002 0.247561 0)
(-0.167622 0.340478 0)
(-0.258243 0.374399 0)
(-0.350521 0.365884 0)
(-0.438555 0.330369 0)
(-0.51805 0.280701 0)
(-0.582695 0.219274 0)
(-0.631632 0.150968 0)
(-0.659614 0.0755216 0)
(-0.667663 -0.00476349 0)
(-0.652851 -0.0887345 0)
(-0.620094 -0.170659 0)
(-0.560989 -0.248089 0)
(-0.489351 -0.312606 0)
(-0.389391 -0.363228 0)
(-0.292342 -0.381954 0)
(-0.170973 -0.374344 0)
(-0.0874101 -0.301524 0)
(0.0108081 -0.199735 0)
(5.29933e-266 -0.00413026 0)
(-0.0141516 0.121308 0)
(-0.0848341 0.32386 0)
(-0.178894 0.433853 0)
(-0.282229 0.4724 0)
(-0.38582 0.462429 0)
(-0.48358 0.4186 0)
(-0.571048 0.357151 0)
(-0.644403 0.279985 0)
(-0.700951 0.193282 0)
(-0.737358 0.0973934 0)
(-0.752979 -0.00535691 0)
(-0.743549 -0.111696 0)
(-0.71317 -0.217858 0)
(-0.651749 -0.317836 0)
(-0.573816 -0.404923 0)
(-0.460979 -0.471749 0)
(-0.348976 -0.501646 0)
(-0.207793 -0.489781 0)
(-0.108659 -0.401356 0)
(0.000210189 -0.252877 0)
(1.53813e-24 -2.12672e-24 0)
(-0.0118816 0.17148 0)
(-0.0865549 0.410558 0)
(-0.1951 0.536832 0)
(-0.310593 0.579901 0)
(-0.427203 0.566507 0)
(-0.535656 0.514567 0)
(-0.633273 0.441109 0)
(-0.716446 0.348568 0)
(-0.782393 0.243889 0)
(-0.828679 0.127293 0)
(-0.853311 0.00181427 0)
(-0.851954 -0.128718 0)
(-0.826637 -0.261568 0)
(-0.765979 -0.38789 0)
(-0.68369 -0.501725 0)
(-0.557728 -0.58924 0)
(-0.428832 -0.632189 0)
(-0.260235 -0.61705 0)
(-0.140384 -0.504375 0)
(-0.00263593 -0.312729 0)
(6.14172e-77 -3.84531e-25 0)
(-0.010362 0.220705 0)
(-0.0872948 0.508759 0)
(-0.208648 0.659064 0)
(-0.336293 0.705462 0)
(-0.465853 0.688464 0)
(-0.585815 0.625186 0)
(-0.693682 0.538665 0)
(-0.787617 0.429259 0)
(-0.86368 0.305929 0)
(-0.921723 0.168074 0)
(-0.957736 0.0180289 0)
(-0.968098 -0.139136 0)
(-0.952189 -0.303883 0)
(-0.897094 -0.462473 0)
(-0.814206 -0.613079 0)
(-0.676905 -0.729915 0)
(-0.528735 -0.798195 0)
(-0.327091 -0.784031 0)
(-0.178371 -0.655686 0)
(-0.00599782 -0.402857 0)
(1.65103e-164 -1.53543e-77 0)
(-0.0111302 0.266266 0)
(-0.0957837 0.607185 0)
(-0.232436 0.784048 0)
(-0.373931 0.835285 0)
(-0.516735 0.814917 0)
(-0.648153 0.740986 0)
(-0.765416 0.642364 0)
(-0.869587 0.517738 0)
(-0.955126 0.377928 0)
(-1.02578 0.221046 0)
(-1.0746 0.048616 0)
(-1.10106 -0.134289 0)
(-1.0997 -0.331475 0)
(-1.05824 -0.526099 0)
(-0.981439 -0.719758 0)
(-0.839108 -0.875958 0)
(-0.671838 -0.97792 0)
(-0.434093 -0.970642 0)
(-0.246207 -0.817089 0)
(-0.0567196 -0.498024 0)
(7.53753e-266 0.00734841 0)
(-0.0130771 0.328918 0)
(-0.10545 0.732348 0)
(-0.256847 0.939156 0)
(-0.411125 0.990916 0)
(-0.565278 0.964394 0)
(-0.706461 0.874425 0)
(-0.830869 0.761274 0)
(-0.943632 0.619146 0)
(-1.03712 0.462636 0)
(-1.12018 0.287374 0)
(-1.18303 0.0932002 0)
(-1.22923 -0.114735 0)
(-1.24892 -0.347287 0)
(-1.23022 -0.582483 0)
(-1.17059 -0.832998 0)
(-1.03201 -1.0435 0)
(-0.848477 -1.20357 0)
(-0.559933 -1.21719 0)
(-0.306748 -1.03104 0)
(-0.0428555 -0.659711 0)
(0.0293936 -0.0583298 0)
(-0.0181654 0.380628 0)
(-0.126015 0.84806 0)
(-0.299991 1.08702 0)
(-0.470578 1.14064 0)
(-0.634725 1.1087 0)
(-0.783367 1.00433 0)
(-0.909379 0.878838 0)
(-1.02638 0.722806 0)
(-1.12226 0.554343 0)
(-1.21503 0.366724 0)
(-1.28964 0.158053 0)
(-1.3589 -0.0679175 0)
(-1.40456 -0.329256 0)
(-1.4224 -0.603771 0)
(-1.39414 -0.91527 0)
(-1.27956 -1.19856 0)
(-1.09322 -1.44533 0)
(-0.742838 -1.51568 0)
(-0.41627 -1.32752 0)
(0.0385479 -0.837085 0)
(1.55186e-231 -0.00734841 0)
(-0.025029 0.476131 0)
(-0.148647 1.01743 0)
(-0.343186 1.28777 0)
(-0.526753 1.32703 0)
(-0.695809 1.28054 0)
(-0.846612 1.14968 0)
(-0.968054 1.00638 0)
(-1.083 0.832251 0)
(-1.17467 0.651992 0)
(-1.27076 0.454737 0)
(-1.35197 0.236434 0)
(-1.44096 -0.000176762 0)
(-1.51459 -0.285569 0)
(-1.57669 -0.594089 0)
(-1.59928 -0.97847 0)
(-1.53793 -1.34829 0)
(-1.38644 -1.74337 0)
(-1.01897 -1.90547 0)
(-0.615043 -1.81034 0)
(-0.00231867 -1.09991 0)
(3.77722e-202 3.3075e-184 0)
(-0.0432042 0.546994 0)
(-0.200292 1.16007 0)
(-0.427215 1.46094 0)
(-0.626097 1.48756 0)
(-0.788617 1.42659 0)
(-0.930863 1.27286 0)
(-1.02998 1.11455 0)
(-1.12865 0.927777 0)
(-1.19907 0.741993 0)
(-1.28544 0.544093 0)
(-1.35843 0.328458 0)
(-1.45923 0.096158 0)
(-1.55113 -0.1925 0)
(-1.66566 -0.516632 0)
(-1.74523 -0.950435 0)
(-1.78393 -1.40965 0)
(-1.70012 -1.9554 0)
(-1.39316 -2.2926 0)
(-0.918778 -2.32724 0)
(-0.00390413 -1.47011 0)
(1.323e-183 2.95195e-184 0)
(-0.0636475 0.727236 0)
(-0.251664 1.40585 0)
(-0.496992 1.72269 0)
(-0.695873 1.68972 0)
(-0.834781 1.59211 0)
(-0.951134 1.39148 0)
(-1.01114 1.20798 0)
(-1.07547 1.0016 0)
(-1.10671 0.809848 0)
(-1.16276 0.614446 0)
(-1.20642 0.408765 0)
(-1.29332 0.193049 0)
(-1.38065 -0.0832869 0)
(-1.52126 -0.399199 0)
(-1.65418 -0.867361 0)
(-1.79795 -1.39289 0)
(-1.86075 -2.14578 0)
(-1.72028 -2.69398 0)
(-1.37645 -3.22202 0)
(-0.389787 -2.0525 0)
(3.39394e-254 -3.3075e-184 0)
(-0.129183 0.847447 0)
(-0.389129 1.57991 0)
(-0.641453 1.89893 0)
(-0.816603 1.81493 0)
(-0.872084 1.68012 0)
(-0.917991 1.44354 0)
(-0.886026 1.23892 0)
(-0.877523 1.02144 0)
(-0.831219 0.829621 0)
(-0.827534 0.644726 0)
(-0.810285 0.459159 0)
(-0.858431 0.273804 0)
(-0.905429 0.0357296 0)
(-1.0548 -0.23708 0)
(-1.19961 -0.670549 0)
(-1.49364 -1.19496 0)
(-1.69654 -2.01637 0)
(-2.04491 -2.77763 0)
(-1.86883 -3.59573 0)
(-1.85338 -2.9068 0)
(-2.19749e-264 -0.18961 0)
(-0.181656 1.26595 0)
(-0.467448 1.92207 0)
(-0.646056 2.17173 0)
(-0.721908 1.92045 0)
(-0.634478 1.70706 0)
(-0.554764 1.4052 0)
(-0.393277 1.17406 0)
(-0.276659 0.946932 0)
(-0.127869 0.761639 0)
(-0.0383666 0.594539 0)
(0.0620786 0.43767 0)
(0.0848593 0.290775 0)
(0.110706 0.106644 0)
(0.0169891 -0.0994719 0)
(-0.0838895 -0.442434 0)
(-0.388664 -0.882936 0)
(-0.698812 -1.6245 0)
(-1.27488 -2.48439 0)
(-1.59083 -3.49675 0)
(-1.87099 -3.80958 0)
(-0.75844 -2.0565 0)
(-0.396478 1.46135 0)
(-0.731497 2.01514 0)
(-0.578073 2.14688 0)
(-0.38894 1.78662 0)
(0.0375175 1.51416 0)
(0.345198 1.19517 0)
(0.720947 0.963258 0)
(0.986606 0.754541 0)
(1.26417 0.593126 0)
(1.44767 0.457175 0)
(1.63321 0.336617 0)
(1.72037 0.231558 0)
(1.81749 0.103411 0)
(1.7722 -0.0301855 0)
(1.74458 -0.264832 0)
(1.45144 -0.558334 0)
(1.17093 -1.12767 0)
(0.41969 -1.84843 0)
(-0.170523 -2.99237 0)
(-0.964033 -3.67124 0)
(-0.682262 -2.84242 0)
(-0.248246 2.4555 0)
(-0.0686446 2.09816 0)
(0.717234 1.88049 0)
(1.32332 1.29901 0)
(2.0562 0.99569 0)
(2.56724 0.718047 0)
(3.07783 0.541582 0)
(3.43209 0.402268 0)
(3.76635 0.302907 0)
(3.9889 0.226383 0)
(4.20213 0.16313 0)
(4.31477 0.110513 0)
(4.43778 0.0487143 0)
(4.42711 -0.0168222 0)
(4.44418 -0.13438 0)
(4.21317 -0.288724 0)
(4.00006 -0.620258 0)
(3.26747 -1.10538 0)
(2.49582 -2.1679 0)
(0.921666 -3.25381 0)
(-0.0450932 -3.77881 0)
(1.67404 1.67679 0)
(2.73648 0.984151 0)
(4.59766 0.754677 0)
(5.43333 0.423204 0)
(6.27027 0.278793 0)
(6.72699 0.165271 0)
(7.13594 0.105794 0)
(7.37989 0.0651601 0)
(7.59632 0.0408562 0)
(7.72405 0.0245355 0)
(7.84536 0.0125357 0)
(7.89728 0.00294471 0)
(7.96135 -0.00941361 0)
(7.9314 -0.022713 0)
(7.93085 -0.0525036 0)
(7.73531 -0.0860176 0)
(7.57821 -0.182261 0)
(6.91465 -0.288963 0)
(6.2337 -0.63896 0)
(4.04086 -1.02222 0)
(2.02566 -1.85272 0)
)
;

boundaryField
{
    movingWall
    {
        type            fixedValue;
        value           uniform (10 0 0);
    }
    fixedWalls
    {
        type            noSlip;
    }
    frontAndBack
    {
        type            empty;
    }
}


// ************************************************************************* //
