/*--------------------------------*- C++ -*----------------------------------*\
| =========                 |                                                 |
| \\      /  F ield         | OpenFOAM: The Open Source CFD Toolbox           |
|  \\    /   O peration     | Version:  4.1                                   |
|   \\  /    A nd           | Web:      www.OpenFOAM.org                      |
|    \\/     M anipulation  |                                                 |
\*---------------------------------------------------------------------------*/
FoamFile
{
    version     2.0;
    format      ascii;
    class       volVectorField;
    location    "0.0668";
    object      U;
}
// * * * * * * * * * * * * * * * * * * * * * * * * * * * * * * * * * * * * * //

dimensions      [0 1 -1 0 0 0 0];

internalField   nonuniform List<vector> 
441
(
(0.003542 -0.00468765 0)
(0.00917489 -0.00254404 0)
(-0.000636013 -2.18633e-165 0)
(0.00184833 -3.08955e-266 0)
(-0.00847448 -0.00739386 0)
(-0.00184833 -2.90325e-232 0)
(-1.10985e-202 -5.1781e-203 0)
(-1.29439e-203 -6.7547e-228 0)
(-1.62343e-212 -2.93036e-213 0)
(-0.00578803 8.61884e-266 0)
(-0.0706318 0.023154 0)
(-0.0890872 0.0122018 0)
(-0.100891 0.00567469 0)
(-0.0895726 0.000525419 0)
(-0.0747253 -0.00142127 0)
(-0.0509852 -0.00278676 0)
(-0.0302691 -0.00206106 0)
(-0.0112804 -0.00165149 0)
(0.00078539 0.000514006 0)
(0.00341113 0.00123582 0)
(0.00431242 0.00278564 0)
(0.00354991 -0.00783924 0)
(-0.00146145 0.00666652 0)
(-0.0270771 0.00811166 0)
(-0.0574649 0.0105784 0)
(-0.102473 0.0102581 0)
(-0.144427 -0.00355758 0)
(-0.183668 -0.00023839 0)
(-0.22116 0.00151869 0)
(-0.254383 0.0123833 0)
(-0.288029 0.0628266 0)
(-0.311234 0.0581123 0)
(-0.306334 0.0184436 0)
(-0.293503 -0.00572498 0)
(-0.255217 -0.0274361 0)
(-0.210047 -0.0373001 0)
(-0.15214 -0.0429326 0)
(-0.0992298 -0.0374478 0)
(-0.0511724 -0.0306553 0)
(-0.0178183 -0.0147007 0)
(-0.00261277 -0.00549847 0)
(0.0046008 0.00516008 0)
(0.00712116 -0.00729601 0)
(-0.00534593 0.0276965 0)
(-0.0523311 0.0546275 0)
(-0.115303 0.0729909 0)
(-0.191643 0.0784502 0)
(-0.270384 0.0772448 0)
(-0.354506 0.0740408 0)
(-0.422305 0.0684016 0)
(-0.48905 0.0643089 0)
(-0.521498 0.0612077 0)
(-0.517773 0.0423637 0)
(-0.501559 -0.00434754 0)
(-0.468527 -0.0447687 0)
(-0.409227 -0.0827525 0)
(-0.338195 -0.103544 0)
(-0.251084 -0.113892 0)
(-0.169621 -0.101859 0)
(-0.0938596 -0.0835765 0)
(-0.0395462 -0.046951 0)
(-0.00927283 -0.0216199 0)
(0.00600579 0.00518745 0)
(0.00613102 -0.00990025 0)
(-0.0151413 0.0678154 0)
(-0.0916645 0.118075 0)
(-0.18131 0.152203 0)
(-0.286476 0.165699 0)
(-0.391858 0.161961 0)
(-0.495264 0.153305 0)
(-0.584418 0.136917 0)
(-0.657813 0.113886 0)
(-0.701163 0.0889364 0)
(-0.710292 0.0379207 0)
(-0.689163 -0.0319069 0)
(-0.644348 -0.0981978 0)
(-0.565878 -0.158923 0)
(-0.471275 -0.195264 0)
(-0.355215 -0.213011 0)
(-0.244977 -0.194108 0)
(-0.139718 -0.162391 0)
(-0.0629745 -0.0984207 0)
(-0.0159411 -0.052432 0)
(0.00773232 0.00227338 0)
(6.60303e-165 0.00153275 0)
(-0.0227392 0.12505 0)
(-0.132209 0.220026 0)
(-0.243681 0.26641 0)
(-0.375989 0.28794 0)
(-0.504175 0.284261 0)
(-0.6315 0.265355 0)
(-0.739149 0.229902 0)
(-0.828777 0.180373 0)
(-0.882067 0.114369 0)
(-0.898931 0.0307802 0)
(-0.879289 -0.0700447 0)
(-0.827424 -0.167288 0)
(-0.734007 -0.256174 0)
(-0.617656 -0.31312 0)
(-0.470884 -0.341069 0)
(-0.329443 -0.315869 0)
(-0.188085 -0.266694 0)
(-0.0864564 -0.169023 0)
(-0.017484 -0.0931954 0)
(0.0143297 -0.00222237 0)
(-5.36028e-266 0.00548904 0)
(-0.0844571 0.204625 0)
(-0.184297 0.337108 0)
(-0.31784 0.397785 0)
(-0.462325 0.426085 0)
(-0.61024 0.418533 0)
(-0.753007 0.3889 0)
(-0.87911 0.334446 0)
(-0.983594 0.257659 0)
(-1.05379 0.158316 0)
(-1.08744 0.0354358 0)
(-1.07602 -0.104429 0)
(-1.02517 -0.243226 0)
(-0.921198 -0.370294 0)
(-0.785575 -0.457924 0)
(-0.606539 -0.503674 0)
(-0.429639 -0.475849 0)
(-0.24563 -0.408505 0)
(-0.113647 -0.267054 0)
(-0.0185548 -0.156431 0)
(0.0161203 0.000399598 0)
(-0.0219562 0.0891405 0)
(-0.117552 0.305871 0)
(-0.232658 0.453786 0)
(-0.379614 0.542661 0)
(-0.542242 0.579561 0)
(-0.707927 0.573529 0)
(-0.870446 0.533447 0)
(-1.01623 0.459584 0)
(-1.14143 0.354835 0)
(-1.23192 0.217967 0)
(-1.28523 0.053497 0)
(-1.28829 -0.13263 0)
(-1.24481 -0.321108 0)
(-1.13609 -0.496696 0)
(-0.98501 -0.62631 0)
(-0.772086 -0.698851 0)
(-0.556677 -0.674499 0)
(-0.316716 -0.585104 0)
(-0.151708 -0.392866 0)
(-0.00573425 -0.224793 0)
(5.88996e-266 -0.00403009 0)
(-0.0161423 0.147396 0)
(-0.112405 0.416469 0)
(-0.254719 0.599744 0)
(-0.421665 0.708156 0)
(-0.603888 0.754657 0)
(-0.788642 0.747042 0)
(-0.969851 0.697524 0)
(-1.13694 0.605306 0)
(-1.28454 0.473764 0)
(-1.40019 0.301552 0)
(-1.47923 0.0922188 0)
(-1.5045 -0.145927 0)
(-1.4774 -0.394921 0)
(-1.37265 -0.632306 0)
(-1.21278 -0.821229 0)
(-0.969367 -0.936109 0)
(-0.712024 -0.929564 0)
(-0.410465 -0.819746 0)
(-0.197877 -0.573434 0)
(-0.00329285 -0.317593 0)
(2.50402e-24 -1.12432e-24 0)
(-0.0143402 0.214197 0)
(-0.116328 0.542626 0)
(-0.27552 0.761485 0)
(-0.457766 0.890021 0)
(-0.65694 0.945265 0)
(-0.857851 0.937918 0)
(-1.05673 0.880855 0)
(-1.24389 0.773134 0)
(-1.4145 0.617839 0)
(-1.55681 0.412008 0)
(-1.66468 0.158383 0)
(-1.71871 -0.135021 0)
(-1.71674 -0.451547 0)
(-1.62718 -0.762615 0)
(-1.46964 -1.02743 0)
(-1.20384 -1.20277 0)
(-0.907675 -1.22976 0)
(-0.537544 -1.10448 0)
(-0.266969 -0.79241 0)
(-0.00477425 -0.430389 0)
(1.02344e-76 -6.26005e-25 0)
(-0.012567 0.278669 0)
(-0.115077 0.679346 0)
(-0.284798 0.941937 0)
(-0.477064 1.09017 0)
(-0.687638 1.15519 0)
(-0.899926 1.14679 0)
(-1.11105 1.0838 0)
(-1.31404 0.962631 0)
(-1.50374 0.786846 0)
(-1.67118 0.55099 0)
(-1.80846 0.254402 0)
(-1.89588 -0.0950756 0)
(-1.92756 -0.485826 0)
(-1.86627 -0.882062 0)
(-1.72609 -1.24376 0)
(-1.45329 -1.504 0)
(-1.12703 -1.59434 0)
(-0.688655 -1.47067 0)
(-0.349949 -1.10061 0)
(-0.00671953 -0.59968 0)
(2.85233e-164 -2.55859e-77 0)
(-0.0127908 0.338468 0)
(-0.117717 0.813125 0)
(-0.294816 1.1212 0)
(-0.492437 1.29062 0)
(-0.707523 1.36645 0)
(-0.923467 1.35931 0)
(-1.13771 1.29386 0)
(-1.34737 1.16433 0)
(-1.54669 0.974534 0)
(-1.73175 0.715841 0)
(-1.89284 0.383638 0)
(-2.01383 -0.0163689 0)
(-2.08431 -0.479202 0)
(-2.06525 -0.965054 0)
(-1.96184 -1.43709 0)
(-1.70701 -1.80563 0)
(-1.37299 -1.9895 0)
(-0.88226 -1.88973 0)
(-0.474424 -1.46277 0)
(-0.0779641 -0.793301 0)
(1.759e-265 0.0130644 0)
(-0.0135889 0.410096 0)
(-0.116848 0.963542 0)
(-0.294526 1.31816 0)
(-0.489074 1.50358 0)
(-0.698259 1.58737 0)
(-0.906534 1.57692 0)
(-1.11078 1.50832 0)
(-1.31341 1.37111 0)
(-1.50772 1.17134 0)
(-1.69674 0.896366 0)
(-1.8698 0.536482 0)
(-2.01738 0.095317 0)
(-2.12632 -0.433905 0)
(-2.1593 -1.00682 0)
(-2.11216 -1.60095 0)
(-1.90517 -2.09946 0)
(-1.59206 -2.41797 0)
(-1.0672 -2.3835 0)
(-0.575555 -1.89911 0)
(-0.0746775 -1.09369 0)
(0.0522574 -0.0736875 0)
(-0.0171433 0.464539 0)
(-0.122923 1.09112 0)
(-0.303135 1.49053 0)
(-0.490666 1.69104 0)
(-0.683369 1.78208 0)
(-0.870804 1.76924 0)
(-1.04678 1.69976 0)
(-1.22352 1.55968 0)
(-1.39084 1.35755 0)
(-1.56349 1.07735 0)
(-1.72778 0.704936 0)
(-1.8878 0.240515 0)
(-2.02542 -0.334728 0)
(-2.11571 -0.978485 0)
(-2.14088 -1.68595 0)
(-2.01641 -2.32755 0)
(-1.77208 -2.82095 0)
(-1.23818 -2.91508 0)
(-0.709002 -2.44884 0)
(0.0409518 -1.42814 0)
(2.41197e-231 -0.0130644 0)
(-0.0219657 0.553096 0)
(-0.127453 1.25259 0)
(-0.303053 1.68977 0)
(-0.47333 1.88491 0)
(-0.635746 1.97066 0)
(-0.786502 1.94068 0)
(-0.915691 1.86299 0)
(-1.04599 1.71523 0)
(-1.16344 1.51204 0)
(-1.29508 1.23327 0)
(-1.42535 0.860678 0)
(-1.57365 0.392918 0)
(-1.72118 -0.206148 0)
(-1.86013 -0.891854 0)
(-1.9671 -1.69937 0)
(-1.96269 -2.47253 0)
(-1.84789 -3.19496 0)
(-1.41094 -3.46475 0)
(-0.891611 -3.17209 0)
(-0.00325054 -1.83991 0)
(5.77241e-202 4.56351e-184 0)
(-0.0381559 0.606977 0)
(-0.160536 1.36615 0)
(-0.341173 1.83262 0)
(-0.49232 2.01829 0)
(-0.606723 2.09374 0)
(-0.702235 2.04584 0)
(-0.757415 1.95907 0)
(-0.816363 1.80627 0)
(-0.854402 1.60721 0)
(-0.918092 1.34004 0)
(-0.98308 0.984864 0)
(-1.09368 0.538898 0)
(-1.2202 -0.045014 0)
(-1.39504 -0.728519 0)
(-1.56922 -1.57539 0)
(-1.72193 -2.44346 0)
(-1.77492 -3.35641 0)
(-1.55005 -3.88007 0)
(-1.11448 -3.83325 0)
(-0.0112383 -2.34987 0)
(1.82541e-183 -8.34745e-185 0)
(-0.0569405 0.759858 0)
(-0.196161 1.55993 0)
(-0.370073 2.03103 0)
(-0.487347 2.15189 0)
(-0.536082 2.18779 0)
(-0.557543 2.09216 0)
(-0.519981 1.98146 0)
(-0.487089 1.81308 0)
(-0.424836 1.61565 0)
(-0.395963 1.36338 0)
(-0.369351 1.03626 0)
(-0.408496 0.632438 0)
(-0.479969 0.093579 0)
(-0.646782 -0.539369 0)
(-0.861794 -1.37556 0)
(-1.14984 -2.26325 0)
(-1.42777 -3.37161 0)
(-1.52833 -4.13204 0)
(-1.41038 -4.7281 0)
(-0.463886 -3.00151 0)
(4.39136e-254 -4.56351e-184 0)
(-0.122666 0.846193 0)
(-0.329565 1.66618 0)
(-0.495819 2.11873 0)
(-0.565333 2.17465 0)
(-0.497346 2.16326 0)
(-0.408907 2.02486 0)
(-0.233741 1.88965 0)
(-0.0785282 1.7102 0)
(0.114849 1.51771 0)
(0.257898 1.28705 0)
(0.400515 0.999677 0)
(0.450123 0.655539 0)
(0.465291 0.197011 0)
(0.321923 -0.337259 0)
(0.121433 -1.06427 0)
(-0.325622 -1.86635 0)
(-0.765473 -2.95177 0)
(-1.49007 -3.8964 0)
(-1.66438 -4.80761 0)
(-2.06938 -3.8366 0)
(-2.57453e-264 -0.215069 0)
(-0.178596 1.23362 0)
(-0.424108 1.93743 0)
(-0.522782 2.28917 0)
(-0.490262 2.15366 0)
(-0.267418 2.0452 0)
(-0.0344985 1.82817 0)
(0.295902 1.65767 0)
(0.589615 1.4646 0)
(0.919901 1.28137 0)
(1.18463 1.07955 0)
(1.44566 0.843546 0)
(1.59799 0.572689 0)
(1.71159 0.218448 0)
(1.64399 -0.185988 0)
(1.50196 -0.738809 0)
(1.06618 -1.35993 0)
(0.539188 -2.23835 0)
(-0.380369 -3.18916 0)
(-1.10102 -4.23857 0)
(-1.84535 -4.51715 0)
(-0.860276 -2.31128 0)
(-0.400244 1.41459 0)
(-0.727858 1.98169 0)
(-0.528347 2.17908 0)
(-0.257518 1.90237 0)
(0.286884 1.70848 0)
(0.738689 1.45359 0)
(1.28228 1.26751 0)
(1.72971 1.08416 0)
(2.19759 0.924636 0)
(2.56693 0.764239 0)
(2.92344 0.588687 0)
(3.14792 0.398291 0)
(3.33642 0.154461 0)
(3.31536 -0.111969 0)
(3.24295 -0.482826 0)
(2.82215 -0.881552 0)
(2.35517 -1.50586 0)
(1.33929 -2.22643 0)
(0.441529 -3.34749 0)
(-0.713792 -3.99959 0)
(-0.700133 -2.96296 0)
(-0.256458 2.42361 0)
(-0.101732 2.06019 0)
(0.684079 1.86931 0)
(1.32672 1.33046 0)
(2.13594 1.06924 0)
(2.75517 0.825846 0)
(3.40127 0.672766 0)
(3.90751 0.545045 0)
(4.40261 0.444601 0)
(4.78188 0.353374 0)
(5.13604 0.260955 0)
(5.35763 0.165024 0)
(5.54413 0.0476817 0)
(5.5363 -0.079685 0)
(5.49089 -0.255524 0)
(5.13142 -0.450561 0)
(4.74715 -0.786763 0)
(3.81998 -1.24316 0)
(2.85981 -2.25352 0)
(1.08928 -3.32954 0)
(-0.0456261 -3.79939 0)
(1.66787 1.67017 0)
(2.70549 0.975281 0)
(4.54679 0.748665 0)
(5.3847 0.423549 0)
(6.2495 0.285686 0)
(6.75605 0.177086 0)
(7.23176 0.120336 0)
(7.55178 0.0802193 0)
(7.8473 0.054181 0)
(8.04881 0.0340699 0)
(8.23138 0.0161624 0)
(8.32284 -0.000775293 0)
(8.39856 -0.0217245 0)
(8.34489 -0.0425895 0)
(8.28769 -0.0781585 0)
(8.00406 -0.111497 0)
(7.75036 -0.201071 0)
(6.99731 -0.293895 0)
(6.26354 -0.625971 0)
(4.04642 -0.998061 0)
(2.00612 -1.81885 0)
)
;

boundaryField
{
    movingWall
    {
        type            fixedValue;
        value           uniform (10 0 0);
    }
    fixedWalls
    {
        type            noSlip;
    }
    frontAndBack
    {
        type            empty;
    }
}


// ************************************************************************* //
