/*--------------------------------*- C++ -*----------------------------------*\
| =========                 |                                                 |
| \\      /  F ield         | OpenFOAM: The Open Source CFD Toolbox           |
|  \\    /   O peration     | Version:  4.1                                   |
|   \\  /    A nd           | Web:      www.OpenFOAM.org                      |
|    \\/     M anipulation  |                                                 |
\*---------------------------------------------------------------------------*/
FoamFile
{
    version     2.0;
    format      ascii;
    class       volVectorField;
    location    "0.0017";
    object      U;
}
// * * * * * * * * * * * * * * * * * * * * * * * * * * * * * * * * * * * * * //

dimensions      [0 1 -1 0 0 0 0];

internalField   nonuniform List<vector> 
441
(
(0.00104221 -0.00382704 0)
(-0.000376197 -0.00446836 0)
(-0.00111275 -3.90682e-165 0)
(0.0010184 -3.83567e-267 0)
(-0.016547 -0.00409304 0)
(-0.0010184 -2.57639e-232 0)
(-1.66299e-202 -2.33569e-203 0)
(-5.83302e-204 -2.41574e-228 0)
(-1.69876e-212 -5.27288e-214 0)
(-0.00508447 9.32043e-266 0)
(-0.0502789 0.0203894 0)
(-0.0625386 0.0105689 0)
(-0.0721352 0.00463651 0)
(-0.0693857 0.000696096 0)
(-0.0658087 -0.00115379 0)
(-0.0570488 -0.00247353 0)
(-0.0485559 -0.00294475 0)
(-0.0373212 -0.00359445 0)
(-0.0263853 -0.00350543 0)
(-0.0146604 -0.00390733 0)
(-0.00240191 -0.00283006 0)
(-0.000617358 0.00341178 0)
(-0.0145352 0.00697211 0)
(-0.0336465 0.00184648 0)
(-0.0477732 0.0144327 0)
(-0.0669068 0.0055475 0)
(-0.0808575 -0.0111841 0)
(-0.0922648 -0.00141604 0)
(-0.102569 0.000770162 0)
(-0.109823 0.00905961 0)
(-0.119421 0.0421994 0)
(-0.121288 0.0350731 0)
(-0.113488 0.0117365 0)
(-0.111051 0.00170745 0)
(-0.101833 -0.0070555 0)
(-0.093548 -0.0111774 0)
(-0.0801643 -0.015102 0)
(-0.0674692 -0.0165325 0)
(-0.0513238 -0.0191103 0)
(-0.0359025 -0.0188291 0)
(-0.0194841 -0.0206873 0)
(-0.00253705 -0.0140359 0)
(0.00244069 0.00992429 0)
(-0.0108139 0.0278051 0)
(-0.0393204 0.0308681 0)
(-0.0596605 0.0323625 0)
(-0.0761302 0.0280699 0)
(-0.0996461 0.0221154 0)
(-0.121763 0.0203242 0)
(-0.133658 0.0169222 0)
(-0.148489 0.0160469 0)
(-0.146836 0.0168364 0)
(-0.131609 0.015516 0)
(-0.124702 0.00199058 0)
(-0.118746 -0.00660826 0)
(-0.109357 -0.0163203 0)
(-0.0998123 -0.0223886 0)
(-0.085178 -0.0285464 0)
(-0.0713704 -0.0311908 0)
(-0.0532107 -0.0353858 0)
(-0.0368506 -0.034648 0)
(-0.0190232 -0.0374962 0)
(-0.00109981 -0.0242054 0)
(0.00764202 0.0122219 0)
(-0.00124408 0.0503732 0)
(-0.038811 0.0516629 0)
(-0.0638198 0.0523282 0)
(-0.086743 0.0459771 0)
(-0.108235 0.0367429 0)
(-0.125948 0.0331789 0)
(-0.139372 0.0277215 0)
(-0.148685 0.0230463 0)
(-0.151846 0.0222014 0)
(-0.146739 0.0120718 0)
(-0.139476 -0.00214801 0)
(-0.131941 -0.01412 0)
(-0.119929 -0.0265722 0)
(-0.108006 -0.0353857 0)
(-0.0906267 -0.0442136 0)
(-0.074752 -0.0481796 0)
(-0.0533513 -0.0545661 0)
(-0.0355168 -0.052522 0)
(-0.0148874 -0.0575088 0)
(0.00224536 -0.0339866 0)
(6.44268e-165 0.0019105 0)
(-0.00247407 0.0739336 0)
(-0.0471402 0.0929196 0)
(-0.0713756 0.0795032 0)
(-0.0970461 0.0721373 0)
(-0.118899 0.0603142 0)
(-0.138355 0.0510736 0)
(-0.151815 0.0395394 0)
(-0.161862 0.0284744 0)
(-0.164173 0.0161683 0)
(-0.15975 0.00355597 0)
(-0.153192 -0.0120812 0)
(-0.144269 -0.0257388 0)
(-0.131006 -0.0400509 0)
(-0.117381 -0.0511311 0)
(-0.0973368 -0.0619986 0)
(-0.0799284 -0.0676185 0)
(-0.0538742 -0.0751274 0)
(-0.0349448 -0.0719633 0)
(-0.00781775 -0.0758022 0)
(0.00915179 -0.035845 0)
(-8.95182e-266 0.00621176 0)
(-0.0566957 0.101929 0)
(-0.0620969 0.118931 0)
(-0.0910567 0.10368 0)
(-0.109289 0.0936016 0)
(-0.132011 0.0789681 0)
(-0.149066 0.0664454 0)
(-0.163747 0.0513011 0)
(-0.173058 0.0356099 0)
(-0.177517 0.0191961 0)
(-0.176156 0.000831477 0)
(-0.170066 -0.0183518 0)
(-0.160756 -0.0365026 0)
(-0.145728 -0.0542095 0)
(-0.12996 -0.0689248 0)
(-0.106624 -0.0827802 0)
(-0.086261 -0.0909703 0)
(-0.0541761 -0.101404 0)
(-0.031283 -0.097232 0)
(0.0104575 -0.104301 0)
(0.0186543 -0.0323063 0)
(-0.0248471 0.0664415 0)
(-0.0660364 0.13059 0)
(-0.0777472 0.129815 0)
(-0.102773 0.124929 0)
(-0.123843 0.113551 0)
(-0.146751 0.0992843 0)
(-0.165555 0.0828624 0)
(-0.180989 0.0633134 0)
(-0.191311 0.0423689 0)
(-0.196238 0.0195261 0)
(-0.195434 -0.0036076 0)
(-0.189401 -0.0272896 0)
(-0.179331 -0.0496748 0)
(-0.162848 -0.0709287 0)
(-0.145413 -0.0895455 0)
(-0.118686 -0.106193 0)
(-0.0970405 -0.118808 0)
(-0.0577105 -0.131195 0)
(-0.0380678 -0.134514 0)
(0.0235989 -0.127394 0)
(6.21092e-266 -0.00466357 0)
(-0.0184805 0.0999616 0)
(-0.0529216 0.155311 0)
(-0.0802816 0.156816 0)
(-0.111295 0.150372 0)
(-0.136521 0.13834 0)
(-0.162267 0.121116 0)
(-0.182364 0.101221 0)
(-0.199491 0.077141 0)
(-0.210545 0.0511147 0)
(-0.216721 0.0230023 0)
(-0.216802 -0.00604101 0)
(-0.21102 -0.0349902 0)
(-0.200417 -0.0631559 0)
(-0.182747 -0.0890075 0)
(-0.163223 -0.112911 0)
(-0.134327 -0.132788 0)
(-0.109665 -0.150809 0)
(-0.0700305 -0.163797 0)
(-0.0468095 -0.174489 0)
(0.00295465 -0.150693 0)
(1.13952e-24 -4.0898e-24 0)
(-0.015472 0.136231 0)
(-0.0532234 0.190224 0)
(-0.0890878 0.188409 0)
(-0.123789 0.179776 0)
(-0.15379 0.164658 0)
(-0.181763 0.144344 0)
(-0.204004 0.120187 0)
(-0.222349 0.0911496 0)
(-0.23425 0.059745 0)
(-0.241068 0.0257253 0)
(-0.241402 -0.00909664 0)
(-0.235864 -0.043688 0)
(-0.224763 -0.0775984 0)
(-0.206401 -0.10829 0)
(-0.185178 -0.1372 0)
(-0.154181 -0.160332 0)
(-0.126812 -0.181405 0)
(-0.0841323 -0.19556 0)
(-0.0577223 -0.2042 0)
(-0.00218145 -0.177574 0)
(4.06272e-77 -2.84879e-25 0)
(-0.014295 0.170239 0)
(-0.0540668 0.230205 0)
(-0.0968476 0.229205 0)
(-0.136142 0.215935 0)
(-0.170743 0.197744 0)
(-0.20178 0.171876 0)
(-0.225883 0.142785 0)
(-0.245682 0.107619 0)
(-0.25811 0.0703182 0)
(-0.265756 0.0300596 0)
(-0.266391 -0.0112268 0)
(-0.261484 -0.0520634 0)
(-0.250211 -0.0929228 0)
(-0.231648 -0.12951 0)
(-0.208739 -0.165458 0)
(-0.175489 -0.192914 0)
(-0.144431 -0.220655 0)
(-0.0976503 -0.236259 0)
(-0.0676164 -0.254749 0)
(-0.0092341 -0.215026 0)
(9.53747e-165 -1.01568e-77 0)
(-0.0154114 0.202749 0)
(-0.0610392 0.271036 0)
(-0.111185 0.269889 0)
(-0.155548 0.252138 0)
(-0.194404 0.230139 0)
(-0.227886 0.198449 0)
(-0.252899 0.16415 0)
(-0.27315 0.122834 0)
(-0.285127 0.0799473 0)
(-0.293044 0.0338333 0)
(-0.29363 -0.0132418 0)
(-0.289931 -0.0598264 0)
(-0.279169 -0.10722 0)
(-0.262156 -0.149663 0)
(-0.238667 -0.192684 0)
(-0.20562 -0.22476 0)
(-0.170918 -0.25725 0)
(-0.125737 -0.273429 0)
(-0.0892699 -0.28728 0)
(-0.0616051 -0.249239 0)
(-4.28357e-266 0.00275982 0)
(-0.0177915 0.248885 0)
(-0.0690734 0.328192 0)
(-0.126558 0.326713 0)
(-0.175978 0.300615 0)
(-0.21836 0.272633 0)
(-0.253804 0.231269 0)
(-0.278605 0.189797 0)
(-0.298638 0.140309 0)
(-0.309308 0.0910593 0)
(-0.317271 0.0386457 0)
(-0.317708 -0.0143815 0)
(-0.315803 -0.0668334 0)
(-0.306333 -0.121558 0)
(-0.292092 -0.170849 0)
(-0.269169 -0.223478 0)
(-0.235717 -0.262314 0)
(-0.196657 -0.302253 0)
(-0.138345 -0.320655 0)
(-0.0911324 -0.321325 0)
(-0.0171773 -0.30642 0)
(0.0110393 -0.0730299 0)
(-0.0227973 0.28643 0)
(-0.0847217 0.376839 0)
(-0.153653 0.375319 0)
(-0.209744 0.341257 0)
(-0.254198 0.307468 0)
(-0.289869 0.256855 0)
(-0.311176 0.208982 0)
(-0.328704 0.152569 0)
(-0.335629 0.0986826 0)
(-0.342589 0.042 0)
(-0.342165 -0.0146924 0)
(-0.342973 -0.070817 0)
(-0.335893 -0.130963 0)
(-0.327509 -0.185911 0)
(-0.307448 -0.24881 0)
(-0.277172 -0.296057 0)
(-0.235158 -0.353377 0)
(-0.159329 -0.378081 0)
(-0.102559 -0.405697 0)
(0.0532033 -0.351461 0)
(1.03338e-231 -0.00275982 0)
(-0.0293107 0.361013 0)
(-0.101498 0.462934 0)
(-0.181287 0.457598 0)
(-0.242898 0.403507 0)
(-0.287418 0.357518 0)
(-0.321596 0.289562 0)
(-0.337502 0.2317 0)
(-0.351409 0.165427 0)
(-0.353595 0.106321 0)
(-0.359215 0.0454431 0)
(-0.357689 -0.0142145 0)
(-0.361615 -0.0731655 0)
(-0.35759 -0.138885 0)
(-0.357291 -0.199826 0)
(-0.342621 -0.277352 0)
(-0.323297 -0.336216 0)
(-0.28222 -0.424252 0)
(-0.214705 -0.457932 0)
(-0.140733 -0.532751 0)
(0.00252165 -0.424061 0)
(8.42645e-203 6.99015e-185 0)
(-0.0447169 0.410823 0)
(-0.139164 0.522444 0)
(-0.23667 0.513759 0)
(-0.305159 0.442014 0)
(-0.34274 0.385235 0)
(-0.370678 0.303417 0)
(-0.37361 0.238732 0)
(-0.379968 0.166864 0)
(-0.373315 0.106562 0)
(-0.376162 0.0457798 0)
(-0.372289 -0.0123951 0)
(-0.380504 -0.0698066 0)
(-0.380365 -0.135597 0)
(-0.393194 -0.198245 0)
(-0.386578 -0.283001 0)
(-0.388951 -0.35239 0)
(-0.350643 -0.460982 0)
(-0.29958 -0.515348 0)
(-0.198494 -0.618856 0)
(-0.003931 -0.492003 0)
(2.79606e-184 -1.38715e-183 0)
(-0.0616409 0.555469 0)
(-0.175917 0.661453 0)
(-0.285371 0.635799 0)
(-0.35581 0.512803 0)
(-0.382592 0.43185 0)
(-0.402232 0.321831 0)
(-0.392059 0.246049 0)
(-0.39154 0.165705 0)
(-0.377191 0.104551 0)
(-0.377888 0.0447814 0)
(-0.371854 -0.0104115 0)
(-0.383264 -0.0646258 0)
(-0.386187 -0.129665 0)
(-0.409704 -0.192998 0)
(-0.412827 -0.289282 0)
(-0.437337 -0.371628 0)
(-0.415361 -0.527205 0)
(-0.399845 -0.610888 0)
(-0.302999 -0.846133 0)
(-0.156593 -0.632207 0)
(1.35303e-256 -6.99015e-185 0)
(-0.115675 0.634267 0)
(-0.28298 0.732291 0)
(-0.401664 0.688281 0)
(-0.469416 0.528751 0)
(-0.459877 0.430351 0)
(-0.461145 0.306466 0)
(-0.423428 0.228011 0)
(-0.411276 0.148843 0)
(-0.384019 0.0929699 0)
(-0.381552 0.0399667 0)
(-0.372085 -0.00726321 0)
(-0.388407 -0.0532543 0)
(-0.394763 -0.109778 0)
(-0.436556 -0.166024 0)
(-0.451113 -0.255985 0)
(-0.523748 -0.339974 0)
(-0.51853 -0.496913 0)
(-0.621256 -0.614256 0)
(-0.499055 -0.84882 0)
(-0.655797 -0.788629 0)
(-1.37755e-264 -0.0911282 0)
(-0.160053 0.980302 0)
(-0.362884 0.956717 0)
(-0.466768 0.84803 0)
(-0.519786 0.573553 0)
(-0.47795 0.438824 0)
(-0.46554 0.285451 0)
(-0.411654 0.203588 0)
(-0.394993 0.125967 0)
(-0.362117 0.07743 0)
(-0.359376 0.0330567 0)
(-0.347992 -0.00451283 0)
(-0.36579 -0.0406951 0)
(-0.372038 -0.086776 0)
(-0.418895 -0.133797 0)
(-0.439995 -0.215107 0)
(-0.527819 -0.298301 0)
(-0.554295 -0.459406 0)
(-0.680222 -0.614904 0)
(-0.65718 -0.883116 0)
(-0.722769 -1.07255 0)
(-0.364513 -0.792223 0)
(-0.351205 1.12224 0)
(-0.654091 1.0094 0)
(-0.62411 0.836897 0)
(-0.626815 0.521044 0)
(-0.479022 0.375094 0)
(-0.435693 0.22974 0)
(-0.341839 0.157849 0)
(-0.315367 0.0944848 0)
(-0.27049 0.0575228 0)
(-0.266433 0.0251208 0)
(-0.251991 -0.0013194 0)
(-0.273168 -0.0258494 0)
(-0.279974 -0.0579299 0)
(-0.339685 -0.0889985 0)
(-0.36738 -0.148917 0)
(-0.494952 -0.207386 0)
(-0.543039 -0.345556 0)
(-0.760848 -0.479077 0)
(-0.763628 -0.802293 0)
(-0.865551 -1.03311 0)
(-0.48675 -1.15862 0)
(-0.22907 2.05621 0)
(-0.287522 1.23173 0)
(-0.0356178 0.872216 0)
(0.0412325 0.422733 0)
(0.232259 0.269628 0)
(0.286109 0.143452 0)
(0.383698 0.0919022 0)
(0.407999 0.0520746 0)
(0.451964 0.0310837 0)
(0.454797 0.0142237 0)
(0.470827 0.000890686 0)
(0.452128 -0.0106664 0)
(0.452196 -0.0264423 0)
(0.401015 -0.0412088 0)
(0.389605 -0.0753804 0)
(0.278766 -0.11312 0)
(0.255607 -0.229292 0)
(0.0383385 -0.380196 0)
(0.00913485 -0.853144 0)
(-0.301675 -1.34296 0)
(-0.190713 -2.24474 0)
(1.59253 1.52518 0)
(2.26749 0.749137 0)
(3.44879 0.500476 0)
(3.7154 0.224372 0)
(4.05908 0.133022 0)
(4.14093 0.0648442 0)
(4.25347 0.0383667 0)
(4.27875 0.0205357 0)
(4.3206 0.0115947 0)
(4.32361 0.0054321 0)
(4.33923 0.000644669 0)
(4.32427 -0.00341679 0)
(4.32789 -0.00935363 0)
(4.28409 -0.015539 0)
(4.27923 -0.0312199 0)
(4.16673 -0.0485915 0)
(4.13612 -0.109034 0)
(3.80367 -0.177687 0)
(3.62162 -0.445085 0)
(2.43815 -0.71659 0)
(1.66369 -1.51459 0)
)
;

boundaryField
{
    movingWall
    {
        type            fixedValue;
        value           uniform (10 0 0);
    }
    fixedWalls
    {
        type            noSlip;
    }
    frontAndBack
    {
        type            empty;
    }
}


// ************************************************************************* //
