/*--------------------------------*- C++ -*----------------------------------*\
| =========                 |                                                 |
| \\      /  F ield         | OpenFOAM: The Open Source CFD Toolbox           |
|  \\    /   O peration     | Version:  4.1                                   |
|   \\  /    A nd           | Web:      www.OpenFOAM.org                      |
|    \\/     M anipulation  |                                                 |
\*---------------------------------------------------------------------------*/
FoamFile
{
    version     2.0;
    format      ascii;
    class       volScalarField;
    location    "0.00387";
    object      p;
}
// * * * * * * * * * * * * * * * * * * * * * * * * * * * * * * * * * * * * * //

dimensions      [1 -1 -2 0 0 0 0];

internalField   nonuniform List<scalar> 
1681
(
100000
100000
100000
100000
100000
100000
100000
100000
100000
100000
100000
100000
100000
100001
100001
100001
100001
100001
100001
100001
100002
100002
100002
100002
100002
100002
100002
100002
100003
100003
100003
100003
100003
100003
100003
100003
100003
100003
100003
100003
100003
100000
100000
100000
100000
100000
100000
100000
100000
100000
100000
100000
100000
100000
100001
100001
100001
100001
100001
100001
100001
100002
100002
100002
100002
100002
100002
100002
100002
100003
100003
100003
100003
100003
100003
100003
100003
100003
100003
100003
100003
100003
100000
100000
100000
100000
100000
100000
100000
100000
100000
100000
100000
100000
100000
100001
100001
100001
100001
100001
100001
100001
100002
100002
100002
100002
100002
100002
100002
100002
100003
100003
100003
100003
100003
100003
100003
100003
100003
100003
100003
100003
100003
100000
100000
100000
100000
100000
100000
100000
100000
100000
100000
100000
100000
100000
100001
100001
100001
100001
100001
100001
100001
100001
100002
100002
100002
100002
100002
100002
100002
100003
100003
100003
100003
100003
100003
100003
100003
100003
100003
100003
100003
100003
100000
100000
100000
100000
100000
100000
100000
100000
100000
100000
100000
100000
100000
100001
100001
100001
100001
100001
100001
100001
100001
100002
100002
100002
100002
100002
100002
100002
100003
100003
100003
100003
100003
100003
100003
100003
100003
100003
100003
100003
100003
100000
100000
100000
100000
100000
100000
100000
100000
100000
100000
100000
100000
100000
100001
100001
100001
100001
100001
100001
100001
100001
100002
100002
100002
100002
100002
100002
100002
100003
100003
100003
100003
100003
100003
100003
100003
100003
100003
100003
100003
100003
100000
99999.9
99999.9
99999.9
99999.9
99999.9
100000
100000
100000
100000
100000
100000
100000
100001
100001
100001
100001
100001
100001
100001
100001
100002
100002
100002
100002
100002
100002
100002
100003
100003
100003
100003
100003
100003
100003
100003
100003
100003
100003
100003
100003
99999.9
99999.9
99999.9
99999.8
99999.8
99999.9
99999.9
99999.9
100000
100000
100000
100000
100000
100000
100001
100001
100001
100001
100001
100001
100001
100002
100002
100002
100002
100002
100002
100003
100003
100003
100003
100003
100003
100003
100003
100003
100003
100003
100003
100003
100003
99999.8
99999.8
99999.8
99999.8
99999.8
99999.8
99999.8
99999.9
99999.9
100000
100000
100000
100000
100000
100001
100001
100001
100001
100001
100001
100001
100002
100002
100002
100002
100002
100002
100003
100003
100003
100003
100003
100003
100003
100003
100003
100003
100003
100003
100003
100003
99999.6
99999.7
99999.7
99999.7
99999.7
99999.7
99999.7
99999.8
99999.9
99999.9
100000
100000
100000
100000
100001
100001
100001
100001
100001
100001
100001
100002
100002
100002
100002
100002
100002
100003
100003
100003
100003
100003
100003
100003
100003
100003
100003
100003
100003
100003
100003
99999.6
99999.6
99999.6
99999.6
99999.6
99999.6
99999.6
99999.7
99999.8
99999.8
99999.9
100000
100000
100000
100000
100001
100001
100001
100001
100001
100001
100002
100002
100002
100002
100002
100003
100003
100003
100003
100003
100003
100003
100003
100003
100004
100004
100004
100004
100004
100003
99999.6
99999.5
99999.5
99999.4
99999.4
99999.5
99999.5
99999.6
99999.6
99999.7
99999.8
100000
100000
100000
100000
100001
100001
100001
100001
100001
100001
100002
100002
100002
100002
100002
100003
100003
100003
100003
100003
100003
100003
100003
100004
100004
100004
100004
100004
100004
100004
99999.5
99999.4
99999.3
99999.3
99999.3
99999.3
99999.4
99999.4
99999.5
99999.6
99999.7
99999.8
100000
100000
100000
100000
100001
100001
100001
100001
100001
100002
100002
100002
100002
100002
100003
100003
100003
100003
100003
100003
100004
100004
100004
100004
100004
100004
100004
100004
100004
99999.2
99999.1
99999.1
99999.1
99999.1
99999.1
99999.2
99999.3
99999.4
99999.5
99999.6
99999.7
99999.9
100000
100000
100000
100001
100001
100001
100001
100001
100002
100002
100002
100002
100002
100003
100003
100003
100003
100003
100004
100004
100004
100004
100004
100004
100004
100004
100004
100004
99998.7
99998.8
99998.9
99998.9
99998.9
99999
99999
99999.1
99999.2
99999.3
99999.4
99999.6
99999.7
99999.9
100000
100000
100001
100001
100001
100001
100001
100002
100002
100002
100002
100003
100003
100003
100003
100003
100004
100004
100004
100004
100004
100004
100004
100004
100004
100004
100004
99998.5
99998.6
99998.6
99998.7
99998.7
99998.7
99998.8
99998.9
99999
99999.1
99999.3
99999.4
99999.6
99999.8
100000
100000
100000
100001
100001
100001
100001
100002
100002
100002
100002
100003
100003
100003
100003
100003
100004
100004
100004
100004
100004
100004
100004
100004
100004
100004
100004
99998.4
99998.4
99998.4
99998.4
99998.5
99998.5
99998.6
99998.7
99998.8
99998.9
99999.1
99999.3
99999.4
99999.6
99999.8
100000
100000
100001
100001
100001
100001
100002
100002
100002
100002
100003
100003
100003
100003
100004
100004
100004
100004
100004
100004
100005
100005
100005
100005
100005
100005
99998.2
99998.2
99998.2
99998.2
99998.2
99998.3
99998.3
99998.4
99998.6
99998.7
99998.9
99999.1
99999.3
99999.5
99999.7
99999.9
100000
100000
100001
100001
100001
100002
100002
100002
100002
100003
100003
100003
100004
100004
100004
100004
100004
100005
100005
100005
100005
100005
100005
100005
100005
99998
99997.9
99997.9
99997.9
99997.9
99998
99998.1
99998.2
99998.3
99998.5
99998.6
99998.8
99999.1
99999.3
99999.5
99999.8
100000
100000
100001
100001
100001
100002
100002
100002
100003
100003
100003
100003
100004
100004
100004
100004
100005
100005
100005
100005
100005
100005
100005
100005
100005
99997.7
99997.6
99997.6
99997.6
99997.6
99997.7
99997.8
99997.9
99998
99998.2
99998.4
99998.6
99998.8
99999.1
99999.4
99999.6
99999.9
100000
100001
100001
100001
100002
100002
100002
100003
100003
100003
100004
100004
100004
100004
100005
100005
100005
100005
100005
100006
100006
100006
100006
100005
99997.3
99997.3
99997.2
99997.2
99997.3
99997.3
99997.4
99997.6
99997.7
99997.9
99998.1
99998.3
99998.6
99998.9
99999.2
99999.5
99999.8
100000
100000
100001
100001
100002
100002
100002
100003
100003
100003
100004
100004
100004
100005
100005
100005
100005
100006
100006
100006
100006
100006
100006
100006
99997
99996.9
99996.9
99996.9
99996.9
99997
99997.1
99997.2
99997.4
99997.6
99997.8
99998.1
99998.3
99998.6
99998.9
99999.3
99999.6
100000
100000
100001
100001
100001
100002
100002
100003
100003
100003
100004
100004
100005
100005
100005
100006
100006
100006
100006
100006
100006
100006
100006
100006
99996.5
99996.5
99996.4
99996.4
99996.5
99996.6
99996.7
99996.8
99997
99997.2
99997.5
99997.8
99998
99998.4
99998.7
99999.1
99999.4
99999.8
100000
100001
100001
100001
100002
100002
100003
100003
100004
100004
100004
100005
100005
100006
100006
100006
100006
100007
100007
100007
100007
100007
100007
99996.1
99996
99996
99996
99996
99996.1
99996.2
99996.4
99996.6
99996.9
99997.1
99997.4
99997.7
99998.1
99998.4
99998.8
99999.2
99999.6
100000
100000
100001
100001
100002
100002
100003
100003
100004
100004
100005
100005
100006
100006
100006
100007
100007
100007
100007
100007
100007
100007
100007
99995.6
99995.5
99995.4
99995.4
99995.5
99995.6
99995.7
99995.9
99996.2
99996.4
99996.7
99997
99997.4
99997.8
99998.2
99998.6
99999
99999.4
99999.9
100000
100001
100001
100002
100002
100003
100003
100004
100004
100005
100005
100006
100006
100007
100007
100007
100008
100008
100008
100008
100008
100008
99995
99994.9
99994.8
99994.9
99994.9
99995
99995.2
99995.4
99995.7
99996
99996.3
99996.6
99997
99997.4
99997.8
99998.3
99998.7
99999.2
99999.7
100000
100001
100001
100002
100002
100003
100003
100004
100005
100005
100006
100006
100007
100007
100008
100008
100008
100009
100009
100009
100009
100008
99994.4
99994.2
99994.2
99994.2
99994.3
99994.4
99994.6
99994.9
99995.1
99995.5
99995.8
99996.2
99996.6
99997.1
99997.5
99998
99998.5
99999
99999.5
100000
100001
100001
100002
100002
100003
100003
100004
100005
100005
100006
100007
100007
100008
100008
100009
100009
100009
100009
100009
100009
100009
99993.6
99993.5
99993.5
99993.5
99993.6
99993.8
99994
99994.2
99994.6
99994.9
99995.3
99995.7
99996.2
99996.7
99997.2
99997.7
99998.2
99998.7
99999.3
99999.9
100000
100001
100002
100002
100003
100004
100004
100005
100006
100006
100007
100008
100008
100009
100009
100010
100010
100010
100010
100010
100010
99992.8
99992.7
99992.6
99992.7
99992.8
99993
99993.3
99993.6
99993.9
99994.3
99994.8
99995.2
99995.7
99996.3
99996.8
99997.3
99997.9
99998.5
99999.1
99999.6
100000
100001
100002
100002
100003
100004
100004
100005
100006
100006
100007
100008
100009
100009
100010
100011
100011
100011
100011
100011
100011
99991.9
99991.8
99991.7
99991.8
99991.9
99992.2
99992.5
99992.8
99993.2
99993.7
99994.2
99994.7
99995.3
99995.8
99996.4
99997
99997.6
99998.2
99998.8
99999.4
100000
100001
100001
100002
100003
100004
100004
100005
100006
100007
100008
100008
100009
100010
100011
100011
100012
100012
100012
100012
100012
99990.9
99990.7
99990.7
99990.8
99991
99991.2
99991.6
99992
99992.5
99993
99993.6
99994.1
99994.7
99995.4
99996
99996.6
99997.3
99997.9
99998.5
99999.2
99999.8
100001
100001
100002
100003
100003
100004
100005
100006
100007
100008
100009
100010
100011
100012
100012
100013
100014
100014
100014
100013
99989.7
99989.5
99989.5
99989.6
99989.9
99990.2
99990.7
99991.2
99991.7
99992.3
99992.9
99993.5
99994.2
99994.9
99995.6
99996.3
99996.9
99997.6
99998.3
99998.9
99999.6
100000
100001
100002
100003
100003
100004
100005
100006
100007
100008
100009
100010
100011
100012
100013
100014
100015
100015
100015
100015
99988.3
99988.1
99988.1
99988.3
99988.6
99989.1
99989.6
99990.2
99990.9
99991.5
99992.2
99992.9
99993.6
99994.4
99995.1
99995.9
99996.6
99997.3
99998
99998.7
99999.3
100000
100001
100002
100002
100003
100004
100005
100006
100007
100008
100009
100011
100012
100013
100015
100016
100017
100017
100017
100017
99986.7
99986.4
99986.4
99986.7
99987.2
99987.8
99988.5
99989.2
99990
99990.7
99991.4
99992.2
99993
99993.9
99994.7
99995.6
99996.3
99997
99997.7
99998.4
99999.1
99999.8
100001
100001
100002
100003
100004
100005
100006
100007
100008
100010
100011
100013
100014
100016
100017
100019
100020
100020
100020
99984.5
99984.3
99984.5
99985
99985.7
99986.5
99987.3
99988.2
99989
99989.9
99990.7
99991.5
99992.4
99993.4
99994.3
99995.2
99996.1
99996.8
99997.4
99998.1
99998.7
99999.5
100000
100001
100002
100003
100004
100005
100006
100007
100008
100010
100011
100013
100015
100017
100019
100021
100023
100024
100023
99981.7
99981.6
99982.1
99982.9
99983.9
99985
99986.1
99987.1
99988.1
99989
99989.9
99990.7
99991.8
99992.9
99994
99995
99995.9
99996.6
99997.2
99997.8
99998.4
99999.1
99999.9
100001
100002
100002
100003
100004
100005
100007
100008
100010
100012
100013
100015
100018
100020
100023
100026
100028
100029
99977.8
99978.2
99979.2
99980.6
99982
99983.4
99984.8
99986.1
99987.3
99988.3
99989.1
99989.9
99991.1
99992.4
99993.7
99994.9
99995.8
99996.5
99996.9
99997.4
99998.1
99998.8
99999.6
100001
100001
100002
100003
100004
100005
100006
100008
100010
100012
100014
100016
100018
100021
100025
100031
100035
100038
99972
99973.7
99975.8
99978
99980.1
99982
99983.8
99985.3
99986.7
99987.7
99988.5
99989.1
99990.6
99992.2
99993.7
99994.9
99995.9
99996.4
99996.6
99997.1
99997.8
99998.5
99999.4
100000
100001
100002
100003
100004
100005
100006
100008
100010
100012
100014
100016
100019
100022
100028
100037
100046
100052
99962.5
99967.4
99971.7
99975.5
99978.5
99981
99983.1
99984.9
99986.3
99987.3
99987.8
99988
99990.4
99992.6
99994.1
99995.2
99995.9
99996.1
99995.8
99996.6
99997.6
99998.6
99999.6
100001
100002
100002
100002
100003
100005
100006
100008
100010
100012
100015
100017
100019
100022
100030
100045
100061
100073
99947.3
99959.9
99968.1
99974
99978.1
99981
99983.4
99985.1
99986.4
99987.1
99987.2
99986.8
99991.6
99994
99994.9
99995.4
99995.5
99995.2
99994.4
99996.6
99998.2
99999.3
100000
100002
100002
100001
100002
100004
100005
100007
100009
100011
100013
100014
100016
100018
100021
100034
100055
100080
100103
99914.9
99948.2
99964.9
99974
99979
99982.1
99984.3
99985.7
99986.5
99986.3
99984.7
99981.6
99996.2
99998.3
99997
99995.8
99994.6
99992.5
99988.8
99995.5
99999.3
100001
100002
100005
100002
99998
100001
100004
100005
100008
100014
100014
100014
100014
100014
100014
100014
100037
100077
100106
100145
)
;

boundaryField
{
    movingWall
    {
        type            zeroGradient;
    }
    fixedWalls
    {
        type            zeroGradient;
    }
    frontAndBack
    {
        type            empty;
    }
}


// ************************************************************************* //
