/*--------------------------------*- C++ -*----------------------------------*\
| =========                 |                                                 |
| \\      /  F ield         | OpenFOAM: The Open Source CFD Toolbox           |
|  \\    /   O peration     | Version:  4.1                                   |
|   \\  /    A nd           | Web:      www.OpenFOAM.org                      |
|    \\/     M anipulation  |                                                 |
\*---------------------------------------------------------------------------*/
FoamFile
{
    version     2.0;
    format      ascii;
    class       volVectorField;
    location    "0.0913";
    object      U;
}
// * * * * * * * * * * * * * * * * * * * * * * * * * * * * * * * * * * * * * //

dimensions      [0 1 -1 0 0 0 0];

internalField   nonuniform List<vector> 
441
(
(0.00376731 -0.00485353 0)
(0.00986263 -0.00254004 0)
(-0.000635009 -2.21378e-165 0)
(0.00198378 -3.36916e-266 0)
(-0.00836972 -0.00793543 0)
(-0.00198378 -3.084e-232 0)
(-1.14815e-202 -5.67724e-203 0)
(-1.41924e-203 -7.45319e-228 0)
(-1.73872e-212 -3.25391e-213 0)
(-0.00620896 9.20643e-266 0)
(-0.0761367 0.0248368 0)
(-0.095574 0.0129718 0)
(-0.107529 0.00591874 0)
(-0.0944207 0.000369379 0)
(-0.0774624 -0.00169787 0)
(-0.0513188 -0.00306352 0)
(-0.0288604 -0.00217746 0)
(-0.00896053 -0.00159083 0)
(0.0030073 0.00078057 0)
(0.00463739 0.00155294 0)
(0.0046014 0.00302898 0)
(0.00389457 -0.00859197 0)
(-0.000827088 0.00686737 0)
(-0.0275538 0.00857599 0)
(-0.0598232 0.0107725 0)
(-0.108061 0.0110096 0)
(-0.15379 -0.00320191 0)
(-0.196925 -0.000140871 0)
(-0.238483 0.00169196 0)
(-0.275374 0.0134008 0)
(-0.312465 0.0677953 0)
(-0.337551 0.0623081 0)
(-0.331514 0.0188538 0)
(-0.31598 -0.00769533 0)
(-0.272672 -0.0312339 0)
(-0.221837 -0.041605 0)
(-0.158011 -0.046874 0)
(-0.100434 -0.0400115 0)
(-0.0494143 -0.0315642 0)
(-0.0151766 -0.0138536 0)
(-0.0009239 -0.00386852 0)
(0.00499382 0.0064368 0)
(0.00770748 -0.00842486 0)
(-0.00517866 0.0285208 0)
(-0.0548111 0.0575983 0)
(-0.122397 0.0779112 0)
(-0.205219 0.0848379 0)
(-0.291011 0.0846558 0)
(-0.383359 0.0817409 0)
(-0.458708 0.0759016 0)
(-0.532572 0.0711415 0)
(-0.568769 0.0668353 0)
(-0.564571 0.0448295 0)
(-0.54581 -0.00732051 0)
(-0.507713 -0.0522293 0)
(-0.44089 -0.0935629 0)
(-0.361287 -0.115378 0)
(-0.265286 -0.124754 0)
(-0.176383 -0.109575 0)
(-0.095288 -0.0873735 0)
(-0.0383964 -0.0465979 0)
(-0.0080237 -0.0190688 0)
(0.00642661 0.00748236 0)
(0.00641632 -0.0114644 0)
(-0.0165712 0.0711777 0)
(-0.098656 0.125741 0)
(-0.195767 0.163664 0)
(-0.310356 0.179991 0)
(-0.425876 0.177751 0)
(-0.539801 0.169326 0)
(-0.638549 0.151844 0)
(-0.719696 0.125994 0)
(-0.767437 0.097035 0)
(-0.77674 0.0390695 0)
(-0.752228 -0.0391638 0)
(-0.7009 -0.112799 0)
(-0.612929 -0.178876 0)
(-0.507411 -0.217066 0)
(-0.379788 -0.233354 0)
(-0.259399 -0.209454 0)
(-0.146151 -0.17126 0)
(-0.0646479 -0.100226 0)
(-0.0158671 -0.0500906 0)
(0.00804526 0.00522837 0)
(7.00801e-165 0.00160408 0)
(-0.0251992 0.13313 0)
(-0.143674 0.235985 0)
(-0.265266 0.28811 0)
(-0.409965 0.313791 0)
(-0.55078 0.312181 0)
(-0.690951 0.293026 0)
(-0.809785 0.254641 0)
(-0.908273 0.199252 0)
(-0.966359 0.124611 0)
(-0.983526 0.0300294 0)
(-0.960169 -0.0828929 0)
(-0.900864 -0.190759 0)
(-0.796596 -0.287426 0)
(-0.667459 -0.347433 0)
(-0.506699 -0.373702 0)
(-0.352413 -0.34171 0)
(-0.200121 -0.28329 0)
(-0.0912925 -0.175143 0)
(-0.018578 -0.0926638 0)
(0.014658 0.000446144 0)
(-5.67931e-266 0.00588927 0)
(-0.0913721 0.219719 0)
(-0.200869 0.363721 0)
(-0.34693 0.431838 0)
(-0.505394 0.465336 0)
(-0.667768 0.459826 0)
(-0.824551 0.428966 0)
(-0.962843 0.369428 0)
(-1.07669 0.283485 0)
(-1.15225 0.171485 0)
(-1.18684 0.033184 0)
(-1.17188 -0.122882 0)
(-1.11351 -0.276133 0)
(-0.998078 -0.413971 0)
(-0.848558 -0.506538 0)
(-0.653605 -0.550973 0)
(-0.461466 -0.514985 0)
(-0.263546 -0.435614 0)
(-0.121888 -0.279746 0)
(-0.0211905 -0.159314 0)
(0.0161373 0.00267662 0)
(-0.0235571 0.0962482 0)
(-0.127423 0.330335 0)
(-0.253411 0.4919 0)
(-0.414002 0.590722 0)
(-0.591749 0.633738 0)
(-0.772779 0.629789 0)
(-0.950022 0.58721 0)
(-1.10843 0.505789 0)
(-1.24336 0.38838 0)
(-1.33956 0.234497 0)
(-1.39434 0.050157 0)
(-1.39442 -0.156551 0)
(-1.34394 -0.363564 0)
(-1.22404 -0.553381 0)
(-1.05891 -0.690454 0)
(-0.82902 -0.762779 0)
(-0.596596 -0.729487 0)
(-0.339778 -0.625422 0)
(-0.162575 -0.414192 0)
(-0.00800978 -0.232583 0)
(5.98896e-266 -0.00403432 0)
(-0.0173977 0.159366 0)
(-0.121999 0.450748 0)
(-0.2766 0.650821 0)
(-0.457855 0.77094 0)
(-0.655526 0.824291 0)
(-0.855644 0.818358 0)
(-1.05128 0.764889 0)
(-1.23064 0.662609 0)
(-1.38766 0.515037 0)
(-1.50904 0.321893 0)
(-1.59002 0.0884848 0)
(-1.61315 -0.174388 0)
(-1.58029 -0.445995 0)
(-1.4657 -0.701306 0)
(-1.29302 -0.900888 0)
(-1.033 -1.0176 0)
(-0.758214 -1.00261 0)
(-0.437534 -0.87615 0)
(-0.210721 -0.606846 0)
(-0.00378003 -0.331547 0)
(2.62884e-24 -1.05642e-24 0)
(-0.015441 0.231906 0)
(-0.125356 0.587614 0)
(-0.296458 0.82605 0)
(-0.492271 0.9677 0)
(-0.705892 1.03011 0)
(-0.920876 1.02383 0)
(-1.13276 0.961207 0)
(-1.33077 0.840947 0)
(-1.50963 0.666488 0)
(-1.657 0.436189 0)
(-1.76684 0.154864 0)
(-1.81959 -0.166851 0)
(-1.81358 -0.509559 0)
(-1.71661 -0.842027 0)
(-1.54906 -1.12096 0)
(-1.26916 -1.30095 0)
(-0.957199 -1.32129 0)
(-0.567846 -1.17847 0)
(-0.281949 -0.840052 0)
(-0.00504574 -0.451443 0)
(1.06832e-76 -6.57211e-25 0)
(-0.0133484 0.30071 0)
(-0.122239 0.733484 0)
(-0.302009 1.01841 0)
(-0.505653 1.18091 0)
(-0.728223 1.25325 0)
(-0.951931 1.24512 0)
(-1.17328 1.17497 0)
(-1.38451 1.03901 0)
(-1.58022 0.841433 0)
(-1.75117 0.578374 0)
(-1.88986 0.25142 0)
(-1.97662 -0.12884 0)
(-2.00622 -0.548269 0)
(-1.94078 -0.968517 0)
(-1.79489 -1.34745 0)
(-1.51263 -1.61561 0)
(-1.17475 -1.70241 0)
(-0.719591 -1.56205 0)
(-0.366345 -1.16392 0)
(-0.00729084 -0.629179 0)
(2.96793e-164 -2.67081e-77 0)
(-0.0132421 0.363973 0)
(-0.122207 0.874486 0)
(-0.306012 1.20707 0)
(-0.511344 1.39157 0)
(-0.734479 1.4746 0)
(-0.957789 1.46679 0)
(-1.17821 1.39262 0)
(-1.3923 1.24635 0)
(-1.59434 1.03271 0)
(-1.78049 0.744976 0)
(-1.94171 0.380945 0)
(-2.0622 -0.050881 0)
(-2.13243 -0.543316 0)
(-2.11286 -1.0543 0)
(-2.00901 -1.54562 0)
(-1.75129 -1.92501 0)
(-1.41231 -2.10933 0)
(-0.910687 -1.99545 0)
(-0.491254 -1.54045 0)
(-0.0817404 -0.831348 0)
(1.79361e-265 0.0133692 0)
(-0.0136169 0.437038 0)
(-0.11775 1.02843 0)
(-0.297571 1.40901 0)
(-0.494905 1.61004 0)
(-0.70696 1.70082 0)
(-0.917455 1.68878 0)
(-1.12286 1.61011 0)
(-1.32534 1.4547 0)
(-1.51844 1.22982 0)
(-1.7056 0.92506 0)
(-1.87703 0.533274 0)
(-2.02386 0.0609254 0)
(-2.13394 -0.496924 0)
(-2.16981 -1.09411 0)
(-2.12753 -1.70773 0)
(-1.92491 -2.21892 0)
(-1.61493 -2.54172 0)
(-1.08702 -2.49771 0)
(-0.588792 -1.98693 0)
(-0.0763314 -1.14047 0)
(0.0534769 -0.0774857 0)
(-0.0167188 0.490944 0)
(-0.119783 1.15548 0)
(-0.296832 1.58132 0)
(-0.481429 1.79764 0)
(-0.671046 1.89535 0)
(-0.85495 1.88014 0)
(-1.02667 1.79959 0)
(-1.19852 1.64044 0)
(-1.36074 1.41279 0)
(-1.52872 1.10314 0)
(-1.68969 0.700038 0)
(-1.84857 0.206567 0)
(-1.98825 -0.394588 0)
(-2.08402 -1.0598 0)
(-2.11846 -1.78494 0)
(-2.00492 -2.43928 0)
(-1.77217 -2.94041 0)
(-1.24418 -3.0306 0)
(-0.716675 -2.54472 0)
(0.0435315 -1.48092 0)
(2.47104e-231 -0.0133692 0)
(-0.021083 0.576525 0)
(-0.12019 1.3116 0)
(-0.287161 1.77456 0)
(-0.448587 1.9854 0)
(-0.601854 2.07757 0)
(-0.743422 2.04485 0)
(-0.863313 1.95578 0)
(-0.984661 1.78899 0)
(-1.09401 1.56093 0)
(-1.21915 1.25418 0)
(-1.34523 0.853219 0)
(-1.49245 0.359661 0)
(-1.64276 -0.26138 0)
(-1.78887 -0.964181 0)
(-1.90779 -1.78562 0)
(-1.91915 -2.56929 0)
(-1.82254 -3.30069 0)
(-1.40142 -3.57143 0)
(-0.892651 -3.26799 0)
(-0.0029493 -1.89516 0)
(5.82857e-202 4.58705e-184 0)
(-0.036905 0.625346 0)
(-0.149789 1.41552 0)
(-0.316963 1.90605 0)
(-0.453941 2.10697 0)
(-0.553754 2.18879 0)
(-0.635222 2.13837 0)
(-0.677084 2.0408 0)
(-0.724298 1.87014 0)
(-0.75268 1.64802 0)
(-0.809541 1.35536 0)
(-0.870858 0.974921 0)
(-0.981407 0.506863 0)
(-1.11168 -0.0947221 0)
(-1.29459 -0.790541 0)
(-1.48143 -1.64642 0)
(-1.65164 -2.52102 0)
(-1.72603 -3.44138 0)
(-1.52353 -3.96894 0)
(-1.10679 -3.91947 0)
(-0.0114756 -2.40402 0)
(1.83482e-183 -1.456e-184 0)
(-0.0554878 0.771456 0)
(-0.183283 1.59599 0)
(-0.340448 2.08833 0)
(-0.439713 2.22368 0)
(-0.469894 2.26619 0)
(-0.473921 2.16906 0)
(-0.420539 2.04932 0)
(-0.374649 1.86558 0)
(-0.30268 1.64822 0)
(-0.268039 1.37396 0)
(-0.239532 1.02527 0)
(-0.280658 0.603073 0)
(-0.357482 0.0503206 0)
(-0.533103 -0.59085 0)
(-0.760224 -1.43157 0)
(-1.06482 -2.32101 0)
(-1.36328 -3.43335 0)
(-1.48882 -4.19724 0)
(-1.3939 -4.79675 0)
(-0.466214 -3.04922 0)
(4.4016e-254 -4.58705e-184 0)
(-0.121344 0.850442 0)
(-0.316982 1.68743 0)
(-0.465766 2.15758 0)
(-0.515958 2.22684 0)
(-0.427743 2.22244 0)
(-0.32048 2.08418 0)
(-0.128586 1.94265 0)
(0.0397369 1.75143 0)
(0.242173 1.54317 0)
(0.389567 1.29484 0)
(0.532152 0.989973 0)
(0.577605 0.630965 0)
(0.585614 0.161554 0)
(0.432385 -0.378339 0)
(0.220506 -1.1067 0)
(-0.241043 -1.90692 0)
(-0.697366 -2.99127 0)
(-1.44522 -3.93712 0)
(-1.64115 -4.85112 0)
(-2.07384 -3.87418 0)
(-2.59442e-264 -0.216128 0)
(-0.17792 1.23155 0)
(-0.415165 1.94482 0)
(-0.499171 2.30979 0)
(-0.44933 2.18586 0)
(-0.2075 2.08453 0)
(0.0434669 1.86942 0)
(0.390124 1.69567 0)
(0.696556 1.49492 0)
(1.03548 1.3006 0)
(1.30398 1.08591 0)
(1.56417 0.836878 0)
(1.71137 0.554747 0)
(1.81671 0.192266 0)
(1.73856 -0.216237 0)
(1.58522 -0.769108 0)
(1.13718 -1.38694 0)
(0.597805 -2.26092 0)
(-0.337532 -3.20956 0)
(-1.07536 -4.25878 0)
(-1.84063 -4.53963 0)
(-0.864512 -2.3177 0)
(-0.400619 1.40938 0)
(-0.7255 1.98003 0)
(-0.517537 2.186 0)
(-0.234624 1.91812 0)
(0.32478 1.73052 0)
(0.792011 1.47844 0)
(1.35042 1.29147 0)
(1.81011 1.10399 0)
(2.28687 0.937769 0)
(2.66064 0.769199 0)
(3.01709 0.58513 0)
(3.23708 0.38723 0)
(3.41774 0.13787 0)
(3.38634 -0.131258 0)
(3.30292 -0.50189 0)
(2.87099 -0.897792 0)
(2.39447 -1.51774 0)
(1.36886 -2.23474 0)
(0.461738 -3.35381 0)
(-0.705346 -4.00689 0)
(-0.701473 -2.96425 0)
(-0.257549 2.41964 0)
(-0.105113 2.05638 0)
(0.682197 1.86925 0)
(1.33048 1.33523 0)
(2.14915 1.07783 0)
(2.77969 0.83651 0)
(3.43773 0.683491 0)
(3.95458 0.554086 0)
(4.45789 0.450561 0)
(4.84176 0.35547 0)
(5.19663 0.259017 0)
(5.41494 0.159578 0)
(5.59502 0.0397958 0)
(5.57849 -0.0885728 0)
(5.52377 -0.263834 0)
(5.15529 -0.457087 0)
(4.76395 -0.790516 0)
(3.83133 -1.24471 0)
(2.86738 -2.25332 0)
(1.0928 -3.33035 0)
(-0.046404 -3.79878 0)
(1.66696 1.66928 0)
(2.7017 0.974311 0)
(4.54129 0.748186 0)
(5.38026 0.423859 0)
(6.24884 0.286651 0)
(6.76088 0.178397 0)
(7.24278 0.121618 0)
(7.56842 0.0811801 0)
(7.8682 0.0545962 0)
(8.07182 0.0338625 0)
(8.25423 0.0153623 0)
(8.34324 -0.00199734 0)
(8.41491 -0.023135 0)
(8.35611 -0.0438923 0)
(8.29398 -0.0791017 0)
(8.00603 -0.111899 0)
(7.74978 -0.200859 0)
(6.99559 -0.293231 0)
(6.26218 -0.624986 0)
(4.04574 -0.997185 0)
(2.00506 -1.81774 0)
)
;

boundaryField
{
    movingWall
    {
        type            fixedValue;
        value           uniform (10 0 0);
    }
    fixedWalls
    {
        type            noSlip;
    }
    frontAndBack
    {
        type            empty;
    }
}


// ************************************************************************* //
