/*--------------------------------*- C++ -*----------------------------------*\
| =========                 |                                                 |
| \\      /  F ield         | OpenFOAM: The Open Source CFD Toolbox           |
|  \\    /   O peration     | Version:  4.1                                   |
|   \\  /    A nd           | Web:      www.OpenFOAM.org                      |
|    \\/     M anipulation  |                                                 |
\*---------------------------------------------------------------------------*/
FoamFile
{
    version     2.0;
    format      ascii;
    class       volVectorField;
    location    "0.1054";
    object      U;
}
// * * * * * * * * * * * * * * * * * * * * * * * * * * * * * * * * * * * * * //

dimensions      [0 1 -1 0 0 0 0];

internalField   nonuniform List<vector> 
441
(
(0.00385747 -0.00492128 0)
(0.010126 -0.00254123 0)
(-0.000635306 -2.22544e-165 0)
(0.00203058 -3.46378e-266 0)
(-0.00837694 -0.00812251 0)
(-0.00203058 -3.14638e-232 0)
(-1.16385e-202 -5.832e-203 0)
(-1.45796e-203 -7.65914e-228 0)
(-1.77523e-212 -3.34455e-213 0)
(-0.00633898 9.39297e-266 0)
(-0.0777718 0.0253565 0)
(-0.0974577 0.0132106 0)
(-0.109408 0.00599519 0)
(-0.0957305 0.000327838 0)
(-0.0781334 -0.00177258 0)
(-0.0512892 -0.00313525 0)
(-0.0283433 -0.00220107 0)
(-0.00820834 -0.00156283 0)
(0.00369833 0.000866569 0)
(0.00501177 0.00165079 0)
(0.00468624 0.00310152 0)
(0.00402626 -0.00887975 0)
(-0.000611856 0.00695266 0)
(-0.0278016 0.00876563 0)
(-0.0608027 0.0108816 0)
(-0.110217 0.0112693 0)
(-0.157229 -0.00311659 0)
(-0.201611 -0.000119148 0)
(-0.244394 0.00174348 0)
(-0.282312 0.0137037 0)
(-0.320302 0.0692611 0)
(-0.345765 0.063483 0)
(-0.33918 0.0188699 0)
(-0.322664 -0.00837435 0)
(-0.277735 -0.0324162 0)
(-0.225154 -0.0428905 0)
(-0.159567 -0.048011 0)
(-0.100638 -0.0407184 0)
(-0.04879 -0.0317753 0)
(-0.0143393 -0.0135555 0)
(-0.000402764 -0.00335507 0)
(0.00511053 0.00682494 0)
(0.00792655 -0.00883427 0)
(-0.0051543 0.0288996 0)
(-0.0558489 0.058784 0)
(-0.125166 0.0797547 0)
(-0.210304 0.0870835 0)
(-0.298499 0.0870989 0)
(-0.393483 0.0841325 0)
(-0.471075 0.0780843 0)
(-0.546906 0.0729868 0)
(-0.583925 0.0682087 0)
(-0.579238 0.0451917 0)
(-0.559387 -0.00858072 0)
(-0.519506 -0.0547498 0)
(-0.450258 -0.0969594 0)
(-0.368011 -0.118952 0)
(-0.269352 -0.127937 0)
(-0.178269 -0.11177 0)
(-0.0956376 -0.0883898 0)
(-0.038023 -0.0464041 0)
(-0.00764308 -0.0182543 0)
(0.00654964 0.00818345 0)
(0.00653315 -0.0120176 0)
(-0.0171079 0.0725547 0)
(-0.101307 0.128701 0)
(-0.201142 0.167879 0)
(-0.319029 0.184967 0)
(-0.437921 0.18293 0)
(-0.555144 0.174269 0)
(-0.656688 0.15613 0)
(-0.739889 0.12915 0)
(-0.788539 0.0987886 0)
(-0.797442 0.0386546 0)
(-0.771504 -0.0420402 0)
(-0.71791 -0.117701 0)
(-0.626903 -0.185147 0)
(-0.518042 -0.223666 0)
(-0.386976 -0.23935 0)
(-0.263609 -0.21388 0)
(-0.148036 -0.173744 0)
(-0.0651505 -0.100651 0)
(-0.0158528 -0.0493312 0)
(0.00813356 0.00612245 0)
(7.16283e-165 0.00163329 0)
(-0.0260937 0.136269 0)
(-0.147887 0.241996 0)
(-0.273071 0.295938 0)
(-0.422008 0.322672 0)
(-0.566919 0.321245 0)
(-0.711023 0.301468 0)
(-0.833023 0.26164 0)
(-0.933777 0.204031 0)
(-0.992779 0.126511 0)
(-1.0095 0.0285648 0)
(-0.984576 -0.0878372 0)
(-0.922722 -0.198582 0)
(-0.815041 -0.297208 0)
(-0.682045 -0.357796 0)
(-0.517168 -0.383323 0)
(-0.359144 -0.349203 0)
(-0.203681 -0.288027 0)
(-0.0927527 -0.176838 0)
(-0.0189209 -0.0924493 0)
(0.014748 0.00124638 0)
(-5.80383e-266 0.00603978 0)
(-0.093918 0.22541 0)
(-0.206813 0.373524 0)
(-0.357196 0.44391 0)
(-0.520278 0.478621 0)
(-0.687205 0.473045 0)
(-0.848134 0.44101 0)
(-0.989761 0.37915 0)
(-1.1059 0.289841 0)
(-1.18246 0.173704 0)
(-1.21675 0.0307596 0)
(-1.20028 -0.12989 0)
(-1.13937 -0.287005 0)
(-1.0204 -0.427539 0)
(-0.866773 -0.521126 0)
(-0.667216 -0.56486 0)
(-0.470704 -0.526324 0)
(-0.268792 -0.443399 0)
(-0.124336 -0.283373 0)
(-0.0219783 -0.160121 0)
(0.016139 0.00334344 0)
(-0.0241591 0.0988774 0)
(-0.130984 0.339346 0)
(-0.260686 0.505627 0)
(-0.425831 0.60744 0)
(-0.608416 0.651753 0)
(-0.794118 0.647507 0)
(-0.975568 0.603099 0)
(-1.1373 0.518393 0)
(-1.27452 0.396438 0)
(-1.37176 0.237099 0)
(-1.4264 0.0468794 0)
(-1.42515 -0.165555 0)
(-1.37235 -0.377459 0)
(-1.24908 -0.570825 0)
(-1.07991 -0.709537 0)
(-0.845208 -0.781417 0)
(-0.607994 -0.745345 0)
(-0.346414 -0.636988 0)
(-0.165737 -0.420324 0)
(-0.00867765 -0.234836 0)
(6.01725e-266 -0.00403474 0)
(-0.0178522 0.163716 0)
(-0.125331 0.463121 0)
(-0.284035 0.668873 0)
(-0.469938 0.792398 0)
(-0.672408 0.847058 0)
(-0.877051 0.840443 0)
(-1.07665 0.784453 0)
(-1.25912 0.677945 0)
(-1.41827 0.524736 0)
(-1.54068 0.324999 0)
(-1.62167 0.0845915 0)
(-1.64378 -0.185048 0)
(-1.60904 -0.462548 0)
(-1.49158 -0.722315 0)
(-1.31532 -0.924343 0)
(-1.05073 -1.04114 0)
(-0.771146 -1.02351 0)
(-0.445168 -0.89224 0)
(-0.21438 -0.616423 0)
(-0.0039215 -0.335575 0)
(2.66444e-24 -1.0388e-24 0)
(-0.015821 0.238233 0)
(-0.128375 0.603567 0)
(-0.303341 0.84848 0)
(-0.503425 0.993817 0)
(-0.721388 1.0574 0)
(-0.940365 1.05001 0)
(-1.15568 0.984144 0)
(-1.3563 0.858767 0)
(-1.53693 0.677696 0)
(-1.68516 0.439826 0)
(-1.79508 0.150586 0)
(-1.84713 -0.178748 0)
(-1.83984 -0.528187 0)
(-1.74079 -0.865944 0)
(-1.57057 -1.14819 0)
(-1.28693 -1.32902 0)
(-0.970759 -1.34724 0)
(-0.576211 -1.1994 0)
(-0.286127 -0.853601 0)
(-0.00512202 -0.457475 0)
(1.08089e-76 -6.66111e-25 0)
(-0.0136005 0.308444 0)
(-0.124519 0.752368 0)
(-0.30743 1.04458 0)
(-0.514526 1.21096 0)
(-0.740567 1.28433 0)
(-0.967373 1.27461 0)
(-1.19128 1.20057 0)
(-1.40435 1.05873 0)
(-1.60121 0.85376 0)
(-1.77265 0.582421 0)
(-1.91134 0.246936 0)
(-1.99769 -0.141469 0)
(-2.02665 -0.568158 0)
(-1.96014 -0.994281 0)
(-1.81287 -1.37731 0)
(-1.52828 -1.64715 0)
(-1.18748 -1.73272 0)
(-0.72793 -1.58763 0)
(-0.370827 -1.18175 0)
(-0.00745851 -0.637544 0)
(2.9999e-164 -2.70224e-77 0)
(-0.0133738 0.372782 0)
(-0.123531 0.895588 0)
(-0.309309 1.23606 0)
(-0.516848 1.42458 0)
(-0.74217 1.50844 0)
(-0.967329 1.4986 0)
(-1.18913 1.41995 0)
(-1.40402 1.26717 0)
(-1.60638 1.04557 0)
(-1.79245 0.749121 0)
(-1.95343 0.376288 0)
(-2.07366 -0.0638126 0)
(-2.14384 -0.563608 0)
(-2.12429 -1.08064 0)
(-2.02058 -1.57653 0)
(-1.7624 -1.95837 0)
(-1.4224 -2.14255 0)
(-0.918134 -2.02473 0)
(-0.495752 -1.56208 0)
(-0.082816 -0.842028 0)
(1.80192e-265 0.0134488 0)
(-0.0136064 0.446218 0)
(-0.117873 1.05048 0)
(-0.29816 1.43934 0)
(-0.49612 1.64449 0)
(-0.708769 1.73593 0)
(-0.919615 1.72151 0)
(-1.12502 1.63791 0)
(-1.32713 1.47556 0)
(-1.51959 1.24241 0)
(-1.70602 0.928826 0)
(-1.87687 0.52834 0)
(-2.02348 0.0480249 0)
(-2.13396 -0.51679 0)
(-2.17082 -1.11969 0)
(-2.13015 -1.73783 0)
(-1.92905 -2.25193 0)
(-1.62029 -2.57563 0)
(-1.09192 -2.52898 0)
(-0.592189 -2.01109 0)
(-0.0767602 -1.15345 0)
(0.0537953 -0.07858 0)
(-0.016566 0.499859 0)
(-0.118615 1.17718 0)
(-0.294445 1.61139 0)
(-0.4779 1.83187 0)
(-0.666346 1.93013 0)
(-0.848994 1.91231 0)
(-1.0193 1.82657 0)
(-1.18963 1.66028 0)
(-1.35034 1.42431 0)
(-1.51702 1.10602 0)
(-1.67711 0.694637 0)
(-1.83578 0.193871 0)
(-1.97618 -0.413428 0)
(-2.07364 -1.08351 0)
(-2.11085 -1.81263 0)
(-2.00055 -2.46985 0)
(-1.77126 -2.97279 0)
(-1.24523 -3.06188 0)
(-0.718471 -2.57083 0)
(0.0442888 -1.49539 0)
(2.48705e-231 -0.0134488 0)
(-0.0207922 0.584405 0)
(-0.117746 1.33142 0)
(-0.281805 1.80255 0)
(-0.440304 2.01754 0)
(-0.590646 2.11028 0)
(-0.729424 2.07494 0)
(-0.846635 1.98068 0)
(-0.965548 1.80687 0)
(-1.0728 1.57076 0)
(-1.19636 1.25582 0)
(-1.32153 0.847265 0)
(-1.46869 0.347325 0)
(-1.61996 -0.278773 0)
(-1.76821 -0.985245 0)
(-1.89054 -1.80962 0)
(-1.90636 -2.59553 0)
(-1.81487 -3.32905 0)
(-1.3983 -3.60001 0)
(-0.892636 -3.29381 0)
(-0.00286033 -1.91015 0)
(5.84228e-202 4.59243e-184 0)
(-0.0365057 0.631562 0)
(-0.146282 1.43215 0)
(-0.309062 1.93033 0)
(-0.441523 2.13536 0)
(-0.536852 2.2179 0)
(-0.614233 2.16511 0)
(-0.652443 2.06271 0)
(-0.696665 1.8855 0)
(-0.722767 1.65593 0)
(-0.778195 1.3558 0)
(-0.838932 0.968597 0)
(-0.949827 0.49512 0)
(-1.08139 -0.110409 0)
(-1.26667 -0.808655 0)
(-1.45705 -1.66617 0)
(-1.63207 -2.54194 0)
(-1.71232 -3.46397 0)
(-1.51597 -3.9925 0)
(-1.10445 -3.94243 0)
(-0.0115335 -2.41855 0)
(1.83697e-183 -1.62886e-184 0)
(-0.0550272 0.775484 0)
(-0.17911 1.60831 0)
(-0.330863 2.10745 0)
(-0.424446 2.24683 0)
(-0.448991 2.29036 0)
(-0.448017 2.19143 0)
(-0.390394 2.06761 0)
(-0.341326 1.87823 0)
(-0.267258 1.65438 0)
(-0.231671 1.37364 0)
(-0.203238 1.01913 0)
(-0.245387 0.592417 0)
(-0.324005 0.0366238 0)
(-0.502217 -0.605978 0)
(-0.732695 -1.44721 0)
(-1.04177 -2.33658 0)
(-1.34574 -3.44965 0)
(-1.478 -4.21435 0)
(-1.38929 -4.81483 0)
(-0.466814 -3.0619 0)
(4.40365e-254 -4.59243e-184 0)
(-0.120918 0.852094 0)
(-0.312861 1.69496 0)
(-0.455963 2.17082 0)
(-0.500026 2.24394 0)
(-0.405639 2.24094 0)
(-0.29296 2.10169 0)
(-0.0965917 1.95716 0)
(0.0748776 1.76153 0)
(0.279134 1.54807 0)
(0.426967 1.29444 0)
(0.568833 0.984785 0)
(0.612566 0.622068 0)
(0.618208 0.150267 0)
(0.462053 -0.390507 0)
(0.246988 -1.11863 0)
(-0.218477 -1.9179 0)
(-0.67917 -3.00165 0)
(-1.43319 -3.94772 0)
(-1.63485 -4.86244 0)
(-2.07496 -3.88407 0)
(-2.59976e-264 -0.216408 0)
(-0.177687 1.23111 0)
(-0.412121 1.94778 0)
(-0.491243 2.31713 0)
(-0.435796 2.1967 0)
(-0.188067 2.09711 0)
(0.0681987 1.88188 0)
(0.419295 1.70635 0)
(0.72884 1.5026 0)
(1.06951 1.30453 0)
(1.33829 1.0859 0)
(1.5975 0.833215 0)
(1.74264 0.548202 0)
(1.84525 0.18387 0)
(1.7639 -0.225266 0)
(1.60734 -0.777694 0)
(1.15594 -1.39428 0)
(0.613271 -2.26684 0)
(-0.326221 -3.21481 0)
(-1.06855 -4.26396 0)
(-1.83935 -4.54548 0)
(-0.865634 -2.31934 0)
(-0.400717 1.40781 0)
(-0.72453 1.97987 0)
(-0.513591 2.18877 0)
(-0.226606 1.92367 0)
(0.33763 1.73779 0)
(0.809567 1.48616 0)
(1.3722 1.29843 0)
(1.83509 1.10924 0)
(2.31384 0.940674 0)
(2.6882 0.769539 0)
(3.04394 0.583024 0)
(3.26206 0.383157 0)
(3.44004 0.132521 0)
(3.40545 -0.137039 0)
(3.31882 -0.507305 0)
(2.88379 -0.902203 0)
(2.40472 -1.52083 0)
(1.37655 -2.23681 0)
(0.467004 -3.35537 0)
(-0.703142 -4.00874 0)
(-0.701837 -2.96455 0)
(-0.257897 2.41836 0)
(-0.106079 2.05529 0)
(0.681955 1.8695 0)
(1.33232 1.33706 0)
(2.1542 1.08078 0)
(2.78836 0.839928 0)
(3.44999 0.686698 0)
(3.96979 0.556557 0)
(4.47514 0.451939 0)
(4.85986 0.355618 0)
(5.21439 0.257995 0)
(5.43126 0.15763 0)
(5.60913 0.0372919 0)
(5.58989 -0.0912036 0)
(5.53243 -0.266163 0)
(5.16144 -0.458822 0)
(4.76822 -0.791442 0)
(3.8342 -1.24504 0)
(2.8693 -2.2532 0)
(1.0937 -3.33053 0)
(-0.0466183 -3.7986 0)
(1.66665 1.66898 0)
(2.70047 0.974005 0)
(4.53964 0.748066 0)
(5.37912 0.424003 0)
(6.24906 0.286993 0)
(6.76293 0.178822 0)
(7.24676 0.122001 0)
(7.57401 0.0814332 0)
(7.87488 0.0546645 0)
(8.07887 0.0337408 0)
(8.26096 0.0150775 0)
(8.34902 -0.00238242 0)
(8.41936 -0.0235461 0)
(8.35901 -0.0442475 0)
(8.29548 -0.0793372 0)
(8.00637 -0.111978 0)
(7.74949 -0.200771 0)
(6.99504 -0.293031 0)
(6.26178 -0.624713 0)
(4.04555 -0.996951 0)
(2.00478 -1.81745 0)
)
;

boundaryField
{
    movingWall
    {
        type            fixedValue;
        value           uniform (10 0 0);
    }
    fixedWalls
    {
        type            noSlip;
    }
    frontAndBack
    {
        type            empty;
    }
}


// ************************************************************************* //
