/*--------------------------------*- C++ -*----------------------------------*\
| =========                 |                                                 |
| \\      /  F ield         | OpenFOAM: The Open Source CFD Toolbox           |
|  \\    /   O peration     | Version:  4.1                                   |
|   \\  /    A nd           | Web:      www.OpenFOAM.org                      |
|    \\/     M anipulation  |                                                 |
\*---------------------------------------------------------------------------*/
FoamFile
{
    version     2.0;
    format      ascii;
    class       volVectorField;
    location    "0.0881";
    object      U;
}
// * * * * * * * * * * * * * * * * * * * * * * * * * * * * * * * * * * * * * //

dimensions      [0 1 -1 0 0 0 0];

internalField   nonuniform List<vector> 
441
(
(0.00374233 -0.00483471 0)
(0.00978863 -0.00253977 0)
(-0.000634942 -2.21048e-165 0)
(0.00197015 -3.34147e-266 0)
(-0.00837139 -0.00788096 0)
(-0.00197015 -3.06582e-232 0)
(-1.14378e-202 -5.63061e-203 0)
(-1.40758e-203 -7.39017e-228 0)
(-1.72779e-212 -3.22572e-213 0)
(-0.00616977 9.15068e-266 0)
(-0.0756379 0.0246801 0)
(-0.0949954 0.0129 0)
(-0.106948 0.00589587 0)
(-0.0940093 0.000382518 0)
(-0.0772446 -0.00167443 0)
(-0.0513154 -0.00304076 0)
(-0.029008 -0.00216929 0)
(-0.00918294 -0.00159845 0)
(0.00280051 0.000755066 0)
(0.00452471 0.00152355 0)
(0.00457561 0.00300697 0)
(0.00385765 -0.00851126 0)
(-0.000889385 0.00684393 0)
(-0.0274887 0.00852368 0)
(-0.059553 0.0107445 0)
(-0.107455 0.010934 0)
(-0.152808 -0.00323004 0)
(-0.195571 -0.000148268 0)
(-0.236757 0.00167623 0)
(-0.273327 0.0133084 0)
(-0.310132 0.0673471 0)
(-0.335086 0.061943 0)
(-0.329196 0.0188393 0)
(-0.313946 -0.00749676 0)
(-0.27112 -0.0308785 0)
(-0.220811 -0.0412141 0)
(-0.15752 -0.0465249 0)
(-0.100357 -0.0397915 0)
(-0.0495938 -0.0314946 0)
(-0.0154254 -0.0139396 0)
(-0.0010801 -0.00402161 0)
(0.0049585 0.0063199 0)
(0.00764558 -0.00830833 0)
(-0.0051885 0.0284191 0)
(-0.0545263 0.0572684 0)
(-0.121622 0.0773885 0)
(-0.203778 0.0841882 0)
(-0.288869 0.083934 0)
(-0.380431 0.0810206 0)
(-0.455096 0.0752304 0)
(-0.528345 0.0705603 0)
(-0.564263 0.066388 0)
(-0.560182 0.0446844 0)
(-0.541723 -0.00697098 0)
(-0.504143 -0.0514889 0)
(-0.438041 -0.0925454 0)
(-0.359233 -0.114295 0)
(-0.264038 -0.123782 0)
(-0.175799 -0.108899 0)
(-0.0951747 -0.0870545 0)
(-0.0385063 -0.0466483 0)
(-0.00813802 -0.0193105 0)
(0.00638926 0.00727162 0)
(0.00638407 -0.0113058 0)
(-0.0164198 0.0707976 0)
(-0.0979095 0.12491 0)
(-0.194243 0.162463 0)
(-0.30788 0.178548 0)
(-0.422409 0.17622 0)
(-0.535346 0.167836 0)
(-0.633235 0.150521 0)
(-0.713734 0.124989 0)
(-0.761161 0.0964386 0)
(-0.770545 0.0391258 0)
(-0.746428 -0.0383534 0)
(-0.69576 -0.111357 0)
(-0.608693 -0.177 0)
(-0.50418 -0.21507 0)
(-0.377601 -0.231528 0)
(-0.258117 -0.208098 0)
(-0.145578 -0.170493 0)
(-0.0644957 -0.100087 0)
(-0.0158719 -0.0503148 0)
(0.00801823 0.0049591 0)
(6.96449e-165 0.00159602 0)
(-0.0249446 0.132251 0)
(-0.142477 0.234287 0)
(-0.263038 0.285868 0)
(-0.406505 0.311207 0)
(-0.546109 0.309495 0)
(-0.685094 0.290473 0)
(-0.80295 0.252472 0)
(-0.900715 0.197716 0)
(-0.958476 0.123925 0)
(-0.975731 0.0303618 0)
(-0.95281 -0.0814898 0)
(-0.894251 -0.188456 0)
(-0.791002 -0.284497 0)
(-0.663029 -0.344301 0)
(-0.503518 -0.370776 0)
(-0.350369 -0.339421 0)
(-0.199043 -0.281837 0)
(-0.0908525 -0.174618 0)
(-0.0184756 -0.0927235 0)
(0.0146303 0.000204657 0)
(-5.64447e-266 0.0058468 0)
(-0.0906497 0.218115 0)
(-0.19917 0.360936 0)
(-0.343981 0.428366 0)
(-0.501089 0.461457 0)
(-0.662106 0.455895 0)
(-0.817629 0.425311 0)
(-0.954881 0.366402 0)
(-1.06799 0.281426 0)
(-1.14319 0.170655 0)
(-1.17783 0.033764 0)
(-1.16329 -0.120887 0)
(-1.10566 -0.272926 0)
(-0.991289 -0.409904 0)
(-0.843014 -0.502125 0)
(-0.649463 -0.546749 0)
(-0.458657 -0.511525 0)
(-0.261955 -0.433234 0)
(-0.121148 -0.278636 0)
(-0.0209527 -0.159065 0)
(0.0161366 0.00247423 0)
(-0.0233872 0.0955031 0)
(-0.126408 0.327778 0)
(-0.251319 0.487976 0)
(-0.410581 0.585889 0)
(-0.586895 0.628453 0)
(-0.766521 0.624498 0)
(-0.942473 0.582368 0)
(-1.09983 0.501849 0)
(-1.23402 0.385754 0)
(-1.32985 0.233499 0)
(-1.38463 0.0509523 0)
(-1.38508 -0.15398 0)
(-1.33528 -0.359456 0)
(-1.21639 -0.548142 0)
(-1.0525 -0.684674 0)
(-0.824075 -0.757105 0)
(-0.593118 -0.724647 0)
(-0.337757 -0.621889 0)
(-0.161614 -0.41232 0)
(-0.00780721 -0.231897 0)
(5.98034e-266 -0.00403415 0)
(-0.0172681 0.158127 0)
(-0.121039 0.447218 0)
(-0.274443 0.645636 0)
(-0.454331 0.764709 0)
(-0.650571 0.817582 0)
(-0.849318 0.811736 0)
(-1.04372 0.758902 0)
(-1.22209 0.657793 0)
(-1.37842 0.511861 0)
(-1.49943 0.320692 0)
(-1.58037 0.0894275 0)
(-1.60378 -0.17134 0)
(-1.57147 -0.441092 0)
(-1.45775 -0.694983 0)
(-1.28617 -0.89377 0)
(-1.02756 -1.01042 0)
(-0.75425 -0.99622 0)
(-0.435198 -0.871232 0)
(-0.209603 -0.603923 0)
(-0.00373702 -0.33032 0)
(2.61798e-24 -1.06194e-24 0)
(-0.0153313 0.230097 0)
(-0.124476 0.583041 0)
(-0.294443 0.819578 0)
(-0.48899 0.960083 0)
(-0.701305 1.02204 0)
(-0.915067 1.01595 0)
(-1.12587 0.954159 0)
(-1.32305 0.835328 0)
(-1.50132 0.662801 0)
(-1.64838 0.43478 0)
(-1.75816 0.155889 0)
(-1.81109 -0.163447 0)
(-1.80547 -0.50403 0)
(-1.70913 -0.834813 0)
(-1.54241 -1.11267 0)
(-1.26368 -1.29238 0)
(-0.953018 -1.31335 0)
(-0.565273 -1.17206 0)
(-0.280666 -0.83591 0)
(-0.00502237 -0.449602 0)
(1.06447e-76 -6.54494e-25 0)
(-0.0132742 0.298488 0)
(-0.121566 0.728047 0)
(-0.300404 1.01083 0)
(-0.503014 1.17211 0)
(-0.724531 1.24402 0)
(-0.94728 1.2362 0)
(-1.16782 1.16707 0)
(-1.37845 1.03277 0)
(-1.57376 0.837358 0)
(-1.74452 0.576801 0)
(-1.88318 0.252481 0)
(-1.97005 -0.125227 0)
(-1.99984 -0.542356 0)
(-1.93473 -0.960728 0)
(-1.78928 -1.33835 0)
(-1.50777 -1.60594 0)
(-1.17081 -1.69311 0)
(-0.71701 -1.55419 0)
(-0.364963 -1.15846 0)
(-0.00724001 -0.626621 0)
(2.9581e-164 -2.66117e-77 0)
(-0.0132023 0.36143 0)
(-0.121807 0.868388 0)
(-0.305017 1.19865 0)
(-0.509679 1.38188 0)
(-0.73214 1.46453 0)
(-0.954868 1.45715 0)
(-1.17484 1.38417 0)
(-1.38865 1.23974 0)
(-1.59056 1.02844 0)
(-1.77671 0.743344 0)
(-1.93798 0.38204 0)
(-2.05854 -0.0471824 0)
(-2.12878 -0.537276 0)
(-2.10923 -1.04632 0)
(-2.00535 -1.53618 0)
(-1.74779 -1.91476 0)
(-1.40915 -2.09911 0)
(-0.908365 -1.98644 0)
(-0.489859 -1.53381 0)
(-0.0814119 -0.828074 0)
(1.79095e-265 0.0133444 0)
(-0.0136184 0.434379 0)
(-0.117701 1.02204 0)
(-0.297369 1.40017 0)
(-0.4945 1.5999 0)
(-0.706358 1.69033 0)
(-0.916726 1.67884 0)
(-1.12211 1.60149 0)
(-1.32468 1.44804 0)
(-1.51795 1.2256 0)
(-1.70533 0.923527 0)
(-1.87693 0.534445 0)
(-2.02382 0.0646135 0)
(-2.13378 -0.491007 0)
(-2.16936 -1.08635 0)
(-2.12661 -1.69851 0)
(-1.92354 -2.20876 0)
(-1.61321 -2.53126 0)
(-1.08547 -2.48806 0)
(-0.587727 -1.97948 0)
(-0.0761973 -1.13648 0)
(0.0533775 -0.0771524 0)
(-0.0167626 0.488357 0)
(-0.120115 1.14918 0)
(-0.29751 1.57253 0)
(-0.482431 1.78755 0)
(-0.672385 1.88495 0)
(-0.856657 1.87034 0)
(-1.0288 1.7912 0)
(-1.20111 1.63408 0)
(-1.36379 1.40889 0)
(-1.53218 1.10188 0)
(-1.69342 0.701353 0)
(-1.85237 0.210197 0)
(-1.99184 -0.388978 0)
(-2.0871 -1.0526 0)
(-2.12071 -1.77645 0)
(-2.00618 -2.42985 0)
(-1.77238 -2.93039 0)
(-1.24382 -3.02092 0)
(-0.716098 -2.53666 0)
(0.0433018 -1.47646 0)
(2.46609e-231 -0.0133444 0)
(-0.0211683 0.574237 0)
(-0.120902 1.30584 0)
(-0.288722 1.76639 0)
(-0.451008 1.97591 0)
(-0.605145 2.06778 0)
(-0.747556 2.03569 0)
(-0.868271 1.94802 0)
(-0.99038 1.78324 0)
(-1.10039 1.55757 0)
(-1.22604 1.2533 0)
(-1.35243 0.854717 0)
(-1.49968 0.363193 0)
(-1.64971 -0.256205 0)
(-1.79517 -0.95779 0)
(-1.91304 -1.77825 0)
(-1.92303 -2.56117 0)
(-1.82485 -3.29189 0)
(-1.40234 -3.56257 0)
(-0.892633 -3.25999 0)
(-0.00297626 -1.89053 0)
(5.82421e-202 4.58531e-184 0)
(-0.037023 0.623545 0)
(-0.150819 1.41069 0)
(-0.319283 1.89896 0)
(-0.457598 2.0986 0)
(-0.558755 2.18009 0)
(-0.64147 2.13023 0)
(-0.684465 2.03398 0)
(-0.73263 1.86519 0)
(-0.761752 1.64528 0)
(-0.819095 1.35488 0)
(-0.880628 0.976559 0)
(-0.991098 0.510231 0)
(-1.121 -0.0900605 0)
(-1.30318 -0.785052 0)
(-1.48893 -1.64036 0)
(-1.65766 -2.51454 0)
(-1.73024 -3.43436 0)
(-1.52584 -3.96162 0)
(-1.10749 -3.91234 0)
(-0.0114572 -2.39951 0)
(1.83412e-183 -1.40292e-184 0)
(-0.055624 0.770299 0)
(-0.184509 1.59243 0)
(-0.343266 2.08277 0)
(-0.444216 2.21687 0)
(-0.476089 2.25898 0)
(-0.481644 2.16227 0)
(-0.429585 2.04363 0)
(-0.384715 1.86151 0)
(-0.313448 1.64606 0)
(-0.279155 1.37377 0)
(-0.250676 1.02689 0)
(-0.291524 0.606133 0)
(-0.36782 0.054384 0)
(-0.542655 -0.586277 0)
(-0.768742 -1.42678 0)
(-1.07195 -2.3162 0)
(-1.3687 -3.42828 0)
(-1.49216 -4.1919 0)
(-1.39531 -4.79112 0)
(-0.466027 -3.04528 0)
(4.40091e-254 -4.58531e-184 0)
(-0.121469 0.849984 0)
(-0.318188 1.68528 0)
(-0.468639 2.15376 0)
(-0.520644 2.22184 0)
(-0.434275 2.21695 0)
(-0.328664 2.07889 0)
(-0.138165 1.93816 0)
(0.0291428 1.74819 0)
(0.230955 1.54147 0)
(0.378147 1.29473 0)
(0.520894 0.991349 0)
(0.566829 0.633519 0)
(0.575535 0.164895 0)
(0.423191 -0.374672 0)
(0.21229 -1.10305 0)
(-0.248047 -1.90354 0)
(-0.703012 -2.98804 0)
(-1.44895 -3.93382 0)
(-1.64309 -4.84758 0)
(-2.07349 -3.8711 0)
(-2.59277e-264 -0.216041 0)
(-0.177987 1.2317 0)
(-0.416045 1.944 0)
(-0.501473 2.3077 0)
(-0.453277 2.18271 0)
(-0.213203 2.08083 0)
(0.0361609 1.86569 0)
(0.381444 1.6924 0)
(0.686879 1.49249 0)
(1.02521 1.29926 0)
(1.29355 1.08576 0)
(1.55398 0.837843 0)
(1.70176 0.556619 0)
(1.80791 0.194744 0)
(1.73071 -0.213524 0)
(1.57835 -0.766493 0)
(1.13135 -1.38467 0)
(0.592994 -2.25908 0)
(-0.34105 -3.20792 0)
(-1.07747 -4.25716 0)
(-1.84103 -4.5378 0)
(-0.864164 -2.31719 0)
(-0.400587 1.40986 0)
(-0.725765 1.98012 0)
(-0.518653 2.18524 0)
(-0.236921 1.91654 0)
(0.321062 1.72839 0)
(0.786886 1.47614 0)
(1.344 1.28936 0)
(1.80269 1.10235 0)
(2.2788 0.936807 0)
(2.65232 0.769 0)
(3.00893 0.585676 0)
(3.22945 0.388391 0)
(3.41088 0.139446 0)
(3.38043 -0.129523 0)
(3.29798 -0.500243 0)
(2.867 -0.896435 0)
(2.39128 -1.51678 0)
(1.36646 -2.23408 0)
(0.460095 -3.35332 0)
(-0.706034 -4.0063 0)
(-0.70136 -2.96415 0)
(-0.257446 2.42002 0)
(-0.104817 2.05672 0)
(0.682303 1.8692 0)
(1.33 1.33472 0)
(2.14774 1.07698 0)
(2.77722 0.835504 0)
(3.43417 0.682527 0)
(3.95012 0.553322 0)
(4.45278 0.450111 0)
(4.83635 0.355384 0)
(5.19127 0.259286 0)
(5.40998 0.160137 0)
(5.5907 0.0405357 0)
(5.57498 -0.0877812 0)
(5.52108 -0.263123 0)
(5.15337 -0.456551 0)
(4.76261 -0.790223 0)
(3.83043 -1.2446 0)
(2.86678 -2.25335 0)
(1.09252 -3.33029 0)
(-0.0463381 -3.79883 0)
(1.66705 1.66937 0)
(2.70206 0.974401 0)
(4.54179 0.748225 0)
(5.38063 0.423821 0)
(6.24881 0.286553 0)
(6.76032 0.178272 0)
(7.24165 0.121503 0)
(7.5668 0.0811009 0)
(7.86624 0.0545707 0)
(8.06972 0.0338939 0)
(8.2522 0.015444 0)
(8.34148 -0.0018833 0)
(8.41354 -0.0230107 0)
(8.3552 -0.0437829 0)
(8.2935 -0.0790274 0)
(8.00591 -0.111873 0)
(7.74986 -0.200883 0)
(6.99575 -0.293291 0)
(6.2623 -0.62507 0)
(4.0458 -0.997257 0)
(2.00515 -1.81783 0)
)
;

boundaryField
{
    movingWall
    {
        type            fixedValue;
        value           uniform (10 0 0);
    }
    fixedWalls
    {
        type            noSlip;
    }
    frontAndBack
    {
        type            empty;
    }
}


// ************************************************************************* //
