/*--------------------------------*- C++ -*----------------------------------*\
| =========                 |                                                 |
| \\      /  F ield         | OpenFOAM: The Open Source CFD Toolbox           |
|  \\    /   O peration     | Version:  4.1                                   |
|   \\  /    A nd           | Web:      www.OpenFOAM.org                      |
|    \\/     M anipulation  |                                                 |
\*---------------------------------------------------------------------------*/
FoamFile
{
    version     2.0;
    format      ascii;
    class       volVectorField;
    location    "0.0424";
    object      U;
}
// * * * * * * * * * * * * * * * * * * * * * * * * * * * * * * * * * * * * * //

dimensions      [0 1 -1 0 0 0 0];

internalField   nonuniform List<vector> 
441
(
(0.00331891 -0.00456477 0)
(0.00839525 -0.00260505 0)
(-0.00065129 -2.19028e-165 0)
(0.00166952 -2.69765e-266 0)
(-0.00898548 -0.00667866 0)
(-0.00166952 -2.66869e-232 0)
(-1.08205e-202 -4.39193e-203 0)
(-1.09781e-203 -5.56976e-228 0)
(-1.44924e-212 -2.3455e-213 0)
(-0.00512194 7.72971e-266 0)
(-0.0614239 0.02049 0)
(-0.0778336 0.0109697 0)
(-0.0888652 0.00526974 0)
(-0.0802127 0.000819108 0)
(-0.0688211 -0.000887693 0)
(-0.0493557 -0.00220109 0)
(-0.0319474 -0.0017516 0)
(-0.0148695 -0.00164951 0)
(-0.00292275 0.000110625 0)
(0.00134435 0.000725019 0)
(0.00376153 0.00236803 0)
(0.00314361 -0.00694831 0)
(-0.00249963 0.00655122 0)
(-0.0272407 0.00767538 0)
(-0.0556614 0.010656 0)
(-0.0967387 0.0092647 0)
(-0.13349 -0.00434434 0)
(-0.166864 -0.000458038 0)
(-0.197722 0.00123148 0)
(-0.224334 0.0106787 0)
(-0.251236 0.0544417 0)
(-0.269724 0.0504645 0)
(-0.264889 0.016768 0)
(-0.25493 -0.00331574 0)
(-0.224018 -0.0215154 0)
(-0.187989 -0.0300132 0)
(-0.140382 -0.0357877 0)
(-0.0960112 -0.0325064 0)
(-0.053648 -0.0285378 0)
(-0.0222776 -0.015866 0)
(-0.00550712 -0.00815131 0)
(0.00384141 0.00294864 0)
(0.0064143 -0.00576442 0)
(-0.00589704 0.0273935 0)
(-0.0503433 0.0517885 0)
(-0.107956 0.067358 0)
(-0.175924 0.0701284 0)
(-0.244905 0.0665253 0)
(-0.316545 0.0619427 0)
(-0.371637 0.0555525 0)
(-0.425189 0.0514349 0)
(-0.448852 0.0493111 0)
(-0.442696 0.0349852 0)
(-0.427656 -0.00277379 0)
(-0.400538 -0.0349719 0)
(-0.352447 -0.0659742 0)
(-0.295516 -0.0836309 0)
(-0.224174 -0.094443 0)
(-0.15648 -0.0873842 0)
(-0.0909155 -0.0758482 0)
(-0.041685 -0.046978 0)
(-0.0115925 -0.0257861 0)
(0.00513017 0.00117115 0)
(0.00589129 -0.00767736 0)
(-0.0134059 0.0648949 0)
(-0.0835719 0.109816 0)
(-0.163841 0.138318 0)
(-0.256215 0.146539 0)
(-0.346734 0.138727 0)
(-0.433313 0.12763 0)
(-0.505506 0.110594 0)
(-0.563293 0.0898059 0)
(-0.595301 0.069559 0)
(-0.599405 0.0290271 0)
(-0.579622 -0.0264095 0)
(-0.542477 -0.0786304 0)
(-0.478574 -0.127578 0)
(-0.402649 -0.158073 0)
(-0.307963 -0.176178 0)
(-0.217235 -0.165209 0)
(-0.127673 -0.144875 0)
(-0.0602678 -0.0943861 0)
(-0.0163118 -0.0562953 0)
(0.00699948 -0.00315529 0)
(6.15773e-165 0.00147282 0)
(-0.0195115 0.116445 0)
(-0.117741 0.201493 0)
(-0.215554 0.23875 0)
(-0.330052 0.252094 0)
(-0.438567 0.242057 0)
(-0.54407 0.219676 0)
(-0.630437 0.184661 0)
(-0.700604 0.140705 0)
(-0.739757 0.0860502 0)
(-0.749516 0.0197232 0)
(-0.730501 -0.0594691 0)
(-0.687373 -0.135281 0)
(-0.611291 -0.206081 0)
(-0.518063 -0.253175 0)
(-0.398721 -0.280596 0)
(-0.283399 -0.266236 0)
(-0.164635 -0.233797 0)
(-0.0776801 -0.156712 0)
(-0.0157348 -0.0938333 0)
(0.0134801 -0.00730262 0)
(-5.04162e-266 0.00502368 0)
(-0.0758419 0.186928 0)
(-0.16214 0.304143 0)
(-0.277652 0.35233 0)
(-0.400423 0.369506 0)
(-0.524161 0.353773 0)
(-0.641064 0.320082 0)
(-0.741828 0.26738 0)
(-0.823346 0.199867 0)
(-0.87596 0.117753 0)
(-0.899332 0.0200215 0)
(-0.886909 -0.0894895 0)
(-0.844638 -0.197593 0)
(-0.759926 -0.298319 0)
(-0.651204 -0.370147 0)
(-0.505662 -0.413022 0)
(-0.361935 -0.398248 0)
(-0.208488 -0.353471 0)
(-0.097351 -0.241457 0)
(-0.013435 -0.150518 0)
(0.0159739 -0.00431602 0)
(-0.0200947 0.0804104 0)
(-0.104557 0.275289 0)
(-0.203378 0.403741 0)
(-0.329185 0.475424 0)
(-0.466584 0.49799 0)
(-0.604461 0.481483 0)
(-0.737331 0.436748 0)
(-0.854071 0.3662 0)
(-0.952605 0.274721 0)
(-1.02205 0.161843 0)
(-1.06191 0.0311591 0)
(-1.06171 -0.114423 0)
(-1.02573 -0.261297 0)
(-0.936948 -0.40027 0)
(-0.815313 -0.505965 0)
(-0.641108 -0.571388 0)
(-0.465686 -0.561169 0)
(-0.265389 -0.500475 0)
(-0.12844 -0.348713 0)
(-0.00104733 -0.208838 0)
(5.65335e-266 -0.00399349 0)
(-0.0145258 0.131975 0)
(-0.0985781 0.3713 0)
(-0.22162 0.529422 0)
(-0.364909 0.61636 0)
(-0.519424 0.645166 0)
(-0.673904 0.624926 0)
(-0.823065 0.570114 0)
(-0.958573 0.482637 0)
(-1.07692 0.368288 0)
(-1.16876 0.226571 0)
(-1.23148 0.0600569 0)
(-1.25097 -0.126668 0)
(-1.22922 -0.321901 0)
(-1.14336 -0.510719 0)
(-1.01311 -0.665259 0)
(-0.811274 -0.76627 0)
(-0.598719 -0.772273 0)
(-0.345561 -0.696411 0)
(-0.168177 -0.501392 0)
(-0.00225301 -0.287926 0)
(2.21517e-24 -1.32232e-24 0)
(-0.0127414 0.190359 0)
(-0.102193 0.480669 0)
(-0.241446 0.668725 0)
(-0.399554 0.771615 0)
(-0.570626 0.805949 0)
(-0.740979 0.783788 0)
(-0.907538 0.720757 0)
(-1.06279 0.619124 0)
(-1.20361 0.484793 0)
(-1.32125 0.315876 0)
(-1.41137 0.113937 0)
(-1.45759 -0.117165 0)
(-1.45821 -0.367583 0)
(-1.38433 -0.617477 0)
(-1.25318 -0.835918 0)
(-1.02728 -0.988386 0)
(-0.776343 -1.0233 0)
(-0.459271 -0.935461 0)
(-0.229671 -0.685034 0)
(-0.00411986 -0.383763 0)
(9.12817e-77 -5.53792e-25 0)
(-0.0112535 0.247632 0)
(-0.102632 0.601674 0)
(-0.254112 0.827682 0)
(-0.424275 0.946251 0)
(-0.609087 0.987228 0)
(-0.793439 0.961981 0)
(-0.975133 0.892351 0)
(-1.14918 0.77844 0)
(-1.31187 0.626994 0)
(-1.45678 0.433693 0)
(-1.57734 0.196643 0)
(-1.65628 -0.0809979 0)
(-1.68768 -0.394689 0)
(-1.6369 -0.718214 0)
(-1.51602 -1.0216 0)
(-1.27574 -1.24842 0)
(-0.988747 -1.33873 0)
(-0.602083 -1.25221 0)
(-0.30621 -0.951357 0)
(-0.00557512 -0.531312 0)
(2.55492e-164 -2.28204e-77 0)
(-0.0118711 0.301107 0)
(-0.108676 0.721861 0)
(-0.271956 0.988304 0)
(-0.452479 1.12453 0)
(-0.647458 1.17365 0)
(-0.841648 1.14803 0)
(-1.0332 1.07559 0)
(-1.2209 0.954544 0)
(-1.40004 0.79206 0)
(-1.56853 0.580545 0)
(-1.71711 0.313921 0)
(-1.83104 -0.00729244 0)
(-1.89901 -0.385256 0)
(-1.8839 -0.790054 0)
(-1.78913 -1.19405 0)
(-1.55324 -1.51898 0)
(-1.24477 -1.69223 0)
(-0.795043 -1.62503 0)
(-0.426032 -1.27076 0)
(-0.0693187 -0.701429 0)
(1.62818e-265 0.0121214 0)
(-0.0133065 0.369211 0)
(-0.113268 0.863941 0)
(-0.284245 1.17311 0)
(-0.469714 1.32256 0)
(-0.667797 1.37768 0)
(-0.86409 1.34778 0)
(-1.05621 1.27231 0)
(-1.2478 1.14485 0)
(-1.43263 0.974729 0)
(-1.61457 0.749945 0)
(-1.78237 0.458975 0)
(-1.9265 0.0996697 0)
(-2.03194 -0.341724 0)
(-2.06208 -0.830515 0)
(-2.01115 -1.35173 0)
(-1.80526 -1.79912 0)
(-1.49782 -2.09619 0)
(-0.995473 -2.08406 0)
(-0.532428 -1.67175 0)
(-0.06948 -0.975495 0)
(0.0484856 -0.065398 0)
(-0.0176539 0.423389 0)
(-0.126279 0.989889 0)
(-0.308998 1.3419 0)
(-0.497913 1.50482 0)
(-0.691289 1.56624 0)
(-0.879417 1.53387 0)
(-1.05678 1.45829 0)
(-1.23617 1.32932 0)
(-1.40723 1.15839 0)
(-1.58436 0.929518 0)
(-1.75237 0.62621 0)
(-1.91402 0.242336 0)
(-2.04847 -0.247642 0)
(-2.13028 -0.810483 0)
(-2.13968 -1.44636 0)
(-1.99769 -2.03433 0)
(-1.73503 -2.49614 0)
(-1.19926 -2.59861 0)
(-0.677373 -2.19014 0)
(0.0358094 -1.28859 0)
(2.24779e-231 -0.0121214 0)
(-0.0233764 0.516033 0)
(-0.138524 1.15836 0)
(-0.326911 1.54857 0)
(-0.510345 1.70593 0)
(-0.68663 1.76225 0)
(-0.852074 1.71351 0)
(-0.997177 1.63084 0)
(-1.14432 1.49513 0)
(-1.27868 1.32335 0)
(-1.42585 1.09467 0)
(-1.56816 0.788036 0)
(-1.72279 0.395223 0)
(-1.86813 -0.126263 0)
(-1.99469 -0.740351 0)
(-2.0771 -1.48439 0)
(-2.03894 -2.20854 0)
(-1.88399 -2.89469 0)
(-1.41517 -3.15942 0)
(-0.877135 -2.90186 0)
(-0.00381228 -1.68778 0)
(5.56035e-202 4.45973e-184 0)
(-0.0403424 0.578143 0)
(-0.178499 1.28733 0)
(-0.381492 1.70974 0)
(-0.557002 1.85894 0)
(-0.697922 1.90621 0)
(-0.821244 1.84083 0)
(-0.9055 1.75006 0)
(-0.993417 1.60933 0)
(-1.05885 1.44006 0)
(-1.14599 1.21928 0)
(-1.22833 0.923939 0)
(-1.34767 0.544246 0)
(-1.47237 0.0268024 0)
(-1.63276 -0.598099 0)
(-1.77837 -1.39497 0)
(-1.88851 -2.22486 0)
(-1.88719 -3.1051 0)
(-1.60683 -3.61468 0)
(-1.12522 -3.57949 0)
(-0.0103402 -2.19459 0)
(1.78389e-183 7.14697e-185 0)
(-0.0595654 0.742674 0)
(-0.21842 1.5038 0)
(-0.421341 1.93633 0)
(-0.571278 2.02364 0)
(-0.656082 2.03347 0)
(-0.715075 1.92165 0)
(-0.715886 1.80707 0)
(-0.719818 1.64904 0)
(-0.690922 1.47742 0)
(-0.688973 1.2651 0)
(-0.680882 0.989156 0)
(-0.727968 0.641028 0)
(-0.796117 0.156555 0)
(-0.947123 -0.431449 0)
(-1.13367 -1.23224 0)
(-1.37839 -2.09661 0)
(-1.59953 -3.18208 0)
(-1.63127 -3.929 0)
(-1.44956 -4.51702 0)
(-0.456148 -2.85925 0)
(4.33368e-254 -4.45973e-184 0)
(-0.125016 0.841873 0)
(-0.351112 1.63589 0)
(-0.547703 2.05716 0)
(-0.652594 2.08384 0)
(-0.624637 2.04906 0)
(-0.577815 1.8956 0)
(-0.444932 1.75563 0)
(-0.329431 1.58324 0)
(-0.171124 1.41055 0)
(-0.0550767 1.21136 0)
(0.0703541 0.96472 0)
(0.11469 0.664969 0)
(0.135856 0.249165 0)
(0.0102893 -0.251507 0)
(-0.163417 -0.955887 0)
(-0.571013 -1.74789 0)
(-0.962698 -2.82643 0)
(-1.61839 -3.76404 0)
(-1.72838 -4.66764 0)
(-2.05321 -3.72019 0)
(-2.51701e-264 -0.211864 0)
(-0.179634 1.23992 0)
(-0.438283 1.93072 0)
(-0.561449 2.25995 0)
(-0.559748 2.10085 0)
(-0.373692 1.97253 0)
(-0.179967 1.74173 0)
(0.109884 1.56536 0)
(0.365288 1.37544 0)
(0.661673 1.20514 0)
(0.900551 1.02528 0)
(1.14576 0.818553 0)
(1.29439 0.580145 0)
(1.41583 0.257247 0)
(1.36705 -0.122884 0)
(1.25115 -0.661551 0)
(0.848655 -1.28053 0)
(0.35884 -2.16451 0)
(-0.511761 -3.11929 0)
(-1.17846 -4.16975 0)
(-1.85834 -4.44469 0)
(-0.847457 -2.28933 0)
(-0.399325 1.42524 0)
(-0.729737 1.98896 0)
(-0.542611 2.17274 0)
(-0.29155 1.87939 0)
(0.225652 1.67049 0)
(0.646052 1.40448 0)
(1.15514 1.21262 0)
(1.56855 1.02966 0)
(2.00524 0.877219 0)
(2.34998 0.730087 0)
(2.69082 0.572885 0)
(2.91107 0.403189 0)
(3.10661 0.17955 0)
(3.10357 -0.0712691 0)
(3.05605 -0.43362 0)
(2.66522 -0.832841 0)
(2.22718 -1.46519 0)
(1.24278 -2.19538 0)
(0.376257 -3.32326 0)
(-0.740958 -3.9746 0)
(-0.696533 -2.9577 0)
(-0.254457 2.4308 0)
(-0.0942228 2.06867 0)
(0.691621 1.87249 0)
(1.327 1.32521 0)
(2.1211 1.05583 0)
(2.71946 0.806124 0)
(3.3403 0.649604 0)
(3.82012 0.521656 0)
(4.29006 0.424391 0)
(4.64897 0.339396 0)
(4.98988 0.255592 0)
(5.20777 0.169283 0)
(5.40029 0.0609952 0)
(5.4079 -0.0597499 0)
(5.38392 -0.232938 0)
(5.04918 -0.429657 0)
(4.6873 -0.772107 0)
(3.77924 -1.23517 0)
(2.83328 -2.25188 0)
(1.07724 -3.32621 0)
(-0.0436071 -3.80087 0)
(1.66931 1.6716 0)
(2.71235 0.977131 0)
(4.5581 0.749944 0)
(5.39608 0.423522 0)
(6.25586 0.284328 0)
(6.75319 0.174751 0)
(7.21666 0.117581 0)
(7.52352 0.0776181 0)
(7.80664 0.0523176 0)
(7.99872 0.033373 0)
(8.1761 0.0169179 0)
(8.26801 0.00137814 0)
(8.34938 -0.0184605 0)
(8.3063 -0.0389052 0)
(8.26171 -0.0748173 0)
(7.9913 -0.10935 0)
(7.74719 -0.200699 0)
(6.99996 -0.295219 0)
(6.26684 -0.628705 0)
(4.04846 -1.00087 0)
(2.00931 -1.82245 0)
)
;

boundaryField
{
    movingWall
    {
        type            fixedValue;
        value           uniform (10 0 0);
    }
    fixedWalls
    {
        type            noSlip;
    }
    frontAndBack
    {
        type            empty;
    }
}


// ************************************************************************* //
