/*--------------------------------*- C++ -*----------------------------------*\
| =========                 |                                                 |
| \\      /  F ield         | OpenFOAM: The Open Source CFD Toolbox           |
|  \\    /   O peration     | Version:  v1912                                 |
|   \\  /    A nd           | Website:  www.openfoam.com                      |
|    \\/     M anipulation  |                                                 |
\*---------------------------------------------------------------------------*/
FoamFile
{
    version     2.0;
    format      ascii;
    class       labelList;
    note        "nPoints:6000  nCells:2880  nFaces:11640  nInternalFaces:5640";
    location    "constant/polyMesh";
    object      neighbour;
}
// * * * * * * * * * * * * * * * * * * * * * * * * * * * * * * * * * * * * * //


5640
(
1
12
2
13
3
14
4
15
5
16
6
17
7
18
8
19
9
20
10
21
11
22
23
72
13
24
14
25
15
26
16
27
17
28
18
29
19
30
20
31
21
32
22
33
23
34
35
84
25
36
26
37
27
38
28
39
29
40
30
41
31
42
32
43
33
44
34
45
35
46
47
96
37
48
38
49
39
50
40
51
41
52
42
53
43
54
44
55
45
56
46
57
47
58
59
108
49
60
50
61
51
62
52
63
53
64
54
65
55
66
56
67
57
68
58
69
59
70
71
120
61
576
62
577
63
578
64
579
65
580
66
581
67
582
68
583
69
584
70
585
71
586
132
587
73
84
74
85
75
86
76
87
77
88
78
89
79
90
80
91
81
92
82
93
83
94
95
85
96
86
97
87
98
88
99
89
100
90
101
91
102
92
103
93
104
94
105
95
106
107
97
108
98
109
99
110
100
111
101
112
102
113
103
114
104
115
105
116
106
117
107
118
119
109
120
110
121
111
122
112
123
113
124
114
125
115
126
116
127
117
128
118
129
119
130
131
121
132
122
133
123
134
124
135
125
136
126
137
127
138
128
139
129
140
130
141
131
142
143
133
672
134
673
135
674
136
675
137
676
138
677
139
678
140
679
141
680
142
681
143
682
683
145
156
146
157
147
158
148
159
149
160
150
161
151
162
152
163
153
164
154
165
155
166
167
216
157
168
158
169
159
170
160
171
161
172
162
173
163
174
164
175
165
176
166
177
167
178
179
228
169
180
170
181
171
182
172
183
173
184
174
185
175
186
176
187
177
188
178
189
179
190
191
240
181
192
182
193
183
194
184
195
185
196
186
197
187
198
188
199
189
200
190
201
191
202
203
252
193
204
194
205
195
206
196
207
197
208
198
209
199
210
200
211
201
212
202
213
203
214
215
264
205
768
206
769
207
770
208
771
209
772
210
773
211
774
212
775
213
776
214
777
215
778
276
779
217
228
218
229
219
230
220
231
221
232
222
233
223
234
224
235
225
236
226
237
227
238
239
229
240
230
241
231
242
232
243
233
244
234
245
235
246
236
247
237
248
238
249
239
250
251
241
252
242
253
243
254
244
255
245
256
246
257
247
258
248
259
249
260
250
261
251
262
263
253
264
254
265
255
266
256
267
257
268
258
269
259
270
260
271
261
272
262
273
263
274
275
265
276
266
277
267
278
268
279
269
280
270
281
271
282
272
283
273
284
274
285
275
286
287
277
864
278
865
279
866
280
867
281
868
282
869
283
870
284
871
285
872
286
873
287
874
875
289
300
290
301
291
302
292
303
293
304
294
305
295
306
296
307
297
308
298
309
299
310
311
360
301
312
302
313
303
314
304
315
305
316
306
317
307
318
308
319
309
320
310
321
311
322
323
372
313
324
314
325
315
326
316
327
317
328
318
329
319
330
320
331
321
332
322
333
323
334
335
384
325
336
326
337
327
338
328
339
329
340
330
341
331
342
332
343
333
344
334
345
335
346
347
396
337
348
338
349
339
350
340
351
341
352
342
353
343
354
344
355
345
356
346
357
347
358
359
408
349
960
350
961
351
962
352
963
353
964
354
965
355
966
356
967
357
968
358
969
359
970
420
971
361
372
362
373
363
374
364
375
365
376
366
377
367
378
368
379
369
380
370
381
371
382
383
373
384
374
385
375
386
376
387
377
388
378
389
379
390
380
391
381
392
382
393
383
394
395
385
396
386
397
387
398
388
399
389
400
390
401
391
402
392
403
393
404
394
405
395
406
407
397
408
398
409
399
410
400
411
401
412
402
413
403
414
404
415
405
416
406
417
407
418
419
409
420
410
421
411
422
412
423
413
424
414
425
415
426
416
427
417
428
418
429
419
430
431
421
1056
422
1057
423
1058
424
1059
425
1060
426
1061
427
1062
428
1063
429
1064
430
1065
431
1066
1067
433
444
434
445
435
446
436
447
437
448
438
449
439
450
440
451
441
452
442
453
443
454
455
504
445
456
446
457
447
458
448
459
449
460
450
461
451
462
452
463
453
464
454
465
455
466
467
516
457
468
458
469
459
470
460
471
461
472
462
473
463
474
464
475
465
476
466
477
467
478
479
528
469
480
470
481
471
482
472
483
473
484
474
485
475
486
476
487
477
488
478
489
479
490
491
540
481
492
482
493
483
494
484
495
485
496
486
497
487
498
488
499
489
500
490
501
491
502
503
552
493
1152
494
1153
495
1154
496
1155
497
1156
498
1157
499
1158
500
1159
501
1160
502
1161
503
1162
564
1163
505
516
506
517
507
518
508
519
509
520
510
521
511
522
512
523
513
524
514
525
515
526
527
517
528
518
529
519
530
520
531
521
532
522
533
523
534
524
535
525
536
526
537
527
538
539
529
540
530
541
531
542
532
543
533
544
534
545
535
546
536
547
537
548
538
549
539
550
551
541
552
542
553
543
554
544
555
545
556
546
557
547
558
548
559
549
560
550
561
551
562
563
553
564
554
565
555
566
556
567
557
568
558
569
559
570
560
571
561
572
562
573
563
574
575
565
1248
566
1249
567
1250
568
1251
569
1252
570
1253
571
1254
572
1255
573
1256
574
1257
575
1258
1259
577
588
1259
578
589
579
590
580
591
581
592
582
593
583
594
584
595
585
596
586
597
587
598
599
672
589
600
1271
590
601
591
602
592
603
593
604
594
605
595
606
596
607
597
608
598
609
599
610
611
684
601
612
1283
602
613
603
614
604
615
605
616
606
617
607
618
608
619
609
620
610
621
611
622
623
696
613
624
1295
614
625
615
626
616
627
617
628
618
629
619
630
620
631
621
632
622
633
623
634
635
708
625
636
1307
626
637
627
638
628
639
629
640
630
641
631
642
632
643
633
644
634
645
635
646
647
720
637
648
1319
638
649
639
650
640
651
641
652
642
653
643
654
644
655
645
656
646
657
647
658
659
732
649
660
1331
650
661
651
662
652
663
653
664
654
665
655
666
656
667
657
668
658
669
659
670
671
744
661
1343
1344
662
1345
663
1346
664
1347
665
1348
666
1349
667
1350
668
1351
669
1352
670
1353
671
1354
756
1355
673
684
674
685
675
686
676
687
677
688
678
689
679
690
680
691
681
692
682
693
683
694
695
768
685
696
686
697
687
698
688
699
689
700
690
701
691
702
692
703
693
704
694
705
695
706
707
780
697
708
698
709
699
710
700
711
701
712
702
713
703
714
704
715
705
716
706
717
707
718
719
792
709
720
710
721
711
722
712
723
713
724
714
725
715
726
716
727
717
728
718
729
719
730
731
804
721
732
722
733
723
734
724
735
725
736
726
737
727
738
728
739
729
740
730
741
731
742
743
816
733
744
734
745
735
746
736
747
737
748
738
749
739
750
740
751
741
752
742
753
743
754
755
828
745
756
746
757
747
758
748
759
749
760
750
761
751
762
752
763
753
764
754
765
755
766
767
840
757
1440
758
1441
759
1442
760
1443
761
1444
762
1445
763
1446
764
1447
765
1448
766
1449
767
1450
852
1451
769
780
770
781
771
782
772
783
773
784
774
785
775
786
776
787
777
788
778
789
779
790
791
864
781
792
782
793
783
794
784
795
785
796
786
797
787
798
788
799
789
800
790
801
791
802
803
876
793
804
794
805
795
806
796
807
797
808
798
809
799
810
800
811
801
812
802
813
803
814
815
888
805
816
806
817
807
818
808
819
809
820
810
821
811
822
812
823
813
824
814
825
815
826
827
900
817
828
818
829
819
830
820
831
821
832
822
833
823
834
824
835
825
836
826
837
827
838
839
912
829
840
830
841
831
842
832
843
833
844
834
845
835
846
836
847
837
848
838
849
839
850
851
924
841
852
842
853
843
854
844
855
845
856
846
857
847
858
848
859
849
860
850
861
851
862
863
936
853
1536
854
1537
855
1538
856
1539
857
1540
858
1541
859
1542
860
1543
861
1544
862
1545
863
1546
948
1547
865
876
866
877
867
878
868
879
869
880
870
881
871
882
872
883
873
884
874
885
875
886
887
960
877
888
878
889
879
890
880
891
881
892
882
893
883
894
884
895
885
896
886
897
887
898
899
972
889
900
890
901
891
902
892
903
893
904
894
905
895
906
896
907
897
908
898
909
899
910
911
984
901
912
902
913
903
914
904
915
905
916
906
917
907
918
908
919
909
920
910
921
911
922
923
996
913
924
914
925
915
926
916
927
917
928
918
929
919
930
920
931
921
932
922
933
923
934
935
1008
925
936
926
937
927
938
928
939
929
940
930
941
931
942
932
943
933
944
934
945
935
946
947
1020
937
948
938
949
939
950
940
951
941
952
942
953
943
954
944
955
945
956
946
957
947
958
959
1032
949
1632
950
1633
951
1634
952
1635
953
1636
954
1637
955
1638
956
1639
957
1640
958
1641
959
1642
1044
1643
961
972
962
973
963
974
964
975
965
976
966
977
967
978
968
979
969
980
970
981
971
982
983
1056
973
984
974
985
975
986
976
987
977
988
978
989
979
990
980
991
981
992
982
993
983
994
995
1068
985
996
986
997
987
998
988
999
989
1000
990
1001
991
1002
992
1003
993
1004
994
1005
995
1006
1007
1080
997
1008
998
1009
999
1010
1000
1011
1001
1012
1002
1013
1003
1014
1004
1015
1005
1016
1006
1017
1007
1018
1019
1092
1009
1020
1010
1021
1011
1022
1012
1023
1013
1024
1014
1025
1015
1026
1016
1027
1017
1028
1018
1029
1019
1030
1031
1104
1021
1032
1022
1033
1023
1034
1024
1035
1025
1036
1026
1037
1027
1038
1028
1039
1029
1040
1030
1041
1031
1042
1043
1116
1033
1044
1034
1045
1035
1046
1036
1047
1037
1048
1038
1049
1039
1050
1040
1051
1041
1052
1042
1053
1043
1054
1055
1128
1045
1728
1046
1729
1047
1730
1048
1731
1049
1732
1050
1733
1051
1734
1052
1735
1053
1736
1054
1737
1055
1738
1140
1739
1057
1068
1058
1069
1059
1070
1060
1071
1061
1072
1062
1073
1063
1074
1064
1075
1065
1076
1066
1077
1067
1078
1079
1152
1069
1080
1070
1081
1071
1082
1072
1083
1073
1084
1074
1085
1075
1086
1076
1087
1077
1088
1078
1089
1079
1090
1091
1164
1081
1092
1082
1093
1083
1094
1084
1095
1085
1096
1086
1097
1087
1098
1088
1099
1089
1100
1090
1101
1091
1102
1103
1176
1093
1104
1094
1105
1095
1106
1096
1107
1097
1108
1098
1109
1099
1110
1100
1111
1101
1112
1102
1113
1103
1114
1115
1188
1105
1116
1106
1117
1107
1118
1108
1119
1109
1120
1110
1121
1111
1122
1112
1123
1113
1124
1114
1125
1115
1126
1127
1200
1117
1128
1118
1129
1119
1130
1120
1131
1121
1132
1122
1133
1123
1134
1124
1135
1125
1136
1126
1137
1127
1138
1139
1212
1129
1140
1130
1141
1131
1142
1132
1143
1133
1144
1134
1145
1135
1146
1136
1147
1137
1148
1138
1149
1139
1150
1151
1224
1141
1824
1142
1825
1143
1826
1144
1827
1145
1828
1146
1829
1147
1830
1148
1831
1149
1832
1150
1833
1151
1834
1236
1835
1153
1164
1154
1165
1155
1166
1156
1167
1157
1168
1158
1169
1159
1170
1160
1171
1161
1172
1162
1173
1163
1174
1175
1248
1165
1176
1166
1177
1167
1178
1168
1179
1169
1180
1170
1181
1171
1182
1172
1183
1173
1184
1174
1185
1175
1186
1187
1260
1177
1188
1178
1189
1179
1190
1180
1191
1181
1192
1182
1193
1183
1194
1184
1195
1185
1196
1186
1197
1187
1198
1199
1272
1189
1200
1190
1201
1191
1202
1192
1203
1193
1204
1194
1205
1195
1206
1196
1207
1197
1208
1198
1209
1199
1210
1211
1284
1201
1212
1202
1213
1203
1214
1204
1215
1205
1216
1206
1217
1207
1218
1208
1219
1209
1220
1210
1221
1211
1222
1223
1296
1213
1224
1214
1225
1215
1226
1216
1227
1217
1228
1218
1229
1219
1230
1220
1231
1221
1232
1222
1233
1223
1234
1235
1308
1225
1236
1226
1237
1227
1238
1228
1239
1229
1240
1230
1241
1231
1242
1232
1243
1233
1244
1234
1245
1235
1246
1247
1320
1237
1920
1238
1921
1239
1922
1240
1923
1241
1924
1242
1925
1243
1926
1244
1927
1245
1928
1246
1929
1247
1930
1332
1931
1249
1260
1250
1261
1251
1262
1252
1263
1253
1264
1254
1265
1255
1266
1256
1267
1257
1268
1258
1269
1259
1270
1271
1261
1272
1262
1273
1263
1274
1264
1275
1265
1276
1266
1277
1267
1278
1268
1279
1269
1280
1270
1281
1271
1282
1283
1273
1284
1274
1285
1275
1286
1276
1287
1277
1288
1278
1289
1279
1290
1280
1291
1281
1292
1282
1293
1283
1294
1295
1285
1296
1286
1297
1287
1298
1288
1299
1289
1300
1290
1301
1291
1302
1292
1303
1293
1304
1294
1305
1295
1306
1307
1297
1308
1298
1309
1299
1310
1300
1311
1301
1312
1302
1313
1303
1314
1304
1315
1305
1316
1306
1317
1307
1318
1319
1309
1320
1310
1321
1311
1322
1312
1323
1313
1324
1314
1325
1315
1326
1316
1327
1317
1328
1318
1329
1319
1330
1331
1321
1332
1322
1333
1323
1334
1324
1335
1325
1336
1326
1337
1327
1338
1328
1339
1329
1340
1330
1341
1331
1342
1343
1333
2016
1334
2017
1335
2018
1336
2019
1337
2020
1338
2021
1339
2022
1340
2023
1341
2024
1342
2025
1343
2026
2027
1345
1356
2027
1346
1357
1347
1358
1348
1359
1349
1360
1350
1361
1351
1362
1352
1363
1353
1364
1354
1365
1355
1366
1367
1440
1357
1368
2039
1358
1369
1359
1370
1360
1371
1361
1372
1362
1373
1363
1374
1364
1375
1365
1376
1366
1377
1367
1378
1379
1452
1369
1380
2051
1370
1381
1371
1382
1372
1383
1373
1384
1374
1385
1375
1386
1376
1387
1377
1388
1378
1389
1379
1390
1391
1464
1381
1392
2063
1382
1393
1383
1394
1384
1395
1385
1396
1386
1397
1387
1398
1388
1399
1389
1400
1390
1401
1391
1402
1403
1476
1393
1404
2075
1394
1405
1395
1406
1396
1407
1397
1408
1398
1409
1399
1410
1400
1411
1401
1412
1402
1413
1403
1414
1415
1488
1405
1416
2087
1406
1417
1407
1418
1408
1419
1409
1420
1410
1421
1411
1422
1412
1423
1413
1424
1414
1425
1415
1426
1427
1500
1417
1428
2099
1418
1429
1419
1430
1420
1431
1421
1432
1422
1433
1423
1434
1424
1435
1425
1436
1426
1437
1427
1438
1439
1512
1429
2111
2112
1430
2113
1431
2114
1432
2115
1433
2116
1434
2117
1435
2118
1436
2119
1437
2120
1438
2121
1439
2122
1524
2123
1441
1452
1442
1453
1443
1454
1444
1455
1445
1456
1446
1457
1447
1458
1448
1459
1449
1460
1450
1461
1451
1462
1463
1536
1453
1464
1454
1465
1455
1466
1456
1467
1457
1468
1458
1469
1459
1470
1460
1471
1461
1472
1462
1473
1463
1474
1475
1548
1465
1476
1466
1477
1467
1478
1468
1479
1469
1480
1470
1481
1471
1482
1472
1483
1473
1484
1474
1485
1475
1486
1487
1560
1477
1488
1478
1489
1479
1490
1480
1491
1481
1492
1482
1493
1483
1494
1484
1495
1485
1496
1486
1497
1487
1498
1499
1572
1489
1500
1490
1501
1491
1502
1492
1503
1493
1504
1494
1505
1495
1506
1496
1507
1497
1508
1498
1509
1499
1510
1511
1584
1501
1512
1502
1513
1503
1514
1504
1515
1505
1516
1506
1517
1507
1518
1508
1519
1509
1520
1510
1521
1511
1522
1523
1596
1513
1524
1514
1525
1515
1526
1516
1527
1517
1528
1518
1529
1519
1530
1520
1531
1521
1532
1522
1533
1523
1534
1535
1608
1525
2208
1526
2209
1527
2210
1528
2211
1529
2212
1530
2213
1531
2214
1532
2215
1533
2216
1534
2217
1535
2218
1620
2219
1537
1548
1538
1549
1539
1550
1540
1551
1541
1552
1542
1553
1543
1554
1544
1555
1545
1556
1546
1557
1547
1558
1559
1632
1549
1560
1550
1561
1551
1562
1552
1563
1553
1564
1554
1565
1555
1566
1556
1567
1557
1568
1558
1569
1559
1570
1571
1644
1561
1572
1562
1573
1563
1574
1564
1575
1565
1576
1566
1577
1567
1578
1568
1579
1569
1580
1570
1581
1571
1582
1583
1656
1573
1584
1574
1585
1575
1586
1576
1587
1577
1588
1578
1589
1579
1590
1580
1591
1581
1592
1582
1593
1583
1594
1595
1668
1585
1596
1586
1597
1587
1598
1588
1599
1589
1600
1590
1601
1591
1602
1592
1603
1593
1604
1594
1605
1595
1606
1607
1680
1597
1608
1598
1609
1599
1610
1600
1611
1601
1612
1602
1613
1603
1614
1604
1615
1605
1616
1606
1617
1607
1618
1619
1692
1609
1620
1610
1621
1611
1622
1612
1623
1613
1624
1614
1625
1615
1626
1616
1627
1617
1628
1618
1629
1619
1630
1631
1704
1621
2304
1622
2305
1623
2306
1624
2307
1625
2308
1626
2309
1627
2310
1628
2311
1629
2312
1630
2313
1631
2314
1716
2315
1633
1644
1634
1645
1635
1646
1636
1647
1637
1648
1638
1649
1639
1650
1640
1651
1641
1652
1642
1653
1643
1654
1655
1728
1645
1656
1646
1657
1647
1658
1648
1659
1649
1660
1650
1661
1651
1662
1652
1663
1653
1664
1654
1665
1655
1666
1667
1740
1657
1668
1658
1669
1659
1670
1660
1671
1661
1672
1662
1673
1663
1674
1664
1675
1665
1676
1666
1677
1667
1678
1679
1752
1669
1680
1670
1681
1671
1682
1672
1683
1673
1684
1674
1685
1675
1686
1676
1687
1677
1688
1678
1689
1679
1690
1691
1764
1681
1692
1682
1693
1683
1694
1684
1695
1685
1696
1686
1697
1687
1698
1688
1699
1689
1700
1690
1701
1691
1702
1703
1776
1693
1704
1694
1705
1695
1706
1696
1707
1697
1708
1698
1709
1699
1710
1700
1711
1701
1712
1702
1713
1703
1714
1715
1788
1705
1716
1706
1717
1707
1718
1708
1719
1709
1720
1710
1721
1711
1722
1712
1723
1713
1724
1714
1725
1715
1726
1727
1800
1717
2400
1718
2401
1719
2402
1720
2403
1721
2404
1722
2405
1723
2406
1724
2407
1725
2408
1726
2409
1727
2410
1812
2411
1729
1740
1730
1741
1731
1742
1732
1743
1733
1744
1734
1745
1735
1746
1736
1747
1737
1748
1738
1749
1739
1750
1751
1824
1741
1752
1742
1753
1743
1754
1744
1755
1745
1756
1746
1757
1747
1758
1748
1759
1749
1760
1750
1761
1751
1762
1763
1836
1753
1764
1754
1765
1755
1766
1756
1767
1757
1768
1758
1769
1759
1770
1760
1771
1761
1772
1762
1773
1763
1774
1775
1848
1765
1776
1766
1777
1767
1778
1768
1779
1769
1780
1770
1781
1771
1782
1772
1783
1773
1784
1774
1785
1775
1786
1787
1860
1777
1788
1778
1789
1779
1790
1780
1791
1781
1792
1782
1793
1783
1794
1784
1795
1785
1796
1786
1797
1787
1798
1799
1872
1789
1800
1790
1801
1791
1802
1792
1803
1793
1804
1794
1805
1795
1806
1796
1807
1797
1808
1798
1809
1799
1810
1811
1884
1801
1812
1802
1813
1803
1814
1804
1815
1805
1816
1806
1817
1807
1818
1808
1819
1809
1820
1810
1821
1811
1822
1823
1896
1813
2496
1814
2497
1815
2498
1816
2499
1817
2500
1818
2501
1819
2502
1820
2503
1821
2504
1822
2505
1823
2506
1908
2507
1825
1836
1826
1837
1827
1838
1828
1839
1829
1840
1830
1841
1831
1842
1832
1843
1833
1844
1834
1845
1835
1846
1847
1920
1837
1848
1838
1849
1839
1850
1840
1851
1841
1852
1842
1853
1843
1854
1844
1855
1845
1856
1846
1857
1847
1858
1859
1932
1849
1860
1850
1861
1851
1862
1852
1863
1853
1864
1854
1865
1855
1866
1856
1867
1857
1868
1858
1869
1859
1870
1871
1944
1861
1872
1862
1873
1863
1874
1864
1875
1865
1876
1866
1877
1867
1878
1868
1879
1869
1880
1870
1881
1871
1882
1883
1956
1873
1884
1874
1885
1875
1886
1876
1887
1877
1888
1878
1889
1879
1890
1880
1891
1881
1892
1882
1893
1883
1894
1895
1968
1885
1896
1886
1897
1887
1898
1888
1899
1889
1900
1890
1901
1891
1902
1892
1903
1893
1904
1894
1905
1895
1906
1907
1980
1897
1908
1898
1909
1899
1910
1900
1911
1901
1912
1902
1913
1903
1914
1904
1915
1905
1916
1906
1917
1907
1918
1919
1992
1909
2592
1910
2593
1911
2594
1912
2595
1913
2596
1914
2597
1915
2598
1916
2599
1917
2600
1918
2601
1919
2602
2004
2603
1921
1932
1922
1933
1923
1934
1924
1935
1925
1936
1926
1937
1927
1938
1928
1939
1929
1940
1930
1941
1931
1942
1943
2016
1933
1944
1934
1945
1935
1946
1936
1947
1937
1948
1938
1949
1939
1950
1940
1951
1941
1952
1942
1953
1943
1954
1955
2028
1945
1956
1946
1957
1947
1958
1948
1959
1949
1960
1950
1961
1951
1962
1952
1963
1953
1964
1954
1965
1955
1966
1967
2040
1957
1968
1958
1969
1959
1970
1960
1971
1961
1972
1962
1973
1963
1974
1964
1975
1965
1976
1966
1977
1967
1978
1979
2052
1969
1980
1970
1981
1971
1982
1972
1983
1973
1984
1974
1985
1975
1986
1976
1987
1977
1988
1978
1989
1979
1990
1991
2064
1981
1992
1982
1993
1983
1994
1984
1995
1985
1996
1986
1997
1987
1998
1988
1999
1989
2000
1990
2001
1991
2002
2003
2076
1993
2004
1994
2005
1995
2006
1996
2007
1997
2008
1998
2009
1999
2010
2000
2011
2001
2012
2002
2013
2003
2014
2015
2088
2005
2688
2006
2689
2007
2690
2008
2691
2009
2692
2010
2693
2011
2694
2012
2695
2013
2696
2014
2697
2015
2698
2100
2699
2017
2028
2018
2029
2019
2030
2020
2031
2021
2032
2022
2033
2023
2034
2024
2035
2025
2036
2026
2037
2027
2038
2039
2029
2040
2030
2041
2031
2042
2032
2043
2033
2044
2034
2045
2035
2046
2036
2047
2037
2048
2038
2049
2039
2050
2051
2041
2052
2042
2053
2043
2054
2044
2055
2045
2056
2046
2057
2047
2058
2048
2059
2049
2060
2050
2061
2051
2062
2063
2053
2064
2054
2065
2055
2066
2056
2067
2057
2068
2058
2069
2059
2070
2060
2071
2061
2072
2062
2073
2063
2074
2075
2065
2076
2066
2077
2067
2078
2068
2079
2069
2080
2070
2081
2071
2082
2072
2083
2073
2084
2074
2085
2075
2086
2087
2077
2088
2078
2089
2079
2090
2080
2091
2081
2092
2082
2093
2083
2094
2084
2095
2085
2096
2086
2097
2087
2098
2099
2089
2100
2090
2101
2091
2102
2092
2103
2093
2104
2094
2105
2095
2106
2096
2107
2097
2108
2098
2109
2099
2110
2111
2101
2784
2102
2785
2103
2786
2104
2787
2105
2788
2106
2789
2107
2790
2108
2791
2109
2792
2110
2793
2111
2794
2795
2113
2124
2795
2114
2125
2115
2126
2116
2127
2117
2128
2118
2129
2119
2130
2120
2131
2121
2132
2122
2133
2123
2134
2135
2208
2125
2136
2807
2126
2137
2127
2138
2128
2139
2129
2140
2130
2141
2131
2142
2132
2143
2133
2144
2134
2145
2135
2146
2147
2220
2137
2148
2819
2138
2149
2139
2150
2140
2151
2141
2152
2142
2153
2143
2154
2144
2155
2145
2156
2146
2157
2147
2158
2159
2232
2149
2160
2831
2150
2161
2151
2162
2152
2163
2153
2164
2154
2165
2155
2166
2156
2167
2157
2168
2158
2169
2159
2170
2171
2244
2161
2172
2843
2162
2173
2163
2174
2164
2175
2165
2176
2166
2177
2167
2178
2168
2179
2169
2180
2170
2181
2171
2182
2183
2256
2173
2184
2855
2174
2185
2175
2186
2176
2187
2177
2188
2178
2189
2179
2190
2180
2191
2181
2192
2182
2193
2183
2194
2195
2268
2185
2196
2867
2186
2197
2187
2198
2188
2199
2189
2200
2190
2201
2191
2202
2192
2203
2193
2204
2194
2205
2195
2206
2207
2280
2197
2879
2198
2199
2200
2201
2202
2203
2204
2205
2206
2207
2292
2209
2220
2210
2221
2211
2222
2212
2223
2213
2224
2214
2225
2215
2226
2216
2227
2217
2228
2218
2229
2219
2230
2231
2304
2221
2232
2222
2233
2223
2234
2224
2235
2225
2236
2226
2237
2227
2238
2228
2239
2229
2240
2230
2241
2231
2242
2243
2316
2233
2244
2234
2245
2235
2246
2236
2247
2237
2248
2238
2249
2239
2250
2240
2251
2241
2252
2242
2253
2243
2254
2255
2328
2245
2256
2246
2257
2247
2258
2248
2259
2249
2260
2250
2261
2251
2262
2252
2263
2253
2264
2254
2265
2255
2266
2267
2340
2257
2268
2258
2269
2259
2270
2260
2271
2261
2272
2262
2273
2263
2274
2264
2275
2265
2276
2266
2277
2267
2278
2279
2352
2269
2280
2270
2281
2271
2282
2272
2283
2273
2284
2274
2285
2275
2286
2276
2287
2277
2288
2278
2289
2279
2290
2291
2364
2281
2292
2282
2293
2283
2294
2284
2295
2285
2296
2286
2297
2287
2298
2288
2299
2289
2300
2290
2301
2291
2302
2303
2376
2293
2294
2295
2296
2297
2298
2299
2300
2301
2302
2303
2388
2305
2316
2306
2317
2307
2318
2308
2319
2309
2320
2310
2321
2311
2322
2312
2323
2313
2324
2314
2325
2315
2326
2327
2400
2317
2328
2318
2329
2319
2330
2320
2331
2321
2332
2322
2333
2323
2334
2324
2335
2325
2336
2326
2337
2327
2338
2339
2412
2329
2340
2330
2341
2331
2342
2332
2343
2333
2344
2334
2345
2335
2346
2336
2347
2337
2348
2338
2349
2339
2350
2351
2424
2341
2352
2342
2353
2343
2354
2344
2355
2345
2356
2346
2357
2347
2358
2348
2359
2349
2360
2350
2361
2351
2362
2363
2436
2353
2364
2354
2365
2355
2366
2356
2367
2357
2368
2358
2369
2359
2370
2360
2371
2361
2372
2362
2373
2363
2374
2375
2448
2365
2376
2366
2377
2367
2378
2368
2379
2369
2380
2370
2381
2371
2382
2372
2383
2373
2384
2374
2385
2375
2386
2387
2460
2377
2388
2378
2389
2379
2390
2380
2391
2381
2392
2382
2393
2383
2394
2384
2395
2385
2396
2386
2397
2387
2398
2399
2472
2389
2390
2391
2392
2393
2394
2395
2396
2397
2398
2399
2484
2401
2412
2402
2413
2403
2414
2404
2415
2405
2416
2406
2417
2407
2418
2408
2419
2409
2420
2410
2421
2411
2422
2423
2496
2413
2424
2414
2425
2415
2426
2416
2427
2417
2428
2418
2429
2419
2430
2420
2431
2421
2432
2422
2433
2423
2434
2435
2508
2425
2436
2426
2437
2427
2438
2428
2439
2429
2440
2430
2441
2431
2442
2432
2443
2433
2444
2434
2445
2435
2446
2447
2520
2437
2448
2438
2449
2439
2450
2440
2451
2441
2452
2442
2453
2443
2454
2444
2455
2445
2456
2446
2457
2447
2458
2459
2532
2449
2460
2450
2461
2451
2462
2452
2463
2453
2464
2454
2465
2455
2466
2456
2467
2457
2468
2458
2469
2459
2470
2471
2544
2461
2472
2462
2473
2463
2474
2464
2475
2465
2476
2466
2477
2467
2478
2468
2479
2469
2480
2470
2481
2471
2482
2483
2556
2473
2484
2474
2485
2475
2486
2476
2487
2477
2488
2478
2489
2479
2490
2480
2491
2481
2492
2482
2493
2483
2494
2495
2568
2485
2486
2487
2488
2489
2490
2491
2492
2493
2494
2495
2580
2497
2508
2498
2509
2499
2510
2500
2511
2501
2512
2502
2513
2503
2514
2504
2515
2505
2516
2506
2517
2507
2518
2519
2592
2509
2520
2510
2521
2511
2522
2512
2523
2513
2524
2514
2525
2515
2526
2516
2527
2517
2528
2518
2529
2519
2530
2531
2604
2521
2532
2522
2533
2523
2534
2524
2535
2525
2536
2526
2537
2527
2538
2528
2539
2529
2540
2530
2541
2531
2542
2543
2616
2533
2544
2534
2545
2535
2546
2536
2547
2537
2548
2538
2549
2539
2550
2540
2551
2541
2552
2542
2553
2543
2554
2555
2628
2545
2556
2546
2557
2547
2558
2548
2559
2549
2560
2550
2561
2551
2562
2552
2563
2553
2564
2554
2565
2555
2566
2567
2640
2557
2568
2558
2569
2559
2570
2560
2571
2561
2572
2562
2573
2563
2574
2564
2575
2565
2576
2566
2577
2567
2578
2579
2652
2569
2580
2570
2581
2571
2582
2572
2583
2573
2584
2574
2585
2575
2586
2576
2587
2577
2588
2578
2589
2579
2590
2591
2664
2581
2582
2583
2584
2585
2586
2587
2588
2589
2590
2591
2676
2593
2604
2594
2605
2595
2606
2596
2607
2597
2608
2598
2609
2599
2610
2600
2611
2601
2612
2602
2613
2603
2614
2615
2688
2605
2616
2606
2617
2607
2618
2608
2619
2609
2620
2610
2621
2611
2622
2612
2623
2613
2624
2614
2625
2615
2626
2627
2700
2617
2628
2618
2629
2619
2630
2620
2631
2621
2632
2622
2633
2623
2634
2624
2635
2625
2636
2626
2637
2627
2638
2639
2712
2629
2640
2630
2641
2631
2642
2632
2643
2633
2644
2634
2645
2635
2646
2636
2647
2637
2648
2638
2649
2639
2650
2651
2724
2641
2652
2642
2653
2643
2654
2644
2655
2645
2656
2646
2657
2647
2658
2648
2659
2649
2660
2650
2661
2651
2662
2663
2736
2653
2664
2654
2665
2655
2666
2656
2667
2657
2668
2658
2669
2659
2670
2660
2671
2661
2672
2662
2673
2663
2674
2675
2748
2665
2676
2666
2677
2667
2678
2668
2679
2669
2680
2670
2681
2671
2682
2672
2683
2673
2684
2674
2685
2675
2686
2687
2760
2677
2678
2679
2680
2681
2682
2683
2684
2685
2686
2687
2772
2689
2700
2690
2701
2691
2702
2692
2703
2693
2704
2694
2705
2695
2706
2696
2707
2697
2708
2698
2709
2699
2710
2711
2784
2701
2712
2702
2713
2703
2714
2704
2715
2705
2716
2706
2717
2707
2718
2708
2719
2709
2720
2710
2721
2711
2722
2723
2796
2713
2724
2714
2725
2715
2726
2716
2727
2717
2728
2718
2729
2719
2730
2720
2731
2721
2732
2722
2733
2723
2734
2735
2808
2725
2736
2726
2737
2727
2738
2728
2739
2729
2740
2730
2741
2731
2742
2732
2743
2733
2744
2734
2745
2735
2746
2747
2820
2737
2748
2738
2749
2739
2750
2740
2751
2741
2752
2742
2753
2743
2754
2744
2755
2745
2756
2746
2757
2747
2758
2759
2832
2749
2760
2750
2761
2751
2762
2752
2763
2753
2764
2754
2765
2755
2766
2756
2767
2757
2768
2758
2769
2759
2770
2771
2844
2761
2772
2762
2773
2763
2774
2764
2775
2765
2776
2766
2777
2767
2778
2768
2779
2769
2780
2770
2781
2771
2782
2783
2856
2773
2774
2775
2776
2777
2778
2779
2780
2781
2782
2783
2868
2785
2796
2786
2797
2787
2798
2788
2799
2789
2800
2790
2801
2791
2802
2792
2803
2793
2804
2794
2805
2795
2806
2807
2797
2808
2798
2809
2799
2810
2800
2811
2801
2812
2802
2813
2803
2814
2804
2815
2805
2816
2806
2817
2807
2818
2819
2809
2820
2810
2821
2811
2822
2812
2823
2813
2824
2814
2825
2815
2826
2816
2827
2817
2828
2818
2829
2819
2830
2831
2821
2832
2822
2833
2823
2834
2824
2835
2825
2836
2826
2837
2827
2838
2828
2839
2829
2840
2830
2841
2831
2842
2843
2833
2844
2834
2845
2835
2846
2836
2847
2837
2848
2838
2849
2839
2850
2840
2851
2841
2852
2842
2853
2843
2854
2855
2845
2856
2846
2857
2847
2858
2848
2859
2849
2860
2850
2861
2851
2862
2852
2863
2853
2864
2854
2865
2855
2866
2867
2857
2868
2858
2869
2859
2870
2860
2871
2861
2872
2862
2873
2863
2874
2864
2875
2865
2876
2866
2877
2867
2878
2879
2869
2870
2871
2872
2873
2874
2875
2876
2877
2878
2879
)


// ************************************************************************* //
