/*--------------------------------*- C++ -*----------------------------------*\
| =========                 |                                                 |
| \\      /  F ield         | OpenFOAM: The Open Source CFD Toolbox           |
|  \\    /   O peration     | Version:  4.1                                   |
|   \\  /    A nd           | Web:      www.OpenFOAM.org                      |
|    \\/     M anipulation  |                                                 |
\*---------------------------------------------------------------------------*/
FoamFile
{
    version     2.0;
    format      ascii;
    class       volVectorField;
    location    "0.0268";
    object      U;
}
// * * * * * * * * * * * * * * * * * * * * * * * * * * * * * * * * * * * * * //

dimensions      [0 1 -1 0 0 0 0];

internalField   nonuniform List<vector> 
441
(
(0.00328771 -0.00466448 0)
(0.00801058 -0.00278159 0)
(-0.000695506 -2.28651e-165 0)
(0.00155938 -2.42262e-266 0)
(-0.00985108 -0.00623807 0)
(-0.00155938 -2.54342e-232 0)
(-1.08728e-202 -3.82869e-203 0)
(-9.56981e-204 -4.72436e-228 0)
(-1.34095e-212 -1.95245e-213 0)
(-0.00472733 7.20523e-266 0)
(-0.0558678 0.0189109 0)
(-0.071284 0.0102834 0)
(-0.0820875 0.0050762 0)
(-0.0755163 0.00108045 0)
(-0.0666082 -0.000509148 0)
(-0.0501203 -0.00179108 0)
(-0.0348051 -0.0016009 0)
(-0.0185951 -0.00170972 0)
(-0.0062394 -0.000258659 0)
(-0.000179247 0.000366018 0)
(0.00333614 0.00213412 0)
(0.00291969 -0.00641748 0)
(-0.00371056 0.00677687 0)
(-0.0288146 0.00759653 0)
(-0.0565656 0.0111681 0)
(-0.0953983 0.00863447 0)
(-0.128485 -0.00530282 0)
(-0.157528 -0.000691265 0)
(-0.183578 0.0010292 0)
(-0.205445 0.00959968 0)
(-0.227875 0.0494085 0)
(-0.24335 0.0460332 0)
(-0.238901 0.0162098 0)
(-0.231264 -0.00123012 0)
(-0.205913 -0.0171049 0)
(-0.176504 -0.0249118 0)
(-0.136228 -0.0309817 0)
(-0.097531 -0.0297253 0)
(-0.0583419 -0.0279246 0)
(-0.027336 -0.0177773 0)
(-0.00810499 -0.0106717 0)
(0.00315543 0.00121769 0)
(0.00605085 -0.00449129 0)
(-0.00681656 0.0285558 0)
(-0.0509521 0.0514195 0)
(-0.105802 0.0646233 0)
(-0.168236 0.0647031 0)
(-0.230355 0.0587396 0)
(-0.292832 0.0530721 0)
(-0.338406 0.0462953 0)
(-0.382335 0.0425163 0)
(-0.399582 0.0415949 0)
(-0.391292 0.0307117 0)
(-0.377147 -0.000801088 0)
(-0.35433 -0.0273517 0)
(-0.314707 -0.0535101 0)
(-0.268266 -0.069389 0)
(-0.208726 -0.0809596 0)
(-0.150945 -0.0784712 0)
(-0.092155 -0.0722803 0)
(-0.0455817 -0.049493 0)
(-0.0140483 -0.030446 0)
(0.00425238 -0.00228747 0)
(0.00597992 -0.00581148 0)
(-0.0123483 0.0653294 0)
(-0.079601 0.106723 0)
(-0.154086 0.130393 0)
(-0.237508 0.133473 0)
(-0.317013 0.121641 0)
(-0.390709 0.108504 0)
(-0.449824 0.0911649 0)
(-0.495413 0.0723978 0)
(-0.518396 0.0561252 0)
(-0.517786 0.0233235 0)
(-0.498332 -0.0216899 0)
(-0.466301 -0.0638007 0)
(-0.41336 -0.104088 0)
(-0.351768 -0.130712 0)
(-0.274045 -0.149497 0)
(-0.198636 -0.145807 0)
(-0.121059 -0.134688 0)
(-0.0601826 -0.0951775 0)
(-0.0171291 -0.0617633 0)
(0.0062104 -0.00824623 0)
(6.02823e-165 0.00149498 0)
(-0.0173023 0.113743 0)
(-0.109007 0.192429 0)
(-0.197351 0.221366 0)
(-0.29864 0.226775 0)
(-0.391854 0.210507 0)
(-0.479985 0.184967 0)
(-0.549098 0.15026 0)
(-0.603035 0.110642 0)
(-0.629705 0.0645885 0)
(-0.631748 0.011027 0)
(-0.61125 -0.052027 0)
(-0.573076 -0.111656 0)
(-0.509927 -0.168223 0)
(-0.435057 -0.207716 0)
(-0.338981 -0.23466 0)
(-0.24605 -0.230117 0)
(-0.146728 -0.211538 0)
(-0.0718382 -0.151894 0)
(-0.0145104 -0.0974979 0)
(0.0125077 -0.0123059 0)
(-5.01473e-266 0.00484869 0)
(-0.0713708 0.178527 0)
(-0.147914 0.285131 0)
(-0.25013 0.321689 0)
(-0.355623 0.327954 0)
(-0.45967 0.304016 0)
(-0.554831 0.266282 0)
(-0.633788 0.214479 0)
(-0.694457 0.153642 0)
(-0.729762 0.0841744 0)
(-0.740607 0.00504225 0)
(-0.723217 -0.081212 0)
(-0.684079 -0.164949 0)
(-0.613334 -0.243359 0)
(-0.526803 -0.301223 0)
(-0.411826 -0.340394 0)
(-0.299317 -0.337109 0)
(-0.175186 -0.311476 0)
(-0.0834437 -0.225762 0)
(-0.00842703 -0.148981 0)
(0.0158157 -0.00935588 0)
(-0.0193948 0.0760992 0)
(-0.0972019 0.258368 0)
(-0.183832 0.37172 0)
(-0.293104 0.427549 0)
(-0.409552 0.435818 0)
(-0.523611 0.408631 0)
(-0.630102 0.358598 0)
(-0.71988 0.289264 0)
(-0.791741 0.206539 0)
(-0.837652 0.110608 0)
(-0.858622 0.00491468 0)
(-0.848051 -0.108738 0)
(-0.811546 -0.220675 0)
(-0.736343 -0.326061 0)
(-0.640085 -0.40784 0)
(-0.50445 -0.463303 0)
(-0.370831 -0.464646 0)
(-0.213219 -0.429106 0)
(-0.105757 -0.315842 0)
(0.00388801 -0.198245 0)
(5.38835e-266 -0.00395392 0)
(-0.0137909 0.123724 0)
(-0.0898138 0.344018 0)
(-0.198285 0.481747 0)
(-0.322441 0.548275 0)
(-0.452958 0.558935 0)
(-0.58002 0.525065 0)
(-0.698472 0.463037 0)
(-0.801709 0.376204 0)
(-0.886986 0.271854 0)
(-0.947936 0.150658 0)
(-0.983854 0.0157405 0)
(-0.985669 -0.129177 0)
(-0.95765 -0.276323 0)
(-0.883041 -0.416532 0)
(-0.779848 -0.532474 0)
(-0.624194 -0.612702 0)
(-0.464788 -0.626738 0)
(-0.270652 -0.581526 0)
(-0.135413 -0.438776 0)
(-0.00115565 -0.263102 0)
(1.87783e-24 -1.64001e-24 0)
(-0.0118466 0.17675 0)
(-0.0925225 0.441173 0)
(-0.216128 0.603152 0)
(-0.353728 0.680727 0)
(-0.49901 0.692528 0)
(-0.639445 0.652985 0)
(-0.771816 0.579788 0)
(-0.890072 0.477034 0)
(-0.991653 0.352748 0)
(-1.07096 0.207091 0)
(-1.1259 0.0431833 0)
(-1.14614 -0.135289 0)
(-1.13316 -0.322135 0)
(-1.066 -0.504673 0)
(-0.96095 -0.664696 0)
(-0.786178 -0.78028 0)
(-0.59796 -0.81478 0)
(-0.355784 -0.761934 0)
(-0.182628 -0.579175 0)
(-0.0033476 -0.339242 0)
(7.69065e-77 -4.69458e-25 0)
(-0.0104053 0.228926 0)
(-0.0933507 0.549958 0)
(-0.229608 0.743975 0)
(-0.379583 0.83198 0)
(-0.538613 0.845456 0)
(-0.692411 0.7982 0)
(-0.838364 0.714266 0)
(-0.972607 0.595999 0)
(-1.09184 0.453132 0)
(-1.19277 0.284471 0)
(-1.27129 0.0911542 0)
(-1.31678 -0.122916 0)
(-1.32711 -0.356189 0)
(-1.27676 -0.590886 0)
(-1.17774 -0.811764 0)
(-0.988599 -0.980078 0)
(-0.768954 -1.05567 0)
(-0.469315 -1.00445 0)
(-0.243276 -0.786754 0)
(-0.00492761 -0.457549 0)
(2.1364e-164 -1.92266e-77 0)
(-0.0111752 0.277531 0)
(-0.10109 0.658734 0)
(-0.25149 0.88747 0)
(-0.41435 0.987806 0)
(-0.586118 1.00409 0)
(-0.751997 0.951149 0)
(-0.909546 0.859301 0)
(-1.05838 0.729469 0)
(-1.19404 0.572785 0)
(-1.31737 0.38601 0)
(-1.42148 0.16773 0)
(-1.49814 -0.0797459 0)
(-1.53966 -0.360674 0)
(-1.51818 -0.654713 0)
(-1.43714 -0.950139 0)
(-1.24496 -1.19147 0)
(-0.998553 -1.32947 0)
(-0.637721 -1.29292 0)
(-0.345809 -1.03383 0)
(-0.0603332 -0.591895 0)
(1.32506e-265 0.0103218 0)
(-0.0129801 0.342344 0)
(-0.109076 0.792486 0)
(-0.271775 1.05899 0)
(-0.444818 1.16756 0)
(-0.625533 1.18458 0)
(-0.799672 1.12191 0)
(-0.964248 1.02159 0)
(-1.1235 0.880348 0)
(-1.2713 0.71245 0)
(-1.41397 0.511366 0)
(-1.54212 0.271801 0)
(-1.65158 -0.00578876 0)
(-1.72991 -0.336346 0)
(-1.74804 -0.695676 0)
(-1.69993 -1.08501 0)
(-1.5216 -1.42414 0)
(-1.25907 -1.66251 0)
(-0.832385 -1.66806 0)
(-0.445282 -1.35986 0)
(-0.0594297 -0.818734 0)
(0.0412872 -0.0580408 0)
(-0.0178722 0.395366 0)
(-0.127047 0.914636 0)
(-0.308318 1.22043 0)
(-0.492898 1.33839 0)
(-0.678403 1.35725 0)
(-0.85508 1.28742 0)
(-1.01696 1.18226 0)
(-1.17724 1.03506 0)
(-1.32549 0.862958 0)
(-1.47775 0.656244 0)
(-1.61966 0.405684 0)
(-1.75726 0.108136 0)
(-1.87019 -0.2626 0)
(-1.93757 -0.684454 0)
(-1.93747 -1.1729 0)
(-1.80042 -1.63402 0)
(-1.5515 -2.01334 0)
(-1.06239 -2.11315 0)
(-0.59324 -1.79992 0)
(0.0329588 -1.08343 0)
(1.97315e-231 -0.0103218 0)
(-0.0243444 0.490176 0)
(-0.145662 1.08606 0)
(-0.341333 1.42871 0)
(-0.531078 1.53879 0)
(-0.712315 1.54987 0)
(-0.881196 1.46077 0)
(-1.02796 1.34558 0)
(-1.17516 1.18875 0)
(-1.3076 1.01338 0)
(-1.45138 0.80509 0)
(-1.58834 0.550503 0)
(-1.73615 0.243944 0)
(-1.87132 -0.157498 0)
(-1.98474 -0.6299 0)
(-2.0471 -1.22353 0)
(-1.98756 -1.81503 0)
(-1.80801 -2.40219 0)
(-1.33678 -2.64215 0)
(-0.81129 -2.45166 0)
(-0.00391594 -1.44272 0)
(5.0236e-202 4.14824e-184 0)
(-0.042058 0.558117 0)
(-0.192136 1.2255 0)
(-0.411718 1.60173 0)
(-0.605334 1.70366 0)
(-0.765842 1.70543 0)
(-0.909788 1.59932 0)
(-1.0156 1.47554 0)
(-1.12562 1.31298 0)
(-1.21303 1.13905 0)
(-1.32102 0.93691 0)
(-1.42136 0.690727 0)
(-1.55344 0.392428 0)
(-1.68208 -0.0124229 0)
(-1.83399 -0.506157 0)
(-1.95372 -1.16459 0)
(-2.02081 -1.87151 0)
(-1.95895 -2.65187 0)
(-1.62294 -3.11885 0)
(-1.09824 -3.11279 0)
(-0.00814919 -1.92034 0)
(1.6593e-183 2.54638e-184 0)
(-0.0618325 0.73199 0)
(-0.237013 1.46 0)
(-0.464275 1.85099 0)
(-0.642813 1.89409 0)
(-0.760633 1.86109 0)
(-0.856131 1.7109 0)
(-0.896747 1.56519 0)
(-0.942703 1.38643 0)
(-0.956937 1.20989 0)
(-0.996802 1.01383 0)
(-1.02638 0.78167 0)
(-1.10251 0.505504 0)
(-1.18664 0.119639 0)
(-1.335 -0.356623 0)
(-1.49539 -1.04186 0)
(-1.68615 -1.80796 0)
(-1.82509 -2.80808 0)
(-1.75659 -3.51129 0)
(-1.48 -4.08738 0)
(-0.437715 -2.584 0)
(4.11692e-254 -4.14824e-184 0)
(-0.12713 0.842388 0)
(-0.369994 1.6146 0)
(-0.593945 2.00172 0)
(-0.732887 1.98992 0)
(-0.746104 1.91745 0)
(-0.745812 1.73012 0)
(-0.664705 1.56258 0)
(-0.604267 1.3717 0)
(-0.50301 1.19404 0)
(-0.442206 1.0079 0)
(-0.366765 0.797413 0)
(-0.360794 0.557119 0)
(-0.362339 0.221948 0)
(-0.487918 -0.189708 0)
(-0.638319 -0.807125 0)
(-0.990216 -1.53167 0)
(-1.30029 -2.55795 0)
(-1.83145 -3.46435 0)
(-1.8239 -4.35237 0)
(-2.00758 -3.47347 0)
(-2.40992e-264 -0.205267 0)
(-0.180465 1.24986 0)
(-0.45032 1.93091 0)
(-0.596195 2.23577 0)
(-0.625721 2.04646 0)
(-0.48009 1.88778 0)
(-0.333704 1.62935 0)
(-0.0980916 1.43036 0)
(0.0986657 1.22503 0)
(0.333472 1.04985 0)
(0.512341 0.879039 0)
(0.703296 0.698926 0)
(0.8105 0.504862 0)
(0.90818 0.241977 0)
(0.859261 -0.0725655 0)
(0.766467 -0.550926 0)
(0.41294 -1.12962 0)
(-0.00748081 -1.99542 0)
(-0.777682 -2.94457 0)
(-1.32988 -3.99602 0)
(-1.87732 -4.2758 0)
(-0.821067 -2.23263 0)
(-0.398103 1.43839 0)
(-0.729146 2.00149 0)
(-0.552447 2.1711 0)
(-0.321237 1.85725 0)
(0.165515 1.62682 0)
(0.546921 1.34096 0)
(1.00841 1.13279 0)
(1.36831 0.938728 0)
(1.74724 0.782461 0)
(2.03476 0.640887 0)
(2.32337 0.500824 0)
(2.50379 0.359839 0)
(2.67709 0.175116 0)
(2.67572 -0.0333771 0)
(2.6525 -0.357635 0)
(2.30844 -0.734507 0)
(1.92819 -1.36466 0)
(1.01516 -2.10768 0)
(0.224629 -3.25043 0)
(-0.803702 -3.9081 0)
(-0.691037 -2.93878 0)
(-0.252243 2.43891 0)
(-0.0843841 2.0799 0)
(0.704163 1.87885 0)
(1.33371 1.32174 0)
(2.11165 1.0413 0)
(2.68454 0.781366 0)
(3.27094 0.616691 0)
(3.70992 0.483507 0)
(4.13467 0.384826 0)
(4.44833 0.303108 0)
(4.74831 0.227994 0)
(4.93581 0.155639 0)
(5.11341 0.0654272 0)
(5.12646 -0.0362916 0)
(5.12783 -0.19389 0)
(4.83586 -0.383106 0)
(4.5235 -0.730347 0)
(3.66475 -1.20593 0)
(2.76018 -2.23881 0)
(1.04454 -3.31473 0)
(-0.0412702 -3.8015 0)
(1.6707 1.67302 0)
(2.72015 0.979377 0)
(4.57232 0.751827 0)
(5.41208 0.423983 0)
(6.26736 0.283076 0)
(6.75405 0.171999 0)
(7.20142 0.11379 0)
(7.48849 0.0733757 0)
(7.7498 0.0483416 0)
(7.92082 0.0304183 0)
(8.08048 0.0158143 0)
(8.16159 0.00270267 0)
(8.24125 -0.0143299 0)
(8.20799 -0.0325055 0)
(8.18265 -0.0671606 0)
(7.93916 -0.102574 0)
(7.72081 -0.196849 0)
(6.99392 -0.29563 0)
(6.26913 -0.633497 0)
(4.05183 -1.00741 0)
(2.01556 -1.83107 0)
)
;

boundaryField
{
    movingWall
    {
        type            fixedValue;
        value           uniform (10 0 0);
    }
    fixedWalls
    {
        type            noSlip;
    }
    frontAndBack
    {
        type            empty;
    }
}


// ************************************************************************* //
