/*--------------------------------*- C++ -*----------------------------------*\
| =========                 |                                                 |
| \\      /  F ield         | OpenFOAM: The Open Source CFD Toolbox           |
|  \\    /   O peration     | Version:  4.1                                   |
|   \\  /    A nd           | Web:      www.OpenFOAM.org                      |
|    \\/     M anipulation  |                                                 |
\*---------------------------------------------------------------------------*/
FoamFile
{
    version     2.0;
    format      ascii;
    class       volVectorField;
    location    "0.0894";
    object      U;
}
// * * * * * * * * * * * * * * * * * * * * * * * * * * * * * * * * * * * * * //

dimensions      [0 1 -1 0 0 0 0];

internalField   nonuniform List<vector> 
441
(
(0.00375268 -0.0048425 0)
(0.00981934 -0.00253987 0)
(-0.000634968 -2.21185e-165 0)
(0.00197583 -3.35302e-266 0)
(-0.00837047 -0.00790367 0)
(-0.00197583 -3.0734e-232 0)
(-1.14559e-202 -5.65014e-203 0)
(-1.41246e-203 -7.41663e-228 0)
(-1.73237e-212 -3.23758e-213 0)
(-0.00618619 9.17401e-266 0)
(-0.0758472 0.0247457 0)
(-0.0952384 0.01293 0)
(-0.107192 0.00590545 0)
(-0.0941826 0.000376978 0)
(-0.0773367 -0.00168431 0)
(-0.0513175 -0.00305037 0)
(-0.0289466 -0.00217278 0)
(-0.00908998 -0.00159531 0)
(0.00288709 0.00076573 0)
(0.00457192 0.00153586 0)
(0.00458643 0.0030162 0)
(0.00387297 -0.00854476 0)
(-0.00086341 0.00685362 0)
(-0.0275154 0.00854534 0)
(-0.0596648 0.010756 0)
(-0.107706 0.0109655 0)
(-0.153217 -0.00321812 0)
(-0.196135 -0.000145123 0)
(-0.237477 0.00168283 0)
(-0.274182 0.0133472 0)
(-0.311108 0.0675353 0)
(-0.336118 0.0620966 0)
(-0.330168 0.018846 0)
(-0.3148 -0.0075796 0)
(-0.271772 -0.0310273 0)
(-0.221242 -0.0413781 0)
(-0.157727 -0.0466716 0)
(-0.10039 -0.0398841 0)
(-0.0495191 -0.0315241 0)
(-0.0153213 -0.0139038 0)
(-0.00101469 -0.00395755 0)
(0.00497331 0.00636889 0)
(0.00767129 -0.00835679 0)
(-0.00518423 0.028461 0)
(-0.0546441 0.0574051 0)
(-0.121943 0.0776056 0)
(-0.204377 0.0844589 0)
(-0.28976 0.0842356 0)
(-0.381651 0.0813223 0)
(-0.456603 0.0755123 0)
(-0.530111 0.0708052 0)
(-0.566148 0.0665773 0)
(-0.562019 0.0447473 0)
(-0.543435 -0.00711565 0)
(-0.50564 -0.051798 0)
(-0.439236 -0.0929714 0)
(-0.360095 -0.114749 0)
(-0.264562 -0.12419 0)
(-0.176045 -0.109183 0)
(-0.0952226 -0.0871889 0)
(-0.0384604 -0.0466276 0)
(-0.00809013 -0.0192094 0)
(0.00640493 0.00735991 0)
(0.00639742 -0.0113718 0)
(-0.0164827 0.070955 0)
(-0.0982194 0.125255 0)
(-0.194876 0.162963 0)
(-0.30891 0.17915 0)
(-0.423853 0.17686 0)
(-0.537203 0.16846 0)
(-0.635453 0.151077 0)
(-0.716225 0.125413 0)
(-0.763786 0.0966923 0)
(-0.773138 0.0391062 0)
(-0.748858 -0.0386896 0)
(-0.697915 -0.111959 0)
(-0.61047 -0.177785 0)
(-0.505536 -0.215907 0)
(-0.378519 -0.232294 0)
(-0.258655 -0.208668 0)
(-0.145818 -0.170816 0)
(-0.0645595 -0.100146 0)
(-0.0158699 -0.0502211 0)
(0.00802958 0.00507195 0)
(6.98255e-165 0.00159936 0)
(-0.0250505 0.132616 0)
(-0.142975 0.234992 0)
(-0.263965 0.286801 0)
(-0.407946 0.312285 0)
(-0.548056 0.310618 0)
(-0.687538 0.291543 0)
(-0.805805 0.253384 0)
(-0.903875 0.198365 0)
(-0.961775 0.124219 0)
(-0.978996 0.0302289 0)
(-0.955894 -0.0820726 0)
(-0.897024 -0.189418 0)
(-0.793349 -0.285723 0)
(-0.664888 -0.345614 0)
(-0.504853 -0.372003 0)
(-0.351227 -0.340382 0)
(-0.199495 -0.282448 0)
(-0.0910369 -0.174839 0)
(-0.0185185 -0.0926987 0)
(0.014642 0.000305892 0)
(-5.65892e-266 0.00586444 0)
(-0.09095 0.218781 0)
(-0.199876 0.362094 0)
(-0.345209 0.429812 0)
(-0.502884 0.463076 0)
(-0.664468 0.457539 0)
(-0.82052 0.426843 0)
(-0.958209 0.367675 0)
(-1.07163 0.282297 0)
(-1.14698 0.171012 0)
(-1.1816 0.0335298 0)
(-1.16689 -0.121716 0)
(-1.10896 -0.274266 0)
(-0.994138 -0.411607 0)
(-0.845341 -0.503975 0)
(-0.651202 -0.548522 0)
(-0.459836 -0.512977 0)
(-0.262623 -0.434233 0)
(-0.121458 -0.279102 0)
(-0.0210524 -0.159169 0)
(0.0161369 0.00255915 0)
(-0.0234578 0.0958128 0)
(-0.12683 0.328841 0)
(-0.25219 0.489609 0)
(-0.412007 0.587903 0)
(-0.58892 0.63066 0)
(-0.769135 0.626712 0)
(-0.945629 0.5844 0)
(-1.10343 0.503508 0)
(-1.23793 0.386866 0)
(-1.33392 0.23393 0)
(-1.3887 0.0506303 0)
(-1.389 -0.155049 0)
(-1.33892 -0.361173 0)
(-1.2196 -0.550336 0)
(-1.05519 -0.687098 0)
(-0.826152 -0.759487 0)
(-0.594579 -0.726679 0)
(-0.338605 -0.623373 0)
(-0.162017 -0.413106 0)
(-0.0078922 -0.232185 0)
(5.98396e-266 -0.00403423 0)
(-0.017322 0.158642 0)
(-0.121439 0.448686 0)
(-0.275342 0.647795 0)
(-0.455801 0.767307 0)
(-0.652641 0.820385 0)
(-0.851963 0.814509 0)
(-1.04688 0.761416 0)
(-1.22567 0.659822 0)
(-1.38229 0.513207 0)
(-1.50346 0.321211 0)
(-1.58442 0.0890461 0)
(-1.60772 -0.172608 0)
(-1.57517 -0.443142 0)
(-1.46109 -0.697633 0)
(-1.28905 -0.896756 0)
(-1.02985 -1.01343 0)
(-0.755916 -0.998902 0)
(-0.43618 -0.873297 0)
(-0.210073 -0.605151 0)
(-0.00375507 -0.330835 0)
(2.62254e-24 -1.05962e-24 0)
(-0.015377 0.23085 0)
(-0.124843 0.584945 0)
(-0.295284 0.822274 0)
(-0.490361 0.963261 0)
(-0.703223 1.02541 0)
(-0.917498 1.01926 0)
(-1.12876 0.95712 0)
(-1.32628 0.837697 0)
(-1.50481 0.664364 0)
(-1.652 0.435389 0)
(-1.76181 0.155475 0)
(-1.81467 -0.164862 0)
(-1.80888 -0.506342 0)
(-1.71228 -0.837837 0)
(-1.54521 -1.11615 0)
(-1.26599 -1.29598 0)
(-0.954776 -1.31668 0)
(-0.566355 -1.17475 0)
(-0.281205 -0.83765 0)
(-0.00503219 -0.450375 0)
(1.06609e-76 -6.55635e-25 0)
(-0.0133052 0.299413 0)
(-0.121848 0.730312 0)
(-0.301075 1.014 0)
(-0.504118 1.17578 0)
(-0.726077 1.24788 0)
(-0.94923 1.23994 0)
(-1.17011 1.17039 0)
(-1.381 1.03541 0)
(-1.57647 0.839087 0)
(-1.74732 0.577481 0)
(-1.88599 0.252054 0)
(-1.97282 -0.12673 0)
(-2.00253 -0.54483 0)
(-1.93728 -0.963994 0)
(-1.79164 -1.34217 0)
(-1.50982 -1.61 0)
(-1.17247 -1.69702 0)
(-0.718096 -1.55749 0)
(-0.365544 -1.16075 0)
(-0.00726134 -0.627695 0)
(2.96223e-164 -2.66522e-77 0)
(-0.013219 0.36249 0)
(-0.121975 0.87093 0)
(-0.305434 1.20216 0)
(-0.510378 1.38593 0)
(-0.733122 1.46874 0)
(-0.956096 1.4612 0)
(-1.17626 1.38772 0)
(-1.39019 1.24253 0)
(-1.59216 1.03026 0)
(-1.7783 0.744051 0)
(-1.93955 0.3816 0)
(-2.06009 -0.0487207 0)
(-2.13032 -0.539803 0)
(-2.11076 -1.04967 0)
(-2.0069 -1.54014 0)
(-1.74927 -1.91907 0)
(-1.41048 -2.1034 0)
(-0.909343 -1.99023 0)
(-0.490446 -1.5366 0)
(-0.0815499 -0.829449 0)
(1.79207e-265 0.0133549 0)
(-0.0136179 0.435488 0)
(-0.117722 1.0247 0)
(-0.297455 1.40386 0)
(-0.494672 1.60414 0)
(-0.706614 1.69472 0)
(-0.917037 1.68301 0)
(-1.12243 1.60512 0)
(-1.32497 1.45085 0)
(-1.51816 1.2274 0)
(-1.70546 0.924193 0)
(-1.87698 0.533973 0)
(-2.02385 0.0630796 0)
(-2.13386 -0.493483 0)
(-2.16956 -1.08961 0)
(-2.12701 -1.70238 0)
(-1.92412 -2.21303 0)
(-1.61394 -2.53566 0)
(-1.08612 -2.49212 0)
(-0.588176 -1.98261 0)
(-0.0762539 -1.13816 0)
(0.0534194 -0.0772923 0)
(-0.0167444 0.489436 0)
(-0.119977 1.15181 0)
(-0.297228 1.5762 0)
(-0.482015 1.79177 0)
(-0.671829 1.8893 0)
(-0.855947 1.87445 0)
(-1.02791 1.79473 0)
(-1.20003 1.63677 0)
(-1.36252 1.41055 0)
(-1.53074 1.10243 0)
(-1.69186 0.700821 0)
(-1.85078 0.208687 0)
(-1.99034 -0.391326 0)
(-2.08581 -1.05562 0)
(-2.11977 -1.78002 0)
(-2.00565 -2.43382 0)
(-1.7723 -2.93461 0)
(-1.24397 -3.02499 0)
(-0.716342 -2.54005 0)
(0.0433982 -1.47834 0)
(2.46818e-231 -0.0133549 0)
(-0.0211327 0.575191 0)
(-0.120605 1.30824 0)
(-0.288071 1.7698 0)
(-0.449998 1.97988 0)
(-0.603771 2.07188 0)
(-0.745829 2.03954 0)
(-0.866197 1.95129 0)
(-0.987986 1.78567 0)
(-1.09771 1.559 0)
(-1.22315 1.25369 0)
(-1.34941 0.854107 0)
(-1.49665 0.361723 0)
(-1.64679 -0.258371 0)
(-1.79253 -0.960471 0)
(-1.91084 -1.78135 0)
(-1.9214 -2.56459 0)
(-1.82388 -3.29559 0)
(-1.40195 -3.5663 0)
(-0.892642 -3.26336 0)
(-0.00296496 -1.89248 0)
(5.82605e-202 4.58605e-184 0)
(-0.0369736 0.624296 0)
(-0.150389 1.4127 0)
(-0.318314 1.90192 0)
(-0.45607 2.10209 0)
(-0.556664 2.18374 0)
(-0.638856 2.13365 0)
(-0.681374 2.03685 0)
(-0.729138 1.86728 0)
(-0.757946 1.64645 0)
(-0.815084 1.3551 0)
(-0.876524 0.975888 0)
(-0.987025 0.508829 0)
(-1.11708 -0.0920108 0)
(-1.29957 -0.787355 0)
(-1.48578 -1.64291 0)
(-1.65513 -2.51727 0)
(-1.72847 -3.43731 0)
(-1.52487 -3.9647 0)
(-1.1072 -3.91534 0)
(-0.011465 -2.40141 0)
(1.83442e-183 -1.42523e-184 0)
(-0.0555671 0.770781 0)
(-0.183996 1.59391 0)
(-0.342089 2.08509 0)
(-0.442334 2.21971 0)
(-0.473498 2.262 0)
(-0.478412 2.16511 0)
(-0.425795 2.04603 0)
(-0.380494 1.86323 0)
(-0.308929 1.64698 0)
(-0.274486 1.37387 0)
(-0.245992 1.02622 0)
(-0.286955 0.604859 0)
(-0.363472 0.0526843 0)
(-0.538636 -0.588195 0)
(-0.765158 -1.42879 0)
(-1.06895 -2.31823 0)
(-1.36642 -3.43041 0)
(-1.49075 -4.19415 0)
(-1.39472 -4.79349 0)
(-0.466106 -3.04694 0)
(4.40121e-254 -4.58605e-184 0)
(-0.121417 0.850174 0)
(-0.317684 1.68618 0)
(-0.467439 2.15535 0)
(-0.518686 2.22392 0)
(-0.431544 2.21924 0)
(-0.32524 2.08111 0)
(-0.134153 1.94005 0)
(0.0335843 1.74956 0)
(0.235662 1.54219 0)
(0.382943 1.29479 0)
(0.525626 0.990783 0)
(0.571361 0.632456 0)
(0.579775 0.163498 0)
(0.42706 -0.376209 0)
(0.215749 -1.10458 0)
(-0.245099 -1.90496 0)
(-0.700636 -2.9894 0)
(-1.44738 -3.93521 0)
(-1.64228 -4.84907 0)
(-2.07364 -3.8724 0)
(-2.59347e-264 -0.216078 0)
(-0.177959 1.23164 0)
(-0.415678 1.94434 0)
(-0.500513 2.30857 0)
(-0.45163 2.18402 0)
(-0.210821 2.08238 0)
(0.0392156 1.86725 0)
(0.385077 1.69378 0)
(0.690933 1.49351 0)
(1.02951 1.29983 0)
(1.29793 1.08583 0)
(1.55826 0.837446 0)
(1.7058 0.55584 0)
(1.81161 0.193708 0)
(1.73401 -0.214661 0)
(1.58124 -0.767591 0)
(1.1338 -1.38563 0)
(0.59502 -2.25986 0)
(-0.339569 -3.20861 0)
(-1.07658 -4.25784 0)
(-1.84086 -4.53857 0)
(-0.86431 -2.3174 0)
(-0.4006 1.40966 0)
(-0.725655 1.98008 0)
(-0.518189 2.18555 0)
(-0.235964 1.9172 0)
(0.322612 1.72928 0)
(0.789025 1.4771 0)
(1.34668 1.29025 0)
(1.8058 1.10304 0)
(2.28218 0.937215 0)
(2.65581 0.769089 0)
(3.01236 0.585452 0)
(3.23266 0.387908 0)
(3.41377 0.138787 0)
(3.38292 -0.13025 0)
(3.30006 -0.500934 0)
(2.86868 -0.897006 0)
(2.39263 -1.51719 0)
(1.36748 -2.23436 0)
(0.460787 -3.35353 0)
(-0.705744 -4.00655 0)
(-0.701408 -2.96419 0)
(-0.257489 2.41986 0)
(-0.104941 2.05658 0)
(0.682256 1.86922 0)
(1.3302 1.33494 0)
(2.14833 1.07733 0)
(2.77825 0.835925 0)
(3.43566 0.682931 0)
(3.95198 0.553643 0)
(4.45492 0.450302 0)
(4.83862 0.355422 0)
(5.19352 0.259175 0)
(5.41206 0.159904 0)
(5.59252 0.0402263 0)
(5.57645 -0.088113 0)
(5.52221 -0.263422 0)
(5.15418 -0.456777 0)
(4.76318 -0.790347 0)
(3.83081 -1.24465 0)
(2.86704 -2.25334 0)
(1.09264 -3.33032 0)
(-0.0463658 -3.79881 0)
(1.66701 1.66933 0)
(2.70191 0.974364 0)
(4.54158 0.748208 0)
(5.38047 0.423837 0)
(6.24882 0.286594 0)
(6.76055 0.178324 0)
(7.24212 0.121551 0)
(7.56748 0.0811343 0)
(7.86706 0.0545817 0)
(8.0706 0.033881 0)
(8.25305 0.01541 0)
(8.34222 -0.001931 0)
(8.41412 -0.0230628 0)
(8.35559 -0.0438289 0)
(8.2937 -0.0790588 0)
(8.00596 -0.111884 0)
(7.74983 -0.200873 0)
(6.99568 -0.293266 0)
(6.26225 -0.625035 0)
(4.04577 -0.997227 0)
(2.00511 -1.81779 0)
)
;

boundaryField
{
    movingWall
    {
        type            fixedValue;
        value           uniform (10 0 0);
    }
    fixedWalls
    {
        type            noSlip;
    }
    frontAndBack
    {
        type            empty;
    }
}


// ************************************************************************* //
