/*--------------------------------*- C++ -*----------------------------------*\
| =========                 |                                                 |
| \\      /  F ield         | OpenFOAM: The Open Source CFD Toolbox           |
|  \\    /   O peration     | Version:  4.1                                   |
|   \\  /    A nd           | Web:      www.OpenFOAM.org                      |
|    \\/     M anipulation  |                                                 |
\*---------------------------------------------------------------------------*/
FoamFile
{
    version     2.0;
    format      ascii;
    class       volVectorField;
    location    "0.0349";
    object      U;
}
// * * * * * * * * * * * * * * * * * * * * * * * * * * * * * * * * * * * * * //

dimensions      [0 1 -1 0 0 0 0];

internalField   nonuniform List<vector> 
441
(
(0.00328225 -0.00457654 0)
(0.00819235 -0.00266056 0)
(-0.00066519 -2.21687e-165 0)
(0.0016156 -2.56983e-266 0)
(-0.00929738 -0.00646296 0)
(-0.0016156 -2.60286e-232 0)
(-1.08052e-202 -4.12749e-203 0)
(-1.03169e-203 -5.16721e-228 0)
(-1.39482e-212 -2.15125e-213 0)
(-0.00491639 7.45784e-266 0)
(-0.0585399 0.0196677 0)
(-0.0743367 0.0105953 0)
(-0.085134 0.00514878 0)
(-0.0773904 0.000927561 0)
(-0.0671459 -0.000707466 0)
(-0.0491177 -0.00199687 0)
(-0.0327872 -0.0016543 0)
(-0.0162744 -0.00164996 0)
(-0.00429118 -3.56144e-05 0)
(0.000657483 0.000563363 0)
(0.00355884 0.00224461 0)
(0.00303098 -0.00669132 0)
(-0.00296278 0.00659786 0)
(-0.0276972 0.00760213 0)
(-0.055692 0.0108138 0)
(-0.0956482 0.00896049 0)
(-0.130706 -0.00471698 0)
(-0.162088 -0.000554216 0)
(-0.190695 0.00113517 0)
(-0.215038 0.0101318 0)
(-0.239691 0.0518195 0)
(-0.256573 0.0480731 0)
(-0.251726 0.0162748 0)
(-0.242673 -0.00249675 0)
(-0.214237 -0.0195252 0)
(-0.181271 -0.0275937 0)
(-0.137165 -0.0334134 0)
(-0.0956355 -0.0309658 0)
(-0.0550614 -0.0279661 0)
(-0.0241806 -0.0164668 0)
(-0.00658766 -0.0091496 0)
(0.00353615 0.00217607 0)
(0.00622269 -0.00522186 0)
(-0.00622604 0.0276793 0)
(-0.0502744 0.0513396 0)
(-0.106455 0.0658959 0)
(-0.171822 0.067554 0)
(-0.237627 0.0629455 0)
(-0.305039 0.057829 0)
(-0.355715 0.0511701 0)
(-0.404672 0.0470695 0)
(-0.425176 0.0453306 0)
(-0.417879 0.0325157 0)
(-0.403018 -0.00228639 0)
(-0.377695 -0.0317374 0)
(-0.333381 -0.0603234 0)
(-0.281289 -0.0769218 0)
(-0.215514 -0.0878713 0)
(-0.152653 -0.0826917 0)
(-0.0905884 -0.0735352 0)
(-0.0429625 -0.0474788 0)
(-0.0125795 -0.0275171 0)
(0.00474447 -0.000314736 0)
(0.00588493 -0.00687584 0)
(-0.0128972 0.0646564 0)
(-0.0814561 0.107938 0)
(-0.158933 0.134373 0)
(-0.247169 0.140441 0)
(-0.332657 0.130895 0)
(-0.413345 0.118793 0)
(-0.479477 0.101444 0)
(-0.531514 0.0813661 0)
(-0.559135 0.0627092 0)
(-0.560844 0.0256631 0)
(-0.540946 -0.0248946 0)
(-0.505954 -0.0722441 0)
(-0.446962 -0.116921 0)
(-0.377648 -0.145253 0)
(-0.290897 -0.163335 0)
(-0.207487 -0.155358 0)
(-0.123808 -0.139137 0)
(-0.059774 -0.0937107 0)
(-0.016602 -0.0581544 0)
(0.00664676 -0.00531225 0)
(6.06387e-165 0.00147123 0)
(-0.0184838 0.114617 0)
(-0.113456 0.19665 0)
(-0.206871 0.2304 0)
(-0.315346 0.240388 0)
(-0.41693 0.227619 0)
(-0.514512 0.203673 0)
(-0.592911 0.168528 0)
(-0.655463 0.126246 0)
(-0.688621 0.0752777 0)
(-0.694587 0.0147303 0)
(-0.674611 -0.0569386 0)
(-0.63359 -0.125008 0)
(-0.563345 -0.188869 0)
(-0.478609 -0.231946 0)
(-0.370076 -0.2587 0)
(-0.265285 -0.248378 0)
(-0.155756 -0.222155 0)
(-0.0746561 -0.153098 0)
(-0.015174 -0.0946676 0)
(0.0130389 -0.00940729 0)
(-4.99296e-266 0.00491332 0)
(-0.0734612 0.182336 0)
(-0.155254 0.294654 0)
(-0.264665 0.337939 0)
(-0.379668 0.350467 0)
(-0.494515 0.331086 0)
(-0.60154 0.295336 0)
(-0.692249 0.242649 0)
(-0.764049 0.177772 0)
(-0.808465 0.101138 0)
(-0.825873 0.0118732 0)
(-0.810974 -0.0867922 0)
(-0.770103 -0.183286 0)
(-0.691812 -0.273258 0)
(-0.593411 -0.33804 0)
(-0.461974 -0.378713 0)
(-0.332705 -0.36866 0)
(-0.192834 -0.332515 0)
(-0.0907849 -0.232542 0)
(-0.011282 -0.148831 0)
(0.0158715 -0.0064397 0)
(-0.0196533 0.07806 0)
(-0.100751 0.266601 0)
(-0.193946 0.388326 0)
(-0.312228 0.453249 0)
(-0.440217 0.469679 0)
(-0.567355 0.448339 0)
(-0.688255 0.400866 0)
(-0.792622 0.330351 0)
(-0.87885 0.24237 0)
(-0.937384 0.136935 0)
(-0.968591 0.0177099 0)
(-0.963732 -0.112938 0)
(-0.927816 -0.243239 0)
(-0.845526 -0.366234 0)
(-0.735789 -0.460335 0)
(-0.579188 -0.520771 0)
(-0.422741 -0.515318 0)
(-0.241651 -0.466001 0)
(-0.118063 -0.331696 0)
(0.00104585 -0.202923 0)
(5.53304e-266 -0.00396788 0)
(-0.0140948 0.127599 0)
(-0.0941882 0.357699 0)
(-0.210442 0.506811 0)
(-0.345006 0.58505 0)
(-0.488734 0.606021 0)
(-0.630871 0.579571 0)
(-0.766171 0.521057 0)
(-0.887028 0.433274 0)
(-0.990408 0.322981 0)
(-1.06837 0.190431 0)
(-1.11936 0.0385699 0)
(-1.13149 -0.128521 0)
(-1.10784 -0.301076 0)
(-1.02787 -0.467149 0)
(-0.910417 -0.603668 0)
(-0.729284 -0.695139 0)
(-0.540155 -0.704521 0)
(-0.312637 -0.642585 0)
(-0.15364 -0.470953 0)
(-0.00177848 -0.275604 0)
(2.07048e-24 -1.44545e-24 0)
(-0.0122562 0.183289 0)
(-0.0974219 0.461253 0)
(-0.229381 0.637869 0)
(-0.378163 0.729988 0)
(-0.537685 0.754588 0)
(-0.694681 0.724525 0)
(-0.846012 0.656446 0)
(-0.984829 0.553748 0)
(-1.10843 0.423649 0)
(-1.20958 0.265427 0)
(-1.28515 0.081404 0)
(-1.32133 -0.124885 0)
(-1.31775 -0.345596 0)
(-1.24837 -0.564631 0)
(-1.12972 -0.756827 0)
(-0.92607 -0.893348 0)
(-0.701668 -0.928434 0)
(-0.415716 -0.856544 0)
(-0.209656 -0.635908 0)
(-0.0037843 -0.362819 0)
(8.53092e-77 -5.17621e-25 0)
(-0.0108082 0.238049 0)
(-0.0981205 0.576486 0)
(-0.242559 0.788506 0)
(-0.403637 0.894115 0)
(-0.577056 0.923252 0)
(-0.748023 0.888125 0)
(-0.914212 0.811714 0)
(-1.0712 0.695526 0)
(-1.21569 0.548053 0)
(-1.34277 0.366607 0)
(-1.44713 0.150572 0)
(-1.51416 -0.0970278 0)
(-1.53932 -0.373642 0)
(-1.491 -0.65753 0)
(-1.38071 -0.925317 0)
(-1.16169 -1.12812 0)
(-0.90153 -1.21334 0)
(-0.549028 -1.1431 0)
(-0.280645 -0.87797 0)
(-0.00516574 -0.498202 0)
(2.38571e-164 -2.13273e-77 0)
(-0.0115166 0.289161 0)
(-0.105068 0.691353 0)
(-0.262525 0.941393 0)
(-0.435306 1.06249 0)
(-0.620336 1.09761 0)
(-0.802583 1.05998 0)
(-0.980054 0.978821 0)
(-1.15204 0.854036 0)
(-1.3142 0.694984 0)
(-1.46584 0.496176 0)
(-1.59881 0.253306 0)
(-1.70075 -0.0330982 0)
(-1.7614 -0.367155 0)
(-1.74636 -0.72408 0)
(-1.6584 -1.08323 0)
(-1.43924 -1.3755 0)
(-1.15332 -1.53642 0)
(-0.73578 -1.48378 0)
(-0.395118 -1.16942 0)
(-0.0651991 -0.654077 0)
(1.52351e-265 0.011467 0)
(-0.0131475 0.355719 0)
(-0.111396 0.829687 0)
(-0.278867 1.12042 0)
(-0.459241 1.2528 0)
(-0.650382 1.29189 0)
(-0.838028 1.24799 0)
(-1.01971 1.16197 0)
(-1.1995 1.02935 0)
(-1.37149 0.862038 0)
(-1.5406 0.650486 0)
(-1.69634 0.385312 0)
(-1.83086 0.0643611 0)
(-1.92948 -0.328077 0)
(-1.95742 -0.762935 0)
(-1.90809 -1.23215 0)
(-1.7108 -1.63926 0)
(-1.41681 -1.9162 0)
(-0.938746 -1.91358 0)
(-0.501123 -1.54358 0)
(-0.0658354 -0.910467 0)
(0.045868 -0.0617712 0)
(-0.0177736 0.409446 0)
(-0.126871 0.954171 0)
(-0.309422 1.28642 0)
(-0.49717 1.43078 0)
(-0.68822 1.47464 0)
(-0.87295 1.42678 0)
(-1.04586 1.33934 0)
(-1.22005 1.20421 0)
(-1.38533 1.03566 0)
(-1.55668 0.820296 0)
(-1.71908 0.543868 0)
(-1.8759 0.200042 0)
(-2.00576 -0.238766 0)
(-2.08383 -0.745219 0)
(-2.08893 -1.32571 0)
(-1.94523 -1.86876 0)
(-1.68218 -2.30286 0)
(-1.15729 -2.40706 0)
(-0.649732 -2.03561 0)
(0.033988 -1.20683 0)
(2.14413e-231 -0.011467 0)
(-0.0238566 0.503255 0)
(-0.142146 1.12443 0)
(-0.334462 1.49456 0)
(-0.521655 1.63269 0)
(-0.701493 1.67074 0)
(-0.870312 1.60587 0)
(-1.01869 1.51084 0)
(-1.16912 1.36863 0)
(-1.30669 1.19904 0)
(-1.45694 0.983732 0)
(-1.60169 0.703773 0)
(-1.75764 0.350308 0)
(-1.90181 -0.121272 0)
(-2.02398 -0.681059 0)
(-2.09704 -1.37137 0)
(-2.04631 -2.05094 0)
(-1.87589 -2.7049 0)
(-1.39841 -2.96318 0)
(-0.858365 -2.73051 0)
(-0.00396276 -1.59357 0)
(5.38323e-202 4.36247e-184 0)
(-0.0411642 0.568247 0)
(-0.185063 1.25867 0)
(-0.396133 1.66188 0)
(-0.580556 1.79215 0)
(-0.731318 1.82145 0)
(-0.865258 1.7403 0)
(-0.960978 1.63756 0)
(-1.06096 1.49059 0)
(-1.13868 1.32346 0)
(-1.23755 1.11538 0)
(-1.33002 0.845089 0)
(-1.45643 0.501772 0)
(-1.58347 0.0296976 0)
(-1.73976 -0.546978 0)
(-1.8731 -1.29687 0)
(-1.96283 -2.08776 0)
(-1.93362 -2.93694 0)
(-1.6259 -3.4339 0)
(-1.12219 -3.40883 0)
(-0.0095977 -2.093 0)
(1.74499e-183 1.52855e-184 0)
(-0.0606103 0.737189 0)
(-0.227023 1.48368 0)
(-0.441201 1.89922 0)
(-0.604272 1.9691 0)
(-0.704221 1.96231 0)
(-0.779936 1.836 0)
(-0.799001 1.71047 0)
(-0.82206 1.54674 0)
(-0.812474 1.37694 0)
(-0.82863 1.17576 0)
(-0.836005 0.921777 0)
(-0.893926 0.605126 0)
(-0.966671 0.159331 0)
(-1.11418 -0.389006 0)
(-1.28793 -1.15243 0)
(-1.50918 -1.98775 0)
(-1.69665 -3.04834 0)
(-1.68738 -3.78263 0)
(-1.46723 -4.36639 0)
(-0.450085 -2.76106 0)
(4.27095e-254 -4.36247e-184 0)
(-0.125964 0.841479 0)
(-0.359591 1.62599 0)
(-0.56835 2.03353 0)
(-0.688143 2.04523 0)
(-0.678037 1.99602 0)
(-0.651183 1.82994 0)
(-0.540308 1.68037 0)
(-0.44778 1.5028 0)
(-0.312591 1.33119 0)
(-0.217908 1.1408 0)
(-0.110487 0.911853 0)
(-0.0783458 0.637523 0)
(-0.0623711 0.252687 0)
(-0.184203 -0.217119 0)
(-0.345891 -0.894487 0)
(-0.730503 -1.66818 0)
(-1.09098 -2.73358 0)
(-1.7005 -3.66307 0)
(-1.76709 -4.56169 0)
(-2.03923 -3.63555 0)
(-2.47846e-264 -0.209587 0)
(-0.180007 1.2437 0)
(-0.443598 1.93024 0)
(-0.57654 2.2498 0)
(-0.58797 2.07904 0)
(-0.418687 1.93917 0)
(-0.244333 1.6981 0)
(0.0236168 1.51378 0)
(0.255858 1.31928 0)
(0.52869 1.14912 0)
(0.745721 0.975245 0)
(0.972591 0.781183 0)
(1.109 0.561324 0)
(1.2257 0.261113 0)
(1.18104 -0.0965511 0)
(1.07702 -0.616879 0)
(0.694377 -1.22586 0)
(0.229999 -2.1075 0)
(-0.605379 -3.06263 0)
(-1.23254 -4.114 0)
(-1.8662 -4.38912 0)
(-0.838347 -2.2714 0)
(-0.398838 1.43044 0)
(-0.729684 1.99375 0)
(-0.546989 2.17197 0)
(-0.304004 1.87075 0)
(0.201022 1.65369 0)
(0.606058 1.38027 0)
(1.09663 1.18258 0)
(1.48965 0.996114 0)
(1.90496 0.843333 0)
(2.22944 0.699712 0)
(2.55298 0.550402 0)
(2.76159 0.392452 0)
(2.95267 0.183314 0)
(2.95394 -0.0531503 0)
(2.91813 -0.404059 0)
(2.54566 -0.79811 0)
(2.12821 -1.43219 0)
(1.16786 -2.16808 0)
(0.326139 -3.30134 0)
(-0.761745 -3.95397 0)
(-0.694385 -2.95251 0)
(-0.253561 2.43403 0)
(-0.0903632 2.07305 0)
(0.696452 1.87496 0)
(1.32952 1.32391 0)
(2.11736 1.05033 0)
(2.70598 0.796785 0)
(3.31375 0.637309 0)
(3.77832 0.507649 0)
(4.23178 0.41029 0)
(4.57481 0.327088 0)
(4.90219 0.24711 0)
(5.11117 0.166362 0)
(5.30088 0.0646948 0)
(5.31304 -0.0497141 0)
(5.30002 -0.218414 0)
(4.98127 -0.413772 0)
(4.63632 -0.758985 0)
(3.74415 -1.22671 0)
(2.81087 -2.24876 0)
(1.06723 -3.32303 0)
(-0.0425146 -3.80155 0)
(1.66988 1.67217 0)
(2.71544 0.978007 0)
(4.56368 0.75067 0)
(5.40235 0.423696 0)
(6.26042 0.283844 0)
(6.75372 0.173695 0)
(7.21112 0.116145 0)
(7.51062 0.0760455 0)
(7.78581 0.0509055 0)
(7.97054 0.0324182 0)
(8.14215 0.0167214 0)
(8.23119 0.00210597 0)
(8.31313 -0.0167564 0)
(8.2747 -0.036516 0)
(8.23759 -0.0721918 0)
(7.97669 -0.10723 0)
(7.74088 -0.199724 0)
(6.99966 -0.295666 0)
(6.26845 -0.630495 0)
(4.04987 -1.00304 0)
(2.01154 -1.82528 0)
)
;

boundaryField
{
    movingWall
    {
        type            fixedValue;
        value           uniform (10 0 0);
    }
    fixedWalls
    {
        type            noSlip;
    }
    frontAndBack
    {
        type            empty;
    }
}


// ************************************************************************* //
