/*--------------------------------*- C++ -*----------------------------------*\
| =========                 |                                                 |
| \\      /  F ield         | OpenFOAM: The Open Source CFD Toolbox           |
|  \\    /   O peration     | Version:  4.1                                   |
|   \\  /    A nd           | Web:      www.OpenFOAM.org                      |
|    \\/     M anipulation  |                                                 |
\*---------------------------------------------------------------------------*/
FoamFile
{
    version     2.0;
    format      ascii;
    class       volVectorField;
    location    "0.0313";
    object      U;
}
// * * * * * * * * * * * * * * * * * * * * * * * * * * * * * * * * * * * * * //

dimensions      [0 1 -1 0 0 0 0];

internalField   nonuniform List<vector> 
441
(
(0.00327717 -0.00460236 0)
(0.00810672 -0.00270308 0)
(-0.00067584 -2.24034e-165 0)
(0.00159034 -2.5063e-266 0)
(-0.00950494 -0.00636193 0)
(-0.00159034 -2.57442e-232 0)
(-1.08199e-202 -3.99714e-203 0)
(-9.99101e-204 -4.97209e-228 0)
(-1.36995e-212 -2.06133e-213 0)
(-0.00482649 7.33797e-266 0)
(-0.0572764 0.0193079 0)
(-0.0728573 0.0104402 0)
(-0.0836129 0.00510594 0)
(-0.0763562 0.000988462 0)
(-0.0666831 -0.000621408 0)
(-0.0493344 -0.00190419 0)
(-0.0334728 -0.00162255 0)
(-0.017144 -0.00166553 0)
(-0.00505533 -0.000121409 0)
(0.000314116 0.000482846 0)
(0.00346133 0.00219361 0)
(0.00298063 -0.00657117 0)
(-0.00324849 0.00665447 0)
(-0.0280821 0.00758804 0)
(-0.0559344 0.0109392 0)
(-0.0953801 0.00881562 0)
(-0.12959 -0.00494467 0)
(-0.159967 -0.000609428 0)
(-0.187461 0.00108844 0)
(-0.210711 0.00988518 0)
(-0.234345 0.0506764 0)
(-0.250552 0.0470759 0)
(-0.245818 0.0161681 0)
(-0.23732 -0.00200031 0)
(-0.210181 -0.0185022 0)
(-0.17874 -0.0264256 0)
(-0.136313 -0.0323236 0)
(-0.0960657 -0.0303528 0)
(-0.0561915 -0.0278496 0)
(-0.025368 -0.0169264 0)
(-0.00718556 -0.00973231 0)
(0.00337647 0.00178234 0)
(0.00614111 -0.00492641 0)
(-0.00644648 0.0279686 0)
(-0.0504476 0.051281 0)
(-0.106008 0.0652844 0)
(-0.170104 0.0663063 0)
(-0.234324 0.0611403 0)
(-0.299613 0.0557729 0)
(-0.348084 0.0490329 0)
(-0.394824 0.0450259 0)
(-0.413862 0.0435844 0)
(-0.406089 0.0315769 0)
(-0.39146 -0.00178414 0)
(-0.367149 -0.0299451 0)
(-0.324803 -0.0574343 0)
(-0.275132 -0.073653 0)
(-0.212071 -0.084801 0)
(-0.151473 -0.0806983 0)
(-0.0909418 -0.0727719 0)
(-0.0438991 -0.0481089 0)
(-0.0131536 -0.0286079 0)
(0.00453746 -0.00110949 0)
(0.00590931 -0.00644172 0)
(-0.0126569 0.0647967 0)
(-0.0805703 0.107271 0)
(-0.156729 0.132576 0)
(-0.242901 0.137431 0)
(-0.32584 0.126935 0)
(-0.403539 0.114361 0)
(-0.466641 0.0969559 0)
(-0.515858 0.0773693 0)
(-0.541403 0.0596589 0)
(-0.54203 0.0244134 0)
(-0.52222 -0.0237384 0)
(-0.488415 -0.0687736 0)
(-0.43196 -0.11148 0)
(-0.365955 -0.138959 0)
(-0.283126 -0.157229 0)
(-0.20325 -0.150965 0)
(-0.122333 -0.136871 0)
(-0.0597909 -0.093973 0)
(-0.0167995 -0.0594493 0)
(0.0064583 -0.00649342 0)
(6.03681e-165 0.00147733 0)
(-0.0179759 0.11405 0)
(-0.111467 0.194628 0)
(-0.202703 0.226427 0)
(-0.308123 0.234544 0)
(-0.406157 0.220306 0)
(-0.499703 0.195626 0)
(-0.574095 0.160571 0)
(-0.632879 0.119323 0)
(-0.66314 0.0703728 0)
(-0.667301 0.0127892 0)
(-0.646962 -0.0551553 0)
(-0.607056 -0.119509 0)
(-0.539787 -0.180109 0)
(-0.459291 -0.221467 0)
(-0.35617 -0.248133 0)
(-0.256596 -0.240113 0)
(-0.15161 -0.217096 0)
(-0.0733211 -0.152079 0)
(-0.0148965 -0.0955574 0)
(0.0128036 -0.0105732 0)
(-4.98956e-266 0.00487513 0)
(-0.0724533 0.180465 0)
(-0.151995 0.290343 0)
(-0.258333 0.330899 0)
(-0.369322 0.340856 0)
(-0.47959 0.31954 0)
(-0.58155 0.282849 0)
(-0.667177 0.230389 0)
(-0.734107 0.167085 0)
(-0.774462 0.0933977 0)
(-0.788891 0.00843627 0)
(-0.772755 -0.0848636 0)
(-0.732515 -0.175743 0)
(-0.657403 -0.260557 0)
(-0.564135 -0.322111 0)
(-0.439857 -0.361909 0)
(-0.317938 -0.354531 0)
(-0.184997 -0.322822 0)
(-0.0875297 -0.228983 0)
(-0.010109 -0.148509 0)
(0.0158286 -0.00762649 0)
(-0.0195005 0.0770926 0)
(-0.0990797 0.262773 0)
(-0.189453 0.381001 0)
(-0.303899 0.442208 0)
(-0.427009 0.455268 0)
(-0.548591 0.431411 0)
(-0.663325 0.382698 0)
(-0.761374 0.31247 0)
(-0.84132 0.226525 0)
(-0.894264 0.125005 0)
(-0.920908 0.0115383 0)
(-0.913441 -0.111743 0)
(-0.877204 -0.233955 0)
(-0.79795 -0.349117 0)
(-0.694095 -0.437587 0)
(-0.546605 -0.495608 0)
(-0.400106 -0.492806 0)
(-0.229221 -0.449333 0)
(-0.11268 -0.324071 0)
(0.00220765 -0.200468 0)
(5.46859e-266 -0.00395716 0)
(-0.0139307 0.125733 0)
(-0.0921791 0.351481 0)
(-0.205056 0.495856 0)
(-0.335172 0.569305 0)
(-0.473296 0.585995 0)
(-0.609015 0.556325 0)
(-0.737098 0.496102 0)
(-0.850335 0.408439 0)
(-0.945844 0.300421 0)
(-1.01636 0.172559 0)
(-1.06079 0.0279437 0)
(-1.06845 -0.129495 0)
(-1.04299 -0.290849 0)
(-0.965446 -0.445467 0)
(-0.854298 -0.572767 0)
(-0.684186 -0.659141 0)
(-0.507853 -0.670263 0)
(-0.294592 -0.615466 0)
(-0.145774 -0.456203 0)
(-0.00151908 -0.269753 0)
(1.98952e-24 -1.52246e-24 0)
(-0.0120525 0.180194 0)
(-0.0951924 0.45221 0)
(-0.223517 0.622753 0)
(-0.367515 0.708921 0)
(-0.520992 0.728194 0)
(-0.670945 0.694003 0)
(-0.814182 0.623478 0)
(-0.944172 0.520419 0)
(-1.05832 0.392516 0)
(-1.15011 0.239524 0)
(-1.21694 0.0641785 0)
(-1.2465 -0.129933 0)
(-1.23925 -0.335724 0)
(-1.17119 -0.538717 0)
(-1.05867 -0.71679 0)
(-0.867381 -0.844202 0)
(-0.658258 -0.878911 0)
(-0.390567 -0.815201 0)
(-0.198259 -0.610695 0)
(-0.0035982 -0.352219 0)
(8.1836e-77 -4.9738e-25 0)
(-0.0106126 0.233776 0)
(-0.0959673 0.564605 0)
(-0.236855 0.769161 0)
(-0.393202 0.867568 0)
(-0.560543 0.890178 0)
(-0.724261 0.849786 0)
(-0.881903 0.76988 0)
(-1.02928 0.652463 0)
(-1.16316 0.506709 0)
(-1.27934 0.330686 0)
(-1.37315 0.124588 0)
(-1.43163 -0.108243 0)
(-1.45126 -0.365814 0)
(-1.40276 -0.628321 0)
(-1.29772 -0.875963 0)
(-1.09125 -1.06426 0)
(-0.847697 -1.14556 0)
(-0.516574 -1.08359 0)
(-0.265314 -0.838433 0)
(-0.00501311 -0.480496 0)
(2.28425e-164 -2.0459e-77 0)
(-0.0113539 0.283755 0)
(-0.103293 0.676807 0)
(-0.257725 0.91803 0)
(-0.426336 1.03064 0)
(-0.605848 1.05793 0)
(-0.781307 1.01371 0)
(-0.950546 0.927748 0)
(-1.11301 0.800545 0)
(-1.2644 0.642395 0)
(-1.40471 0.448894 0)
(-1.52642 0.216987 0)
(-1.61884 -0.0521724 0)
(-1.6727 -0.363027 0)
(-1.65597 -0.693029 0)
(-1.57147 -1.02547 0)
(-1.36324 -1.29697 0)
(-1.0928 -1.44894 0)
(-0.697223 -1.40351 0)
(-0.375526 -1.11215 0)
(-0.0630337 -0.627642 0)
(1.44943e-265 0.0110287 0)
(-0.0130685 0.349537 0)
(-0.110396 0.813176 0)
(-0.275896 1.09391 0)
(-0.453298 1.21659 0)
(-0.640255 1.24656 0)
(-0.82251 1.19469 0)
(-0.997418 1.10245 0)
(-1.16916 0.96607 0)
(-1.33182 0.798653 0)
(-1.49097 0.592048 0)
(-1.63662 0.338558 0)
(-1.76231 0.0368821 0)
(-1.85414 -0.328794 0)
(-1.87922 -0.731921 0)
(-1.83087 -1.16853 0)
(-1.64072 -1.54876 0)
(-1.35808 -1.81105 0)
(-0.898763 -1.8126 0)
(-0.479823 -1.4679 0)
(-0.0633866 -0.872494 0)
(0.0441149 -0.0600068 0)
(-0.0178203 0.402977 0)
(-0.127019 0.936738 0)
(-0.309184 1.25813 0)
(-0.495845 1.3918 0)
(-0.684928 1.42541 0)
(-0.866778 1.36838 0)
(-1.03576 1.27347 0)
(-1.20505 1.1334 0)
(-1.36446 0.96383 0)
(-1.5294 0.753002 0)
(-1.68513 0.48864 0)
(-1.83592 0.165374 0)
(-1.96057 -0.24439 0)
(-2.03539 -0.716075 0)
(-2.03858 -1.26003 0)
(-1.89651 -1.77166 0)
(-1.63714 -2.1854 0)
(-1.12381 -2.28893 0)
(-0.629196 -1.94075 0)
(0.0333156 -1.15703 0)
(2.07749e-231 -0.0110287 0)
(-0.0240795 0.497273 0)
(-0.143787 1.10765 0)
(-0.337767 1.46658 0)
(-0.526382 1.59345 0)
(-0.707296 1.62057 0)
(-0.876795 1.54578 0)
(-1.02538 1.44251 0)
(-1.1756 1.29459 0)
(-1.31247 1.12338 0)
(-1.46171 0.912219 0)
(-1.60508 0.644278 0)
(-1.75945 0.31154 0)
(-1.9014 -0.13061 0)
(-2.02075 -0.655326 0)
(-2.08932 -1.30836 0)
(-2.03369 -1.95517 0)
(-1.85744 -2.58489 0)
(-1.37939 -2.83724 0)
(-0.842368 -2.62102 0)
(-0.00398593 -1.53405 0)
(5.25279e-202 4.28692e-184 0)
(-0.0415647 0.563617 0)
(-0.188241 1.24431 0)
(-0.403177 1.63664 0)
(-0.59183 1.75565 0)
(-0.747174 1.77393 0)
(-0.885949 1.68275 0)
(-0.986736 1.57164 0)
(-1.09195 1.41881 0)
(-1.17494 1.24986 0)
(-1.27891 1.04561 0)
(-1.37592 0.78678 0)
(-1.50573 0.463152 0)
(-1.63412 0.018789 0)
(-1.78873 -0.525371 0)
(-1.91607 -1.24099 0)
(-1.99547 -2.00163 0)
(-1.95151 -2.82651 0)
(-1.63013 -3.31327 0)
(-1.11577 -3.29541 0)
(-0.00906154 -2.02641 0)
(1.71477e-183 1.97535e-184 0)
(-0.0611429 0.734744 0)
(-0.23138 1.47354 0)
(-0.451269 1.8793 0)
(-0.621078 1.93864 0)
(-0.72884 1.92151 0)
(-0.813245 1.78575 0)
(-0.841849 1.65237 0)
(-0.875068 1.48312 0)
(-0.876025 1.31155 0)
(-0.902542 1.11377 0)
(-0.919402 0.870055 0)
(-0.984792 0.570871 0)
(-1.06183 0.149377 0)
(-1.20903 -0.371265 0)
(-1.37659 -1.10614 0)
(-1.58473 -1.91738 0)
(-1.75211 -2.95732 0)
(-1.71829 -3.6812 0)
(-1.47489 -4.26222 0)
(-0.445637 -2.69434 0)
(4.21873e-254 -4.28692e-184 0)
(-0.126461 0.841664 0)
(-0.364018 1.62114 0)
(-0.579205 2.02065 0)
(-0.707033 2.02321 0)
(-0.706698 1.96493 0)
(-0.690958 1.79055 0)
(-0.592538 1.63407 0)
(-0.51337 1.45165 0)
(-0.392155 1.27839 0)
(-0.311148 1.09074 0)
(-0.216239 0.870299 0)
(-0.193824 0.610406 0)
(-0.183719 0.245422 0)
(-0.305776 -0.202353 0)
(-0.461872 -0.858267 0)
(-0.832908 -1.61549 0)
(-1.17346 -2.66836 0)
(-1.75262 -3.59051 0)
(-1.79055 -4.48549 0)
(-2.02831 -3.57593 0)
(-2.45256e-264 -0.207995 0)
(-0.180199 1.24609 0)
(-0.446395 1.93042 0)
(-0.58465 2.24429 0)
(-0.603429 2.06638 0)
(-0.443719 1.91924 0)
(-0.280649 1.67144 0)
(-0.0257219 1.4815 0)
(0.192326 1.28302 0)
(0.450127 1.11137 0)
(0.652376 0.939387 0)
(0.865764 0.75158 0)
(0.991775 0.542461 0)
(1.10244 0.256988 0)
(1.0576 -0.0844786 0)
(0.959193 -0.58994 0)
(0.58851 -1.18909 0)
(0.141049 -2.06646 0)
(-0.669948 -3.02044 0)
(-1.26934 -4.0722 0)
(-1.87091 -4.34849 0)
(-0.831981 -2.2578 0)
(-0.398545 1.43356 0)
(-0.729495 1.99679 0)
(-0.549194 2.17173 0)
(-0.310835 1.86568 0)
(0.187031 1.64349 0)
(0.582828 1.36528 0)
(1.06204 1.16357 0)
(1.44219 0.974278 0)
(1.84349 0.820383 0)
(2.15396 0.677919 0)
(2.46462 0.532626 0)
(2.66332 0.381605 0)
(2.84879 0.18199 0)
(2.85036 -0.0440512 0)
(2.82046 -0.385583 0)
(2.45941 -0.774178 0)
(2.05604 -1.4078 0)
(1.11298 -2.14694 0)
(0.289593 -3.28391 0)
(-0.776874 -3.9381 0)
(-0.693054 -2.94807 0)
(-0.253039 2.43593 0)
(-0.0880177 2.07573 0)
(0.699495 1.87653 0)
(1.33127 1.32318 0)
(2.11536 1.04698 0)
(2.698 0.790975 0)
(3.29761 0.629502 0)
(3.75241 0.498516 0)
(4.19498 0.400732 0)
(4.52701 0.318237 0)
(4.84434 0.240301 0)
(5.0458 0.162917 0)
(5.23173 0.0656676 0)
(5.24512 -0.0440619 0)
(5.23824 -0.208925 0)
(4.92991 -0.402454 0)
(4.597 -0.748869 0)
(3.71677 -1.21968 0)
(2.79342 -2.24568 0)
(1.05944 -3.32034 0)
(-0.0419298 -3.80177 0)
(1.6702 1.6725 0)
(2.71728 0.978537 0)
(4.56705 0.751122 0)
(5.40619 0.423816 0)
(6.26325 0.283559 0)
(6.75407 0.173052 0)
(7.20768 0.115245 0)
(7.50247 0.0750275 0)
(7.77241 0.0499395 0)
(7.95202 0.0316881 0)
(8.11929 0.0164334 0)
(8.20562 0.00240836 0)
(8.28708 -0.0157637 0)
(8.25099 -0.0349607 0)
(8.21856 -0.0703242 0)
(7.96421 -0.105579 0)
(7.73465 -0.198793 0)
(6.99834 -0.295776 0)
(6.26911 -0.631666 0)
(4.05073 -1.00463 0)
(2.01306 -1.82736 0)
)
;

boundaryField
{
    movingWall
    {
        type            fixedValue;
        value           uniform (10 0 0);
    }
    fixedWalls
    {
        type            noSlip;
    }
    frontAndBack
    {
        type            empty;
    }
}


// ************************************************************************* //
