/*--------------------------------*- C++ -*----------------------------------*\
| =========                 |                                                 |
| \\      /  F ield         | OpenFOAM: The Open Source CFD Toolbox           |
|  \\    /   O peration     | Version:  4.1                                   |
|   \\  /    A nd           | Web:      www.OpenFOAM.org                      |
|    \\/     M anipulation  |                                                 |
\*---------------------------------------------------------------------------*/
FoamFile
{
    version     2.0;
    format      ascii;
    class       volVectorField;
    location    "0.1051";
    object      U;
}
// * * * * * * * * * * * * * * * * * * * * * * * * * * * * * * * * * * * * * //

dimensions      [0 1 -1 0 0 0 0];

internalField   nonuniform List<vector> 
441
(
(0.00385588 -0.00492009 0)
(0.0101214 -0.00254121 0)
(-0.000635301 -2.22524e-165 0)
(0.00202978 -3.46218e-266 0)
(-0.00837666 -0.00811933 0)
(-0.00202978 -3.14532e-232 0)
(-1.16358e-202 -5.82944e-203 0)
(-1.45732e-203 -7.65576e-228 0)
(-1.77462e-212 -3.34308e-213 0)
(-0.00633682 9.38986e-266 0)
(-0.0777449 0.0253479 0)
(-0.0974269 0.0132066 0)
(-0.109377 0.00599391 0)
(-0.0957094 0.000328502 0)
(-0.0781229 -0.00177138 0)
(-0.0512902 -0.00313411 0)
(-0.0283522 -0.00220072 0)
(-0.00822101 -0.00156332 0)
(0.00368679 0.000865124 0)
(0.00500555 0.00164916 0)
(0.00468484 0.00310032 0)
(0.00402396 -0.00887472 0)
(-0.00061555 0.00695115 0)
(-0.0277971 0.00876228 0)
(-0.0607855 0.0108796 0)
(-0.11018 0.0112648 0)
(-0.157169 -0.00311791 0)
(-0.201531 -0.000119473 0)
(-0.244294 0.00174263 0)
(-0.282195 0.0136987 0)
(-0.320171 0.0692371 0)
(-0.345628 0.063464 0)
(-0.339053 0.01887 0)
(-0.322554 -0.00836285 0)
(-0.277652 -0.0323966 0)
(-0.2251 -0.0428693 0)
(-0.159542 -0.0479924 0)
(-0.100635 -0.0407069 0)
(-0.0488007 -0.0317721 0)
(-0.0143533 -0.0135607 0)
(-0.00041146 -0.00336367 0)
(0.00510859 0.00681849 0)
(0.00792273 -0.00882717 0)
(-0.00515461 0.0288928 0)
(-0.0558305 0.0587632 0)
(-0.125118 0.0797228 0)
(-0.210216 0.0870452 0)
(-0.29837 0.0870578 0)
(-0.39331 0.0840929 0)
(-0.470865 0.0780486 0)
(-0.546664 0.0729572 0)
(-0.583671 0.0681873 0)
(-0.578994 0.0451871 0)
(-0.559162 -0.00855863 0)
(-0.519311 -0.0547072 0)
(-0.450104 -0.0969028 0)
(-0.367901 -0.118893 0)
(-0.269285 -0.127885 0)
(-0.178238 -0.111734 0)
(-0.0956321 -0.0883735 0)
(-0.0380294 -0.0464076 0)
(-0.00764943 -0.0182679 0)
(0.0065476 0.00817177 0)
(0.00653109 -0.0120081 0)
(-0.0170985 0.0725303 0)
(-0.10126 0.12865 0)
(-0.201049 0.167807 0)
(-0.318879 0.184882 0)
(-0.437715 0.182843 0)
(-0.554883 0.174187 0)
(-0.656381 0.156061 0)
(-0.739548 0.1291 0)
(-0.788185 0.0987623 0)
(-0.797096 0.0386642 0)
(-0.771183 -0.0419902 0)
(-0.717628 -0.117618 0)
(-0.626672 -0.185042 0)
(-0.517867 -0.223557 0)
(-0.386857 -0.239251 0)
(-0.263539 -0.213807 0)
(-0.148005 -0.173703 0)
(-0.0651422 -0.100644 0)
(-0.0158531 -0.0493441 0)
(0.00813211 0.00610757 0)
(7.16013e-165 0.00163277 0)
(-0.0260782 0.136214 0)
(-0.147814 0.241891 0)
(-0.272936 0.295803 0)
(-0.421801 0.32252 0)
(-0.566643 0.321093 0)
(-0.710682 0.301328 0)
(-0.83263 0.261527 0)
(-0.933348 0.203955 0)
(-0.992336 0.126484 0)
(-1.00907 0.0285934 0)
(-0.984171 -0.0877517 0)
(-0.92236 -0.19845 0)
(-0.814735 -0.297045 0)
(-0.681804 -0.357624 0)
(-0.516995 -0.383164 0)
(-0.359033 -0.34908 0)
(-0.203622 -0.28795 0)
(-0.0927284 -0.17681 0)
(-0.0189152 -0.0924531 0)
(0.0147465 0.00123309 0)
(-5.80165e-266 0.00603716 0)
(-0.0938738 0.225311 0)
(-0.20671 0.373354 0)
(-0.35702 0.443703 0)
(-0.520023 0.478395 0)
(-0.686873 0.472823 0)
(-0.847734 0.440811 0)
(-0.989308 0.378993 0)
(-1.10541 0.289741 0)
(-1.18195 0.173673 0)
(-1.21626 0.0308058 0)
(-1.19981 -0.129769 0)
(-1.13894 -0.286822 0)
(-1.02003 -0.427313 0)
(-0.866472 -0.520884 0)
(-0.666991 -0.564631 0)
(-0.470551 -0.526138 0)
(-0.268705 -0.443271 0)
(-0.124295 -0.283313 0)
(-0.0219652 -0.160108 0)
(0.016139 0.00333241 0)
(-0.0241486 0.0988318 0)
(-0.130922 0.33919 0)
(-0.260561 0.50539 0)
(-0.425628 0.607154 0)
(-0.608132 0.651448 0)
(-0.793756 0.647211 0)
(-0.975137 0.602838 0)
(-1.13681 0.51819 0)
(-1.274 0.396313 0)
(-1.37123 0.237064 0)
(-1.42586 0.0469414 0)
(-1.42464 -0.1654 0)
(-1.37188 -0.377225 0)
(-1.24867 -0.570535 0)
(-1.07956 -0.709221 0)
(-0.844941 -0.781109 0)
(-0.607806 -0.745083 0)
(-0.346304 -0.636798 0)
(-0.165685 -0.420223 0)
(-0.00866659 -0.234799 0)
(6.01678e-266 -0.00403474 0)
(-0.0178443 0.163641 0)
(-0.125274 0.462907 0)
(-0.283908 0.668562 0)
(-0.469732 0.792031 0)
(-0.672121 0.846673 0)
(-0.876689 0.840075 0)
(-1.07623 0.784132 0)
(-1.25865 0.677699 0)
(-1.41776 0.524585 0)
(-1.54015 0.324958 0)
(-1.62115 0.0846652 0)
(-1.64328 -0.184865 0)
(-1.60857 -0.462269 0)
(-1.49116 -0.721966 0)
(-1.31495 -0.923955 0)
(-1.05044 -1.04075 0)
(-0.770933 -1.02317 0)
(-0.445042 -0.891975 0)
(-0.21432 -0.616265 0)
(-0.00391916 -0.335509 0)
(2.66386e-24 -1.03909e-24 0)
(-0.0158144 0.238124 0)
(-0.128324 0.603292 0)
(-0.303224 0.848096 0)
(-0.503236 0.993372 0)
(-0.721127 1.05695 0)
(-0.940038 1.04957 0)
(-1.15529 0.983769 0)
(-1.35588 0.858481 0)
(-1.53648 0.677522 0)
(-1.68469 0.439777 0)
(-1.79461 0.150667 0)
(-1.84668 -0.178544 0)
(-1.83941 -0.527874 0)
(-1.74039 -0.865547 0)
(-1.57022 -1.14774 0)
(-1.28664 -1.32855 0)
(-0.970536 -1.34681 0)
(-0.576074 -1.19905 0)
(-0.286058 -0.853378 0)
(-0.00512077 -0.457376 0)
(1.08069e-76 -6.65964e-25 0)
(-0.0135962 0.308311 0)
(-0.12448 0.752043 0)
(-0.307339 1.04413 0)
(-0.514377 1.21045 0)
(-0.74036 1.2838 0)
(-0.967115 1.27412 0)
(-1.19098 1.20015 0)
(-1.40402 1.05842 0)
(-1.60086 0.853569 0)
(-1.77229 0.582368 0)
(-1.91099 0.247022 0)
(-1.99735 -0.141252 0)
(-2.02632 -0.567824 0)
(-1.95983 -0.993853 0)
(-1.81258 -1.37681 0)
(-1.52803 -1.64663 0)
(-1.18727 -1.73222 0)
(-0.727794 -1.58721 0)
(-0.370753 -1.18145 0)
(-0.00745573 -0.637406 0)
(2.99938e-164 -2.70172e-77 0)
(-0.0133716 0.372631 0)
(-0.123509 0.895226 0)
(-0.309254 1.23556 0)
(-0.516756 1.42402 0)
(-0.742042 1.50787 0)
(-0.967172 1.49807 0)
(-1.18895 1.4195 0)
(-1.40383 1.26684 0)
(-1.60618 1.04537 0)
(-1.79225 0.749067 0)
(-1.95324 0.376377 0)
(-2.07348 -0.06359 0)
(-2.14365 -0.563268 0)
(-2.12411 -1.08021 0)
(-2.02039 -1.57602 0)
(-1.76222 -1.95782 0)
(-1.42224 -2.142 0)
(-0.918012 -2.02425 0)
(-0.495679 -1.56173 0)
(-0.0827983 -0.841852 0)
(1.80178e-265 0.0134475 0)
(-0.0136067 0.446061 0)
(-0.117871 1.0501 0)
(-0.298151 1.43882 0)
(-0.496101 1.6439 0)
(-0.708741 1.73534 0)
(-0.919581 1.72097 0)
(-1.12499 1.63746 0)
(-1.3271 1.47523 0)
(-1.51958 1.24222 0)
(-1.70602 0.928779 0)
(-1.87688 0.528434 0)
(-2.02349 0.0482472 0)
(-2.13397 -0.516457 0)
(-2.17081 -1.11926 0)
(-2.13011 -1.73733 0)
(-1.92898 -2.25139 0)
(-1.62021 -2.57507 0)
(-1.09184 -2.52847 0)
(-0.592134 -2.0107 0)
(-0.0767533 -1.15324 0)
(0.0537901 -0.0785619 0)
(-0.0165686 0.499706 0)
(-0.118635 1.17681 0)
(-0.294486 1.61088 0)
(-0.477961 1.83129 0)
(-0.666427 1.92955 0)
(-0.849096 1.91178 0)
(-1.01942 1.82613 0)
(-1.18978 1.65997 0)
(-1.35052 1.42414 0)
(-1.51721 1.10599 0)
(-1.67732 0.694739 0)
(-1.836 0.19409 0)
(-1.97638 -0.413112 0)
(-2.07381 -1.08311 0)
(-2.11098 -1.81217 0)
(-2.00063 -2.46935 0)
(-1.77128 -2.97226 0)
(-1.24521 -3.06137 0)
(-0.718442 -2.57041 0)
(0.0442763 -1.49515 0)
(2.48679e-231 -0.0134475 0)
(-0.0207972 0.58427 0)
(-0.117788 1.33108 0)
(-0.281896 1.80207 0)
(-0.440445 2.01699 0)
(-0.590836 2.10973 0)
(-0.72966 2.07444 0)
(-0.846915 1.98028 0)
(-0.965867 1.80659 0)
(-1.07315 1.57062 0)
(-1.19674 1.25581 0)
(-1.32193 0.847376 0)
(-1.46908 0.347537 0)
(-1.62034 -0.27848 0)
(-1.76855 -0.984896 0)
(-1.89083 -1.80923 0)
(-1.90657 -2.5951 0)
(-1.815 -3.32859 0)
(-1.39835 -3.59954 0)
(-0.892637 -3.29339 0)
(-0.00286181 -1.9099 0)
(5.84206e-202 4.59235e-184 0)
(-0.0365124 0.631456 0)
(-0.146341 1.43187 0)
(-0.309196 1.92991 0)
(-0.441733 2.13488 0)
(-0.537137 2.21742 0)
(-0.614585 2.16467 0)
(-0.652855 2.06236 0)
(-0.697124 1.88525 0)
(-0.723262 1.65581 0)
(-0.778712 1.3558 0)
(-0.839457 0.968713 0)
(-0.950346 0.495322 0)
(-1.08189 -0.110145 0)
(-1.26713 -0.808355 0)
(-1.45745 -1.66585 0)
(-1.63239 -2.5416 0)
(-1.71254 -3.4636 0)
(-1.5161 -3.99212 0)
(-1.10449 -3.94206 0)
(-0.0115326 -2.41831 0)
(1.83694e-183 -1.62602e-184 0)
(-0.055035 0.775414 0)
(-0.179181 1.6081 0)
(-0.331026 2.10712 0)
(-0.424704 2.24644 0)
(-0.449343 2.28995 0)
(-0.448451 2.19106 0)
(-0.390897 2.06732 0)
(-0.341879 1.87803 0)
(-0.267843 1.65429 0)
(-0.23227 1.37366 0)
(-0.203834 1.01924 0)
(-0.245965 0.592601 0)
(-0.324552 0.0368544 0)
(-0.502721 -0.605727 0)
(-0.733145 -1.44695 0)
(-1.04215 -2.33633 0)
(-1.34602 -3.44939 0)
(-1.47818 -4.21408 0)
(-1.38936 -4.81453 0)
(-0.466804 -3.06169 0)
(4.40361e-254 -4.59235e-184 0)
(-0.120925 0.852065 0)
(-0.312931 1.69483 0)
(-0.456129 2.17059 0)
(-0.500296 2.24364 0)
(-0.406013 2.24063 0)
(-0.293423 2.10139 0)
(-0.097127 1.95692 0)
(0.0742927 1.76137 0)
(0.278521 1.54799 0)
(0.42635 1.29446 0)
(0.568231 0.984879 0)
(0.611993 0.622221 0)
(0.617676 0.150458 0)
(0.461569 -0.390304 0)
(0.246557 -1.11843 0)
(-0.218845 -1.91772 0)
(-0.679467 -3.00148 0)
(-1.43339 -3.94755 0)
(-1.63495 -4.86226 0)
(-2.07494 -3.88391 0)
(-2.59967e-264 -0.216404 0)
(-0.177691 1.23111 0)
(-0.412173 1.94772 0)
(-0.491379 2.31701 0)
(-0.436027 2.19651 0)
(-0.188397 2.0969 0)
(0.0677806 1.88167 0)
(0.418804 1.70618 0)
(0.7283 1.50248 0)
(1.06894 1.30447 0)
(1.33772 1.08591 0)
(1.59695 0.833282 0)
(1.74213 0.548316 0)
(1.84478 0.184012 0)
(1.76349 -0.225115 0)
(1.60698 -0.777552 0)
(1.15564 -1.39416 0)
(0.61302 -2.26675 0)
(-0.326405 -3.21472 0)
(-1.06866 -4.26387 0)
(-1.83937 -4.54538 0)
(-0.865616 -2.31932 0)
(-0.400715 1.40784 0)
(-0.724547 1.97987 0)
(-0.51366 2.18872 0)
(-0.226745 1.92358 0)
(0.337409 1.73767 0)
(0.809267 1.48603 0)
(1.37183 1.29831 0)
(1.83467 1.10915 0)
(2.31339 0.940629 0)
(2.68774 0.769537 0)
(3.0435 0.583063 0)
(3.26165 0.383227 0)
(3.43968 0.132612 0)
(3.40514 -0.136942 0)
(3.31856 -0.507215 0)
(2.88359 -0.90213 0)
(2.40455 -1.52078 0)
(1.37643 -2.23678 0)
(0.466918 -3.35534 0)
(-0.703178 -4.00871 0)
(-0.701831 -2.96455 0)
(-0.257891 2.41838 0)
(-0.106064 2.05531 0)
(0.681957 1.86949 0)
(1.33228 1.33703 0)
(2.15411 1.08072 0)
(2.78821 0.83987 0)
(3.44978 0.686644 0)
(3.96954 0.556516 0)
(4.47485 0.451917 0)
(4.85955 0.355617 0)
(5.21409 0.258013 0)
(5.43099 0.157664 0)
(5.6089 0.0373342 0)
(5.5897 -0.0911597 0)
(5.53229 -0.266124 0)
(5.16134 -0.458794 0)
(4.76815 -0.791427 0)
(3.83415 -1.24503 0)
(2.86927 -2.2532 0)
(1.09369 -3.33053 0)
(-0.0466148 -3.7986 0)
(1.66665 1.66898 0)
(2.70049 0.974011 0)
(4.53967 0.748068 0)
(5.37914 0.424 0)
(6.24906 0.286987 0)
(6.76289 0.178815 0)
(7.24669 0.121994 0)
(7.57392 0.0814291 0)
(7.87477 0.0546636 0)
(8.07875 0.033743 0)
(8.26085 0.0150824 0)
(8.34892 -0.00237592 0)
(8.41928 -0.0235392 0)
(8.35896 -0.0442417 0)
(8.29546 -0.0793334 0)
(8.00636 -0.111976 0)
(7.74949 -0.200772 0)
(6.99505 -0.293034 0)
(6.26179 -0.624718 0)
(4.04555 -0.996955 0)
(2.00478 -1.81746 0)
)
;

boundaryField
{
    movingWall
    {
        type            fixedValue;
        value           uniform (10 0 0);
    }
    fixedWalls
    {
        type            noSlip;
    }
    frontAndBack
    {
        type            empty;
    }
}


// ************************************************************************* //
