/*--------------------------------*- C++ -*----------------------------------*\
| =========                 |                                                 |
| \\      /  F ield         | OpenFOAM: The Open Source CFD Toolbox           |
|  \\    /   O peration     | Version:  4.1                                   |
|   \\  /    A nd           | Web:      www.OpenFOAM.org                      |
|    \\/     M anipulation  |                                                 |
\*---------------------------------------------------------------------------*/
FoamFile
{
    version     2.0;
    format      ascii;
    class       volVectorField;
    location    "0.0662";
    object      U;
}
// * * * * * * * * * * * * * * * * * * * * * * * * * * * * * * * * * * * * * //

dimensions      [0 1 -1 0 0 0 0];

internalField   nonuniform List<vector> 
441
(
(0.00353587 -0.00468338 0)
(0.0091554 -0.0025445 0)
(-0.000636129 -2.18575e-165 0)
(0.00184419 -3.08083e-266 0)
(-0.00848098 -0.00737732 0)
(-0.00184419 -2.89774e-232 0)
(-1.10889e-202 -5.16155e-203 0)
(-1.29025e-203 -6.73066e-228 0)
(-1.61967e-212 -2.91882e-213 0)
(-0.00577399 8.59965e-266 0)
(-0.0704429 0.0230978 0)
(-0.0888607 0.0121761 0)
(-0.100654 0.00566651 0)
(-0.0893944 0.000531138 0)
(-0.0746187 -0.0014111 0)
(-0.0509628 -0.00277623 0)
(-0.0303098 -0.00205604 0)
(-0.0113557 -0.00165267 0)
(0.000710587 0.000505355 0)
(0.0033693 0.00122514 0)
(0.00430218 0.00277721 0)
(0.00354003 -0.00781769 0)
(-0.00148185 0.0066616 0)
(-0.027069 0.00809934 0)
(-0.0574048 0.0105756 0)
(-0.102318 0.0102352 0)
(-0.144155 -0.00357127 0)
(-0.18327 -0.000242244 0)
(-0.220625 0.00151278 0)
(-0.253718 0.0123485 0)
(-0.287235 0.0626553 0)
(-0.310361 0.0579622 0)
(-0.305481 0.01842 0)
(-0.292727 -0.00566581 0)
(-0.254603 -0.0273103 0)
(-0.209623 -0.0371522 0)
(-0.15192 -0.0427933 0)
(-0.0991752 -0.0373541 0)
(-0.0512253 -0.0306186 0)
(-0.0179063 -0.0147263 0)
(-0.00267013 -0.00555274 0)
(0.00458694 0.00511627 0)
(0.00710409 -0.00726203 0)
(-0.00535374 0.0276782 0)
(-0.0522676 0.0545475 0)
(-0.115107 0.07285 0)
(-0.191253 0.0782573 0)
(-0.269775 0.0770099 0)
(-0.353631 0.0737859 0)
(-0.421171 0.0681418 0)
(-0.48766 0.0640601 0)
(-0.519955 0.0609899 0)
(-0.516216 0.0422473 0)
(-0.500061 -0.00427851 0)
(-0.467178 -0.044539 0)
(-0.408122 -0.0823961 0)
(-0.337378 -0.103141 0)
(-0.250575 -0.113512 0)
(-0.169374 -0.101582 0)
(-0.0938037 -0.0834345 0)
(-0.0395843 -0.0469558 0)
(-0.009316 -0.0217042 0)
(0.00599067 0.00510883 0)
(0.00612353 -0.00985213 0)
(-0.0150998 0.0677272 0)
(-0.0914642 0.11786 0)
(-0.180889 0.151868 0)
(-0.285766 0.165262 0)
(-0.390827 0.161457 0)
(-0.493885 0.152771 0)
(-0.582704 0.136394 0)
(-0.655812 0.113435 0)
(-0.698977 0.0886032 0)
(-0.708058 0.0378155 0)
(-0.687009 -0.0317207 0)
(-0.642388 -0.0977446 0)
(-0.564229 -0.158263 0)
(-0.469997 -0.194518 0)
(-0.354342 -0.212299 0)
(-0.244463 -0.193562 0)
(-0.13949 -0.162067 0)
(-0.0629169 -0.0983481 0)
(-0.0159448 -0.0525085 0)
(0.00772067 0.00217096 0)
(6.59155e-165 0.00153088 0)
(-0.0226655 0.124824 0)
(-0.13187 0.219567 0)
(-0.243035 0.265763 0)
(-0.374954 0.28714 0)
(-0.50273 0.283361 0)
(-0.62962 0.264422 0)
(-0.736868 0.229024 0)
(-0.826158 0.179655 0)
(-0.879235 0.113917 0)
(-0.896038 0.030696 0)
(-0.87648 -0.0697028 0)
(-0.82484 -0.166553 0)
(-0.731784 -0.255134 0)
(-0.615877 -0.31194 0)
(-0.469601 -0.339923 0)
(-0.328622 -0.314947 0)
(-0.187658 -0.266094 0)
(-0.0862885 -0.168798 0)
(-0.0174474 -0.0932091 0)
(0.0143171 -0.00231575 0)
(-5.35148e-266 0.00547748 0)
(-0.0842529 0.20419 0)
(-0.183795 0.336326 0)
(-0.316948 0.396753 0)
(-0.460981 0.424853 0)
(-0.608413 0.417182 0)
(-0.75069 0.38753 0)
(-0.876342 0.333183 0)
(-0.980454 0.256654 0)
(-1.05041 0.15771 0)
(-1.08397 0.0353531 0)
(-1.07262 -0.103932 0)
(-1.022 -0.242186 0)
(-0.918419 -0.368827 0)
(-0.783288 -0.456237 0)
(-0.604829 -0.501999 0)
(-0.428486 -0.474446 0)
(-0.244987 -0.407524 0)
(-0.113355 -0.266593 0)
(-0.0184622 -0.156324 0)
(0.0161192 0.000318004 0)
(-0.0219099 0.0889317 0)
(-0.117254 0.305149 0)
(-0.232015 0.45264 0)
(-0.378533 0.541177 0)
(-0.540659 0.577831 0)
(-0.705815 0.571659 0)
(-0.867802 0.531578 0)
(-1.0131 0.457887 0)
(-1.1379 0.353502 0)
(-1.22812 0.217181 0)
(-1.28132 0.0533964 0)
(-1.28444 -0.131981 0)
(-1.24118 -0.319753 0)
(-1.13284 -0.494771 0)
(-0.982275 -0.624061 0)
(-0.769981 -0.696565 0)
(-0.555206 -0.672512 0)
(-0.315873 -0.583639 0)
(-0.151315 -0.392092 0)
(-0.00565285 -0.224511 0)
(5.88629e-266 -0.00402981 0)
(-0.0161046 0.147038 0)
(-0.112105 0.415437 0)
(-0.254022 0.59818 0)
(-0.420495 0.706184 0)
(-0.602191 0.752395 0)
(-0.786399 0.744632 0)
(-0.96707 0.695141 0)
(-1.13367 0.603163 0)
(-1.28087 0.472092 0)
(-1.39624 0.300564 0)
(-1.47516 0.0920754 0)
(-1.50045 -0.145154 0)
(-1.47353 -0.393273 0)
(-1.36914 -0.629935 0)
(-1.20975 -0.818402 0)
(-0.966966 -0.933163 0)
(-0.710289 -0.926898 0)
(-0.409456 -0.817679 0)
(-0.197402 -0.572214 0)
(-0.00327524 -0.317086 0)
(2.49942e-24 -1.12702e-24 0)
(-0.0143056 0.213658 0)
(-0.116037 0.541248 0)
(-0.274833 0.759474 0)
(-0.456618 0.887541 0)
(-0.655284 0.942466 0)
(-0.855678 0.934969 0)
(-1.05406 0.877965 0)
(-1.24076 0.770552 0)
(-1.411 0.61583 0)
(-1.55307 0.410813 0)
(-1.6608 0.158177 0)
(-1.71483 -0.13416 0)
(-1.713 -0.449656 0)
(-1.62372 -0.759854 0)
(-1.46656 -1.02406 0)
(-1.20132 -1.19918 0)
(-0.905777 -1.22638 0)
(-0.536391 -1.10174 0)
(-0.266405 -0.790655 0)
(-0.0047641 -0.429618 0)
(1.02175e-76 -6.24854e-25 0)
(-0.0125409 0.277986 0)
(-0.114836 0.677661 0)
(-0.284213 0.93952 0)
(-0.476079 1.08723 0)
(-0.686215 1.1519 0)
(-0.898066 1.14337 0)
(-1.10877 1.08047 0)
(-1.3114 0.959673 0)
(-1.50082 0.784551 0)
(-1.66806 0.549615 0)
(-1.80524 0.25413 0)
(-1.89265 -0.0941675 0)
(-1.9244 -0.483774 0)
(-1.86328 -0.87902 0)
(-1.72335 -1.23999 0)
(-1.45094 -1.49987 0)
(-1.12516 -1.5903 0)
(-0.687452 -1.46726 0)
(-0.34932 -1.09825 0)
(-0.00669907 -0.598588 0)
(2.84794e-164 -2.55438e-77 0)
(-0.0127745 0.337667 0)
(-0.117556 0.811188 0)
(-0.294413 1.11845 0)
(-0.49175 1.2873 0)
(-0.706526 1.36278 0)
(-0.922169 1.35551 0)
(-1.13614 1.2902 0)
(-1.34558 1.1611 0)
(-1.54473 0.972044 0)
(-1.7297 0.714348 0)
(-1.89075 0.383319 0)
(-2.01173 -0.0154474 0)
(-2.08223 -0.47708 0)
(-2.06321 -0.961882 0)
(-1.95985 -1.4331 0)
(-1.70518 -1.80116 0)
(-1.37139 -1.98497 0)
(-0.881127 -1.88573 0)
(-0.473765 -1.45985 0)
(-0.0778248 -0.791878 0)
(1.75752e-265 0.0130522 0)
(-0.0135861 0.409238 0)
(-0.116802 0.96147 0)
(-0.294387 1.31522 0)
(-0.488814 1.50004 0)
(-0.697866 1.58348 0)
(-0.906024 1.57292 0)
(-1.11019 1.50449 0)
(-1.31278 1.36777 0)
(-1.50708 1.16879 0)
(-1.69614 0.894851 0)
(-1.86924 0.536162 0)
(-2.01684 0.0962311 0)
(-2.12574 -0.431808 0)
(-2.15864 -1.00369 0)
(-2.11135 -1.59698 0)
(-1.90424 -2.09493 0)
(-1.59106 -2.41325 0)
(-1.06638 -2.37913 0)
(-0.575019 -1.89576 0)
(-0.0746111 -1.09192 0)
(0.0522088 -0.0735489 0)
(-0.0171559 0.46369 0)
(-0.123013 1.08905 0)
(-0.30331 1.48756 0)
(-0.490917 1.68748 0)
(-0.6837 1.77816 0)
(-0.87123 1.76523 0)
(-1.04733 1.69596 0)
(-1.22422 1.55641 0)
(-1.39171 1.35509 0)
(-1.56453 1.07593 0)
(-1.72894 0.704674 0)
(-1.88902 0.24142 0)
(-2.02658 -0.332731 0)
(-2.11668 -0.975552 0)
(-2.14153 -1.68224 0)
(-2.01669 -2.32327 0)
(-1.77195 -2.81634 0)
(-1.23787 -2.91061 0)
(-0.708668 -2.44515 0)
(0.0408595 -1.42612 0)
(2.40969e-231 -0.0130522 0)
(-0.0219945 0.552339 0)
(-0.127685 1.25068 0)
(-0.30356 1.68698 0)
(-0.474121 1.88153 0)
(-0.636837 1.96694 0)
(-0.787905 1.9369 0)
(-0.917423 1.85944 0)
(-1.04805 1.71221 0)
(-1.16581 1.50982 0)
(-1.29772 1.23204 0)
(-1.42817 0.860527 0)
(-1.57653 0.393818 0)
(-1.72398 -0.204303 0)
(-1.86268 -0.889236 0)
(-1.96922 -1.69611 0)
(-1.96423 -2.4688 0)
(-1.84876 -3.19083 0)
(-1.41124 -3.46058 0)
(-0.891531 -3.16836 0)
(-0.00326121 -1.83778 0)
(5.77004e-202 4.56247e-184 0)
(-0.0381979 0.606385 0)
(-0.160891 1.36455 0)
(-0.341971 1.83021 0)
(-0.493592 2.0153 0)
(-0.608497 2.09043 0)
(-0.70451 2.04247 0)
(-0.760186 1.95593 0)
(-0.819594 1.80363 0)
(-0.858032 1.60532 0)
(-0.922025 1.33906 0)
(-0.9872 0.984843 0)
(-1.09784 0.539783 0)
(-1.22425 -0.0433534 0)
(-1.39881 -0.726275 0)
(-1.57252 -1.57269 0)
(-1.72457 -2.44044 0)
(-1.77674 -3.35306 0)
(-1.55102 -3.87657 0)
(-1.11474 -3.82987 0)
(-0.0112283 -2.34776 0)
(1.82499e-183 -8.11294e-185 0)
(-0.0569898 0.759492 0)
(-0.19659 1.55877 0)
(-0.37106 2.02917 0)
(-0.488945 2.14948 0)
(-0.538328 2.18507 0)
(-0.560423 2.08937 0)
(-0.523465 1.97886 0)
(-0.4911 1.81091 0)
(-0.429272 1.61413 0)
(-0.400685 1.36263 0)
(-0.374213 1.03633 0)
(-0.413341 0.633265 0)
(-0.48465 0.0950236 0)
(-0.651152 -0.537513 0)
(-0.86571 -1.37344 0)
(-1.15312 -2.26099 0)
(-1.43026 -3.36916 0)
(-1.52984 -4.12944 0)
(-1.411 -4.72537 0)
(-0.463792 -2.99964 0)
(4.39087e-254 -4.56247e-184 0)
(-0.12271 0.846073 0)
(-0.329982 1.66552 0)
(-0.496816 2.11748 0)
(-0.566985 2.17292 0)
(-0.499705 2.16122 0)
(-0.411952 2.02272 0)
(-0.237429 1.88763 0)
(-0.0827562 1.70851 0)
(0.110209 1.51653 0)
(0.253012 1.28649 0)
(0.395549 0.999771 0)
(0.445247 0.656238 0)
(0.460639 0.198192 0)
(0.31762 -0.335784 0)
(0.117557 -1.06267 0)
(-0.328937 -1.86477 0)
(-0.76814 -2.9502 0)
(-1.49183 -3.89476 0)
(-1.66528 -4.80586 0)
(-2.06919 -3.8351 0)
(-2.57375e-264 -0.215027 0)
(-0.178617 1.23371 0)
(-0.424395 1.93723 0)
(-0.523549 2.28854 0)
(-0.491608 2.15262 0)
(-0.269419 2.04388 0)
(-0.0371496 1.82671 0)
(0.292634 1.65625 0)
(0.585827 1.46339 0)
(0.915722 1.2805 0)
(1.18022 1.07912 0)
(1.4412 0.843603 0)
(1.59366 0.573197 0)
(1.70752 0.219317 0)
(1.64028 -0.184906 0)
(1.49867 -0.737671 0)
(1.06337 -1.35887 0)
(0.536863 -2.23744 0)
(-0.382066 -3.18833 0)
(-1.10204 -4.23775 0)
(-1.84553 -4.51625 0)
(-0.860108 -2.31101 0)
(-0.40023 1.41478 0)
(-0.727921 1.98177 0)
(-0.528673 2.17889 0)
(-0.258235 1.90188 0)
(0.285663 1.70775 0)
(0.736928 1.45273 0)
(1.27997 1.26664 0)
(1.72692 1.08338 0)
(2.19442 0.924066 0)
(2.56352 0.763945 0)
(2.91996 0.588704 0)
(3.14454 0.398603 0)
(3.33329 0.155011 0)
(3.31258 -0.11128 0)
(3.24057 -0.48211 0)
(2.8202 -0.880917 0)
(2.35359 -1.50538 0)
(1.33811 -2.22609 0)
(0.440718 -3.34723 0)
(-0.71413 -3.99929 0)
(-0.700082 -2.96291 0)
(-0.256421 2.42375 0)
(-0.101609 2.06033 0)
(0.684171 1.86933 0)
(1.32664 1.33032 0)
(2.13556 1.06897 0)
(2.75441 0.825486 0)
(3.40009 0.672383 0)
(3.90592 0.544701 0)
(4.4007 0.444349 0)
(4.77975 0.353251 0)
(5.13383 0.260978 0)
(5.35548 0.165185 0)
(5.54218 0.0479481 0)
(5.53464 -0.0793635 0)
(5.48958 -0.255208 0)
(5.13045 -0.450301 0)
(4.74646 -0.786604 0)
(3.81951 -1.24309 0)
(2.8595 -2.25352 0)
(1.08914 -3.3295 0)
(-0.0455965 -3.79941 0)
(1.6679 1.6702 0)
(2.70561 0.975314 0)
(4.54698 0.748684 0)
(5.38487 0.423542 0)
(6.24955 0.285656 0)
(6.75593 0.177042 0)
(7.23142 0.12029 0)
(7.55124 0.0801819 0)
(7.84659 0.0541608 0)
(8.048 0.0340714 0)
(8.23054 0.0161863 0)
(8.32207 -0.000733713 0)
(8.39792 -0.0216728 0)
(8.34443 -0.042539 0)
(8.28741 -0.0781194 0)
(8.00396 -0.111477 0)
(7.75036 -0.201075 0)
(6.99736 -0.293919 0)
(6.26359 -0.626009 0)
(4.04645 -0.998096 0)
(2.00617 -1.81889 0)
)
;

boundaryField
{
    movingWall
    {
        type            fixedValue;
        value           uniform (10 0 0);
    }
    fixedWalls
    {
        type            noSlip;
    }
    frontAndBack
    {
        type            empty;
    }
}


// ************************************************************************* //
