/*--------------------------------*- C++ -*----------------------------------*\
| =========                 |                                                 |
| \\      /  F ield         | OpenFOAM: The Open Source CFD Toolbox           |
|  \\    /   O peration     | Version:  4.1                                   |
|   \\  /    A nd           | Web:      www.OpenFOAM.org                      |
|    \\/     M anipulation  |                                                 |
\*---------------------------------------------------------------------------*/
FoamFile
{
    version     2.0;
    format      ascii;
    class       volVectorField;
    location    "0.0238";
    object      U;
}
// * * * * * * * * * * * * * * * * * * * * * * * * * * * * * * * * * * * * * //

dimensions      [0 1 -1 0 0 0 0];

internalField   nonuniform List<vector> 
441
(
(0.00330803 -0.00473177 0)
(0.00795016 -0.00285755 0)
(-0.000714536 -2.33278e-165 0)
(0.00153905 -2.36236e-266 0)
(-0.0101577 -0.00615675 0)
(-0.00153905 -2.52671e-232 0)
(-1.09402e-202 -3.71174e-203 0)
(-9.27737e-204 -4.55565e-228 0)
(-1.32374e-212 -1.88207e-213 0)
(-0.00467311 7.1331e-266 0)
(-0.0550734 0.0186937 0)
(-0.0704585 0.0102105 0)
(-0.0813657 0.00507546 0)
(-0.0753055 0.00115475 0)
(-0.0669531 -0.000428301 0)
(-0.0510632 -0.00171395 0)
(-0.0361063 -0.00159675 0)
(-0.019906 -0.00175824 0)
(-0.00726723 -0.000378333 0)
(-0.000595018 0.000266626 0)
(0.00324509 0.00209121 0)
(0.00287789 -0.00630472 0)
(-0.00411907 0.00690421 0)
(-0.0295258 0.0076202 0)
(-0.0572629 0.0113821 0)
(-0.0956954 0.00851252 0)
(-0.127972 -0.00560599 0)
(-0.156056 -0.000756311 0)
(-0.181098 0.000989179 0)
(-0.202023 0.00942915 0)
(-0.223692 0.0486978 0)
(-0.238751 0.0454967 0)
(-0.234578 0.0163615 0)
(-0.227625 -0.000612543 0)
(-0.203585 -0.0160817 0)
(-0.175646 -0.0238408 0)
(-0.136885 -0.0300665 0)
(-0.0992389 -0.0293757 0)
(-0.060405 -0.0281294 0)
(-0.0290975 -0.0185774 0)
(-0.00890115 -0.0115099 0)
(0.00298547 0.000749591 0)
(0.00599807 -0.00413228 0)
(-0.0071466 0.0291428 0)
(-0.0515234 0.0516775 0)
(-0.105925 0.0642461 0)
(-0.167152 0.0635764 0)
(-0.227748 0.0570051 0)
(-0.288204 0.0511569 0)
(-0.331718 0.0444074 0)
(-0.373725 0.0408618 0)
(-0.389782 0.0403934 0)
(-0.381174 0.0303381 0)
(-0.36747 8.7634e-05 0)
(-0.345811 -0.0253766 0)
(-0.308206 -0.0506416 0)
(-0.264119 -0.0663474 0)
(-0.207089 -0.0782947 0)
(-0.151261 -0.0770838 0)
(-0.0935657 -0.0722494 0)
(-0.0471417 -0.0508901 0)
(-0.0148165 -0.0321174 0)
(0.00403976 -0.00327714 0)
(0.00606166 -0.00530348 0)
(-0.0121237 0.0659776 0)
(-0.0790299 0.106555 0)
(-0.152331 0.128927 0)
(-0.233724 0.130613 0)
(-0.310693 0.117782 0)
(-0.381469 0.104311 0)
(-0.437736 0.0871274 0)
(-0.480799 0.0690599 0)
(-0.502068 0.0539318 0)
(-0.500693 0.0228967 0)
(-0.481646 -0.019918 0)
(-0.451029 -0.0600192 0)
(-0.400723 -0.0986598 0)
(-0.342353 -0.124794 0)
(-0.268276 -0.14408 0)
(-0.195977 -0.142433 0)
(-0.12061 -0.133615 0)
(-0.0607322 -0.0966478 0)
(-0.0174206 -0.0639342 0)
(0.00604021 -0.00970069 0)
(6.04347e-165 0.00151541 0)
(-0.0168065 0.113843 0)
(-0.107331 0.191151 0)
(-0.193544 0.217792 0)
(-0.291754 0.221096 0)
(-0.381385 0.203342 0)
(-0.465558 0.177305 0)
(-0.530899 0.143028 0)
(-0.581466 0.104759 0)
(-0.605744 0.060917 0)
(-0.606476 0.0102822 0)
(-0.586116 -0.0493026 0)
(-0.549403 -0.105654 0)
(-0.489384 -0.159467 0)
(-0.418611 -0.197833 0)
(-0.327533 -0.225196 0)
(-0.239198 -0.22344 0)
(-0.143675 -0.208253 0)
(-0.0709789 -0.152577 0)
(-0.0142054 -0.0995184 0)
(0.0123239 -0.0137385 0)
(-5.05758e-266 0.00484948 0)
(-0.0707887 0.177505 0)
(-0.145126 0.281656 0)
(-0.244295 0.315016 0)
(-0.345651 0.318434 0)
(-0.445085 0.292623 0)
(-0.535282 0.254347 0)
(-0.609504 0.203307 0)
(-0.665846 0.144517 0)
(-0.697814 0.0782909 0)
(-0.706421 0.00341905 0)
(-0.688509 -0.0778159 0)
(-0.650472 -0.156601 0)
(-0.58308 -0.230657 0)
(-0.501412 -0.286236 0)
(-0.392971 -0.325311 0)
(-0.28691 -0.32538 0)
(-0.168699 -0.304338 0)
(-0.0807157 -0.224538 0)
(-0.0071019 -0.150066 0)
(0.0158606 -0.0107392 0)
(-0.0193979 0.0756107 0)
(-0.0961171 0.255653 0)
(-0.180027 0.365222 0)
(-0.285469 0.416801 0)
(-0.396939 0.421413 0)
(-0.505449 0.391915 0)
(-0.605971 0.341256 0)
(-0.689923 0.272995 0)
(-0.756234 0.192992 0)
(-0.797499 0.101379 0)
(-0.814855 0.00138876 0)
(-0.802549 -0.105412 0)
(-0.766224 -0.210253 0)
(-0.694158 -0.309038 0)
(-0.603306 -0.386596 0)
(-0.475933 -0.440768 0)
(-0.351108 -0.445652 0)
(-0.202496 -0.416045 0)
(-0.101101 -0.311429 0)
(0.0052207 -0.197535 0)
(5.34096e-266 -0.00396516 0)
(-0.0137565 0.122648 0)
(-0.0883556 0.339183 0)
(-0.193695 0.471739 0)
(-0.313488 0.532808 0)
(-0.438371 0.538908 0)
(-0.5591 0.502178 0)
(-0.670621 0.439316 0)
(-0.766847 0.353678 0)
(-0.845101 0.252526 0)
(-0.899665 0.136536 0)
(-0.929999 0.00874082 0)
(-0.928152 -0.127304 0)
(-0.898629 -0.264701 0)
(-0.826277 -0.395218 0)
(-0.728614 -0.503863 0)
(-0.583 -0.580427 0)
(-0.43523 -0.597268 0)
(-0.25433 -0.559145 0)
(-0.128385 -0.42825 0)
(-0.00087872 -0.259391 0)
(1.79723e-24 -1.73477e-24 0)
(-0.0117545 0.174802 0)
(-0.0908427 0.433898 0)
(-0.211125 0.589192 0)
(-0.344063 0.660003 0)
(-0.483304 0.666189 0)
(-0.616793 0.623038 0)
(-0.741349 0.548529 0)
(-0.851345 0.446765 0)
(-0.944208 0.325797 0)
(-1.015 0.185922 0)
(-1.06181 0.0303859 0)
(-1.07572 -0.137095 0)
(-1.0587 -0.311014 0)
(-0.992081 -0.479789 0)
(-0.891997 -0.627943 0)
(-0.728739 -0.735899 0)
(-0.555179 -0.770991 0)
(-0.331231 -0.726096 0)
(-0.171661 -0.558935 0)
(-0.00317285 -0.331217 0)
(7.32691e-77 -4.49306e-25 0)
(-0.010304 0.226105 0)
(-0.0916808 0.540214 0)
(-0.224668 0.726011 0)
(-0.369979 0.805838 0)
(-0.522851 0.812479 0)
(-0.669356 0.760596 0)
(-0.806809 0.674503 0)
(-0.931649 0.556541 0)
(-1.04046 0.416581 0)
(-1.13057 0.25375 0)
(-1.19812 0.0696831 0)
(-1.2341 -0.131362 0)
(-1.23722 -0.348125 0)
(-1.18488 -0.563979 0)
(-1.08946 -0.766755 0)
(-0.912573 -0.921391 0)
(-0.71035 -0.993391 0)
(-0.434258 -0.949843 0)
(-0.227089 -0.752081 0)
(-0.0049815 -0.442367 0)
(2.02465e-164 -1.83173e-77 0)
(-0.0110841 0.27384 0)
(-0.099656 0.64662 0)
(-0.247147 0.865606 0)
(-0.405701 0.956286 0)
(-0.571601 0.964336 0)
(-0.730262 0.905455 0)
(-0.879064 0.810181 0)
(-1.01778 0.67943 0)
(-1.14174 0.524628 0)
(-1.25235 0.34311 0)
(-1.34296 0.134453 0)
(-1.40715 -0.0982096 0)
(-1.43825 -0.358823 0)
(-1.41187 -0.628133 0)
(-1.3322 -0.897636 0)
(-1.15175 -1.11716 0)
(-0.923941 -1.24478 0)
(-0.590868 -1.21419 0)
(-0.322695 -0.978764 0)
(-0.0587042 -0.567127 0)
(1.21695e-265 0.00972856 0)
(-0.0129383 0.338028 0)
(-0.108164 0.778501 0)
(-0.268705 1.03385 0)
(-0.438282 1.13128 0)
(-0.613999 1.13856 0)
(-0.781677 1.0684 0)
(-0.938059 0.963021 0)
(-1.08742 0.819148 0)
(-1.22335 0.651537 0)
(-1.35266 0.454521 0)
(-1.46617 0.224381 0)
(-1.5615 -0.0370579 0)
(-1.62729 -0.343667 0)
(-1.63804 -0.672197 0)
(-1.58867 -1.02705 0)
(-1.41964 -1.33482 0)
(-1.1743 -1.55398 0)
(-0.776029 -1.56125 0)
(-0.416426 -1.28036 0)
(-0.056108 -0.779513 0)
(0.0389142 -0.0570945 0)
(-0.0179081 0.390736 0)
(-0.126951 0.899496 0)
(-0.307257 1.19296 0)
(-0.489807 1.29842 0)
(-0.671963 1.30607 0)
(-0.843922 1.22711 0)
(-0.999416 1.1151 0)
(-1.15159 0.963324 0)
(-1.28973 0.789622 0)
(-1.43026 0.58543 0)
(-1.55899 0.343665 0)
(-1.68345 0.0630817 0)
(-1.78415 -0.280728 0)
(-1.84324 -0.666461 0)
(-1.83933 -1.11257 0)
(-1.70735 -1.53301 0)
(-1.46987 -1.88314 0)
(-1.00506 -1.97789 0)
(-0.560781 -1.69179 0)
(0.0332444 -1.02703 0)
(1.88761e-231 -0.00972856 0)
(-0.0245114 0.485816 0)
(-0.146752 1.071 0)
(-0.343165 1.40059 0)
(-0.533022 1.49717 0)
(-0.713505 1.49583 0)
(-0.880647 1.3962 0)
(-1.0244 1.27256 0)
(-1.16727 1.1094 0)
(-1.29381 0.930683 0)
(-1.43042 0.723406 0)
(-1.55897 0.476793 0)
(-1.69809 0.187361 0)
(-1.82455 -0.185435 0)
(-1.93102 -0.618532 0)
(-1.98787 -1.16461 0)
(-1.92734 -1.70909 0)
(-1.74951 -2.25827 0)
(-1.29046 -2.48536 0)
(-0.780452 -2.31543 0)
(-0.00376439 -1.36969 0)
(4.81327e-202 4.01569e-184 0)
(-0.0423752 0.554726 0)
(-0.194616 1.21202 0)
(-0.417034 1.57509 0)
(-0.613531 1.66305 0)
(-0.776783 1.65173 0)
(-0.923161 1.53425 0)
(-1.03087 1.40102 0)
(-1.1422 1.23101 0)
(-1.23021 1.05263 0)
(-1.33817 0.850509 0)
(-1.43778 0.611559 0)
(-1.56852 0.329928 0)
(-1.69483 -0.0463914 0)
(-1.84331 -0.500771 0)
(-1.95728 -1.1112 0)
(-2.01706 -1.76992 0)
(-1.94505 -2.5085 0)
(-1.60356 -2.95552 0)
(-1.07664 -2.95906 0)
(-0.00734965 -1.83182 0)
(1.60628e-183 2.89057e-184 0)
(-0.0623038 0.730403 0)
(-0.240863 1.44995 0)
(-0.473133 1.82858 0)
(-0.657579 1.85809 0)
(-0.782073 1.81219 0)
(-0.884762 1.65063 0)
(-0.932909 1.49535 0)
(-0.986667 1.30894 0)
(-1.0089 1.1277 0)
(-1.05686 0.931315 0)
(-1.0943 0.70578 0)
(-1.17738 0.445075 0)
(-1.26643 0.0856708 0)
(-1.41611 -0.354756 0)
(-1.57203 -0.996509 0)
(-1.75112 -1.71988 0)
(-1.86974 -2.68058 0)
(-1.77701 -3.36222 0)
(-1.47694 -3.93313 0)
(-0.430255 -2.48794 0)
(4.0138e-254 -4.01569e-184 0)
(-0.127613 0.843248 0)
(-0.374343 1.60947 0)
(-0.604731 1.9859 0)
(-0.751914 1.96181 0)
(-0.77512 1.87751 0)
(-0.786122 1.67969 0)
(-0.717522 1.5033 0)
(-0.67058 1.30543 0)
(-0.583799 1.12358 0)
(-0.537974 0.937293 0)
(-0.477532 0.732847 0)
(-0.48504 0.506204 0)
(-0.497216 0.193803 0)
(-0.627643 -0.187929 0)
(-0.775676 -0.770508 0)
(-1.11379 -1.46252 0)
(-1.39989 -2.46026 0)
(-1.89177 -3.34903 0)
(-1.84699 -4.22951 0)
(-1.98667 -3.38023 0)
(-2.37274e-264 -0.202775 0)
(-0.180674 1.25302 0)
(-0.453401 1.93112 0)
(-0.605319 2.22795 0)
(-0.643474 2.02866 0)
(-0.509093 1.86013 0)
(-0.375971 1.59288 0)
(-0.155599 1.3865 0)
(0.0243551 1.1755 0)
(0.240873 0.997084 0)
(0.400767 0.826423 0)
(0.572854 0.651368 0)
(0.663253 0.468275 0)
(0.747958 0.223116 0)
(0.692795 -0.0687248 0)
(0.60187 -0.522171 0)
(0.260814 -1.07974 0)
(-0.137187 -1.93114 0)
(-0.871659 -2.8727 0)
(-1.38176 -3.92242 0)
(-1.88126 -4.20655 0)
(-0.8111 -2.20784 0)
(-0.397751 1.44248 0)
(-0.728938 2.00523 0)
(-0.555399 2.1699 0)
(-0.330441 1.84902 0)
(0.146718 1.61142 0)
(0.515822 1.31909 0)
(0.962321 1.10559 0)
(1.30517 0.90761 0)
(1.66525 0.749278 0)
(1.93315 0.608105 0)
(2.20243 0.471793 0)
(2.366 0.338477 0)
(2.52681 0.165782 0)
(2.5203 -0.0276424 0)
(2.50024 -0.335827 0)
(2.16904 -0.700332 0)
(1.80848 -1.32479 0)
(0.922823 -2.06934 0)
(0.163396 -3.2163 0)
(-0.828902 -3.87767 0)
(-0.689417 -2.92837 0)
(-0.251572 2.4415 0)
(-0.0813526 2.08341 0)
(0.707852 1.88052 0)
(1.33508 1.31996 0)
(2.10722 1.03577 0)
(2.67125 0.772475 0)
(3.24588 0.605149 0)
(3.67094 0.470181 0)
(4.08012 0.370762 0)
(4.37766 0.289606 0)
(4.66214 0.216657 0)
(4.83662 0.148294 0)
(5.00556 0.0638955 0)
(5.01651 -0.0308138 0)
(5.02341 -0.181495 0)
(4.74475 -0.365888 0)
(4.45062 -0.712689 0)
(3.61213 -1.1919 0)
(2.72625 -2.23093 0)
(1.0292 -3.30843 0)
(-0.0410393 -3.80044 0)
(1.67114 1.6735 0)
(2.72267 0.980116 0)
(4.57681 0.752412 0)
(5.41686 0.42407 0)
(6.27027 0.28259 0)
(6.75303 0.171035 0)
(7.19473 0.1125 0)
(7.47491 0.0719376 0)
(7.72861 0.0469536 0)
(7.89202 0.0292926 0)
(8.04485 0.0152046 0)
(8.12096 0.00283173 0)
(8.1984 -0.0132376 0)
(8.1668 -0.0304845 0)
(8.14705 -0.0643852 0)
(7.9129 -0.0997565 0)
(7.70497 -0.1948 0)
(6.98746 -0.295173 0)
(6.26776 -0.634956 0)
(4.05225 -1.00996 0)
(2.01768 -1.83455 0)
)
;

boundaryField
{
    movingWall
    {
        type            fixedValue;
        value           uniform (10 0 0);
    }
    fixedWalls
    {
        type            noSlip;
    }
    frontAndBack
    {
        type            empty;
    }
}


// ************************************************************************* //
