/*--------------------------------*- C++ -*----------------------------------*\
| =========                 |                                                 |
| \\      /  F ield         | OpenFOAM: The Open Source CFD Toolbox           |
|  \\    /   O peration     | Version:  4.1                                   |
|   \\  /    A nd           | Web:      www.OpenFOAM.org                      |
|    \\/     M anipulation  |                                                 |
\*---------------------------------------------------------------------------*/
FoamFile
{
    version     2.0;
    format      ascii;
    class       volVectorField;
    location    "0.0951";
    object      U;
}
// * * * * * * * * * * * * * * * * * * * * * * * * * * * * * * * * * * * * * //

dimensions      [0 1 -1 0 0 0 0];

internalField   nonuniform List<vector> 
441
(
(0.0037948 -0.00487424 0)
(0.00994352 -0.00254039 0)
(-0.000635097 -2.21739e-165 0)
(0.00199843 -3.39885e-266 0)
(-0.0083699 -0.007994 0)
(-0.00199843 -3.10354e-232 0)
(-1.15296e-202 -5.72655e-203 0)
(-1.43158e-203 -7.51934e-228 0)
(-1.75031e-212 -3.28327e-213 0)
(-0.00625039 9.26563e-266 0)
(-0.0766611 0.0250024 0)
(-0.0961802 0.0130478 0)
(-0.108136 0.005943 0)
(-0.0948472 0.000355806 0)
(-0.0776848 -0.00172218 0)
(-0.0513161 -0.00308699 0)
(-0.0287002 -0.00218555 0)
(-0.00872337 -0.00158235 0)
(0.00322653 0.000807732 0)
(0.00475653 0.00158405 0)
(0.00462853 0.00305216 0)
(0.00393495 -0.00868024 0)
(-0.000760045 0.00689329 0)
(-0.0276275 0.00863369 0)
(-0.0601214 0.0108046 0)
(-0.108724 0.0110909 0)
(-0.154856 -0.00317339 0)
(-0.198386 -0.000133475 0)
(-0.240337 0.00170849 0)
(-0.27756 0.0134979 0)
(-0.314946 0.0682659 0)
(-0.340162 0.0626885 0)
(-0.33396 0.0188642 0)
(-0.31812 -0.00790841 0)
(-0.274299 -0.0316101 0)
(-0.222908 -0.0420164 0)
(-0.158519 -0.0472396 0)
(-0.100507 -0.0402405 0)
(-0.0492203 -0.0316348 0)
(-0.0149119 -0.0137607 0)
(-0.000758447 -0.00370594 0)
(0.00503105 0.00656035 0)
(0.00777494 -0.00855137 0)
(-0.00516956 0.0286346 0)
(-0.0551262 0.0579608 0)
(-0.123246 0.0784802 0)
(-0.206788 0.0855384 0)
(-0.293333 0.0854263 0)
(-0.386516 0.0825028 0)
(-0.462585 0.0766045 0)
(-0.537088 0.0717432 0)
(-0.573563 0.0672913 0)
(-0.569226 0.0449644 0)
(-0.550133 -0.00770564 0)
(-0.511477 -0.0530219 0)
(-0.443888 -0.0946416 0)
(-0.363444 -0.116519 0)
(-0.266593 -0.125774 0)
(-0.176992 -0.110282 0)
(-0.0954038 -0.0877042 0)
(-0.0382791 -0.0465407 0)
(-0.00790276 -0.0188115 0)
(0.00646591 0.00770528 0)
(0.00645189 -0.0116359 0)
(-0.0167363 0.0715969 0)
(-0.0994709 0.12665 0)
(-0.197425 0.164968 0)
(-0.313042 0.181545 0)
(-0.429622 0.179385 0)
(-0.544595 0.170902 0)
(-0.644241 0.153227 0)
(-0.72606 0.127029 0)
(-0.774112 0.0976308 0)
(-0.78331 0.0389747 0)
(-0.758361 -0.0400496 0)
(-0.706324 -0.114341 0)
(-0.617393 -0.180867 0)
(-0.510811 -0.219172 0)
(-0.382088 -0.235274 0)
(-0.260747 -0.210875 0)
(-0.146754 -0.172061 0)
(-0.0648083 -0.100368 0)
(-0.0158623 -0.0498514 0)
(0.00807358 0.0055129 0)
(7.05556e-165 0.00161297 0)
(-0.0254756 0.134092 0)
(-0.144974 0.237836 0)
(-0.267682 0.290538 0)
(-0.413706 0.316569 0)
(-0.555813 0.315044 0)
(-0.697236 0.295721 0)
(-0.817092 0.256903 0)
(-0.916324 0.200827 0)
(-0.974728 0.125278 0)
(-0.991778 0.029622 0)
(-0.967941 -0.084421 0)
(-0.907837 -0.193222 0)
(-0.802487 -0.290531 0)
(-0.672121 -0.350738 0)
(-0.510046 -0.37678 0)
(-0.354564 -0.344112 0)
(-0.201257 -0.284812 0)
(-0.0917573 -0.17569 0)
(-0.0186867 -0.0925982 0)
(0.014687 0.000701053 0)
(-5.71748e-266 0.00593559 0)
(-0.0921577 0.22147 0)
(-0.202709 0.366749 0)
(-0.350118 0.435591 0)
(-0.510032 0.469499 0)
(-0.673848 0.464008 0)
(-0.831957 0.432817 0)
(-0.971329 0.372577 0)
(-1.08594 0.285588 0)
(-1.16184 0.17228 0)
(-1.19636 0.0324933 0)
(-1.18094 -0.125052 0)
(-1.12177 -0.279559 0)
(-1.00522 -0.418281 0)
(-0.854385 -0.511192 0)
(-0.657959 -0.555415 0)
(-0.464419 -0.518618 0)
(-0.265222 -0.438111 0)
(-0.122669 -0.28091 0)
(-0.0214415 -0.159574 0)
(0.0161379 0.00288964 0)
(-0.0237424 0.097059 0)
(-0.128525 0.333116 0)
(-0.255671 0.496152 0)
(-0.417688 0.595932 0)
(-0.59696 0.639396 0)
(-0.779476 0.635405 0)
(-0.958071 0.592301 0)
(-1.11756 0.509882 0)
(-1.25325 0.391055 0)
(-1.34981 0.235442 0)
(-1.40457 0.049217 0)
(-1.40425 -0.159342 0)
(-1.35304 -0.367945 0)
(-1.23206 -0.558926 0)
(-1.06564 -0.696546 0)
(-0.834207 -0.768743 0)
(-0.600247 -0.734568 0)
(-0.341901 -0.62913 0)
(-0.163585 -0.416157 0)
(-0.00822306 -0.233304 0)
(5.99801e-266 -0.00403448 0)
(-0.0175383 0.16071 0)
(-0.123035 0.454576 0)
(-0.278919 0.656427 0)
(-0.461635 0.777642 0)
(-0.660825 0.831456 0)
(-0.862388 0.825373 0)
(-1.0593 0.77117 0)
(-1.23968 0.667599 0)
(-1.39741 0.518264 0)
(-1.51914 0.323025 0)
(-1.60016 0.0873691 0)
(-1.62297 -0.177694 0)
(-1.58952 -0.45122 0)
(-1.47401 -0.707991 0)
(-1.30018 -0.908382 0)
(-1.0387 -1.02514 0)
(-0.762365 -1.00931 0)
(-0.439983 -0.881309 0)
(-0.211893 -0.609915 0)
(-0.00382527 -0.332836 0)
(2.64025e-24 -1.0507e-24 0)
(-0.0155593 0.233866 0)
(-0.126299 0.592562 0)
(-0.298615 0.833031 0)
(-0.495776 0.975875 0)
(-0.710776 1.03872 0)
(-0.927041 1.03216 0)
(-1.14003 0.968585 0)
(-1.33891 0.846757 0)
(-1.51836 0.670225 0)
(-1.66603 0.437515 0)
(-1.77592 0.153643 0)
(-1.82845 -0.170542 0)
(-1.82204 -0.515445 0)
(-1.7244 -0.849645 0)
(-1.55599 -1.12967 0)
(-1.27489 -1.30995 0)
(-0.961564 -1.32961 0)
(-0.570536 -1.18518 0)
(-0.283291 -0.844397 0)
(-0.00507023 -0.453375 0)
(1.07236e-76 -6.60062e-25 0)
(-0.0134276 0.303112 0)
(-0.122957 0.739353 0)
(-0.303717 1.02657 0)
(-0.508456 1.19033 0)
(-0.732134 1.26307 0)
(-0.956841 1.25452 0)
(-1.17903 1.18322 0)
(-1.39087 1.04546 0)
(-1.58696 0.845552 0)
(-1.75809 0.579853 0)
(-1.8968 0.250148 0)
(-1.98344 -0.132758 0)
(-2.01283 -0.554558 0)
(-1.94705 -0.976731 0)
(-1.80071 -1.35701 0)
(-1.51769 -1.62573 0)
(-1.17886 -1.71215 0)
(-0.722281 -1.57027 0)
(-0.367788 -1.16964 0)
(-0.00734437 -0.631861 0)
(2.97821e-164 -2.6809e-77 0)
(-0.0132841 0.366714 0)
(-0.122628 0.881057 0)
(-0.30706 1.21613 0)
(-0.513097 1.40194 0)
(-0.736935 1.48531 0)
(-0.960847 1.47695 0)
(-1.18172 1.40144 0)
(-1.39609 1.25317 0)
(-1.59825 1.03702 0)
(-1.78439 0.746502 0)
(-1.94554 0.379628 0)
(-2.06596 -0.0548915 0)
(-2.13616 -0.549735 0)
(-2.1166 -1.06271 0)
(-2.01279 -1.55553 0)
(-1.75491 -1.93573 0)
(-1.41559 -2.12001 0)
(-0.913098 -2.00487 0)
(-0.492707 -1.54741 0)
(-0.082085 -0.834776 0)
(1.79633e-265 0.013395 0)
(-0.0136144 0.439899 0)
(-0.117795 1.0353 0)
(-0.297771 1.4185 0)
(-0.495312 1.62087 0)
(-0.707564 1.71194 0)
(-0.918181 1.69925 0)
(-1.1236 1.6191 0)
(-1.32597 1.46154 0)
(-1.51887 1.23406 0)
(-1.70581 0.926473 0)
(-1.87705 0.531874 0)
(-2.02381 0.0569258 0)
(-2.13402 -0.50321 0)
(-2.1702 -1.10228 0)
(-2.12843 -1.71739 0)
(-1.92629 -2.22954 0)
(-1.61669 -2.55264 0)
(-1.08862 -2.50778 0)
(-0.589894 -1.9947 0)
(-0.0764705 -1.14464 0)
(0.05358 -0.0778358 0)
(-0.0166714 0.493726 0)
(-0.119422 1.16226 0)
(-0.296095 1.59073 0)
(-0.480338 1.80841 0)
(-0.669591 1.90637 0)
(-0.853099 1.89043 0)
(-1.02437 1.80832 0)
(-1.19574 1.64696 0)
(-1.35747 1.41669 0)
(-1.52503 1.10427 0)
(-1.68571 0.698487 0)
(-1.84452 0.202631 0)
(-1.98443 -0.400548 0)
(-2.08073 -1.06737 0)
(-2.11607 -1.79383 0)
(-2.00356 -2.44913 0)
(-1.77191 -2.95085 0)
(-1.24454 -3.04068 0)
(-0.717265 -2.55314 0)
(0.0437733 -1.48558 0)
(2.4762e-231 -0.013395 0)
(-0.0209918 0.578984 0)
(-0.119426 1.31779 0)
(-0.285485 1.78333 0)
(-0.445991 1.99551 0)
(-0.598333 2.08794 0)
(-0.73901 2.05448 0)
(-0.858039 1.96384 0)
(-0.978596 1.79488 0)
(-1.08726 1.56428 0)
(-1.21188 1.2549 0)
(-1.33766 0.851483 0)
(-1.48485 0.355835 0)
(-1.63546 -0.266879 0)
(-1.78225 -0.970907 0)
(-1.90227 -1.79333 0)
(-1.91506 -2.57775 0)
(-1.8201 -3.30984 0)
(-1.40043 -3.58066 0)
(-0.892658 -3.27632 0)
(-0.0029209 -1.89999 0)
(5.83305e-202 4.58882e-184 0)
(-0.0367792 0.627283 0)
(-0.148688 1.42071 0)
(-0.314482 1.91365 0)
(-0.450035 2.1159 0)
(-0.548424 2.19802 0)
(-0.628584 2.14692 0)
(-0.669264 2.0479 0)
(-0.715499 1.8752 0)
(-0.743126 1.65073 0)
(-0.799504 1.35568 0)
(-0.860615 0.973053 0)
(-0.97126 0.503218 0)
(-1.10194 -0.0996782 0)
(-1.28561 -0.79632 0)
(-1.47359 -1.65276 0)
(-1.64535 -2.52776 0)
(-1.72163 -3.44868 0)
(-1.52111 -3.97656 0)
(-1.10605 -3.92689 0)
(-0.0114945 -2.40871 0)
(1.83553e-183 -1.51154e-184 0)
(-0.0553427 0.772706 0)
(-0.181972 1.59982 0)
(-0.337437 2.0943 0)
(-0.434908 2.23095 0)
(-0.4633 2.27383 0)
(-0.465723 2.1762 0)
(-0.410966 2.05523 0)
(-0.36403 1.86975 0)
(-0.291356 1.65034 0)
(-0.25638 1.37401 0)
(-0.22787 1.02344 0)
(-0.269305 0.599764 0)
(-0.346694 0.0459974 0)
(-0.523143 -0.59567 0)
(-0.751345 -1.43659 0)
(-1.05739 -2.32603 0)
(-1.35763 -3.43862 0)
(-1.48533 -4.20278 0)
(-1.39242 -4.8026 0)
(-0.466409 -3.05332 0)
(4.40229e-254 -4.58882e-184 0)
(-0.12121 0.850945 0)
(-0.315691 1.68976 0)
(-0.462692 2.1617 0)
(-0.510953 2.23219 0)
(-0.420781 2.22828 0)
(-0.311784 2.08975 0)
(-0.118441 1.94732 0)
(0.0509206 1.75474 0)
(0.253976 1.54485 0)
(0.401548 1.29483 0)
(0.543934 0.988424 0)
(0.588859 0.628204 0)
(0.596123 0.157996 0)
(0.441961 -0.38221 0)
(0.229059 -1.11052 0)
(-0.233753 -1.91046 0)
(-0.69149 -2.99462 0)
(-1.44134 -3.94056 0)
(-1.63912 -4.85479 0)
(-2.07421 -3.87738 0)
(-2.59615e-264 -0.216219 0)
(-0.177848 1.2314 0)
(-0.414218 1.94572 0)
(-0.496698 2.31206 0)
(-0.445097 2.18924 0)
(-0.201403 2.08849 0)
(0.0512537 1.87337 0)
(0.399343 1.6991 0)
(0.706799 1.49743 0)
(1.04632 1.30194 0)
(1.31494 1.086 0)
(1.57485 0.835788 0)
(1.72142 0.552719 0)
(1.8259 0.189623 0)
(1.74674 -0.219105 0)
(1.59236 -0.771853 0)
(1.14325 -1.3893 0)
(0.602806 -2.26284 0)
(-0.333874 -3.21126 0)
(-1.07316 -4.26046 0)
(-1.84022 -4.54152 0)
(-0.864875 -2.31824 0)
(-0.400651 1.40888 0)
(-0.725207 1.97996 0)
(-0.516323 2.18684 0)
(-0.23214 1.91984 0)
(0.328781 1.73279 0)
(0.797503 1.48088 0)
(1.35726 1.2937 0)
(1.818 1.10569 0)
(2.29542 0.93874 0)
(2.66941 0.76936 0)
(3.02566 0.584508 0)
(3.24509 0.38597 0)
(3.42491 0.136189 0)
(3.3925 -0.133092 0)
(3.30805 -0.50362 0)
(2.87513 -0.89921 0)
(2.39779 -1.51874 0)
(1.37136 -2.23541 0)
(0.463444 -3.35432 0)
(-0.704633 -4.00749 0)
(-0.70159 -2.96435 0)
(-0.257658 2.41924 0)
(-0.105423 2.05603 0)
(0.682101 1.86932 0)
(1.33103 1.33579 0)
(2.15069 1.07874 0)
(2.78238 0.837584 0)
(3.44155 0.68451 0)
(3.95935 0.554882 0)
(4.46333 0.451018 0)
(4.84749 0.355539 0)
(5.20228 0.258712 0)
(5.42015 0.158974 0)
(5.59955 0.0390074 0)
(5.58216 -0.0894088 0)
(5.52657 -0.264579 0)
(5.15728 -0.457647 0)
(4.76534 -0.790817 0)
(3.83226 -1.24482 0)
(2.86801 -2.25328 0)
(1.09309 -3.33041 0)
(-0.0464729 -3.79872 0)
(1.66686 1.66919 0)
(2.70131 0.974215 0)
(4.54077 0.748147 0)
(5.37989 0.423902 0)
(6.24888 0.286757 0)
(6.7615 0.17853 0)
(7.24401 0.12174 0)
(7.57016 0.0812623 0)
(7.8703 0.0546207 0)
(8.07405 0.0338267 0)
(8.25637 0.015274 0)
(8.34508 -0.00211873 0)
(8.41634 -0.0232659 0)
(8.35705 -0.0440065 0)
(8.29447 -0.0791784 0)
(8.00615 -0.111926 0)
(7.7497 -0.200832 0)
(6.99541 -0.293167 0)
(6.26205 -0.624899 0)
(4.04568 -0.997109 0)
(2.00497 -1.81765 0)
)
;

boundaryField
{
    movingWall
    {
        type            fixedValue;
        value           uniform (10 0 0);
    }
    fixedWalls
    {
        type            noSlip;
    }
    frontAndBack
    {
        type            empty;
    }
}


// ************************************************************************* //
