/*--------------------------------*- C++ -*----------------------------------*\
| =========                 |                                                 |
| \\      /  F ield         | OpenFOAM: The Open Source CFD Toolbox           |
|  \\    /   O peration     | Version:  4.1                                   |
|   \\  /    A nd           | Web:      www.OpenFOAM.org                      |
|    \\/     M anipulation  |                                                 |
\*---------------------------------------------------------------------------*/
FoamFile
{
    version     2.0;
    format      ascii;
    class       volVectorField;
    location    "0.0933";
    object      U;
}
// * * * * * * * * * * * * * * * * * * * * * * * * * * * * * * * * * * * * * //

dimensions      [0 1 -1 0 0 0 0];

internalField   nonuniform List<vector> 
441
(
(0.00378208 -0.00486466 0)
(0.00990614 -0.00254022 0)
(-0.000635054 -2.21572e-165 0)
(0.00199169 -3.3852e-266 0)
(-0.00836957 -0.00796706 0)
(-0.00199169 -3.09455e-232 0)
(-1.15074e-202 -5.70398e-203 0)
(-1.42593e-203 -7.48912e-228 0)
(-1.745e-212 -3.26988e-213 0)
(-0.00623142 9.2385e-266 0)
(-0.0764214 0.0249266 0)
(-0.0959034 0.013013 0)
(-0.107859 0.00593189 0)
(-0.094653 0.000361979 0)
(-0.077584 -0.00171111 0)
(-0.0513181 -0.00307632 0)
(-0.028774 -0.00218191 0)
(-0.00883221 -0.00158629 0)
(0.00312608 0.000795272 0)
(0.00470198 0.00156981 0)
(0.00461613 0.00304156 0)
(0.00391629 -0.00863945 0)
(-0.000790896 0.00688128 0)
(-0.0275931 0.00860697 0)
(-0.0599833 0.0107896 0)
(-0.108418 0.0110535 0)
(-0.154365 -0.00318629 0)
(-0.197713 -0.000136806 0)
(-0.239485 0.00170094 0)
(-0.276556 0.0134535 0)
(-0.313808 0.0680509 0)
(-0.338966 0.062515 0)
(-0.33284 0.0188601 0)
(-0.317142 -0.00781047 0)
(-0.273556 -0.0314378 0)
(-0.22242 -0.0418283 0)
(-0.158288 -0.0470727 0)
(-0.100474 -0.0401361 0)
(-0.0493096 -0.0316029 0)
(-0.0150333 -0.0138035 0)
(-0.000834237 -0.00378047 0)
(0.00501402 0.00650379 0)
(0.00774379 -0.00849302 0)
(-0.00517356 0.0285818 0)
(-0.0549801 0.0577931 0)
(-0.122853 0.0782176 0)
(-0.206064 0.085216 0)
(-0.292263 0.0850726 0)
(-0.385063 0.082154 0)
(-0.460803 0.0762836 0)
(-0.535015 0.0714694 0)
(-0.571365 0.0670847 0)
(-0.567093 0.0449049 0)
(-0.548154 -0.00752737 0)
(-0.509755 -0.0526578 0)
(-0.442517 -0.0941474 0)
(-0.362458 -0.115997 0)
(-0.265996 -0.125308 0)
(-0.176714 -0.10996 0)
(-0.0953513 -0.0875537 0)
(-0.038333 -0.0465674 0)
(-0.00795815 -0.0189295 0)
(0.00644794 0.0076032 0)
(0.00643542 -0.0115569 0)
(-0.0166601 0.0714028 0)
(-0.0990945 0.12623 0)
(-0.19666 0.164367 0)
(-0.311803 0.18083 0)
(-0.427897 0.178635 0)
(-0.54239 0.170181 0)
(-0.641625 0.152596 0)
(-0.723139 0.126559 0)
(-0.771051 0.0973624 0)
(-0.7803 0.0390225 0)
(-0.755553 -0.0396404 0)
(-0.703842 -0.113632 0)
(-0.615351 -0.179955 0)
(-0.509256 -0.218208 0)
(-0.381037 -0.234396 0)
(-0.260131 -0.210226 0)
(-0.146478 -0.171696 0)
(-0.0647349 -0.100303 0)
(-0.0158645 -0.0499612 0)
(0.00806064 0.00538264 0)
(7.03359e-165 0.00160885 0)
(-0.0253482 0.133647 0)
(-0.144374 0.236981 0)
(-0.266568 0.289419 0)
(-0.411983 0.315291 0)
(-0.553497 0.313731 0)
(-0.694346 0.294488 0)
(-0.813736 0.255871 0)
(-0.912631 0.200112 0)
(-0.970892 0.12498 0)
(-0.987998 0.0298156 0)
(-0.964383 -0.0837158 0)
(-0.904647 -0.192091 0)
(-0.799793 -0.289108 0)
(-0.669989 -0.349226 0)
(-0.508515 -0.375372 0)
(-0.35358 -0.343015 0)
(-0.200738 -0.284117 0)
(-0.0915445 -0.17544 0)
(-0.0186369 -0.0926285 0)
(0.0146738 0.000584392 0)
(-5.69984e-266 0.0059142 0)
(-0.0917952 0.220662 0)
(-0.201861 0.365352 0)
(-0.34865 0.433862 0)
(-0.507898 0.467586 0)
(-0.671052 0.46209 0)
(-0.828555 0.431056 0)
(-0.967435 0.371142 0)
(-1.0817 0.284634 0)
(-1.15744 0.171926 0)
(-1.192 0.0328193 0)
(-1.1768 -0.124051 0)
(-1.118 -0.277986 0)
(-1.00195 -0.416306 0)
(-0.851721 -0.509062 0)
(-0.655969 -0.553384 0)
(-0.463069 -0.516958 0)
(-0.264455 -0.43697 0)
(-0.122311 -0.280379 0)
(-0.0213267 -0.159455 0)
(0.0161377 0.00279222 0)
(-0.0236568 0.0966848 0)
(-0.128017 0.331833 0)
(-0.25463 0.494192 0)
(-0.415992 0.593534 0)
(-0.594564 0.636797 0)
(-0.7764 0.632831 0)
(-0.954377 0.589974 0)
(-1.11337 0.508017 0)
(-1.24872 0.389843 0)
(-1.34512 0.235024 0)
(-1.39989 0.0496598 0)
(-1.39976 -0.158055 0)
(-1.34888 -0.365934 0)
(-1.2284 -0.556386 0)
(-1.06257 -0.69376 0)
(-0.831837 -0.766017 0)
(-0.598578 -0.732246 0)
(-0.340931 -0.627436 0)
(-0.163123 -0.415259 0)
(-0.00812552 -0.232975 0)
(5.99387e-266 -0.00403441 0)
(-0.0174734 0.16009 0)
(-0.122558 0.452811 0)
(-0.277852 0.653844 0)
(-0.459897 0.774559 0)
(-0.658391 0.828166 0)
(-0.859293 0.82216 0)
(-1.05562 0.7683 0)
(-1.23554 0.665327 0)
(-1.39294 0.516804 0)
(-1.51452 0.322524 0)
(-1.59552 0.0878948 0)
(-1.61849 -0.17617 0)
(-1.5853 -0.448823 0)
(-1.47022 -0.70493 0)
(-1.29691 -0.904955 0)
(-1.0361 -1.02169 0)
(-0.76047 -1.00625 0)
(-0.438864 -0.878952 0)
(-0.211357 -0.608513 0)
(-0.00380459 -0.332247 0)
(2.63504e-24 -1.05331e-24 0)
(-0.0155049 0.232963 0)
(-0.125865 0.590282 0)
(-0.297624 0.829817 0)
(-0.494166 0.972117 0)
(-0.708535 1.03477 0)
(-0.924215 1.02835 0)
(-1.1367 0.965217 0)
(-1.33518 0.844114 0)
(-1.51437 0.668535 0)
(-1.6619 0.436928 0)
(-1.77177 0.154219 0)
(-1.82441 -0.168841 0)
(-1.81818 -0.512745 0)
(-1.72084 -0.846158 0)
(-1.55283 -1.12568 0)
(-1.27228 -1.30584 0)
(-0.959572 -1.32581 0)
(-0.569309 -1.18211 0)
(-0.282678 -0.842412 0)
(-0.00505904 -0.452492 0)
(1.07052e-76 -6.58759e-25 0)
(-0.0133912 0.302006 0)
(-0.122627 0.73665 0)
(-0.302934 1.02282 0)
(-0.50717 1.186 0)
(-0.730342 1.25857 0)
(-0.954593 1.25022 0)
(-1.1764 1.17945 0)
(-1.38796 1.04253 0)
(-1.58388 0.84369 0)
(-1.75493 0.579199 0)
(-1.89364 0.250749 0)
(-1.98033 -0.130952 0)
(-2.00982 -0.551674 0)
(-1.94419 -0.972972 0)
(-1.79806 -1.35264 0)
(-1.51539 -1.62111 0)
(-1.17699 -1.7077 0)
(-0.721054 -1.56651 0)
(-0.36713 -1.16703 0)
(-0.00731989 -0.630636 0)
(2.97352e-164 -2.67629e-77 0)
(-0.0132649 0.365452 0)
(-0.122435 0.878033 0)
(-0.30658 1.21196 0)
(-0.512295 1.39718 0)
(-0.735812 1.4804 0)
(-0.959451 1.4723 0)
(-1.18012 1.39742 0)
(-1.39436 1.25007 0)
(-1.59647 1.03508 0)
(-1.78261 0.745828 0)
(-1.9438 0.380251 0)
(-2.06425 -0.0530429 0)
(-2.13447 -0.546792 0)
(-2.1149 -1.05886 0)
(-2.01107 -1.551 0)
(-1.75326 -1.93083 0)
(-1.41409 -2.11513 0)
(-0.911999 -2.00057 0)
(-0.492044 -1.54423 0)
(-0.0819276 -0.83321 0)
(1.79509e-265 0.0133833 0)
(-0.0136156 0.438582 0)
(-0.117775 1.03214 0)
(-0.297681 1.41413 0)
(-0.495129 1.6159 0)
(-0.707292 1.70684 0)
(-0.917854 1.69446 0)
(-1.12327 1.615 0)
(-1.32569 1.45843 0)
(-1.51868 1.23214 0)
(-1.70572 0.925852 0)
(-1.87705 0.532535 0)
(-2.02384 0.0587695 0)
(-2.13399 -0.500328 0)
(-2.17003 -1.09854 0)
(-2.12803 -1.71297 0)
(-1.92566 -2.2247 0)
(-1.61589 -2.54766 0)
(-1.08789 -2.50319 0)
(-0.589392 -1.99115 0)
(-0.0764071 -1.14274 0)
(0.053533 -0.0776758 0)
(-0.0166932 0.492446 0)
(-0.119589 1.15914 0)
(-0.296435 1.5864 0)
(-0.480842 1.80347 0)
(-0.670262 1.90132 0)
(-0.853952 1.88572 0)
(-1.02543 1.80434 0)
(-1.19702 1.644 0)
(-1.35897 1.41493 0)
(-1.52673 1.10378 0)
(-1.68753 0.699218 0)
(-1.84638 0.204445 0)
(-1.98618 -0.397816 0)
(-2.08224 -1.06391 0)
(-2.11717 -1.78977 0)
(-2.00418 -2.44464 0)
(-1.77203 -2.94609 0)
(-1.24438 -3.03608 0)
(-0.716997 -2.5493 0)
(0.0436627 -1.48345 0)
(2.47385e-231 -0.0133833 0)
(-0.0210337 0.577853 0)
(-0.119777 1.31494 0)
(-0.286255 1.7793 0)
(-0.447184 1.99087 0)
(-0.59995 2.08319 0)
(-0.741035 2.05008 0)
(-0.860458 1.96017 0)
(-0.981375 1.7922 0)
(-1.09035 1.56277 0)
(-1.2152 1.25459 0)
(-1.34112 0.852297 0)
(-1.48832 0.357598 0)
(-1.6388 -0.264358 0)
(-1.78528 -0.967831 0)
(-1.90479 -1.78981 0)
(-1.91693 -2.57389 0)
(-1.82121 -3.30567 0)
(-1.40088 -3.57645 0)
(-0.892656 -3.27252 0)
(-0.0029339 -1.89779 0)
(5.83101e-202 4.58802e-184 0)
(-0.0368369 0.626392 0)
(-0.149194 1.41832 0)
(-0.315621 1.91015 0)
(-0.451828 2.1118 0)
(-0.55087 2.19379 0)
(-0.631627 2.14301 0)
(-0.672846 2.04466 0)
(-0.719527 1.8729 0)
(-0.747496 1.64952 0)
(-0.804091 1.35555 0)
(-0.865294 0.973925 0)
(-0.975893 0.504897 0)
(-1.10639 -0.0974054 0)
(-1.28971 -0.793677 0)
(-1.47717 -1.64987 0)
(-1.64822 -2.52469 0)
(-1.72364 -3.44535 0)
(-1.52221 -3.97308 0)
(-1.10639 -3.92351 0)
(-0.0114859 -2.40657 0)
(1.83521e-183 -1.48618e-184 0)
(-0.0554093 0.77213 0)
(-0.182574 1.59806 0)
(-0.33882 2.09156 0)
(-0.437114 2.22761 0)
(-0.466325 2.27033 0)
(-0.469481 2.17293 0)
(-0.41535 2.05254 0)
(-0.368889 1.86786 0)
(-0.296533 1.64939 0)
(-0.261707 1.37401 0)
(-0.233195 1.02429 0)
(-0.274486 0.601288 0)
(-0.351615 0.0479804 0)
(-0.527686 -0.593465 0)
(-0.755395 -1.4343 0)
(-1.06078 -2.32374 0)
(-1.36021 -3.43622 0)
(-1.48692 -4.20025 0)
(-1.39309 -4.79993 0)
(-0.46632 -3.05145 0)
(4.40198e-254 -4.58802e-184 0)
(-0.121271 0.850712 0)
(-0.316284 1.68869 0)
(-0.464104 2.1598 0)
(-0.513252 2.22973 0)
(-0.423976 2.2256 0)
(-0.315772 2.0872 0)
(-0.123089 1.94519 0)
(0.0458018 1.75324 0)
(0.248578 1.5441 0)
(0.396073 1.29485 0)
(0.538555 0.989145 0)
(0.583723 0.629476 0)
(0.591329 0.159629 0)
(0.437594 -0.380438 0)
(0.22516 -1.10877 0)
(-0.237077 -1.90885 0)
(-0.694169 -2.99309 0)
(-1.44311 -3.93899 0)
(-1.64004 -4.85312 0)
(-2.07404 -3.87592 0)
(-2.59536e-264 -0.216177 0)
(-0.177881 1.23147 0)
(-0.414654 1.9453 0)
(-0.497836 2.31101 0)
(-0.447043 2.18768 0)
(-0.204204 2.08667 0)
(0.0476801 1.87156 0)
(0.395116 1.69754 0)
(0.702107 1.49629 0)
(1.04136 1.30133 0)
(1.30993 1.08597 0)
(1.56997 0.836296 0)
(1.71683 0.553653 0)
(1.82171 0.190836 0)
(1.74301 -0.217792 0)
(1.58911 -0.770598 0)
(1.14048 -1.38822 0)
(0.600527 -2.26196 0)
(-0.335541 -3.21049 0)
(-1.07416 -4.2597 0)
(-1.84041 -4.54066 0)
(-0.86471 -2.31799 0)
(-0.400636 1.40911 0)
(-0.725343 1.97999 0)
(-0.516883 2.18645 0)
(-0.233284 1.91905 0)
(0.32694 1.73175 0)
(0.794979 1.47976 0)
(1.35412 1.29268 0)
(1.81438 1.10492 0)
(2.29151 0.938301 0)
(2.66539 0.769293 0)
(3.02174 0.584799 0)
(3.24143 0.386551 0)
(3.42163 0.136961 0)
(3.38969 -0.132252 0)
(3.30571 -0.502829 0)
(2.87324 -0.898563 0)
(2.39628 -1.51829 0)
(1.37022 -2.2351 0)
(0.462667 -3.35409 0)
(-0.704958 -4.00721 0)
(-0.701537 -2.96431 0)
(-0.257608 2.41942 0)
(-0.105282 2.05619 0)
(0.682143 1.86929 0)
(1.33077 1.33553 0)
(2.14998 1.07832 0)
(2.78114 0.837091 0)
(3.43979 0.684044 0)
(3.95716 0.554519 0)
(4.46084 0.450811 0)
(4.84487 0.35551 0)
(5.19969 0.258854 0)
(5.41777 0.159252 0)
(5.59748 0.0393692 0)
(5.58048 -0.0890261 0)
(5.52529 -0.264239 0)
(5.15638 -0.457392 0)
(4.76471 -0.79068 0)
(3.83184 -1.24477 0)
(2.86772 -2.2533 0)
(1.09296 -3.33038 0)
(-0.0464415 -3.79874 0)
(1.66691 1.66923 0)
(2.70149 0.974259 0)
(4.54101 0.748164 0)
(5.38006 0.423882 0)
(6.24886 0.286708 0)
(6.76121 0.178469 0)
(7.24344 0.121684 0)
(7.56936 0.0812249 0)
(7.86933 0.0546098 0)
(8.07302 0.0338434 0)
(8.25539 0.0153147 0)
(8.34424 -0.00206304 0)
(8.41569 -0.023206 0)
(8.35662 -0.0439544 0)
(8.29425 -0.0791435 0)
(8.0061 -0.111914 0)
(7.74974 -0.200844 0)
(6.99549 -0.293196 0)
(6.26211 -0.624939 0)
(4.04571 -0.997144 0)
(2.00501 -1.81769 0)
)
;

boundaryField
{
    movingWall
    {
        type            fixedValue;
        value           uniform (10 0 0);
    }
    fixedWalls
    {
        type            noSlip;
    }
    frontAndBack
    {
        type            empty;
    }
}


// ************************************************************************* //
