/*--------------------------------*- C++ -*----------------------------------*\
| =========                 |                                                 |
| \\      /  F ield         | OpenFOAM: The Open Source CFD Toolbox           |
|  \\    /   O peration     | Version:  4.1                                   |
|   \\  /    A nd           | Web:      www.OpenFOAM.org                      |
|    \\/     M anipulation  |                                                 |
\*---------------------------------------------------------------------------*/
FoamFile
{
    version     2.0;
    format      ascii;
    class       volVectorField;
    location    "0.0736";
    object      U;
}
// * * * * * * * * * * * * * * * * * * * * * * * * * * * * * * * * * * * * * //

dimensions      [0 1 -1 0 0 0 0];

internalField   nonuniform List<vector> 
441
(
(0.00361065 -0.00473672 0)
(0.00938991 -0.00254063 0)
(-0.000635158 -2.19375e-165 0)
(0.00189284 -3.18265e-266 0)
(-0.00841744 -0.00757186 0)
(-0.00189284 -2.96262e-232 0)
(-1.12105e-202 -5.35121e-203 0)
(-1.33768e-203 -7.00283e-228 0)
(-1.66301e-212 -3.04798e-213 0)
(-0.00593451 8.82051e-266 0)
(-0.072583 0.0237396 0)
(-0.091412 0.0124697 0)
(-0.1033 0.00575957 0)
(-0.0913683 0.000467562 0)
(-0.0757785 -0.00152377 0)
(-0.0511757 -0.00289145 0)
(-0.0298218 -0.00210899 0)
(-0.0104878 -0.00163586 0)
(0.00156155 0.000605094 0)
(0.00384324 0.00134675 0)
(0.00441656 0.0028723 0)
(0.00365832 -0.00807576 0)
(-0.00124712 0.0067243 0)
(-0.0271896 0.00825102 0)
(-0.058158 0.010621 0)
(-0.1042 0.010505 0)
(-0.147407 -0.00342127 0)
(-0.187976 -0.000200275 0)
(-0.226897 0.00157995 0)
(-0.261451 0.0127436 0)
(-0.296386 0.0645932 0)
(-0.320361 0.0596406 0)
(-0.315177 0.0186512 0)
(-0.301493 -0.00636838 0)
(-0.261498 -0.0287523 0)
(-0.21435 -0.0388259 0)
(-0.154338 -0.0443548 0)
(-0.0997438 -0.0383923 0)
(-0.0506003 -0.0310132 0)
(-0.0169025 -0.0144242 0)
(-0.00201977 -0.00493296 0)
(0.00474191 0.00561141 0)
(0.00730758 -0.00766212 0)
(-0.00527271 0.0279203 0)
(-0.0530603 0.0555288 0)
(-0.117488 0.0745417 0)
(-0.19593 0.0805336 0)
(-0.27701 0.0797406 0)
(-0.363943 0.0767082 0)
(-0.434414 0.0710785 0)
(-0.503761 0.0668286 0)
(-0.537699 0.0633683 0)
(-0.534006 0.0434489 0)
(-0.517081 -0.00518396 0)
(-0.482412 -0.0472395 0)
(-0.420547 -0.0864858 0)
(-0.346519 -0.10772 0)
(-0.256246 -0.117786 0)
(-0.172107 -0.104666 0)
(-0.0944108 -0.0849957 0)
(-0.0391503 -0.0468743 0)
(-0.00883007 -0.0207399 0)
(0.00615844 0.00599752 0)
(0.00621618 -0.0104148 0)
(-0.0155949 0.0688193 0)
(-0.093865 0.120454 0)
(-0.185909 0.15586 0)
(-0.294169 0.170391 0)
(-0.402963 0.167299 0)
(-0.51001 0.158879 0)
(-0.602596 0.142282 0)
(-0.678883 0.118419 0)
(-0.724018 0.0921748 0)
(-0.733473 0.0387616 0)
(-0.71139 -0.0340651 0)
(-0.664454 -0.103057 0)
(-0.582723 -0.165822 0)
(-0.48428 -0.202959 0)
(-0.364088 -0.220297 0)
(-0.25019 -0.199666 0)
(-0.142038 -0.165649 0)
(-0.063568 -0.0991288 0)
(-0.0159086 -0.05163 0)
(0.00784821 0.00332325 0)
(6.72973e-165 0.00155404 0)
(-0.0235348 0.127552 0)
(-0.13589 0.22506 0)
(-0.25067 0.273417 0)
(-0.387104 0.296497 0)
(-0.519603 0.29376 0)
(-0.651437 0.275048 0)
(-0.763154 0.238865 0)
(-0.856147 0.187534 0)
(-0.911445 0.118657 0)
(-0.928741 0.0312348 0)
(-0.90806 -0.0739498 0)
(-0.85375 -0.175139 0)
(-0.756569 -0.267018 0)
(-0.635674 -0.325267 0)
(-0.483858 -0.352776 0)
(-0.337754 -0.325223 0)
(-0.192418 -0.272752 0)
(-0.0881769 -0.171286 0)
(-0.0178645 -0.0930374 0)
(0.0144534 -0.00126901 0)
(-5.45853e-266 0.00561568 0)
(-0.0866753 0.209394 0)
(-0.189696 0.345625 0)
(-0.327399 0.408903 0)
(-0.476631 0.439199 0)
(-0.629571 0.432702 0)
(-0.777353 0.403057 0)
(-0.907971 0.347246 0)
(-1.01609 0.267586 0)
(-1.08856 0.163984 0)
(-1.12292 0.0356747 0)
(-1.11053 -0.110086 0)
(-1.05719 -0.254298 0)
(-0.949189 -0.385532 0)
(-0.808563 -0.47522 0)
(-0.623722 -0.520711 0)
(-0.441236 -0.490051 0)
(-0.252127 -0.418393 0)
(-0.116611 -0.271694 0)
(-0.0194988 -0.157495 0)
(0.0161292 0.00122443 0)
(-0.0224627 0.0914137 0)
(-0.12076 0.313714 0)
(-0.239513 0.466152 0)
(-0.391087 0.558533 0)
(-0.558942 0.597852 0)
(-0.730061 0.593021 0)
(-0.89795 0.552631 0)
(-1.0485 0.476667 0)
(-1.17756 0.367887 0)
(-1.27051 0.225228 0)
(-1.32474 0.0536909 0)
(-1.32703 -0.139999 0)
(-1.28121 -0.335481 0)
(-1.16849 -0.516598 0)
(-1.01228 -0.649272 0)
(-0.793086 -0.722001 0)
(-0.571368 -0.694538 0)
(-0.325167 -0.599845 0)
(-0.155664 -0.400655 0)
(-0.00655766 -0.227631 0)
(5.92648e-266 -0.00403231 0)
(-0.0165491 0.151268 0)
(-0.115594 0.427598 0)
(-0.262077 0.616508 0)
(-0.433947 0.729111 0)
(-0.621603 0.778404 0)
(-0.811899 0.771997 0)
(-0.998477 0.721806 0)
(-1.1703 0.62672 0)
(-1.32172 0.490009 0)
(-1.43987 0.310596 0)
(-1.52001 0.0926109 0)
(-1.54477 -0.154713 0)
(-1.51572 -0.412322 0)
(-1.4074 -0.656702 0)
(-1.24276 -0.849941 0)
(-0.993114 -0.965803 0)
(-0.729213 -0.956328 0)
(-0.420498 -0.840459 0)
(-0.202609 -0.585676 0)
(-0.00347024 -0.322689 0)
(2.54998e-24 -1.09815e-24 0)
(-0.0147073 0.219985 0)
(-0.119393 0.55739 0)
(-0.282694 0.782896 0)
(-0.469691 0.916203 0)
(-0.67404 0.974482 0)
(-0.880132 0.968274 0)
(-1.08396 0.910108 0)
(-1.27542 0.798737 0)
(-1.44945 0.637189 0)
(-1.59403 0.422851 0)
(-1.70297 0.15917 0)
(-1.75677 -0.144846 0)
(-1.75342 -0.47143 0)
(-1.66109 -0.790891 0)
(-1.49973 -1.06138 0)
(-1.22853 -1.23879 0)
(-0.926328 -1.2635 0)
(-0.548906 -1.1318 0)
(-0.272553 -0.809956 0)
(-0.00487502 -0.438114 0)
(1.04013e-76 -6.37496e-25 0)
(-0.0128375 0.285951 0)
(-0.117575 0.697289 0)
(-0.290833 0.967535 0)
(-0.487166 1.12103 0)
(-0.702129 1.18926 0)
(-0.918725 1.18185 0)
(-1.13385 1.11731 0)
(-1.34022 0.991756 0)
(-1.53253 0.80878 0)
(-1.70163 0.563374 0)
(-1.83972 0.255651 0)
(-1.92707 -0.105478 0)
(-1.95803 -0.507342 0)
(-1.89512 -0.913052 0)
(-1.75264 -1.28166 0)
(-1.47609 -1.54522 0)
(-1.14526 -1.63444 0)
(-0.700401 -1.50461 0)
(-0.356128 -1.12406 0)
(-0.00692639 -0.61057 0)
(2.89562e-164 -2.60033e-77 0)
(-0.0129552 0.346974 0)
(-0.119345 0.833635 0)
(-0.298881 1.15018 0)
(-0.499345 1.32522 0)
(-0.717475 1.40432 0)
(-0.93631 1.39795 0)
(-1.1531 1.33047 0)
(-1.36473 1.1959 0)
(-1.56539 0.998155 0)
(-1.75116 0.729172 0)
(-1.9125 0.385191 0)
(-2.03341 -0.0269753 0)
(-2.10378 -0.501388 0)
(-2.08441 -0.997237 0)
(-1.98063 -1.47703 0)
(-1.72445 -1.85002 0)
(-1.3883 -2.03425 0)
(-0.893214 -1.92925 0)
(-0.480841 -1.49174 0)
(-0.0793552 -0.807428 0)
(1.77288e-265 0.013182 0)
(-0.0136102 0.419154 0)
(-0.117261 0.985386 0)
(-0.295822 1.34902 0)
(-0.491511 1.54031 0)
(-0.701915 1.62736 0)
(-0.91122 1.61741 0)
(-1.11615 1.54634 0)
(-1.31899 1.40356 0)
(-1.51309 1.19535 0)
(-1.70161 0.90974 0)
(-1.87417 0.537956 0)
(-2.02148 0.0847621 0)
(-2.13078 -0.455776 0)
(-2.1647 -1.03845 0)
(-2.11917 -1.64048 0)
(-1.91356 -2.14417 0)
(-1.60135 -2.4645 0)
(-1.07506 -2.42647 0)
(-0.580707 -1.93207 0)
(-0.0753178 -1.11117 0)
(0.052728 -0.0750775 0)
(-0.0170062 0.473468 0)
(-0.121932 1.1129 0)
(-0.301176 1.52152 0)
(-0.487829 1.728 0)
(-0.679605 1.82221 0)
(-0.865939 1.8096 0)
(-1.04053 1.73728 0)
(-1.21561 1.59128 0)
(-1.38113 1.38051 0)
(-1.55209 1.08973 0)
(-1.71512 0.705793 0)
(-1.87465 0.230069 0)
(-2.01293 -0.355538 0)
(-2.10512 -1.00805 0)
(-2.1336 -1.72278 0)
(-2.01303 -2.36961 0)
(-1.77283 -2.86614 0)
(-1.2409 -2.9588 0)
(-0.712119 -2.48503 0)
(0.0418854 -1.44799 0)
(2.43434e-231 -0.013182 0)
(-0.0216644 0.561041 0)
(-0.125002 1.27261 0)
(-0.297702 1.71879 0)
(-0.46498 1.91985 0)
(-0.624251 2.00865 0)
(-0.771774 1.97872 0)
(-0.897611 1.89802 0)
(-1.02459 1.74429 0)
(-1.13896 1.53263 0)
(-1.26805 1.24377 0)
(-1.39661 0.860479 0)
(-1.54434 0.382608 0)
(-1.69276 -0.22536 0)
(-1.83425 -0.918196 0)
(-1.94559 -1.73157 0)
(-1.94699 -2.50914 0)
(-1.83891 -3.23519 0)
(-1.40775 -3.50537 0)
(-0.892229 -3.20851 0)
(-0.00314205 -1.86081 0)
(5.7948e-202 4.57317e-184 0)
(-0.0377209 0.613191 0)
(-0.156842 1.38288 0)
(-0.332855 1.85776 0)
(-0.479083 2.04913 0)
(-0.588336 2.12753 0)
(-0.678766 2.07966 0)
(-0.728994 1.98998 0)
(-0.783439 1.83154 0)
(-0.817646 1.6246 0)
(-0.878498 1.34824 0)
(-0.941823 0.983521 0)
(-1.05215 0.528858 0)
(-1.17988 -0.0623019 0)
(-1.35763 -0.751097 0)
(-1.53649 -1.60194 0)
(-1.69575 -2.47291 0)
(-1.75679 -3.38891 0)
(-1.5403 -3.91411 0)
(-1.11176 -3.86619 0)
(-0.011333 -2.37047 0)
(1.82927e-183 -1.06666e-184 0)
(-0.0564328 0.763731 0)
(-0.19171 1.57207 0)
(-0.359831 2.05056 0)
(-0.470805 2.17678 0)
(-0.512932 2.21559 0)
(-0.528018 2.1202 0)
(-0.484493 2.00707 0)
(-0.446509 1.83385 0)
(-0.380265 1.62963 0)
(-0.348815 1.36944 0)
(-0.32109 1.0342 0)
(-0.360641 0.623144 0)
(-0.433884 0.0785439 0)
(-0.60387 -0.55807 0)
(-0.823395 -1.39649 0)
(-1.11769 -2.28522 0)
(-1.40343 -3.39533 0)
(-1.51346 -4.15714 0)
(-1.40425 -4.75448 0)
(-0.464791 -3.01976 0)
(4.39579e-254 -4.57317e-184 0)
(-0.122207 0.847522 0)
(-0.325235 1.6732 0)
(-0.485459 2.13183 0)
(-0.548221 2.19261 0)
(-0.473031 2.18411 0)
(-0.377705 2.04635 0)
(-0.196215 1.90953 0)
(-0.0358188 1.72641 0)
(0.161373 1.52859 0)
(0.306543 1.29161 0)
(0.449626 0.997686 0)
(0.498076 0.647729 0)
(0.510839 0.184708 0)
(0.363926 -0.352136 0)
(0.159202 -1.08008 0)
(-0.293345 -1.88178 0)
(-0.739498 -2.96699 0)
(-1.473 -3.91217 0)
(-1.65559 -4.82443 0)
(-2.07114 -3.85105 0)
(-2.5821e-264 -0.215475 0)
(-0.178369 1.23278 0)
(-0.421089 1.9397 0)
(-0.514756 2.29596 0)
(-0.476238 2.16459 0)
(-0.246687 2.05891 0)
(-0.00721693 1.84296 0)
(0.329283 1.67177 0)
(0.627991 1.47637 0)
(0.96191 1.28943 0)
(1.22854 1.08306 0)
(1.48975 0.842227 0)
(1.64059 0.567002 0)
(1.75142 0.209389 0)
(1.68004 -0.19691 0)
(1.53384 -0.750069 0)
(1.09344 -1.37018 0)
(0.561706 -2.24707 0)
(-0.36392 -3.19711 0)
(-1.09119 -4.24645 0)
(-1.84356 -4.52585 0)
(-0.861899 -2.31378 0)
(-0.400385 1.41273 0)
(-0.727148 1.98092 0)
(-0.524836 2.1812 0)
(-0.249907 1.90759 0)
(0.299703 1.71603 0)
(0.75701 1.46238 0)
(1.30605 1.27627 0)
(1.75818 1.09172 0)
(2.22967 0.929996 0)
(2.60107 0.766745 0)
(2.95801 0.588071 0)
(3.18123 0.3948 0)
(3.36713 0.14873 0)
(3.34241 -0.118926 0)
(3.26597 -0.489908 0)
(2.841 -0.887729 0)
(2.37038 -1.51048 0)
(1.35074 -2.22972 0)
(0.449342 -3.35001 0)
(-0.710529 -4.00244 0)
(-0.700639 -2.96348 0)
(-0.256838 2.42224 0)
(-0.102969 2.0588 0)
(0.683236 1.86915 0)
(1.3277 1.33196 0)
(2.14011 1.07212 0)
(2.76328 0.829559 0)
(3.41367 0.676631 0)
(3.92386 0.548441 0)
(4.42218 0.446994 0)
(4.80344 0.354425 0)
(5.1582 0.260535 0)
(5.37889 0.163264 0)
(5.56328 0.0449293 0)
(5.55238 -0.0829146 0)
(5.50357 -0.258635 0)
(5.14072 -0.45307 0)
(4.75374 -0.788257 0)
(3.82444 -1.24381 0)
(2.86277 -2.25349 0)
(1.09066 -3.32987 0)
(-0.0459182 -3.79916 0)
(1.66756 1.66987 0)
(2.70417 0.974941 0)
(4.54482 0.74848 0)
(5.38301 0.423633 0)
(6.24903 0.286004 0)
(6.75746 0.177539 0)
(7.23536 0.120798 0)
(7.55744 0.0805854 0)
(7.85461 0.054364 0)
(8.05704 0.0340317 0)
(8.23972 0.0159024 0)
(8.33044 -0.00120366 0)
(8.40477 -0.0222406 0)
(8.34926 -0.0430829 0)
(8.29023 -0.0785309 0)
(8.00495 -0.111671 0)
(7.75024 -0.201012 0)
(6.9967 -0.293657 0)
(6.26304 -0.625601 0)
(4.04617 -0.997725 0)
(2.00572 -1.81842 0)
)
;

boundaryField
{
    movingWall
    {
        type            fixedValue;
        value           uniform (10 0 0);
    }
    fixedWalls
    {
        type            noSlip;
    }
    frontAndBack
    {
        type            empty;
    }
}


// ************************************************************************* //
