/*--------------------------------*- C++ -*----------------------------------*\
| =========                 |                                                 |
| \\      /  F ield         | OpenFOAM: The Open Source CFD Toolbox           |
|  \\    /   O peration     | Version:  4.1                                   |
|   \\  /    A nd           | Web:      www.OpenFOAM.org                      |
|    \\/     M anipulation  |                                                 |
\*---------------------------------------------------------------------------*/
FoamFile
{
    version     2.0;
    format      ascii;
    class       volVectorField;
    location    "0.0113";
    object      U;
}
// * * * * * * * * * * * * * * * * * * * * * * * * * * * * * * * * * * * * * //

dimensions      [0 1 -1 0 0 0 0];

internalField   nonuniform List<vector> 
441
(
(0.00350769 -0.00539251 0)
(0.00735139 -0.00363332 0)
(-0.000908907 -2.81592e-165 0)
(0.00144292 -1.98615e-266 0)
(-0.0126447 -0.00577252 0)
(-0.00144292 -2.51454e-232 0)
(-1.18208e-202 -3.15512e-203 0)
(-7.88519e-204 -3.79294e-228 0)
(-1.30263e-212 -1.60007e-213 0)
(-0.00467886 7.18694e-266 0)
(-0.0542492 0.0187132 0)
(-0.0704363 0.010449 0)
(-0.0824031 0.0053087 0)
(-0.0786592 0.00155521 0)
(-0.0728992 -7.56903e-05 0)
(-0.0598203 -0.00135898 0)
(-0.0468487 -0.00161745 0)
(-0.0306227 -0.0021226 0)
(-0.0160744 -0.00129745 0)
(-0.00467191 -0.000687895 0)
(0.00249183 0.0015755 0)
(0.00250488 -0.0051978 0)
(-0.00795667 0.00818729 0)
(-0.0361379 0.00766422 0)
(-0.0637193 0.0131398 0)
(-0.0996936 0.00789777 0)
(-0.127085 -0.00790647 0)
(-0.149954 -0.00115609 0)
(-0.170038 0.000820376 0)
(-0.186542 0.00908593 0)
(-0.205271 0.0479692 0)
(-0.218887 0.045426 0)
(-0.215973 0.0180651 0)
(-0.212339 0.00249097 0)
(-0.194445 -0.0113917 0)
(-0.173885 -0.0188206 0)
(-0.14312 -0.0254159 0)
(-0.11188 -0.0274589 0)
(-0.0756248 -0.0295904 0)
(-0.0428001 -0.0244265 0)
(-0.0157367 -0.0186713 0)
(0.00173342 -0.00358066 0)
(0.00573914 -0.000819945 0)
(-0.00983139 0.0345189 0)
(-0.0564616 0.0539792 0)
(-0.107283 0.0618347 0)
(-0.159851 0.0565907 0)
(-0.210892 0.0469974 0)
(-0.259994 0.0411935 0)
(-0.29259 0.0353354 0)
(-0.325416 0.0336522 0)
(-0.335659 0.0361403 0)
(-0.324784 0.030115 0)
(-0.31327 0.00501138 0)
(-0.29752 -0.0157816 0)
(-0.270383 -0.0365943 0)
(-0.239046 -0.0507476 0)
(-0.196183 -0.0633914 0)
(-0.152611 -0.0682281 0)
(-0.1025 -0.071405 0)
(-0.0580543 -0.0602225 0)
(-0.0206679 -0.0454197 0)
(0.00273842 -0.0117136 0)
(0.00693851 -0.00114963 0)
(-0.01017 0.0720267 0)
(-0.0751123 0.105425 0)
(-0.139575 0.118331 0)
(-0.20674 0.111754 0)
(-0.267502 0.0945847 0)
(-0.321154 0.0814082 0)
(-0.362045 0.0667939 0)
(-0.392323 0.0534876 0)
(-0.405528 0.0451479 0)
(-0.4007 0.022641 0)
(-0.384562 -0.0100091 0)
(-0.36212 -0.0406426 0)
(-0.3264 -0.0705779 0)
(-0.286049 -0.0929708 0)
(-0.232624 -0.1128 0)
(-0.17902 -0.120818 0)
(-0.117347 -0.125363 0)
(-0.0643845 -0.105735 0)
(-0.019406 -0.0806858 0)
(0.00529578 -0.0212132 0)
(6.38979e-165 0.00173463 0)
(-0.0133522 0.116176 0)
(-0.0965898 0.182589 0)
(-0.167637 0.192385 0)
(-0.245013 0.183726 0)
(-0.312122 0.160122 0)
(-0.373359 0.13493 0)
(-0.418512 0.10596 0)
(-0.452377 0.0767228 0)
(-0.465947 0.0452741 0)
(-0.4617 0.00944556 0)
(-0.444402 -0.0331467 0)
(-0.417398 -0.0734275 0)
(-0.375597 -0.112617 0)
(-0.327814 -0.143724 0)
(-0.264254 -0.170694 0)
(-0.201624 -0.182371 0)
(-0.126938 -0.186563 0)
(-0.066662 -0.156785 0)
(-0.0119116 -0.115583 0)
(0.0119584 -0.0247709 0)
(-5.72076e-266 0.00518034 0)
(-0.0701166 0.173037 0)
(-0.129276 0.258051 0)
(-0.208014 0.268497 0)
(-0.282011 0.256244 0)
(-0.353335 0.224045 0)
(-0.415289 0.188262 0)
(-0.464865 0.146127 0)
(-0.500341 0.101406 0)
(-0.518205 0.0538836 0)
(-0.518964 0.00109947 0)
(-0.502681 -0.0549929 0)
(-0.474156 -0.10947 0)
(-0.427279 -0.161111 0)
(-0.372682 -0.204104 0)
(-0.298773 -0.240453 0)
(-0.226004 -0.257469 0)
(-0.136988 -0.262497 0)
(-0.0673125 -0.219477 0)
(0.00191576 -0.162013 0)
(0.0172079 -0.0206191 0)
(-0.0207214 0.0759279 0)
(-0.0936183 0.241734 0)
(-0.160092 0.321364 0)
(-0.240624 0.343597 0)
(-0.320435 0.328733 0)
(-0.396108 0.292448 0)
(-0.463649 0.246064 0)
(-0.518102 0.190541 0)
(-0.558459 0.129952 0)
(-0.58064 0.0639059 0)
(-0.585242 -0.00580549 0)
(-0.570791 -0.0779328 0)
(-0.541377 -0.148212 0)
(-0.490288 -0.214286 0)
(-0.429484 -0.271147 0)
(-0.344279 -0.317963 0)
(-0.262047 -0.342421 0)
(-0.154769 -0.346352 0)
(-0.0806045 -0.293286 0)
(0.014502 -0.201339 0)
(5.36798e-266 -0.00430198 0)
(-0.0147802 0.121893 0)
(-0.0835477 0.313449 0)
(-0.170066 0.405921 0)
(-0.262452 0.429823 0)
(-0.352469 0.412342 0)
(-0.436599 0.367915 0)
(-0.510595 0.310785 0)
(-0.572086 0.241162 0)
(-0.618099 0.164297 0)
(-0.646693 0.0804149 0)
(-0.656746 -0.00866102 0)
(-0.645911 -0.099506 0)
(-0.617432 -0.189954 0)
(-0.563756 -0.274233 0)
(-0.497283 -0.349842 0)
(-0.401886 -0.410106 0)
(-0.308044 -0.445833 0)
(-0.186301 -0.44791 0)
(-0.0999697 -0.385182 0)
(0.000894474 -0.250402 0)
(1.41197e-24 -2.39121e-24 0)
(-0.0123163 0.171472 0)
(-0.0848034 0.395217 0)
(-0.185572 0.499311 0)
(-0.289443 0.524586 0)
(-0.391637 0.502212 0)
(-0.485231 0.449583 0)
(-0.567816 0.381159 0)
(-0.637159 0.297483 0)
(-0.690164 0.204499 0)
(-0.725937 0.102356 0)
(-0.742004 -0.00627957 0)
(-0.736433 -0.117326 0)
(-0.710423 -0.229607 0)
(-0.656185 -0.3347 0)
(-0.585117 -0.431544 0)
(-0.479098 -0.508056 0)
(-0.372125 -0.555305 0)
(-0.229572 -0.556394 0)
(-0.127425 -0.475771 0)
(-0.00236977 -0.305154 0)
(5.57511e-77 -3.52992e-25 0)
(-0.0107546 0.220044 0)
(-0.085437 0.488404 0)
(-0.198913 0.611825 0)
(-0.3145 0.636914 0)
(-0.428898 0.609183 0)
(-0.532843 0.544689 0)
(-0.624016 0.463479 0)
(-0.701929 0.363737 0)
(-0.762209 0.253478 0)
(-0.8064 0.132097 0)
(-0.829937 0.00186502 0)
(-0.832096 -0.131737 0)
(-0.811458 -0.27041 0)
(-0.759897 -0.401004 0)
(-0.686588 -0.527062 0)
(-0.57094 -0.625964 0)
(-0.448851 -0.694742 0)
(-0.28171 -0.697732 0)
(-0.158459 -0.609699 0)
(-0.00691415 -0.386584 0)
(1.47098e-164 -1.39378e-77 0)
(-0.0115147 0.264831 0)
(-0.0941195 0.581693 0)
(-0.222992 0.726661 0)
(-0.352205 0.752785 0)
(-0.479298 0.719508 0)
(-0.593649 0.643351 0)
(-0.692595 0.549729 0)
(-0.778431 0.434916 0)
(-0.845093 0.308881 0)
(-0.89804 0.169862 0)
(-0.92968 0.0197427 0)
(-0.942706 -0.135706 0)
(-0.930859 -0.300914 0)
(-0.887914 -0.459553 0)
(-0.816633 -0.618643 0)
(-0.695963 -0.746526 0)
(-0.557997 -0.840829 0)
(-0.365593 -0.849196 0)
(-0.213401 -0.742817 0)
(-0.0580791 -0.469577 0)
(4.7534e-266 0.00602625 0)
(-0.0135033 0.327063 0)
(-0.104158 0.702213 0)
(-0.248107 0.871977 0)
(-0.390199 0.894488 0)
(-0.528409 0.852463 0)
(-0.651768 0.75867 0)
(-0.756442 0.649526 0)
(-0.848701 0.516535 0)
(-0.920247 0.373629 0)
(-0.981602 0.216633 0)
(-1.0221 0.0463476 0)
(-1.04866 -0.131099 0)
(-1.05044 -0.326002 0)
(-1.02267 -0.516705 0)
(-0.961329 -0.720181 0)
(-0.840819 -0.887914 0)
(-0.687952 -1.02601 0)
(-0.454718 -1.0485 0)
(-0.253231 -0.91646 0)
(-0.0355914 -0.608449 0)
(0.024105 -0.0618003 0)
(-0.0185972 0.37835 0)
(-0.125167 0.813388 0)
(-0.29235 1.01006 0)
(-0.451354 1.03006 0)
(-0.599928 0.979593 0)
(-0.730611 0.869211 0)
(-0.836147 0.746014 0)
(-0.931173 0.597624 0)
(-1.00285 0.441651 0)
(-1.07066 0.271597 0)
(-1.11839 0.0870948 0)
(-1.16186 -0.10673 0)
(-1.18159 -0.325959 0)
(-1.18078 -0.547736 0)
(-1.14041 -0.798305 0)
(-1.03614 -1.01971 0)
(-0.877117 -1.22282 0)
(-0.592247 -1.2858 0)
(-0.333019 -1.15582 0)
(0.0436587 -0.748821 0)
(1.36851e-231 -0.00602625 0)
(-0.0254798 0.473961 0)
(-0.148464 0.979315 0)
(-0.337464 1.20237 0)
(-0.510984 1.20362 0)
(-0.665944 1.13526 0)
(-0.799919 0.99567 0)
(-0.901573 0.852335 0)
(-0.994807 0.683637 0)
(-1.06209 0.513909 0)
(-1.13236 0.332328 0)
(-1.18479 0.13692 0)
(-1.24441 -0.0680619 0)
(-1.28611 -0.309053 0)
(-1.32087 -0.558799 0)
(-1.31974 -0.867994 0)
(-1.25711 -1.15439 0)
(-1.12293 -1.47362 0)
(-0.823236 -1.60179 0)
(-0.498155 -1.55101 0)
(-0.00100911 -0.962343 0)
(3.04295e-202 2.75307e-184 0)
(-0.0436045 0.544978 0)
(-0.201046 1.11921 0)
(-0.42477 1.36841 0)
(-0.616873 1.35288 0)
(-0.768979 1.26661 0)
(-0.89815 1.1012 0)
(-0.981318 0.940266 0)
(-1.06226 0.756561 0)
(-1.11257 0.579097 0)
(-1.17736 0.394465 0)
(-1.22567 0.199305 0)
(-1.29976 -0.00376298 0)
(-1.36067 -0.248699 0)
(-1.44445 -0.511333 0)
(-1.49295 -0.859262 0)
(-1.51606 -1.21407 0)
(-1.4326 -1.64937 0)
(-1.17587 -1.91353 0)
(-0.772479 -1.96308 0)
(-0.00187734 -1.26035 0)
(1.10123e-183 1.70894e-184 0)
(-0.0641471 0.726322 0)
(-0.254688 1.36502 0)
(-0.501394 1.62749 0)
(-0.699968 1.54931 0)
(-0.836012 1.42352 0)
(-0.947657 1.20863 0)
(-1.00084 1.0204 0)
(-1.05753 0.815291 0)
(-1.07985 0.630183 0)
(-1.12637 0.445894 0)
(-1.15831 0.257922 0)
(-1.23133 0.0676096 0)
(-1.29982 -0.168574 0)
(-1.41821 -0.425616 0)
(-1.5225 -0.804105 0)
(-1.64149 -1.2142 0)
(-1.68046 -1.82673 0)
(-1.55013 -2.26736 0)
(-1.2285 -2.74714 0)
(-0.355871 -1.76271 0)
(2.84147e-254 -2.75307e-184 0)
(-0.129771 0.848879 0)
(-0.395572 1.5429 0)
(-0.656888 1.80733 0)
(-0.842805 1.67701 0)
(-0.908912 1.51245 0)
(-0.96533 1.26024 0)
(-0.94338 1.05003 0)
(-0.945352 0.83351 0)
(-0.909737 0.648105 0)
(-0.916983 0.473684 0)
(-0.910002 0.304188 0)
(-0.966338 0.141065 0)
(-1.01784 -0.0618698 0)
(-1.16423 -0.282678 0)
(-1.29638 -0.633858 0)
(-1.56097 -1.04805 0)
(-1.72106 -1.72762 0)
(-2.00518 -2.36452 0)
(-1.78541 -3.10504 0)
(-1.71982 -2.53811 0)
(-2.06794e-264 -0.178335 0)
(-0.182363 1.27201 0)
(-0.478189 1.89613 0)
(-0.675584 2.09625 0)
(-0.776741 1.80147 0)
(-0.71824 1.55958 0)
(-0.669849 1.24285 0)
(-0.541074 1.0069 0)
(-0.458484 0.781699 0)
(-0.344511 0.603487 0)
(-0.28992 0.447018 0)
(-0.223865 0.305098 0)
(-0.233087 0.17768 0)
(-0.235726 0.0224671 0)
(-0.349227 -0.142368 0)
(-0.457179 -0.422203 0)
(-0.743807 -0.778439 0)
(-1.00404 -1.41401 0)
(-1.48286 -2.17036 0)
(-1.67796 -3.11558 0)
(-1.82267 -3.44728 0)
(-0.71334 -1.91013 0)
(-0.396006 1.47391 0)
(-0.739211 2.00668 0)
(-0.609329 2.09892 0)
(-0.456339 1.70264 0)
(-0.0754381 1.40634 0)
(0.181474 1.07557 0)
(0.503303 0.840681 0)
(0.713984 0.635045 0)
(0.936683 0.480862 0)
(1.06707 0.354961 0)
(1.20185 0.247463 0)
(1.24297 0.158705 0)
(1.29933 0.053173 0)
(1.2245 -0.0499026 0)
(1.18112 -0.240843 0)
(0.900016 -0.480764 0)
(0.663472 -0.987775 0)
(0.00866074 -1.65386 0)
(-0.444238 -2.75779 0)
(-1.07037 -3.43912 0)
(-0.67541 -2.72967 0)
(-0.245482 2.46841 0)
(-0.0629725 2.10377 0)
(0.708109 1.86476 0)
(1.28135 1.26216 0)
(1.96696 0.944893 0)
(2.42322 0.660843 0)
(2.8753 0.483594 0)
(3.17112 0.347157 0)
(3.449 0.25284 0)
(3.619 0.182789 0)
(3.78476 0.127196 0)
(3.85648 0.0839333 0)
(3.94709 0.0341174 0)
(3.91606 -0.0154436 0)
(3.9295 -0.112123 0)
(3.71858 -0.242115 0)
(3.55403 -0.551685 0)
(2.9028 -1.02575 0)
(2.23954 -2.09014 0)
(0.797636 -3.17484 0)
(-0.0542637 -3.7346 0)
(1.67777 1.68119 0)
(2.74952 0.987888 0)
(4.61042 0.755197 0)
(5.43221 0.420378 0)
(6.24473 0.273819 0)
(6.67147 0.159559 0)
(7.04866 0.100341 0)
(7.26186 0.0605061 0)
(7.45004 0.0372392 0)
(7.5529 0.02203 0)
(7.65343 0.0112182 0)
(7.68916 0.00293626 0)
(7.74295 -0.00770495 0)
(7.71026 -0.018962 0)
(7.71716 -0.0459347 0)
(7.54222 -0.0770169 0)
(7.41907 -0.171586 0)
(6.80011 -0.280459 0)
(6.16246 -0.637695 0)
(4.00711 -1.02952 0)
(2.02705 -1.86587 0)
)
;

boundaryField
{
    movingWall
    {
        type            fixedValue;
        value           uniform (10 0 0);
    }
    fixedWalls
    {
        type            noSlip;
    }
    frontAndBack
    {
        type            empty;
    }
}


// ************************************************************************* //
