/*--------------------------------*- C++ -*----------------------------------*\
| =========                 |                                                 |
| \\      /  F ield         | OpenFOAM: The Open Source CFD Toolbox           |
|  \\    /   O peration     | Version:  4.1                                   |
|   \\  /    A nd           | Web:      www.OpenFOAM.org                      |
|    \\/     M anipulation  |                                                 |
\*---------------------------------------------------------------------------*/
FoamFile
{
    version     2.0;
    format      ascii;
    class       volVectorField;
    location    "0.051021";
    object      U;
}
// * * * * * * * * * * * * * * * * * * * * * * * * * * * * * * * * * * * * * //

dimensions      [0 1 -1 0 0 0 0];

internalField   nonuniform List<vector> 
441
(
(0.000732054 -0.000704443 0)
(7.57424e-05 0.000119375 0)
(-0.0042352 0.000881743 0)
(-0.0111328 0.00149844 0)
(-0.019956 0.00180135 0)
(-0.0294519 0.00189852 0)
(-0.0388376 0.00179973 0)
(-0.0472544 0.00155994 0)
(-0.0540845 0.00119271 0)
(-0.0587477 0.000722287 0)
(-0.0608228 0.000168159 0)
(-0.060013 -0.00043629 0)
(-0.0562501 -0.00104182 0)
(-0.0497018 -0.00158634 0)
(-0.0408944 -0.00198642 0)
(-0.0306099 -0.00217336 0)
(-0.0200564 -0.00205604 0)
(-0.0104195 -0.00163542 0)
(-0.0032512 -0.000852021 0)
(0.000737303 2.31305e-05 0)
(0.000875629 0.000832227 0)
(-1.82655e-05 -0.000129407 0)
(-0.00542503 0.00545313 0)
(-0.0185697 0.0110233 0)
(-0.036998 0.0153514 0)
(-0.0593176 0.0176878 0)
(-0.0829389 0.0182406 0)
(-0.106017 0.0171512 0)
(-0.126589 0.0146876 0)
(-0.14314 0.0110462 0)
(-0.154314 0.00645623 0)
(-0.159132 0.00117773 0)
(-0.156964 -0.00444127 0)
(-0.147714 -0.00994722 0)
(-0.13185 -0.0147934 0)
(-0.110605 -0.0183586 0)
(-0.0857949 -0.0200767 0)
(-0.060052 -0.0194498 0)
(-0.0360057 -0.0163891 0)
(-0.0168719 -0.0110072 0)
(-0.00417748 -0.00468082 0)
(0.000246224 0.000817347 0)
(-0.000830703 0.00414555 0)
(-0.0117901 0.0187094 0)
(-0.0338773 0.0320125 0)
(-0.0628856 0.0419553 0)
(-0.0968346 0.0472666 0)
(-0.132167 0.0481856 0)
(-0.166328 0.0450272 0)
(-0.196598 0.0383511 0)
(-0.220842 0.0286708 0)
(-0.23717 0.0165868 0)
(-0.244215 0.00280669 0)
(-0.24111 -0.0117583 0)
(-0.227726 -0.0259601 0)
(-0.20471 -0.0384443 0)
(-0.173739 -0.0477246 0)
(-0.137292 -0.0524382 0)
(-0.098961 -0.0514832 0)
(-0.0623651 -0.0446178 0)
(-0.0320157 -0.032289 0)
(-0.0101865 -0.0171468 0)
(-0.000452924 -0.00259421 0)
(-0.00161963 0.0116878 0)
(-0.0181115 0.0389389 0)
(-0.0489626 0.0620033 0)
(-0.0879493 0.0784997 0)
(-0.132488 0.0869853 0)
(-0.178169 0.0878446 0)
(-0.221944 0.0816465 0)
(-0.260557 0.069297 0)
(-0.291466 0.0516948 0)
(-0.312399 0.029889 0)
(-0.321697 0.00513099 0)
(-0.318275 -0.0209891 0)
(-0.301896 -0.0464885 0)
(-0.273228 -0.0690357 0)
(-0.234162 -0.0860866 0)
(-0.187573 -0.0952715 0)
(-0.137773 -0.0946898 0)
(-0.0891944 -0.0837785 0)
(-0.0476746 -0.0632124 0)
(-0.0163911 -0.0367426 0)
(-0.00112968 -0.00910953 0)
(-0.00227693 0.0225246 0)
(-0.0239819 0.0663992 0)
(-0.0633174 0.101377 0)
(-0.111931 0.125343 0)
(-0.166585 0.137095 0)
(-0.222027 0.137369 0)
(-0.274821 0.127123 0)
(-0.321305 0.107681 0)
(-0.358652 0.0803838 0)
(-0.384303 0.0467708 0)
(-0.396338 0.00868514 0)
(-0.393413 -0.0315421 0)
(-0.37507 -0.0710012 0)
(-0.34182 -0.106243 0)
(-0.295563 -0.133469 0)
(-0.239369 -0.149038 0)
(-0.178167 -0.149952 0)
(-0.117207 -0.135015 0)
(-0.0638933 -0.104882 0)
(-0.0225818 -0.0641928 0)
(-0.00169367 -0.0188721 0)
(-0.00288953 0.036268 0)
(-0.0295837 0.10051 0)
(-0.0771598 0.149456 0)
(-0.135132 0.181699 0)
(-0.199588 0.196715 0)
(-0.264456 0.195865 0)
(-0.325985 0.180683 0)
(-0.380208 0.152995 0)
(-0.424113 0.114613 0)
(-0.454919 0.0675592 0)
(-0.470453 0.0142429 0)
(-0.469057 -0.0422845 0)
(-0.449919 -0.0981737 0)
(-0.413197 -0.148774 0)
(-0.36057 -0.188849 0)
(-0.295093 -0.213167 0)
(-0.222202 -0.217216 0)
(-0.148 -0.198677 0)
(-0.0817454 -0.157767 0)
(-0.0293151 -0.0997582 0)
(-0.00227864 -0.0317983 0)
(-0.00347104 0.0528822 0)
(-0.0350239 0.14122 0)
(-0.0906605 0.206204 0)
(-0.157762 0.247542 0)
(-0.231739 0.265831 0)
(-0.305741 0.263361 0)
(-0.375777 0.242458 0)
(-0.437684 0.205541 0)
(-0.488358 0.154919 0)
(-0.524871 0.0930438 0)
(-0.544817 0.022813 0)
(-0.546169 -0.0520895 0)
(-0.527632 -0.126928 0)
(-0.488802 -0.195814 0)
(-0.430868 -0.251898 0)
(-0.356594 -0.287985 0)
(-0.271726 -0.297489 0)
(-0.183194 -0.276262 0)
(-0.102399 -0.22348 0)
(-0.0371593 -0.144685 0)
(-0.00296075 -0.0483783 0)
(-0.00406437 0.0722928 0)
(-0.0404338 0.188352 0)
(-0.10397 0.271344 0)
(-0.179889 0.322489 0)
(-0.262927 0.343995 0)
(-0.345527 0.339419 0)
(-0.423567 0.312134 0)
(-0.492822 0.265252 0)
(-0.550233 0.201583 0)
(-0.592834 0.123923 0)
(-0.618044 0.0355127 0)
(-0.623468 -0.0594991 0)
(-0.607219 -0.155638 0)
(-0.568125 -0.245832 0)
(-0.506562 -0.321507 0)
(-0.424619 -0.373108 0)
(-0.327989 -0.391303 0)
(-0.224224 -0.369145 0)
(-0.127071 -0.303847 0)
(-0.0467812 -0.200581 0)
(-0.00386168 -0.0693275 0)
(-0.00468165 0.0944958 0)
(-0.045886 0.241797 0)
(-0.117137 0.344595 0)
(-0.20138 0.406059 0)
(-0.292666 0.430577 0)
(-0.382847 0.423356 0)
(-0.46781 0.389118 0)
(-0.543476 0.33177 0)
(-0.607007 0.254628 0)
(-0.655587 0.160707 0)
(-0.686593 0.0533985 0)
(-0.697331 -0.062938 0)
(-0.685284 -0.182349 0)
(-0.648342 -0.296761 0)
(-0.585712 -0.395897 0)
(-0.49831 -0.467505 0)
(-0.391164 -0.498777 0)
(-0.271979 -0.478676 0)
(-0.156799 -0.401103 0)
(-0.058829 -0.269663 0)
(-0.00509529 -0.0957683 0)
(-0.00537181 0.119632 0)
(-0.0514919 0.301565 0)
(-0.130186 0.425641 0)
(-0.221936 0.497497 0)
(-0.32008 0.52446 0)
(-0.41605 0.513829 0)
(-0.50594 0.472052 0)
(-0.586098 0.403949 0)
(-0.654162 0.313344 0)
(-0.707739 0.203328 0)
(-0.744388 0.0771948 0)
(-0.76131 -0.0608188 0)
(-0.755425 -0.204675 0)
(-0.723615 -0.345667 0)
(-0.663571 -0.472059 0)
(-0.574455 -0.568754 0)
(-0.459732 -0.618796 0)
(-0.326405 -0.605483 0)
(-0.192302 -0.517459 0)
(-0.0739736 -0.354603 0)
(-0.00682762 -0.12925 0)
(-0.00618295 0.147667 0)
(-0.0574776 0.367309 0)
(-0.143296 0.513605 0)
(-0.241326 0.595248 0)
(-0.344131 0.623531 0)
(-0.443018 0.608363 0)
(-0.534552 0.558381 0)
(-0.615903 0.479437 0)
(-0.685515 0.375889 0)
(-0.74179 0.250741 0)
(-0.782809 0.106926 0)
(-0.805999 -0.0518489 0)
(-0.807946 -0.219987 0)
(-0.784617 -0.38873 0)
(-0.731941 -0.545454 0)
(-0.646752 -0.672412 0)
(-0.529784 -0.748127 0)
(-0.386015 -0.748489 0)
(-0.233752 -0.654298 0)
(-0.0928883 -0.458045 0)
(-0.00926293 -0.171579 0)
(-0.00731352 0.179353 0)
(-0.0643391 0.439527 0)
(-0.156847 0.608077 0)
(-0.259306 0.697653 0)
(-0.363446 0.725071 0)
(-0.460948 0.703472 0)
(-0.549195 0.644266 0)
(-0.626708 0.554447 0)
(-0.693116 0.438941 0)
(-0.748085 0.300506 0)
(-0.79064 0.141441 0)
(-0.818916 -0.035515 0)
(-0.829582 -0.225844 0)
(-0.818039 -0.421552 0)
(-0.778423 -0.610088 0)
(-0.704845 -0.77179 0)
(-0.593968 -0.880896 0)
(-0.447008 -0.904315 0)
(-0.280286 -0.811888 0)
(-0.116206 -0.582871 0)
(-0.0127465 -0.225403 0)
(-0.00900844 0.214662 0)
(-0.0731317 0.517326 0)
(-0.171968 0.706836 0)
(-0.276248 0.800889 0)
(-0.37686 0.824049 0)
(-0.466786 0.793344 0)
(-0.544719 0.723616 0)
(-0.611244 0.62305 0)
(-0.667598 0.497169 0)
(-0.715219 0.348338 0)
(-0.754539 0.177996 0)
(-0.784987 -0.0124866 0)
(-0.803909 -0.220338 0)
(-0.806791 -0.439296 0)
(-0.786306 -0.658257 0)
(-0.733858 -0.857051 0)
(-0.640753 -1.00686 0)
(-0.502513 -1.06479 0)
(-0.329532 -0.986655 0)
(-0.144492 -0.729973 0)
(-0.0177269 -0.29306 0)
(-0.012043 0.257013 0)
(-0.0855228 0.603446 0)
(-0.189768 0.810116 0)
(-0.291762 0.902025 0)
(-0.381713 0.91516 0)
(-0.455526 0.871086 0)
(-0.513786 0.788783 0)
(-0.560039 0.677492 0)
(-0.597479 0.543267 0)
(-0.629784 0.387905 0)
(-0.659163 0.211798 0)
(-0.686914 0.0146384 0)
(-0.711742 -0.203139 0)
(-0.730188 -0.438016 0)
(-0.734259 -0.682028 0)
(-0.713423 -0.916634 0)
(-0.652809 -1.11254 0)
(-0.540669 -1.21777 0)
(-0.376016 -1.17216 0)
(-0.177752 -0.900222 0)
(-0.0250332 -0.379266 0)
(-0.0173872 0.305881 0)
(-0.104927 0.694385 0)
(-0.213005 0.911286 0)
(-0.306257 0.991572 0)
(-0.374807 0.98744 0)
(-0.42058 0.92528 0)
(-0.446818 0.828638 0)
(-0.461194 0.707365 0)
(-0.469046 0.567824 0)
(-0.476569 0.41105 0)
(-0.48784 0.23631 0)
(-0.506367 0.0415307 0)
(-0.532771 -0.175477 0)
(-0.565778 -0.414687 0)
(-0.59801 -0.672933 0)
(-0.618825 -0.935977 0)
(-0.607357 -1.17811 0)
(-0.544284 -1.3414 0)
(-0.410526 -1.35083 0)
(-0.215359 -1.08568 0)
(-0.0356487 -0.48521 0)
(-0.0274666 0.37524 0)
(-0.133961 0.800154 0)
(-0.239379 1.01265 0)
(-0.312006 1.06417 0)
(-0.343138 1.03117 0)
(-0.345351 0.944194 0)
(-0.325024 0.831105 0)
(-0.295031 0.70117 0)
(-0.262565 0.560326 0)
(-0.23617 0.408414 0)
(-0.221379 0.243457 0)
(-0.223755 0.0617196 0)
(-0.24596 -0.141506 0)
(-0.289848 -0.369904 0)
(-0.350228 -0.626296 0)
(-0.419421 -0.903517 0)
(-0.472578 -1.18481 0)
(-0.485386 -1.41254 0)
(-0.414192 -1.50326 0)
(-0.252426 -1.28066 0)
(-0.0512294 -0.621072 0)
(-0.0455233 0.456201 0)
(-0.180057 0.900572 0)
(-0.267241 1.08811 0)
(-0.29754 1.09296 0)
(-0.265602 1.02205 0)
(-0.202996 0.907756 0)
(-0.11891 0.780317 0)
(-0.0321171 0.646704 0)
(0.0496163 0.51131 0)
(0.116397 0.372383 0)
(0.162443 0.226723 0)
(0.181064 0.0694074 0)
(0.168185 -0.105997 0)
(0.118558 -0.306068 0)
(0.0339526 -0.539315 0)
(-0.0847987 -0.807216 0)
(-0.213028 -1.10708 0)
(-0.328841 -1.39109 0)
(-0.359668 -1.58088 0)
(-0.280025 -1.44555 0)
(-0.0727557 -0.774563 0)
(-0.074019 0.603535 0)
(-0.225583 1.02286 0)
(-0.250858 1.14027 0)
(-0.200576 1.06465 0)
(-0.0734606 0.942433 0)
(0.0737384 0.799613 0)
(0.232649 0.663326 0)
(0.3804 0.534702 0)
(0.511434 0.414411 0)
(0.616609 0.298364 0)
(0.691757 0.18205 0)
(0.730656 0.0599245 0)
(0.729187 -0.0750034 0)
(0.679596 -0.230617 0)
(0.580207 -0.419161 0)
(0.421951 -0.650243 0)
(0.223291 -0.938479 0)
(-0.0103973 -1.25723 0)
(-0.183406 -1.55585 0)
(-0.26 -1.56548 0)
(-0.097551 -0.974319 0)
(-0.113337 0.72628 0)
(-0.253183 1.05139 0)
(-0.117443 1.06316 0)
(0.0753653 0.907541 0)
(0.337833 0.749766 0)
(0.582943 0.600649 0)
(0.815021 0.475933 0)
(1.01297 0.369763 0)
(1.17866 0.278262 0)
(1.3071 0.195687 0)
(1.39804 0.116995 0)
(1.44758 0.0371513 0)
(1.45307 -0.049715 0)
(1.40592 -0.15041 0)
(1.3023 -0.276563 0)
(1.12289 -0.441081 0)
(0.8759 -0.670185 0)
(0.532099 -0.964873 0)
(0.192944 -1.32257 0)
(-0.134128 -1.49252 0)
(-0.105859 -1.10763 0)
(-0.0421398 1.02311 0)
(0.0578994 1.02305 0)
(0.490603 0.847635 0)
(0.849408 0.608878 0)
(1.2162 0.443386 0)
(1.50875 0.321113 0)
(1.75826 0.234845 0)
(1.95492 0.171098 0)
(2.1104 0.121828 0)
(2.22557 0.0811513 0)
(2.30428 0.0447836 0)
(2.34563 0.00933184 0)
(2.34917 -0.0286614 0)
(2.30779 -0.0733836 0)
(2.21832 -0.132324 0)
(2.05749 -0.216456 0)
(1.82564 -0.352874 0)
(1.4558 -0.565724 0)
(1.01131 -0.919958 0)
(0.369155 -1.25158 0)
(0.035527 -1.27705 0)
(0.845473 0.576622 0)
(1.31722 0.399973 0)
(2.06343 0.261999 0)
(2.4554 0.155 0)
(2.776 0.092677 0)
(2.98133 0.0563306 0)
(3.13428 0.0345774 0)
(3.24066 0.021489 0)
(3.31751 0.0128641 0)
(3.36951 0.00678759 0)
(3.40166 0.00189466 0)
(3.41476 -0.00265918 0)
(3.40953 -0.00754874 0)
(3.38176 -0.0138871 0)
(3.32983 -0.0230978 0)
(3.23479 -0.0388302 0)
(3.09387 -0.0679039 0)
(2.82492 -0.122128 0)
(2.45308 -0.231254 0)
(1.63285 -0.388064 0)
(0.924196 -0.587351 0)
)
;

boundaryField
{
    movingWall
    {
        type            fixedValue;
        value           uniform (4 0 0);
    }
    fixedWalls
    {
        type            noSlip;
    }
    frontAndBack
    {
        type            empty;
    }
}


// ************************************************************************* //
