/*--------------------------------*- C++ -*----------------------------------*\
| =========                 |                                                 |
| \\      /  F ield         | OpenFOAM: The Open Source CFD Toolbox           |
|  \\    /   O peration     | Version:  4.1                                   |
|   \\  /    A nd           | Web:      www.OpenFOAM.org                      |
|    \\/     M anipulation  |                                                 |
\*---------------------------------------------------------------------------*/
FoamFile
{
    version     2.0;
    format      ascii;
    class       volVectorField;
    location    "0.0734";
    object      U;
}
// * * * * * * * * * * * * * * * * * * * * * * * * * * * * * * * * * * * * * //

dimensions      [0 1 -1 0 0 0 0];

internalField   nonuniform List<vector> 
441
(
(0.00360867 -0.00473527 0)
(0.00938378 -0.00254069 0)
(-0.000635173 -2.19351e-165 0)
(0.0018916 -3.18007e-266 0)
(-0.00841871 -0.0075669 0)
(-0.0018916 -2.96097e-232 0)
(-1.12072e-202 -5.3465e-203 0)
(-1.33651e-203 -6.99617e-228 0)
(-1.66193e-212 -3.04486e-213 0)
(-0.00593054 8.81501e-266 0)
(-0.0725305 0.0237237 0)
(-0.0913499 0.0124625 0)
(-0.103236 0.00575728 0)
(-0.0913212 0.000469084 0)
(-0.0757514 -0.00152108 0)
(-0.0511716 -0.00288874 0)
(-0.0298345 -0.0021078 0)
(-0.0105095 -0.00163637 0)
(0.00154059 0.000602604 0)
(0.00383163 0.00134376 0)
(0.00441379 0.00286999 0)
(0.00365524 -0.00806904 0)
(-0.00125298 0.00672257 0)
(-0.0271859 0.00824696 0)
(-0.0581375 0.0106195 0)
(-0.104151 0.0104982 0)
(-0.147322 -0.0034248 0)
(-0.187855 -0.000201254 0)
(-0.226737 0.0015783 0)
(-0.261257 0.0127339 0)
(-0.296158 0.0645459 0)
(-0.320113 0.0596002 0)
(-0.314939 0.0186465 0)
(-0.301278 -0.00635033 0)
(-0.261331 -0.0287165 0)
(-0.214236 -0.0387849 0)
(-0.154281 -0.044317 0)
(-0.0997312 -0.0383675 0)
(-0.0506163 -0.0310041 0)
(-0.0169273 -0.0144319 0)
(-0.00203573 -0.00494828 0)
(0.00473816 0.0055993 0)
(0.00730231 -0.00765188 0)
(-0.00527449 0.0279134 0)
(-0.0530389 0.0555027 0)
(-0.117425 0.0744976 0)
(-0.195809 0.0804753 0)
(-0.276823 0.0796718 0)
(-0.363679 0.0766357 0)
(-0.434079 0.0710068 0)
(-0.503357 0.0667622 0)
(-0.537257 0.0633125 0)
(-0.533565 0.0434226 0)
(-0.516662 -0.00515848 0)
(-0.48204 -0.0471707 0)
(-0.420245 -0.0863842 0)
(-0.346298 -0.107607 0)
(-0.25611 -0.117683 0)
(-0.172042 -0.104592 0)
(-0.0943967 -0.0849587 0)
(-0.039161 -0.046877 0)
(-0.00884191 -0.0207638 0)
(0.00615441 0.00597578 0)
(0.00621369 -0.0104005 0)
(-0.015582 0.0687899 0)
(-0.0938025 0.120386 0)
(-0.185779 0.155757 0)
(-0.293953 0.17026 0)
(-0.402653 0.167152 0)
(-0.509601 0.158728 0)
(-0.602096 0.142139 0)
(-0.678307 0.1183 0)
(-0.723397 0.0920928 0)
(-0.732847 0.038745 0)
(-0.710793 -0.0340014 0)
(-0.663917 -0.102922 0)
(-0.582274 -0.165635 0)
(-0.483934 -0.202753 0)
(-0.363853 -0.220102 0)
(-0.250052 -0.199519 0)
(-0.141976 -0.165564 0)
(-0.0635521 -0.0991108 0)
(-0.0159093 -0.0516519 0)
(0.00784519 0.00329519 0)
(6.72611e-165 0.00155342 0)
(-0.0235125 0.12748 0)
(-0.135786 0.224917 0)
(-0.250474 0.273221 0)
(-0.386794 0.29626 0)
(-0.519176 0.2935 0)
(-0.650888 0.274786 0)
(-0.762497 0.238627 0)
(-0.855403 0.187348 0)
(-0.910651 0.11855 0)
(-0.927941 0.0312327 0)
(-0.907292 -0.0738359 0)
(-0.85305 -0.174922 0)
(-0.755971 -0.266724 0)
(-0.635198 -0.324942 0)
(-0.483515 -0.352465 0)
(-0.337534 -0.324975 0)
(-0.192303 -0.272592 0)
(-0.0881309 -0.171227 0)
(-0.0178542 -0.093042 0)
(0.0144502 -0.00129441 0)
(-5.45571e-266 0.00561209 0)
(-0.0866129 0.209259 0)
(-0.189545 0.345385 0)
(-0.327134 0.408593 0)
(-0.476236 0.438837 0)
(-0.629039 0.432316 0)
(-0.776687 0.402676 0)
(-0.907188 0.346908 0)
(-1.01521 0.26733 0)
(-1.08763 0.163846 0)
(-1.12197 0.035683 0)
(-1.10962 -0.109922 0)
(-1.05634 -0.253993 0)
(-0.948452 -0.38512 0)
(-0.807959 -0.474758 0)
(-0.62327 -0.520259 0)
(-0.440931 -0.489676 0)
(-0.251956 -0.418132 0)
(-0.116532 -0.271572 0)
(-0.0194737 -0.157467 0)
(0.0161291 0.00120264 0)
(-0.0224484 0.0913496 0)
(-0.12067 0.313494 0)
(-0.239323 0.465806 0)
(-0.390771 0.558092 0)
(-0.558484 0.59735 0)
(-0.729458 0.592493 0)
(-0.897204 0.552118 0)
(-1.04764 0.476219 0)
(-1.17659 0.367554 0)
(-1.26949 0.225054 0)
(-1.3237 0.0537056 0)
(-1.32601 -0.139786 0)
(-1.28025 -0.335086 0)
(-1.16765 -0.516062 0)
(-1.01157 -0.64866 0)
(-0.792538 -0.721389 0)
(-0.570984 -0.69401 0)
(-0.324945 -0.599458 0)
(-0.15556 -0.40045 0)
(-0.0065359 -0.227557 0)
(5.92553e-266 -0.00403226 0)
(-0.0165378 0.151159 0)
(-0.115506 0.427287 0)
(-0.261875 0.616042 0)
(-0.433611 0.728533 0)
(-0.621121 0.777755 0)
(-0.811271 0.771324 0)
(-0.997709 0.721161 0)
(-1.16941 0.626161 0)
(-1.32073 0.489597 0)
(-1.43883 0.31038 0)
(-1.51894 0.0926257 0)
(-1.54372 -0.154458 0)
(-1.51472 -0.411845 0)
(-1.4065 -0.656048 0)
(-1.24198 -0.84918 0)
(-0.992498 -0.965021 0)
(-0.728767 -0.955625 0)
(-0.420237 -0.839916 0)
(-0.202485 -0.585355 0)
(-0.00346557 -0.322555 0)
(2.54878e-24 -1.09882e-24 0)
(-0.0146972 0.219823 0)
(-0.119309 0.55698 0)
(-0.282498 0.782304 0)
(-0.469368 0.915484 0)
(-0.67358 0.973688 0)
(-0.879536 0.96746 0)
(-1.08324 0.909336 0)
(-1.27458 0.798073 0)
(-1.44854 0.636701 0)
(-1.59306 0.422595 0)
(-1.70198 0.159179 0)
(-1.75579 -0.144561 0)
(-1.75247 -0.470887 0)
(-1.66022 -0.790136 0)
(-1.49896 -1.06048 0)
(-1.2279 -1.23784 0)
(-0.925847 -1.26262 0)
(-0.548612 -1.13108 0)
(-0.272408 -0.809497 0)
(-0.0048724 -0.437912 0)
(1.0397e-76 -6.37195e-25 0)
(-0.0128302 0.285749 0)
(-0.117508 0.696793 0)
(-0.290671 0.96683 0)
(-0.486895 1.12019 0)
(-0.701744 1.18834 0)
(-0.918228 1.18092 0)
(-1.13325 1.11643 0)
(-1.33954 0.991006 0)
(-1.53178 0.808231 0)
(-1.70085 0.563082 0)
(-1.83893 0.255653 0)
(-1.92628 -0.105175 0)
(-1.95725 -0.506756 0)
(-1.89439 -0.912228 0)
(-1.75197 -1.28067 0)
(-1.47551 -1.54415 0)
(-1.14479 -1.63339 0)
(-0.7001 -1.50373 0)
(-0.355969 -1.12345 0)
(-0.00692092 -0.610286 0)
(2.8945e-164 -2.59924e-77 0)
(-0.0129508 0.346739 0)
(-0.119302 0.83307 0)
(-0.298773 1.14938 0)
(-0.499163 1.32428 0)
(-0.717215 1.4033 0)
(-0.935978 1.39692 0)
(-1.15271 1.32951 0)
(-1.36429 1.19509 0)
(-1.56492 0.997568 0)
(-1.75067 0.728861 0)
(-1.91202 0.385188 0)
(-2.03293 -0.0266658 0)
(-2.1033 -0.500785 0)
(-2.08394 -0.996384 0)
(-1.98016 -1.47599 0)
(-1.72402 -1.84887 0)
(-1.38791 -2.03309 0)
(-0.892935 -1.92823 0)
(-0.480677 -1.49099 0)
(-0.0793189 -0.80706 0)
(1.77254e-265 0.013179 0)
(-0.0136097 0.418906 0)
(-0.117252 0.984787 0)
(-0.29579 1.34818 0)
(-0.491451 1.53931 0)
(-0.701826 1.62629 0)
(-0.911107 1.61634 0)
(-1.11602 1.54535 0)
(-1.31886 1.40274 0)
(-1.51297 1.19476 0)
(-1.70151 0.909431 0)
(-1.87409 0.537957 0)
(-2.02141 0.0850705 0)
(-2.13069 -0.455183 0)
(-2.16458 -1.03762 0)
(-2.11901 -1.63945 0)
(-1.91336 -2.14301 0)
(-1.60112 -2.4633 0)
(-1.07486 -2.42536 0)
(-0.580576 -1.93122 0)
(-0.0753015 -1.11072 0)
(0.052716 -0.0750411 0)
(-0.01701 0.473223 0)
(-0.12196 1.11231 0)
(-0.301232 1.52068 0)
(-0.487911 1.727 0)
(-0.679715 1.82114 0)
(-0.86608 1.80853 0)
(-1.04071 1.73631 0)
(-1.21583 1.59048 0)
(-1.38141 1.37994 0)
(-1.55241 1.08945 0)
(-1.71548 0.705811 0)
(-1.87502 0.230374 0)
(-2.01327 -0.354975 0)
(-2.10542 -1.00727 0)
(-2.1338 -1.72182 0)
(-2.01313 -2.36852 0)
(-1.77282 -2.86498 0)
(-1.24083 -2.95768 0)
(-0.712042 -2.4841 0)
(0.0418607 -1.44748 0)
(2.43377e-231 -0.013179 0)
(-0.0216726 0.560824 0)
(-0.12507 1.27206 0)
(-0.297849 1.718 0)
(-0.465209 1.91891 0)
(-0.624566 2.00764 0)
(-0.772176 1.97772 0)
(-0.898102 1.89711 0)
(-1.02517 1.74355 0)
(-1.13962 1.53213 0)
(-1.26878 1.24354 0)
(-1.39737 0.860523 0)
(-1.54511 0.382908 0)
(-1.69351 -0.224841 0)
(-1.83494 -0.917503 0)
(-1.94616 -1.73074 0)
(-1.9474 -2.5082 0)
(-1.83915 -3.23416 0)
(-1.40784 -3.50433 0)
(-0.892217 -3.20757 0)
(-0.00314493 -1.86028 0)
(5.79424e-202 4.57294e-184 0)
(-0.0377326 0.613021 0)
(-0.156942 1.38243 0)
(-0.333081 1.85707 0)
(-0.479442 2.0483 0)
(-0.588833 2.12663 0)
(-0.679397 2.07877 0)
(-0.729755 1.98918 0)
(-0.784315 1.8309 0)
(-0.818618 1.62418 0)
(-0.87954 1.34806 0)
(-0.942904 0.983591 0)
(-1.05323 0.529148 0)
(-1.18093 -0.0618341 0)
(-1.3586 -0.750503 0)
(-1.53734 -1.60126 0)
(-1.69643 -2.47215 0)
(-1.75726 -3.38808 0)
(-1.54055 -3.91324 0)
(-1.11183 -3.86535 0)
(-0.0113306 -2.36994 0)
(1.82918e-183 -1.06065e-184 0)
(-0.0564465 0.763625 0)
(-0.191831 1.57174 0)
(-0.360108 2.05003 0)
(-0.471251 2.17611 0)
(-0.513555 2.21485 0)
(-0.528808 2.11946 0)
(-0.485438 2.00641 0)
(-0.447582 1.83333 0)
(-0.381437 1.62929 0)
(-0.350047 1.36932 0)
(-0.322345 1.03428 0)
(-0.36188 0.62341 0)
(-0.435074 0.0789507 0)
(-0.604976 -0.557577 0)
(-0.824383 -1.39594 0)
(-1.11852 -2.28466 0)
(-1.40406 -3.39473 0)
(-1.51385 -4.1565 0)
(-1.40441 -4.75381 0)
(-0.464768 -3.0193 0)
(4.39568e-254 -4.57294e-184 0)
(-0.122219 0.847484 0)
(-0.325352 1.67301 0)
(-0.485739 2.13147 0)
(-0.548683 2.19213 0)
(-0.473685 2.18355 0)
(-0.37854 2.04579 0)
(-0.197213 1.90901 0)
(-0.0369472 1.726 0)
(0.160152 1.52832 0)
(0.305274 1.29151 0)
(0.448353 0.997762 0)
(0.496838 0.647952 0)
(0.509668 0.185041 0)
(0.362849 -0.351744 0)
(0.158236 -1.07967 0)
(-0.29417 -1.88138 0)
(-0.740162 -2.96661 0)
(-1.47344 -3.91177 0)
(-1.65581 -4.82401 0)
(-2.07109 -3.85068 0)
(-2.58191e-264 -0.215464 0)
(-0.178375 1.23281 0)
(-0.421171 1.93963 0)
(-0.514975 2.29577 0)
(-0.476619 2.16429 0)
(-0.247248 2.05854 0)
(-0.00794981 1.84257 0)
(0.328392 1.6714 0)
(0.626974 1.47607 0)
(0.960805 1.28923 0)
(1.22739 1.08298 0)
(1.48861 0.842279 0)
(1.63949 0.567165 0)
(1.75039 0.209635 0)
(1.67912 -0.196622 0)
(1.53303 -0.749776 0)
(1.09274 -1.36992 0)
(0.561133 -2.24685 0)
(-0.364339 -3.19691 0)
(-1.09144 -4.24625 0)
(-1.84361 -4.52563 0)
(-0.861858 -2.31372 0)
(-0.400381 1.41278 0)
(-0.727169 1.98094 0)
(-0.524934 2.18114 0)
(-0.250117 1.90744 0)
(0.299353 1.71583 0)
(0.756513 1.46214 0)
(1.30541 1.27604 0)
(1.75742 1.09152 0)
(2.22883 0.929864 0)
(2.60017 0.766689 0)
(2.95711 0.588098 0)
(3.18037 0.3949 0)
(3.36634 0.148886 0)
(3.34172 -0.118742 0)
(3.26538 -0.489725 0)
(2.84052 -0.887571 0)
(2.36999 -1.51036 0)
(1.35045 -2.22963 0)
(0.449144 -3.34994 0)
(-0.710612 -4.00237 0)
(-0.700626 -2.96347 0)
(-0.256828 2.42227 0)
(-0.102936 2.05884 0)
(0.683257 1.86915 0)
(1.32767 1.33192 0)
(2.13999 1.07204 0)
(2.76305 0.829459 0)
(3.41333 0.676529 0)
(3.92342 0.548353 0)
(4.42165 0.446935 0)
(4.80287 0.354402 0)
(5.15762 0.26055 0)
(5.37834 0.163313 0)
(5.56278 0.0450034 0)
(5.55197 -0.0828296 0)
(5.50325 -0.258554 0)
(5.14049 -0.453007 0)
(4.75357 -0.78822 0)
(3.82433 -1.2438 0)
(2.8627 -2.25349 0)
(1.09062 -3.32986 0)
(-0.0459107 -3.79917 0)
(1.66757 1.66988 0)
(2.70421 0.97495 0)
(4.54487 0.748485 0)
(5.38305 0.42363 0)
(6.24904 0.285995 0)
(6.75742 0.177527 0)
(7.23526 0.120786 0)
(7.55729 0.080576 0)
(7.85441 0.0543597 0)
(8.05682 0.0340332 0)
(8.2395 0.0159097 0)
(8.33024 -0.00119215 0)
(8.40461 -0.0222271 0)
(8.34915 -0.0430702 0)
(8.29017 -0.0785215 0)
(8.00493 -0.111667 0)
(7.75024 -0.201014 0)
(6.99672 -0.293663 0)
(6.26306 -0.62561 0)
(4.04617 -0.997733 0)
(2.00573 -1.81843 0)
)
;

boundaryField
{
    movingWall
    {
        type            fixedValue;
        value           uniform (10 0 0);
    }
    fixedWalls
    {
        type            noSlip;
    }
    frontAndBack
    {
        type            empty;
    }
}


// ************************************************************************* //
