/*--------------------------------*- C++ -*----------------------------------*\
| =========                 |                                                 |
| \\      /  F ield         | OpenFOAM: The Open Source CFD Toolbox           |
|  \\    /   O peration     | Version:  4.1                                   |
|   \\  /    A nd           | Web:      www.OpenFOAM.org                      |
|    \\/     M anipulation  |                                                 |
\*---------------------------------------------------------------------------*/
FoamFile
{
    version     2.0;
    format      ascii;
    class       volVectorField;
    location    "0.073697";
    object      U;
}
// * * * * * * * * * * * * * * * * * * * * * * * * * * * * * * * * * * * * * //

dimensions      [0 1 -1 0 0 0 0];

internalField   nonuniform List<vector> 
441
(
(0.000808416 -0.000779772 0)
(0.000172391 9.97377e-05 0)
(-0.00439956 0.000922899 0)
(-0.0117852 0.00159282 0)
(-0.0212738 0.0019258 0)
(-0.0315133 0.0020367 0)
(-0.0416509 0.00193538 0)
(-0.0507497 0.00167993 0)
(-0.0581283 0.0012843 0)
(-0.0631468 0.000774413 0)
(-0.0653406 0.000172176 0)
(-0.0643876 -0.00048448 0)
(-0.060223 -0.0011399 0)
(-0.0530485 -0.00172442 0)
(-0.0434599 -0.00214667 0)
(-0.0323326 -0.0023325 0)
(-0.0209898 -0.00218725 0)
(-0.0107202 -0.00171625 0)
(-0.00316934 -0.000865077 0)
(0.000930804 7.01069e-05 0)
(0.000955587 0.000911291 0)
(2.00064e-06 -0.000228259 0)
(-0.00574317 0.00574966 0)
(-0.0198498 0.0117796 0)
(-0.0397077 0.0164937 0)
(-0.0638171 0.0190626 0)
(-0.0893751 0.0196969 0)
(-0.114367 0.0185414 0)
(-0.136643 0.015878 0)
(-0.154533 0.0119166 0)
(-0.166544 0.00690889 0)
(-0.171603 0.00114719 0)
(-0.169033 -0.00497445 0)
(-0.158759 -0.0109455 0)
(-0.14134 -0.0161574 0)
(-0.11817 -0.0199313 0)
(-0.0912745 -0.0216617 0)
(-0.0635372 -0.0208366 0)
(-0.0378097 -0.0173983 0)
(-0.0175066 -0.0115234 0)
(-0.00420275 -0.00473705 0)
(0.00030063 0.00101226 0)
(-0.000885592 0.00433204 0)
(-0.0126746 0.0199919 0)
(-0.0365017 0.0344094 0)
(-0.0678527 0.0452405 0)
(-0.104588 0.0510733 0)
(-0.142853 0.0521331 0)
(-0.179855 0.04874 0)
(-0.212614 0.0414834 0)
(-0.238782 0.0309178 0)
(-0.256281 0.0177077 0)
(-0.263624 0.00265122 0)
(-0.259893 -0.0132209 0)
(-0.244999 -0.0286198 0)
(-0.219717 -0.0420434 0)
(-0.185946 -0.0518732 0)
(-0.146446 -0.0566574 0)
(-0.105139 -0.0552687 0)
(-0.0659419 -0.0475359 0)
(-0.0336417 -0.0340598 0)
(-0.0105964 -0.0177889 0)
(-0.000443652 -0.00247544 0)
(-0.0017523 0.0124684 0)
(-0.0195662 0.0418349 0)
(-0.0528947 0.0668277 0)
(-0.0950348 0.0847748 0)
(-0.143193 0.0940686 0)
(-0.192595 0.095071 0)
(-0.239914 0.088363 0)
(-0.28159 0.0749014 0)
(-0.314833 0.0556627 0)
(-0.337162 0.0318148 0)
(-0.346787 0.00477231 0)
(-0.342573 -0.023667 0)
(-0.324339 -0.0512818 0)
(-0.292901 -0.0754967 0)
(-0.250403 -0.0935515 0)
(-0.200032 -0.102931 0)
(-0.146478 -0.101692 0)
(-0.0945134 -0.0893768 0)
(-0.0503234 -0.0669045 0)
(-0.0172162 -0.0384606 0)
(-0.00117021 -0.00928636 0)
(-0.00247055 0.0241912 0)
(-0.0258996 0.0715 0)
(-0.0683075 0.109357 0)
(-0.120707 0.13537 0)
(-0.179604 0.148192 0)
(-0.239334 0.14854 0)
(-0.296158 0.137403 0)
(-0.346088 0.116185 0)
(-0.386038 0.0863465 0)
(-0.413233 0.0496115 0)
(-0.425623 0.00806777 0)
(-0.421819 -0.03565 0)
(-0.401422 -0.078291 0)
(-0.365099 -0.116062 0)
(-0.315003 -0.144858 0)
(-0.254527 -0.160828 0)
(-0.188993 -0.160906 0)
(-0.124025 -0.144021 0)
(-0.067434 -0.111146 0)
(-0.0237657 -0.0674713 0)
(-0.00177309 -0.0195573 0)
(-0.00312517 0.0390266 0)
(-0.0318051 0.108229 0)
(-0.0828258 0.161085 0)
(-0.144962 0.195971 0)
(-0.214012 0.212276 0)
(-0.283467 0.211367 0)
(-0.349267 0.194838 0)
(-0.407117 0.164626 0)
(-0.453752 0.122718 0)
(-0.486182 0.0713847 0)
(-0.502113 0.0133638 0)
(-0.499845 -0.0478968 0)
(-0.478623 -0.108109 0)
(-0.438748 -0.16218 0)
(-0.382135 -0.204482 0)
(-0.312141 -0.229502 0)
(-0.234589 -0.232614 0)
(-0.155965 -0.21162 0)
(-0.085989 -0.167107 0)
(-0.0307856 -0.104984 0)
(-0.00238908 -0.0331583 0)
(-0.00372335 0.0568481 0)
(-0.0373423 0.151771 0)
(-0.0965104 0.22172 0)
(-0.167836 0.266277 0)
(-0.246431 0.286036 0)
(-0.325012 0.283331 0)
(-0.39929 0.260586 0)
(-0.464789 0.220372 0)
(-0.518173 0.165222 0)
(-0.556322 0.0979067 0)
(-0.576723 0.0217279 0)
(-0.577313 -0.0591491 0)
(-0.556843 -0.139463 0)
(-0.515026 -0.212801 0)
(-0.453249 -0.271838 0)
(-0.374532 -0.30902 0)
(-0.284974 -0.31759 0)
(-0.191869 -0.293483 0)
(-0.107115 -0.236259 0)
(-0.0388344 -0.152153 0)
(-0.00309459 -0.0505442 0)
(-0.00430516 0.077459 0)
(-0.0426125 0.201687 0)
(-0.10944 0.29065 0)
(-0.189281 0.345547 0)
(-0.276596 0.368676 0)
(-0.363427 0.363679 0)
(-0.445382 0.334072 0)
(-0.517961 0.283157 0)
(-0.577898 0.214024 0)
(-0.62207 0.129847 0)
(-0.647804 0.0343402 0)
(-0.652676 -0.0677965 0)
(-0.634829 -0.170496 0)
(-0.593174 -0.266094 0)
(-0.528229 -0.345476 0)
(-0.44227 -0.398652 0)
(-0.34127 -0.416043 0)
(-0.233102 -0.39071 0)
(-0.132005 -0.320222 0)
(-0.0485784 -0.21046 0)
(-0.00401434 -0.072386 0)
(-0.00487991 0.100726 0)
(-0.0476726 0.257589 0)
(-0.12163 0.367247 0)
(-0.209118 0.432932 0)
(-0.303958 0.459212 0)
(-0.397672 0.451412 0)
(-0.485919 0.414437 0)
(-0.564396 0.352427 0)
(-0.6301 0.269025 0)
(-0.680094 0.167679 0)
(-0.711686 0.0523076 0)
(-0.722162 -0.0721256 0)
(-0.70902 -0.19903 0)
(-0.670194 -0.319699 0)
(-0.604963 -0.42327 0)
(-0.51434 -0.496995 0)
(-0.403532 -0.52773 0)
(-0.280474 -0.504343 0)
(-0.161658 -0.421006 0)
(-0.0606587 -0.281991 0)
(-0.00526288 -0.0997667 0)
(-0.00549701 0.126656 0)
(-0.0526428 0.3192 0)
(-0.133132 0.450832 0)
(-0.227092 0.527301 0)
(-0.327706 0.556163 0)
(-0.426179 0.54486 0)
(-0.518433 0.500053 0)
(-0.600654 0.426826 0)
(-0.670367 0.32938 0)
(-0.725097 0.211277 0)
(-0.762366 0.0763823 0)
(-0.779362 -0.0704349 0)
(-0.773012 -0.22248 0)
(-0.7402 -0.370401 0)
(-0.678618 -0.501861 0)
(-0.587425 -0.601228 0)
(-0.470136 -0.651136 0)
(-0.333855 -0.634652 0)
(-0.196751 -0.540551 0)
(-0.0757324 -0.369257 0)
(-0.00700593 -0.134189 0)
(-0.00620839 0.155091 0)
(-0.0577878 0.385922 0)
(-0.144219 0.540215 0)
(-0.243128 0.626767 0)
(-0.347024 0.657098 0)
(-0.447106 0.641261 0)
(-0.539842 0.588118 0)
(-0.622308 0.503814 0)
(-0.692888 0.393113 0)
(-0.749952 0.259527 0)
(-0.79157 0.106582 0)
(-0.815172 -0.061369 0)
(-0.81734 -0.238079 0)
(-0.794015 -0.414163 0)
(-0.741063 -0.576414 0)
(-0.655217 -0.706551 0)
(-0.537117 -0.782633 0)
(-0.391688 -0.780185 0)
(-0.237402 -0.679942 0)
(-0.0944502 -0.474725 0)
(-0.00944514 -0.177405 0)
(-0.00722127 0.186689 0)
(-0.0636778 0.45806 0)
(-0.155448 0.634747 0)
(-0.257269 0.72942 0)
(-0.360931 0.759056 0)
(-0.458143 0.736907 0)
(-0.546267 0.674603 0)
(-0.623808 0.579444 0)
(-0.69039 0.456783 0)
(-0.745688 0.309905 0)
(-0.788745 0.141712 0)
(-0.817716 -0.0444173 0)
(-0.829264 -0.24334 0)
(-0.818743 -0.446476 0)
(-0.780183 -0.64075 0)
(-0.707513 -0.806004 0)
(-0.597167 -0.916009 0)
(-0.450143 -0.937197 0)
(-0.282703 -0.839122 0)
(-0.117416 -0.601062 0)
(-0.0129207 -0.231991 0)
(-0.00879468 0.22138 0)
(-0.0714802 0.534634 0)
(-0.168207 0.732099 0)
(-0.270303 0.831319 0)
(-0.368829 0.856887 0)
(-0.456937 0.825873 0)
(-0.533377 0.753313 0)
(-0.598794 0.647694 0)
(-0.654468 0.514971 0)
(-0.701888 0.358041 0)
(-0.741527 0.178944 0)
(-0.772847 -0.0203286 0)
(-0.793193 -0.236417 0)
(-0.798003 -0.462535 0)
(-0.779816 -0.687138 0)
(-0.729811 -0.889643 0)
(-0.63896 -1.04082 0)
(-0.502416 -1.09724 0)
(-0.330268 -1.01422 0)
(-0.145171 -0.748938 0)
(-0.0178748 -0.3002 0)
(-0.0117233 0.262604 0)
(-0.0830081 0.61844 0)
(-0.183934 0.832563 0)
(-0.282358 0.929581 0)
(-0.368764 0.945317 0)
(-0.439352 0.901285 0)
(-0.494839 0.816601 0)
(-0.538901 0.700791 0)
(-0.574822 0.560327 0)
(-0.606364 0.397528 0)
(-0.635794 0.213375 0)
(-0.664453 0.00815239 0)
(-0.691054 -0.217156 0)
(-0.712098 -0.458579 0)
(-0.71946 -0.707804 0)
(-0.702376 -0.945999 0)
(-0.645583 -1.14356 0)
(-0.53686 -1.24801 0)
(-0.374687 -1.19856 0)
(-0.17771 -0.918996 0)
(-0.0251288 -0.386642 0)
(-0.0170016 0.309951 0)
(-0.101846 0.706199 0)
(-0.205762 0.929772 0)
(-0.294428 1.01497 0)
(-0.358315 1.01361 0)
(-0.399742 0.951901 0)
(-0.42215 0.853467 0)
(-0.433407 0.728402 0)
(-0.438982 0.583456 0)
(-0.445185 0.420162 0)
(-0.456169 0.238347 0)
(-0.475491 0.036504 0)
(-0.503786 -0.187053 0)
(-0.539747 -0.431902 0)
(-0.575887 -0.69463 0)
(-0.601356 -0.960839 0)
(-0.594896 -1.20466 0)
(-0.536681 -1.36777 0)
(-0.406923 -1.37451 0)
(-0.21444 -1.10315 0)
(-0.035662 -0.492406 0)
(-0.0270805 0.377598 0)
(-0.130778 0.808317 0)
(-0.231742 1.02648 0)
(-0.299324 1.08256 0)
(-0.325185 1.0524 0)
(-0.322356 0.966287 0)
(-0.297472 0.852052 0)
(-0.263657 0.719162 0)
(-0.228288 0.573897 0)
(-0.20006 0.416556 0)
(-0.184605 0.24568 0)
(-0.187541 0.0580592 0)
(-0.211536 -0.150549 0)
(-0.258414 -0.383486 0)
(-0.322886 -0.643404 0)
(-0.397113 -0.9231 0)
(-0.455906 -1.20582 0)
(-0.474488 -1.43373 0)
(-0.408432 -1.52283 0)
(-0.250565 -1.29568 0)
(-0.0511302 -0.627585 0)
(-0.0452236 0.456954 0)
(-0.177351 0.905175 0)
(-0.260457 1.09722 0)
(-0.28592 1.10609 0)
(-0.248709 1.03794 0)
(-0.180864 0.924798 0)
(-0.0918706 0.796802 0)
(-0.000819388 0.661074 0)
(0.0842791 0.522296 0)
(0.153328 0.379117 0)
(0.200412 0.228794 0)
(0.218775 0.0668711 0)
(0.20435 -0.112672 0)
(0.151946 -0.316114 0)
(0.0634436 -0.551841 0)
(-0.0601881 -0.821381 0)
(-0.194027 -1.12219 0)
(-0.315828 -1.40645 0)
(-0.352308 -1.5954 0)
(-0.277333 -1.45717 0)
(-0.0725315 -0.779889 0)
(-0.0738904 0.603111 0)
(-0.223901 1.02456 0)
(-0.246104 1.14526 0)
(-0.191822 1.07289 0)
(-0.0600086 0.953096 0)
(0.0921404 0.81148 0)
(0.255912 0.675057 0)
(0.408054 0.545063 0)
(0.542689 0.422396 0)
(0.650412 0.303295 0)
(0.726879 0.183619 0)
(0.765795 0.0582026 0)
(0.76306 -0.0796111 0)
(0.711029 -0.237462 0)
(0.608183 -0.427497 0)
(0.445619 -0.6594 0)
(0.241987 -0.947997 0)
(0.00287455 -1.26682 0)
(-0.175504 -1.56508 0)
(-0.25684 -1.57317 0)
(-0.0972187 -0.978034 0)
(-0.113415 0.725367 0)
(-0.252787 1.05136 0)
(-0.115345 1.06519 0)
(0.0802169 0.911846 0)
(0.346379 0.755859 0)
(0.595726 0.607715 0)
(0.832206 0.483053 0)
(1.03429 0.376093 0)
(1.20346 0.283126 0)
(1.33443 0.198642 0)
(1.42674 0.117857 0)
(1.47642 0.0359938 0)
(1.48088 -0.0525871 0)
(1.43165 -0.154527 0)
(1.32513 -0.281384 0)
(1.14223 -0.446123 0)
(0.891343 -0.675143 0)
(0.543353 -0.969675 0)
(0.199931 -1.32717 0)
(-0.131131 -1.49651 0)
(-0.105498 -1.10963 0)
(-0.0423466 1.0224 0)
(0.0573367 1.02252 0)
(0.490493 0.848024 0)
(0.85076 0.6104 0)
(1.22 0.445821 0)
(1.51566 0.324053 0)
(1.76856 0.237831 0)
(1.96848 0.173718 0)
(2.12672 0.123772 0)
(2.24387 0.082228 0)
(2.32361 0.044936 0)
(2.36499 0.00862634 0)
(2.36763 -0.0300516 0)
(2.32459 -0.0752133 0)
(2.23292 -0.134317 0)
(2.06963 -0.218373 0)
(1.83522 -0.354559 0)
(1.46285 -0.567174 0)
(1.01584 -0.921255 0)
(0.371214 -1.25273 0)
(0.0357931 -1.27759 0)
(0.845285 0.576414 0)
(1.31655 0.399786 0)
(2.0626 0.261967 0)
(2.45499 0.15516 0)
(2.77661 0.0929799 0)
(2.98338 0.0567014 0)
(3.13791 0.0349371 0)
(3.2458 0.0217752 0)
(3.32386 0.0130362 0)
(3.37666 0.00682833 0)
(3.40911 0.00180912 0)
(3.42201 -0.00284754 0)
(3.41617 -0.00780253 0)
(3.3875 -0.0141621 0)
(3.3345 -0.0233496 0)
(3.23839 -0.0390254 0)
(3.09652 -0.0680244 0)
(2.82676 -0.122187 0)
(2.45424 -0.231269 0)
(1.63335 -0.38807 0)
(0.924214 -0.587308 0)
)
;

boundaryField
{
    movingWall
    {
        type            fixedValue;
        value           uniform (4 0 0);
    }
    fixedWalls
    {
        type            noSlip;
    }
    frontAndBack
    {
        type            empty;
    }
}


// ************************************************************************* //
