/*--------------------------------*- C++ -*----------------------------------*\
| =========                 |                                                 |
| \\      /  F ield         | OpenFOAM: The Open Source CFD Toolbox           |
|  \\    /   O peration     | Version:  4.1                                   |
|   \\  /    A nd           | Web:      www.OpenFOAM.org                      |
|    \\/     M anipulation  |                                                 |
\*---------------------------------------------------------------------------*/
FoamFile
{
    version     2.0;
    format      ascii;
    class       volVectorField;
    location    "0.00081";
    object      U;
}
// * * * * * * * * * * * * * * * * * * * * * * * * * * * * * * * * * * * * * //

dimensions      [0 1 -1 0 0 0 0];

internalField   nonuniform List<vector> 
1681
(
(-0.00083647 0.000811416 0)
(-0.00381575 0.00145446 0)
(-0.00756832 0.00167856 0)
(-0.0115682 0.00175794 0)
(-0.0156569 0.0017761 0)
(-0.0197369 0.00175992 0)
(-0.0237443 0.00171866 0)
(-0.0276302 0.00165814 0)
(-0.0313566 0.00158233 0)
(-0.0348929 0.00149401 0)
(-0.0382135 0.00139518 0)
(-0.0412966 0.00128728 0)
(-0.044123 0.00117145 0)
(-0.046676 0.00104859 0)
(-0.0489404 0.000919548 0)
(-0.0509031 0.000785067 0)
(-0.0525522 0.00064589 0)
(-0.053878 0.000502758 0)
(-0.0548719 0.00035642 0)
(-0.0555275 0.000207648 0)
(-0.0558398 5.72359e-05 0)
(-0.0558059 -9.39939e-05 0)
(-0.0554245 -0.000245195 0)
(-0.0546966 -0.000395496 0)
(-0.053625 -0.000544003 0)
(-0.0522146 -0.000689804 0)
(-0.0504724 -0.000831975 0)
(-0.0484077 -0.000969585 0)
(-0.0460317 -0.0011017 0)
(-0.043358 -0.0012274 0)
(-0.0404022 -0.00134578 0)
(-0.0371821 -0.00145595 0)
(-0.0337174 -0.00155707 0)
(-0.0300299 -0.00164829 0)
(-0.0261432 -0.00172879 0)
(-0.0220831 -0.00179762 0)
(-0.0178773 -0.00185328 0)
(-0.0135589 -0.00189042 0)
(-0.00917678 -0.00188513 0)
(-0.00486802 -0.00172087 0)
(-0.00113169 -0.00108582 0)
(-0.00126501 0.00358829 0)
(-0.00630314 0.00680698 0)
(-0.0125632 0.00782508 0)
(-0.0191672 0.00815751 0)
(-0.0258727 0.00821724 0)
(-0.0325288 0.00812581 0)
(-0.0390434 0.00792536 0)
(-0.0453464 0.0076412 0)
(-0.0513834 0.00729022 0)
(-0.0571095 0.00688413 0)
(-0.0624866 0.00643116 0)
(-0.0674813 0.00593735 0)
(-0.0720636 0.00540741 0)
(-0.0762068 0.00484526 0)
(-0.0798865 0.0042544 0)
(-0.0830812 0.00363814 0)
(-0.0857715 0.00299975 0)
(-0.0879407 0.00234251 0)
(-0.0895748 0.00166979 0)
(-0.0906622 0.000985092 0)
(-0.0911944 0.000292037 0)
(-0.0911658 -0.000405611 0)
(-0.0905736 -0.00110395 0)
(-0.0894186 -0.00179893 0)
(-0.0877045 -0.00248641 0)
(-0.0854386 -0.00316214 0)
(-0.0826318 -0.00382179 0)
(-0.0792983 -0.004461 0)
(-0.0754561 -0.00507538 0)
(-0.0711265 -0.0056606 0)
(-0.0663347 -0.00621238 0)
(-0.0611091 -0.00672657 0)
(-0.0554815 -0.00719915 0)
(-0.049487 -0.00762631 0)
(-0.0431634 -0.00800437 0)
(-0.0365515 -0.00832954 0)
(-0.0296939 -0.00859625 0)
(-0.0226379 -0.00878465 0)
(-0.0154398 -0.00878965 0)
(-0.00828597 -0.00807502 0)
(-0.00180743 -0.00477526 0)
(-0.00115379 0.00662873 0)
(-0.00628932 0.0128348 0)
(-0.0133096 0.0147635 0)
(-0.0207059 0.0153592 0)
(-0.0281863 0.0154255 0)
(-0.0355571 0.015215 0)
(-0.0427331 0.0148124 0)
(-0.0496507 0.0142645 0)
(-0.056261 0.0136001 0)
(-0.0625225 0.0128385 0)
(-0.0683981 0.0119931 0)
(-0.0738542 0.0110739 0)
(-0.07886 0.0100885 0)
(-0.0833871 0.00904365 0)
(-0.0874096 0.00794544 0)
(-0.090904 0.00679975 0)
(-0.0938494 0.00561243 0)
(-0.0962274 0.00438946 0)
(-0.0980223 0.00313703 0)
(-0.0992213 0.00186157 0)
(-0.0998148 0.000569779 0)
(-0.099796 -0.000731333 0)
(-0.0991618 -0.0020345 0)
(-0.0979124 -0.00333217 0)
(-0.0960516 -0.00461659 0)
(-0.093587 -0.00587977 0)
(-0.0905299 -0.00711358 0)
(-0.0868955 -0.00830982 0)
(-0.0827033 -0.00946024 0)
(-0.0779762 -0.0105567 0)
(-0.0727414 -0.011591 0)
(-0.0670299 -0.0125555 0)
(-0.0608763 -0.0134425 0)
(-0.0543187 -0.0142451 0)
(-0.0473986 -0.0149564 0)
(-0.0401604 -0.0155702 0)
(-0.0326508 -0.0160776 0)
(-0.024922 -0.0164467 0)
(-0.0170337 -0.0164925 0)
(-0.00919359 -0.015248 0)
(-0.00201392 -0.00913128 0)
(-0.000625417 0.00873919 0)
(-0.00506495 0.0189478 0)
(-0.0127694 0.0221368 0)
(-0.0207427 0.0230348 0)
(-0.0287038 0.0230483 0)
(-0.036438 0.0226547 0)
(-0.0439038 0.0219998 0)
(-0.0510624 0.0211512 0)
(-0.0578812 0.0201458 0)
(-0.0643283 0.0190071 0)
(-0.0703718 0.017751 0)
(-0.0759809 0.0163895 0)
(-0.0811263 0.0149325 0)
(-0.0857801 0.0133889 0)
(-0.0899164 0.0117669 0)
(-0.0935116 0.0100749 0)
(-0.0965441 0.00832116 0)
(-0.0989952 0.0065143 0)
(-0.100849 0.00466333 0)
(-0.102091 0.00277765 0)
(-0.102712 0.000867108 0)
(-0.102704 -0.00105801 0)
(-0.102064 -0.00298695 0)
(-0.100792 -0.00490859 0)
(-0.09889 -0.00681139 0)
(-0.0963667 -0.00868353 0)
(-0.0932328 -0.0105129 0)
(-0.0895037 -0.0122874 0)
(-0.0851988 -0.0139945 0)
(-0.0803415 -0.0156223 0)
(-0.0749594 -0.0171585 0)
(-0.0690842 -0.0185916 0)
(-0.0627513 -0.0199102 0)
(-0.056 -0.0211039 0)
(-0.0488729 -0.0221628 0)
(-0.0414159 -0.0230774 0)
(-0.0336772 -0.0238352 0)
(-0.0257119 -0.0243901 0)
(-0.0175817 -0.0244738 0)
(-0.009506 -0.0226804 0)
(-0.0020866 -0.0136903 0)
(7.05945e-05 0.010487 0)
(-0.00253771 0.0257429 0)
(-0.0117303 0.0304265 0)
(-0.0205379 0.0313573 0)
(-0.0290671 0.0310984 0)
(-0.0371599 0.0303869 0)
(-0.0448834 0.0294035 0)
(-0.0522438 0.0282101 0)
(-0.0592326 0.0268368 0)
(-0.065829 0.0253029 0)
(-0.0720071 0.0236229 0)
(-0.0777391 0.0218086 0)
(-0.082997 0.0198707 0)
(-0.0877537 0.0178196 0)
(-0.0919833 0.0156653 0)
(-0.095662 0.0134182 0)
(-0.0987681 0.0110889 0)
(-0.101282 0.00868868 0)
(-0.103187 0.00622917 0)
(-0.10447 0.00372274 0)
(-0.105119 0.00118236 0)
(-0.105126 -0.00137837 0)
(-0.104487 -0.00394524 0)
(-0.103202 -0.00650343 0)
(-0.101272 -0.00903763 0)
(-0.0987061 -0.0115321 0)
(-0.0955137 -0.0139706 0)
(-0.0917104 -0.0163369 0)
(-0.0873153 -0.0186145 0)
(-0.0823521 -0.020787 0)
(-0.0768487 -0.0228383 0)
(-0.070837 -0.0247526 0)
(-0.0643532 -0.0265149 0)
(-0.0574375 -0.0281109 0)
(-0.0501335 -0.0295273 0)
(-0.0424885 -0.0307516 0)
(-0.0345525 -0.0317669 0)
(-0.0263828 -0.0325125 0)
(-0.0180432 -0.032635 0)
(-0.00976151 -0.0302825 0)
(-0.00214412 -0.0183736 0)
(6.14711e-268 1.76486e-05 0)
(-0.00218659 0.031276 0)
(-0.0118469 0.0393547 0)
(-0.0210361 0.0402634 0)
(-0.029874 0.0395506 0)
(-0.0382185 0.0384042 0)
(-0.0461583 0.0370297 0)
(-0.0537122 0.035456 0)
(-0.0608778 0.0336926 0)
(-0.0676377 0.0317479 0)
(-0.0739679 0.0296315 0)
(-0.0798415 0.0273535 0)
(-0.0852307 0.0249247 0)
(-0.0901084 0.0223561 0)
(-0.0944487 0.0196594 0)
(-0.0982272 0.0168467 0)
(-0.101422 0.0139309 0)
(-0.104012 0.0109257 0)
(-0.105981 0.00784537 0)
(-0.107313 0.00470522 0)
(-0.107997 0.00152129 0)
(-0.108024 -0.00168948 0)
(-0.107389 -0.00490938 0)
(-0.106091 -0.0081199 0)
(-0.104131 -0.0113018 0)
(-0.101516 -0.0144354 0)
(-0.0982554 -0.0175002 0)
(-0.0943651 -0.0204757 0)
(-0.0898637 -0.023341 0)
(-0.0847749 -0.0260755 0)
(-0.0791268 -0.0286586 0)
(-0.0729519 -0.0310704 0)
(-0.0662872 -0.0332916 0)
(-0.0591739 -0.0353041 0)
(-0.0516569 -0.037091 0)
(-0.0437853 -0.0386362 0)
(-0.0356108 -0.0399181 0)
(-0.0271932 -0.040861 0)
(-0.0185989 -0.0410241 0)
(-0.0100638 -0.038097 0)
(-0.0022103 -0.0231931 0)
(-3.57412e-27 6.05633e-25 0)
(-0.00437853 0.0384033 0)
(-0.0133391 0.048432 0)
(-0.0224015 0.0492702 0)
(-0.0312384 0.0481565 0)
(-0.0397065 0.0466039 0)
(-0.0478147 0.0448447 0)
(-0.0555545 0.0428877 0)
(-0.0629083 0.0407269 0)
(-0.0698521 0.0383625 0)
(-0.0763586 0.0358 0)
(-0.082399 0.0330483 0)
(-0.0879449 0.0301179 0)
(-0.0929683 0.0270209 0)
(-0.0974424 0.0237701 0)
(-0.101342 0.0203797 0)
(-0.104645 0.0168644 0)
(-0.107329 0.0132404 0)
(-0.109376 0.00952453 0)
(-0.11077 0.005735 0)
(-0.111499 0.00189092 0)
(-0.111552 -0.00198746 0)
(-0.110924 -0.00587886 0)
(-0.109611 -0.00976102 0)
(-0.107616 -0.0136107 0)
(-0.104943 -0.0174041 0)
(-0.101602 -0.0211164 0)
(-0.0976073 -0.0247225 0)
(-0.0929779 -0.0281972 0)
(-0.0877374 -0.031515 0)
(-0.0819139 -0.0346508 0)
(-0.0755408 -0.0375802 0)
(-0.0686559 -0.0402796 0)
(-0.0613016 -0.0427265 0)
(-0.0535246 -0.0449001 0)
(-0.0453758 -0.0467803 0)
(-0.0369093 -0.0483409 0)
(-0.0281876 -0.0494901 0)
(-0.0192801 -0.049697 0)
(-0.0104326 -0.0461767 0)
(-0.00229044 -0.0281773 0)
(-1.00023e-78 -8.93531e-28 0)
(-0.00617547 0.0453833 0)
(-0.0150337 0.05723 0)
(-0.0241006 0.0581783 0)
(-0.0329575 0.0568117 0)
(-0.0415482 0.0549403 0)
(-0.0498308 0.0528386 0)
(-0.0577718 0.0505149 0)
(-0.0653357 0.0479598 0)
(-0.0724887 0.0451716 0)
(-0.0791983 0.0421553 0)
(-0.085433 0.03892 0)
(-0.0911624 0.035477 0)
(-0.0963573 0.0318393 0)
(-0.10099 0.0280214 0)
(-0.105034 0.024039 0)
(-0.108465 0.0199091 0)
(-0.111262 0.0156499 0)
(-0.113403 0.0112811 0)
(-0.114873 0.00682353 0)
(-0.115657 0.00229945 0)
(-0.115744 -0.00226758 0)
(-0.115126 -0.00685269 0)
(-0.1138 -0.0114298 0)
(-0.111765 -0.0159716 0)
(-0.109025 -0.0204498 0)
(-0.105591 -0.0248352 0)
(-0.101474 -0.0290982 0)
(-0.0966948 -0.0332085 0)
(-0.0912753 -0.0371358 0)
(-0.0852446 -0.0408501 0)
(-0.0786364 -0.044322 0)
(-0.0714898 -0.0475231 0)
(-0.0638486 -0.0504264 0)
(-0.0557614 -0.0530066 0)
(-0.0472815 -0.0552397 0)
(-0.0384657 -0.057094 0)
(-0.0293797 -0.0584609 0)
(-0.0200967 -0.0587158 0)
(-0.010874 -0.0545797 0)
(-0.00238622 -0.0333607 0)
(-4.93991e-166 -2.50058e-79 0)
(-0.00878652 0.0528183 0)
(-0.0171945 0.0661224 0)
(-0.0261352 0.0671005 0)
(-0.0349709 0.065554 0)
(-0.0436961 0.0634358 0)
(-0.0521807 0.0610347 0)
(-0.0603544 0.0583635 0)
(-0.0681597 0.0554189 0)
(-0.0755526 0.0522037 0)
(-0.0824953 0.0487261 0)
(-0.0889534 0.044997 0)
(-0.0948945 0.0410293 0)
(-0.100288 0.0368376 0)
(-0.105105 0.0324378 0)
(-0.109317 0.0278474 0)
(-0.1129 0.0230855 0)
(-0.115828 0.0181725 0)
(-0.118082 0.0131306 0)
(-0.119642 0.00798343 0)
(-0.120493 0.00275629 0)
(-0.120622 -0.00252391 0)
(-0.12002 -0.0078287 0)
(-0.11868 -0.013128 0)
(-0.116603 -0.0183904 0)
(-0.11379 -0.0235832 0)
(-0.11025 -0.0286723 0)
(-0.105995 -0.0336232 0)
(-0.101043 -0.0384004 0)
(-0.0954171 -0.0429684 0)
(-0.0891465 -0.0472919 0)
(-0.0822655 -0.0513361 0)
(-0.0748142 -0.0550673 0)
(-0.0668383 -0.0584536 0)
(-0.0583885 -0.0614648 0)
(-0.0495208 -0.0640722 0)
(-0.0402952 -0.0662383 0)
(-0.0307815 -0.067837 0)
(-0.021057 -0.0681452 0)
(-0.0113931 -0.0633667 0)
(-0.00249887 -0.0387802 0)
(-7.38217e-267 0.000512299 0)
(-0.0135763 0.0597793 0)
(-0.0199558 0.0741572 0)
(-0.0284117 0.0757005 0)
(-0.0371727 0.0743086 0)
(-0.0460851 0.0721069 0)
(-0.054833 0.06947 0)
(-0.0632908 0.0664719 0)
(-0.0713796 0.0631399 0)
(-0.0790487 0.059492 0)
(-0.0862574 0.0555435 0)
(-0.0929698 0.051309 0)
(-0.0991522 0.0468034 0)
(-0.104773 0.0420429 0)
(-0.1098 0.0370449 0)
(-0.114206 0.0318288 0)
(-0.117963 0.0264156 0)
(-0.121046 0.0208278 0)
(-0.123431 0.0150901 0)
(-0.125098 0.00922885 0)
(-0.12603 0.00327241 0)
(-0.126211 -0.00274901 0)
(-0.125631 -0.00880327 0)
(-0.124281 -0.0148563 0)
(-0.12216 -0.0208724 0)
(-0.119268 -0.0268141 0)
(-0.115611 -0.0326424 0)
(-0.1112 -0.0383174 0)
(-0.106054 -0.0437983 0)
(-0.100195 -0.0490438 0)
(-0.0936511 -0.0540127 0)
(-0.0864585 -0.0586644 0)
(-0.0786582 -0.0629596 0)
(-0.0702976 -0.0668604 0)
(-0.0614302 -0.0703315 0)
(-0.052115 -0.0733389 0)
(-0.0424157 -0.0758388 0)
(-0.0324068 -0.0776861 0)
(-0.0221708 -0.078054 0)
(-0.0119953 -0.072602 0)
(-0.00262963 -0.0444755 0)
(-0.0020492 0.0281737 0)
(-0.0124781 0.0700091 0)
(-0.0202173 0.0821477 0)
(-0.0295584 0.0843922 0)
(-0.0390886 0.083341 0)
(-0.0485524 0.081115 0)
(-0.0577391 0.0782424 0)
(-0.0665706 0.0749031 0)
(-0.0749979 0.0711685 0)
(-0.0829838 0.0670741 0)
(-0.0904934 0.0626415 0)
(-0.0974926 0.0578879 0)
(-0.103947 0.0528296 0)
(-0.109824 0.047484 0)
(-0.115091 0.0418701 0)
(-0.119718 0.0360088 0)
(-0.123674 0.0299228 0)
(-0.126934 0.023637 0)
(-0.129471 0.0171783 0)
(-0.131263 0.0105757 0)
(-0.132291 0.00386056 0)
(-0.132537 -0.00293363 0)
(-0.131988 -0.00977104 0)
(-0.130633 -0.0166136 0)
(-0.128468 -0.023421 0)
(-0.125492 -0.0301509 0)
(-0.121708 -0.0367593 0)
(-0.117128 -0.0432004 0)
(-0.111766 -0.0494275 0)
(-0.105646 -0.0553932 0)
(-0.0987954 -0.0610498 0)
(-0.0912512 -0.0663503 0)
(-0.0830556 -0.0712489 0)
(-0.0742582 -0.0757015 0)
(-0.0649152 -0.0796666 0)
(-0.0550892 -0.0831044 0)
(-0.0448483 -0.085964 0)
(-0.0342721 -0.0880801 0)
(-0.0234497 -0.0885156 0)
(-0.012687 -0.0823546 0)
(-0.00277995 -0.0504894 0)
(-1.29846e-05 0.0316199 0)
(-0.00294546 0.0792156 0)
(-0.0171981 0.0929136 0)
(-0.0295317 0.0949914 0)
(-0.0408113 0.0934937 0)
(-0.0511862 0.0908112 0)
(-0.0609556 0.0875041 0)
(-0.070227 0.0837332 0)
(-0.0790345 0.0795529 0)
(-0.087372 0.074988 0)
(-0.0952156 0.0700543 0)
(-0.102534 0.064766 0)
(-0.109293 0.059139 0)
(-0.115457 0.053191 0)
(-0.120993 0.0469419 0)
(-0.125868 0.0404142 0)
(-0.130051 0.0336324 0)
(-0.133513 0.0266233 0)
(-0.136225 0.0194159 0)
(-0.138164 0.0120421 0)
(-0.139306 0.00453572 0)
(-0.139631 -0.00306629 0)
(-0.139124 -0.0107245 0)
(-0.137771 -0.0183966 0)
(-0.135565 -0.0260378 0)
(-0.132502 -0.0336007 0)
(-0.128584 -0.0410356 0)
(-0.123818 -0.0482907 0)
(-0.118221 -0.055313 0)
(-0.111813 -0.062048 0)
(-0.104622 -0.0684413 0)
(-0.0966852 -0.0744386 0)
(-0.0880465 -0.0799867 0)
(-0.0787575 -0.0850345 0)
(-0.0688775 -0.0895337 0)
(-0.0584733 -0.0934377 0)
(-0.0476179 -0.0966876 0)
(-0.0363971 -0.0990962 0)
(-0.0249073 -0.099609 0)
(-0.0134758 -0.092699 0)
(-0.0029515 -0.056868 0)
(3.28064e-282 -3.24614e-06 0)
(-0.00263436 0.0863135 0)
(-0.0185185 0.106511 0)
(-0.0318098 0.107517 0)
(-0.0437015 0.104735 0)
(-0.0545278 0.101168 0)
(-0.0646928 0.0972475 0)
(-0.0743434 0.092972 0)
(-0.0835249 0.0883147 0)
(-0.0922317 0.0832619 0)
(-0.100437 0.0778131 0)
(-0.108106 0.0719759 0)
(-0.115202 0.0657641 0)
(-0.121686 0.0591954 0)
(-0.127523 0.0522909 0)
(-0.132677 0.0450743 0)
(-0.137115 0.0375718 0)
(-0.140806 0.029812 0)
(-0.143719 0.0218263 0)
(-0.145827 0.0136484 0)
(-0.147104 0.00531541 0)
(-0.147526 -0.00313293 0)
(-0.147075 -0.0116535 0)
(-0.145734 -0.0201998 0)
(-0.143492 -0.0287224 0)
(-0.140342 -0.0371684 0)
(-0.136283 -0.0454823 0)
(-0.131321 -0.0536059 0)
(-0.125469 -0.0614789 0)
(-0.118746 -0.0690398 0)
(-0.11118 -0.0762261 0)
(-0.102809 -0.0829755 0)
(-0.093677 -0.0892267 0)
(-0.0838387 -0.0949205 0)
(-0.0733566 -0.100001 0)
(-0.0623022 -0.104413 0)
(-0.0507539 -0.108089 0)
(-0.0388049 -0.110818 0)
(-0.0265597 -0.11142 0)
(-0.0143705 -0.103716 0)
(-0.00314626 -0.0636617 0)
(-8.38947e-248 2.41601e-165 0)
(-0.0128361 0.0981199 0)
(-0.024945 0.120058 0)
(-0.0368029 0.119798 0)
(-0.0479271 0.11599 0)
(-0.0586385 0.11173 0)
(-0.0689693 0.107297 0)
(-0.0789251 0.102566 0)
(-0.0884725 0.0974531 0)
(-0.0975684 0.0919174 0)
(-0.106166 0.0859485 0)
(-0.11422 0.0795511 0)
(-0.121688 0.0727389 0)
(-0.128526 0.0655308 0)
(-0.134697 0.0579494 0)
(-0.140163 0.0500199 0)
(-0.144887 0.0417704 0)
(-0.148837 0.0332311 0)
(-0.151979 0.024435 0)
(-0.154283 0.0154183 0)
(-0.155718 0.00622023 0)
(-0.156259 -0.00311633 0)
(-0.155881 -0.0125448 0)
(-0.154565 -0.0220145 0)
(-0.152296 -0.0314712 0)
(-0.149062 -0.0408564 0)
(-0.144859 -0.0501083 0)
(-0.13969 -0.0591618 0)
(-0.133564 -0.067949 0)
(-0.126501 -0.0764001 0)
(-0.118526 -0.0844439 0)
(-0.109678 -0.0920092 0)
(-0.100001 -0.0990254 0)
(-0.0895524 -0.105424 0)
(-0.078399 -0.111139 0)
(-0.0666169 -0.116109 0)
(-0.054291 -0.120254 0)
(-0.0415226 -0.123336 0)
(-0.0284261 -0.124042 0)
(-0.0153818 -0.115494 0)
(-0.0033666 -0.0709257 0)
(-9.66405e-165 0.00195057 0)
(-0.0267171 0.107791 0)
(-0.0330756 0.130069 0)
(-0.0427158 0.130223 0)
(-0.052677 0.126535 0)
(-0.0631425 0.122204 0)
(-0.0736145 0.117552 0)
(-0.083896 0.1125 0)
(-0.0938466 0.106987 0)
(-0.103374 0.100987 0)
(-0.112406 0.0944974 0)
(-0.120886 0.0875293 0)
(-0.128764 0.0801004 0)
(-0.135994 0.0722329 0)
(-0.142534 0.0639518 0)
(-0.148346 0.0552845 0)
(-0.153391 0.0462603 0)
(-0.157632 0.036911 0)
(-0.161034 0.0272711 0)
(-0.163562 0.0173784 0)
(-0.165184 0.00727433 0)
(-0.165868 -0.00299559 0)
(-0.165586 -0.0133814 0)
(-0.164312 -0.0238285 0)
(-0.162027 -0.0342774 0)
(-0.158716 -0.0446641 0)
(-0.154369 -0.05492 0)
(-0.148985 -0.0649724 0)
(-0.142571 -0.0747453 0)
(-0.135143 -0.0841597 0)
(-0.126726 -0.0931348 0)
(-0.117355 -0.101589 0)
(-0.10708 -0.109442 0)
(-0.0959574 -0.116613 0)
(-0.0840586 -0.123028 0)
(-0.0714654 -0.128612 0)
(-0.0582698 -0.133275 0)
(-0.0445824 -0.136751 0)
(-0.0305291 -0.137578 0)
(-0.0165222 -0.128131 0)
(-0.00361533 -0.078721 0)
(-0.00780229 0.0616852 0)
(-0.0314265 0.12395 0)
(-0.0374536 0.138683 0)
(-0.0467108 0.13951 0)
(-0.0567386 0.136711 0)
(-0.0674994 0.132774 0)
(-0.0783938 0.128127 0)
(-0.0891563 0.122855 0)
(-0.0996089 0.116982 0)
(-0.109638 0.110525 0)
(-0.119161 0.103508 0)
(-0.128115 0.0959541 0)
(-0.136445 0.087889 0)
(-0.144106 0.0793399 0)
(-0.151053 0.070335 0)
(-0.157247 0.0609035 0)
(-0.162647 0.051076 0)
(-0.167215 0.0408853 0)
(-0.170912 0.0303668 0)
(-0.173699 0.0195594 0)
(-0.175539 0.00850604 0)
(-0.176396 -0.0027454 0)
(-0.176235 -0.0141419 0)
(-0.175027 -0.0256249 0)
(-0.172744 -0.03713 0)
(-0.169366 -0.0485869 0)
(-0.164879 -0.0599202 0)
(-0.159277 -0.071049 0)
(-0.152561 -0.0818881 0)
(-0.144745 -0.0923488 0)
(-0.135851 -0.102339 0)
(-0.125916 -0.111767 0)
(-0.114985 -0.120538 0)
(-0.103122 -0.128562 0)
(-0.0903985 -0.13575 0)
(-0.0769041 -0.142016 0)
(-0.0627383 -0.147256 0)
(-0.0480225 -0.151171 0)
(-0.0328955 -0.152141 0)
(-0.0178066 -0.141734 0)
(-0.00389582 -0.0871157 0)
(-0.00704801 0.0751023 0)
(-0.0252098 0.134426 0)
(-0.0364704 0.148328 0)
(-0.0481572 0.149891 0)
(-0.0597771 0.147709 0)
(-0.0715501 0.144013 0)
(-0.0832336 0.139315 0)
(-0.0946777 0.133794 0)
(-0.105755 0.127538 0)
(-0.116369 0.120605 0)
(-0.126445 0.113037 0)
(-0.135922 0.104873 0)
(-0.14475 0.0961476 0)
(-0.152881 0.0868918 0)
(-0.160274 0.0771372 0)
(-0.166887 0.0669144 0)
(-0.172681 0.0562547 0)
(-0.177613 0.0451908 0)
(-0.181643 0.0337583 0)
(-0.184727 0.0219963 0)
(-0.186822 0.00994858 0)
(-0.187887 -0.00233527 0)
(-0.18788 -0.0147996 0)
(-0.186765 -0.0273819 0)
(-0.184507 -0.0400127 0)
(-0.18108 -0.0526158 0)
(-0.176462 -0.0651078 0)
(-0.170641 -0.0773994 0)
(-0.163614 -0.0893954 0)
(-0.15539 -0.100996 0)
(-0.145988 -0.112097 0)
(-0.135442 -0.122594 0)
(-0.1238 -0.132379 0)
(-0.111124 -0.141347 0)
(-0.0974922 -0.149395 0)
(-0.082999 -0.156422 0)
(-0.0677532 -0.162308 0)
(-0.051888 -0.166717 0)
(-0.0355576 -0.167858 0)
(-0.019253 -0.156425 0)
(-0.00421217 -0.096186 0)
(-0.00563916 0.0891406 0)
(-0.0222127 0.148367 0)
(-0.0360788 0.16137 0)
(-0.0496536 0.162458 0)
(-0.0627787 0.16013 0)
(-0.075682 0.156279 0)
(-0.0882914 0.151332 0)
(-0.100534 0.145457 0)
(-0.112326 0.138754 0)
(-0.123596 0.131297 0)
(-0.134282 0.123142 0)
(-0.144331 0.114335 0)
(-0.153697 0.104919 0)
(-0.162338 0.0949287 0)
(-0.170214 0.0843975 0)
(-0.177286 0.0733563 0)
(-0.183513 0.0618359 0)
(-0.188851 0.0498677 0)
(-0.193256 0.0374861 0)
(-0.19668 0.0247293 0)
(-0.199074 0.0116409 0)
(-0.200389 -0.00172852 0)
(-0.200575 -0.0153212 0)
(-0.199588 -0.029071 0)
(-0.197385 -0.0429035 0)
(-0.193931 -0.0567358 0)
(-0.189197 -0.0704766 0)
(-0.183163 -0.0840271 0)
(-0.17582 -0.0972815 0)
(-0.16717 -0.110128 0)
(-0.15723 -0.122449 0)
(-0.146031 -0.134124 0)
(-0.133618 -0.145032 0)
(-0.120056 -0.15505 0)
(-0.105426 -0.164059 0)
(-0.0898283 -0.171941 0)
(-0.0733818 -0.178556 0)
(-0.056233 -0.183525 0)
(-0.0385538 -0.184872 0)
(-0.020883 -0.17234 0)
(-0.0045693 -0.106018 0)
(-0.00503155 0.100157 0)
(-0.0210606 0.16291 0)
(-0.0364978 0.175944 0)
(-0.0515534 0.176548 0)
(-0.0660395 0.173831 0)
(-0.0800912 0.169613 0)
(-0.0936922 0.164265 0)
(-0.106806 0.15793 0)
(-0.119381 0.150703 0)
(-0.131364 0.142663 0)
(-0.142708 0.133872 0)
(-0.15337 0.124384 0)
(-0.163311 0.114243 0)
(-0.172498 0.103489 0)
(-0.180894 0.0921545 0)
(-0.188462 0.0802693 0)
(-0.195163 0.0678616 0)
(-0.200952 0.05496 0)
(-0.205779 0.0415958 0)
(-0.209593 0.0278047 0)
(-0.212336 0.0136289 0)
(-0.21395 -0.00088113 0)
(-0.214377 -0.015666 0)
(-0.213562 -0.0306564 0)
(-0.211452 -0.0457727 0)
(-0.208002 -0.0609251 0)
(-0.203173 -0.0760141 0)
(-0.196938 -0.0909304 0)
(-0.189279 -0.105557 0)
(-0.180192 -0.119767 0)
(-0.169687 -0.133431 0)
(-0.157791 -0.146411 0)
(-0.144549 -0.158567 0)
(-0.130024 -0.169759 0)
(-0.1143 -0.179848 0)
(-0.0974844 -0.188695 0)
(-0.0797046 -0.196136 0)
(-0.0611228 -0.201746 0)
(-0.0419309 -0.20334 0)
(-0.0227232 -0.189633 0)
(-0.0049733 -0.116711 0)
(-0.00488709 0.110856 0)
(-0.021152 0.178399 0)
(-0.0377413 0.191847 0)
(-0.054041 0.191986 0)
(-0.0697596 0.188758 0)
(-0.0849377 0.184036 0)
(-0.0995553 0.178165 0)
(-0.113584 0.171269 0)
(-0.126987 0.163438 0)
(-0.139724 0.154749 0)
(-0.151761 0.145269 0)
(-0.163068 0.135056 0)
(-0.173617 0.124156 0)
(-0.18338 0.112608 0)
(-0.192329 0.100446 0)
(-0.200431 0.0876936 0)
(-0.207648 0.0743759 0)
(-0.213935 0.0605157 0)
(-0.219238 0.0461387 0)
(-0.223498 0.031276 0)
(-0.226648 0.0159666 0)
(-0.228621 0.00025974 0)
(-0.229347 -0.0157844 0)
(-0.228756 -0.0320932 0)
(-0.226787 -0.0485821 0)
(-0.22338 -0.065154 0)
(-0.218488 -0.0817002 0)
(-0.212071 -0.0981007 0)
(-0.204103 -0.114225 0)
(-0.194571 -0.129934 0)
(-0.183479 -0.145079 0)
(-0.170848 -0.159505 0)
(-0.156718 -0.173054 0)
(-0.141152 -0.185564 0)
(-0.124234 -0.196872 0)
(-0.106077 -0.206815 0)
(-0.0868184 -0.215201 0)
(-0.0666366 -0.221549 0)
(-0.0457465 -0.223447 0)
(-0.0248062 -0.208481 0)
(-0.00543172 -0.128378 0)
(-0.00500313 0.121642 0)
(-0.0219343 0.194738 0)
(-0.0396205 0.208881 0)
(-0.0571089 0.208637 0)
(-0.0740196 0.204857 0)
(-0.0903227 0.199547 0)
(-0.105977 0.193059 0)
(-0.120951 0.185513 0)
(-0.135211 0.176996 0)
(-0.14873 0.16759 0)
(-0.161487 0.157364 0)
(-0.173461 0.146379 0)
(-0.184638 0.134684 0)
(-0.195001 0.122317 0)
(-0.204531 0.109305 0)
(-0.213201 0.0956692 0)
(-0.220978 0.0814254 0)
(-0.227815 0.0665877 0)
(-0.233653 0.0511731 0)
(-0.238425 0.0352053 0)
(-0.242053 0.0187179 0)
(-0.244455 0.0017575 0)
(-0.245548 -0.0156155 0)
(-0.245247 -0.0333258 0)
(-0.243477 -0.0512831 0)
(-0.240165 -0.0693827 0)
(-0.235249 -0.0875062 0)
(-0.228679 -0.105522 0)
(-0.220417 -0.123285 0)
(-0.210441 -0.140641 0)
(-0.198745 -0.157423 0)
(-0.185343 -0.173459 0)
(-0.170269 -0.188566 0)
(-0.153582 -0.202559 0)
(-0.135367 -0.21525 0)
(-0.115738 -0.226446 0)
(-0.0948407 -0.235919 0)
(-0.0728718 -0.243126 0)
(-0.0500718 -0.245398 0)
(-0.0271729 -0.229089 0)
(-0.00595407 -0.141151 0)
(-0.00526427 0.132916 0)
(-0.0231663 0.212079 0)
(-0.0420327 0.227086 0)
(-0.0607522 0.2265 0)
(-0.0788769 0.222135 0)
(-0.096329 0.216164 0)
(-0.113046 0.208972 0)
(-0.128988 0.200686 0)
(-0.144126 0.191402 0)
(-0.158443 0.181206 0)
(-0.171929 0.170175 0)
(-0.18458 0.158372 0)
(-0.196394 0.145847 0)
(-0.207371 0.132636 0)
(-0.217504 0.118762 0)
(-0.226775 0.104235 0)
(-0.235155 0.0890587 0)
(-0.242598 0.0732343 0)
(-0.249039 0.0567658 0)
(-0.2544 0.0396655 0)
(-0.258588 0.0219589 0)
(-0.261505 0.00368836 0)
(-0.263048 -0.0150861 0)
(-0.263116 -0.0342861 0)
(-0.261617 -0.0538152 0)
(-0.258461 -0.0735605 0)
(-0.253574 -0.0933926 0)
(-0.24689 -0.113167 0)
(-0.238359 -0.132725 0)
(-0.227946 -0.151894 0)
(-0.215637 -0.17049 0)
(-0.201435 -0.188317 0)
(-0.185366 -0.205171 0)
(-0.167483 -0.220841 0)
(-0.147864 -0.235107 0)
(-0.126625 -0.247744 0)
(-0.103916 -0.25848 0)
(-0.0799498 -0.266696 0)
(-0.054997 -0.269436 0)
(-0.0298757 -0.251695 0)
(-0.00655257 -0.155188 0)
(-0.005625 0.144897 0)
(-0.024744 0.230585 0)
(-0.0449355 0.246561 0)
(-0.064986 0.245635 0)
(-0.0843905 0.240633 0)
(-0.103038 0.233922 0)
(-0.120849 0.225932 0)
(-0.13778 0.216811 0)
(-0.153807 0.20667 0)
(-0.168923 0.195606 0)
(-0.183135 0.183706 0)
(-0.196457 0.171037 0)
(-0.208904 0.157651 0)
(-0.220496 0.143581 0)
(-0.231242 0.12884 0)
(-0.24114 0.113427 0)
(-0.250167 0.0973267 0)
(-0.258278 0.0805211 0)
(-0.265402 0.0629946 0)
(-0.271444 0.0447431 0)
(-0.276292 0.0257809 0)
(-0.279825 0.0061441 0)
(-0.281918 -0.0141075 0)
(-0.282451 -0.0348914 0)
(-0.281308 -0.0561043 0)
(-0.278386 -0.0776234 0)
(-0.273592 -0.0993082 0)
(-0.266844 -0.121 0)
(-0.258079 -0.142525 0)
(-0.247249 -0.163691 0)
(-0.234325 -0.184295 0)
(-0.219302 -0.204119 0)
(-0.202196 -0.222935 0)
(-0.183046 -0.240503 0)
(-0.161922 -0.256572 0)
(-0.13893 -0.270876 0)
(-0.114223 -0.283092 0)
(-0.0880247 -0.292507 0)
(-0.0606381 -0.29584 0)
(-0.0329825 -0.276581 0)
(-0.00724322 -0.170674 0)
(-0.00607073 0.157768 0)
(-0.026642 0.250441 0)
(-0.0483402 0.26745 0)
(-0.0698597 0.266145 0)
(-0.0906405 0.260424 0)
(-0.110548 0.252869 0)
(-0.129489 0.243968 0)
(-0.147423 0.2339 0)
(-0.164337 0.2228 0)
(-0.180239 0.210783 0)
(-0.195156 0.197945 0)
(-0.209122 0.184362 0)
(-0.222179 0.170087 0)
(-0.234369 0.15515 0)
(-0.245726 0.139554 0)
(-0.256268 0.123278 0)
(-0.265985 0.106283 0)
(-0.274834 0.0885224 0)
(-0.282734 0.0699514 0)
(-0.289568 0.0505426 0)
(-0.295198 0.0302942 0)
(-0.299472 0.00923551 0)
(-0.302236 -0.012573 0)
(-0.303345 -0.0350426 0)
(-0.302662 -0.0580605 0)
(-0.300066 -0.0814933 0)
(-0.295443 -0.105188 0)
(-0.288696 -0.128972 0)
(-0.279744 -0.152652 0)
(-0.268525 -0.176018 0)
(-0.254998 -0.198845 0)
(-0.239144 -0.220894 0)
(-0.220968 -0.241911 0)
(-0.200494 -0.261632 0)
(-0.177772 -0.279771 0)
(-0.152889 -0.296016 0)
(-0.125986 -0.309983 0)
(-0.097295 -0.320842 0)
(-0.0671478 -0.32494 0)
(-0.036584 -0.304088 0)
(-0.00804747 -0.187838 0)
(-0.00660391 0.171704 0)
(-0.0288819 0.271858 0)
(-0.0523035 0.289932 0)
(-0.0754628 0.288165 0)
(-0.0977396 0.2816 0)
(-0.118979 0.27306 0)
(-0.139086 0.263105 0)
(-0.158028 0.251957 0)
(-0.17581 0.23978 0)
(-0.192465 0.22671 0)
(-0.208043 0.212859 0)
(-0.222606 0.198311 0)
(-0.236224 0.183123 0)
(-0.24897 0.167323 0)
(-0.260914 0.150902 0)
(-0.272105 0.133814 0)
(-0.282554 0.115985 0)
(-0.292221 0.097325 0)
(-0.30101 0.0777478 0)
(-0.308776 0.0571916 0)
(-0.315339 0.0356338 0)
(-0.320506 0.0130967 0)
(-0.324086 -0.010355 0)
(-0.325903 -0.0346216 0)
(-0.325801 -0.0595772 0)
(-0.323638 -0.0850757 0)
(-0.319281 -0.110952 0)
(-0.312615 -0.137017 0)
(-0.303536 -0.163061 0)
(-0.291968 -0.188851 0)
(-0.277857 -0.214137 0)
(-0.261176 -0.238658 0)
(-0.241915 -0.262142 0)
(-0.220079 -0.284301 0)
(-0.195687 -0.30482 0)
(-0.16879 -0.323341 0)
(-0.139495 -0.339401 0)
(-0.108023 -0.352029 0)
(-0.0747323 -0.357131 0)
(-0.0408046 -0.334629 0)
(-0.00899486 -0.206962 0)
(-0.00723838 0.186898 0)
(-0.0315223 0.295082 0)
(-0.0569292 0.314222 0)
(-0.0819331 0.311854 0)
(-0.105844 0.304268 0)
(-0.128493 0.294553 0)
(-0.14979 0.283362 0)
(-0.169725 0.270969 0)
(-0.188334 0.257575 0)
(-0.205684 0.24334 0)
(-0.221854 0.228391 0)
(-0.236937 0.212822 0)
(-0.251034 0.1967 0)
(-0.264262 0.180053 0)
(-0.27674 0.162863 0)
(-0.288564 0.145052 0)
(-0.299781 0.126493 0)
(-0.31036 0.107033 0)
(-0.320183 0.0865227 0)
(-0.329059 0.0648508 0)
(-0.336747 0.0419671 0)
(-0.342994 0.0178902 0)
(-0.347561 -0.00730257 0)
(-0.350242 -0.0334911 0)
(-0.350858 -0.0605297 0)
(-0.349252 -0.0882586 0)
(-0.345275 -0.116502 0)
(-0.338783 -0.145058 0)
(-0.329652 -0.173694 0)
(-0.317785 -0.202151 0)
(-0.303121 -0.230152 0)
(-0.285627 -0.257412 0)
(-0.265287 -0.283645 0)
(-0.242084 -0.308556 0)
(-0.21599 -0.331812 0)
(-0.18699 -0.353011 0)
(-0.155122 -0.371605 0)
(-0.120562 -0.386438 0)
(-0.0836773 -0.392886 0)
(-0.0458197 -0.368724 0)
(-0.0101273 -0.228406 0)
(-0.00799895 0.203585 0)
(-0.0346617 0.320415 0)
(-0.0623777 0.340577 0)
(-0.0894712 0.337402 0)
(-0.11517 0.328542 0)
(-0.139296 0.317398 0)
(-0.161784 0.304736 0)
(-0.182668 0.290897 0)
(-0.202034 0.276123 0)
(-0.219991 0.260595 0)
(-0.236655 0.244452 0)
(-0.252147 0.2278 0)
(-0.266603 0.210719 0)
(-0.280189 0.193256 0)
(-0.293099 0.175386 0)
(-0.305509 0.156991 0)
(-0.317522 0.137871 0)
(-0.329127 0.117774 0)
(-0.340174 0.0964555 0)
(-0.350396 0.0737269 0)
(-0.359458 0.0495049 0)
(-0.367017 0.0238134 0)
(-0.372775 -0.00323922 0)
(-0.37649 -0.0314946 0)
(-0.377976 -0.0607762 0)
(-0.377069 -0.090911 0)
(-0.373604 -0.121722 0)
(-0.367404 -0.152997 0)
(-0.35831 -0.184479 0)
(-0.346202 -0.215873 0)
(-0.331015 -0.246862 0)
(-0.312729 -0.277136 0)
(-0.29134 -0.306406 0)
(-0.266812 -0.334396 0)
(-0.239053 -0.360785 0)
(-0.207936 -0.385152 0)
(-0.173363 -0.406849 0)
(-0.135401 -0.424489 0)
(-0.0943914 -0.43279 0)
(-0.0518843 -0.407034 0)
(-0.0115058 -0.252641 0)
(-0.00892438 0.222064 0)
(-0.0384511 0.348236 0)
(-0.0688865 0.369315 0)
(-0.098363 0.365025 0)
(-0.12601 0.354537 0)
(-0.151659 0.341623 0)
(-0.175297 0.327192 0)
(-0.197039 0.311669 0)
(-0.217046 0.29533 0)
(-0.23549 0.278368 0)
(-0.252521 0.260922 0)
(-0.26828 0.243107 0)
(-0.282921 0.22503 0)
(-0.296671 0.206785 0)
(-0.309838 0.188365 0)
(-0.322729 0.169604 0)
(-0.335552 0.150189 0)
(-0.348327 0.129718 0)
(-0.360858 0.107788 0)
(-0.372754 0.0840955 0)
(-0.383522 0.0585174 0)
(-0.392688 0.0311055 0)
(-0.399869 0.00203543 0)
(-0.404799 -0.0284623 0)
(-0.407309 -0.0601608 0)
(-0.407259 -0.0928814 0)
(-0.404466 -0.126469 0)
(-0.398704 -0.160715 0)
(-0.389754 -0.195332 0)
(-0.377463 -0.229967 0)
(-0.36177 -0.26424 0)
(-0.342703 -0.297799 0)
(-0.320313 -0.330371 0)
(-0.29457 -0.361747 0)
(-0.265296 -0.391688 0)
(-0.232181 -0.4198 0)
(-0.194883 -0.445348 0)
(-0.153238 -0.466648 0)
(-0.107476 -0.477568 0)
(-0.0593811 -0.450431 0)
(-0.0132227 -0.2803 0)
(-0.0100741 0.242731 0)
(-0.043119 0.37904 0)
(-0.0768061 0.400832 0)
(-0.109016 0.39497 0)
(-0.138765 0.382355 0)
(-0.165929 0.367211 0)
(-0.190602 0.35064 0)
(-0.213035 0.333154 0)
(-0.233513 0.315055 0)
(-0.252292 0.296519 0)
(-0.269547 0.277651 0)
(-0.285406 0.258565 0)
(-0.299999 0.239412 0)
(-0.313613 0.220408 0)
(-0.326738 0.201615 0)
(-0.339912 0.182814 0)
(-0.353524 0.163522 0)
(-0.367663 0.143089 0)
(-0.382055 0.120859 0)
(-0.396096 0.0963367 0)
(-0.409029 0.0693581 0)
(-0.420169 0.040054 0)
(-0.429029 0.00873782 0)
(-0.435341 -0.0242251 0)
(-0.439012 -0.0585229 0)
(-0.439985 -0.0939937 0)
(-0.438069 -0.130566 0)
(-0.43294 -0.168063 0)
(-0.42427 -0.206157 0)
(-0.411843 -0.244395 0)
(-0.395614 -0.28228 0)
(-0.375728 -0.319371 0)
(-0.352385 -0.355435 0)
(-0.325622 -0.390424 0)
(-0.295165 -0.424304 0)
(-0.260414 -0.456825 0)
(-0.220595 -0.487211 0)
(-0.17509 -0.513403 0)
(-0.123842 -0.528139 0)
(-0.0689019 -0.500098 0)
(-0.0154207 -0.312266 0)
(-0.0115403 0.26613 0)
(-0.0490157 0.413489 0)
(-0.0866593 0.435625 0)
(-0.122016 0.427506 0)
(-0.153985 0.412052 0)
(-0.182552 0.394065 0)
(-0.208016 0.374893 0)
(-0.230858 0.355146 0)
(-0.251564 0.335113 0)
(-0.2705 0.314887 0)
(-0.28785 0.294475 0)
(-0.303652 0.273957 0)
(-0.317903 0.253546 0)
(-0.330914 0.233746 0)
(-0.343492 0.214808 0)
(-0.356581 0.196459 0)
(-0.370901 0.177949 0)
(-0.386671 0.158213 0)
(-0.403496 0.13617 0)
(-0.420395 0.110996 0)
(-0.436144 0.0825002 0)
(-0.449727 0.050999 0)
(-0.460522 0.017078 0)
(-0.468315 -0.0186487 0)
(-0.473216 -0.0557168 0)
(-0.475386 -0.0940386 0)
(-0.47463 -0.133773 0)
(-0.470422 -0.174837 0)
(-0.46222 -0.216843 0)
(-0.449678 -0.259157 0)
(-0.432777 -0.301048 0)
(-0.411898 -0.341872 0)
(-0.387592 -0.381457 0)
(-0.360108 -0.420078 0)
(-0.329082 -0.458143 0)
(-0.293474 -0.495781 0)
(-0.25177 -0.532305 0)
(-0.202482 -0.565222 0)
(-0.144914 -0.585687 0)
(-0.0813875 -0.557697 0)
(-0.0183273 -0.349821 0)
(-0.0134707 0.293041 0)
(-0.0566912 0.452495 0)
(-0.09924 0.47433 0)
(-0.138218 0.462906 0)
(-0.172425 0.443587 0)
(-0.202093 0.421934 0)
(-0.227886 0.399613 0)
(-0.250675 0.37732 0)
(-0.271261 0.35526 0)
(-0.290184 0.333321 0)
(-0.30758 0.311267 0)
(-0.323266 0.289065 0)
(-0.336835 0.266981 0)
(-0.348511 0.246183 0)
(-0.35967 0.227372 0)
(-0.372008 0.210221 0)
(-0.386838 0.193546 0)
(-0.404628 0.175576 0)
(-0.424791 0.154497 0)
(-0.44567 0.128889 0)
(-0.465197 0.0985923 0)
(-0.481816 0.06433 0)
(-0.494749 0.0272084 0)
(-0.503944 -0.0117053 0)
(-0.509975 -0.0516538 0)
(-0.51351 -0.0927518 0)
(-0.514353 -0.135732 0)
(-0.511545 -0.18073 0)
(-0.504109 -0.227255 0)
(-0.491433 -0.274337 0)
(-0.4735 -0.320783 0)
(-0.451152 -0.365471 0)
(-0.425693 -0.408289 0)
(-0.39788 -0.45013 0)
(-0.367331 -0.492264 0)
(-0.332352 -0.535652 0)
(-0.2902 -0.580005 0)
(-0.237764 -0.622426 0)
(-0.172973 -0.651773 0)
(-0.0983716 -0.625653 0)
(-0.0223141 -0.394888 0)
(-0.0161098 0.324616 0)
(-0.0670336 0.497338 0)
(-0.115778 0.517748 0)
(-0.15888 0.501399 0)
(-0.195131 0.476729 0)
(-0.225257 0.450308 0)
(-0.250559 0.424207 0)
(-0.272543 0.399177 0)
(-0.29252 0.375197 0)
(-0.311306 0.351739 0)
(-0.328924 0.328037 0)
(-0.344733 0.30376 0)
(-0.357305 0.279085 0)
(-0.366458 0.256691 0)
(-0.374672 0.2383 0)
(-0.385054 0.223501 0)
(-0.399979 0.210379 0)
(-0.42037 0.195935 0)
(-0.445369 0.177093 0)
(-0.472068 0.15128 0)
(-0.496827 0.118544 0)
(-0.517228 0.0804655 0)
(-0.53234 0.0391177 0)
(-0.542462 -0.00362304 0)
(-0.549139 -0.0463881 0)
(-0.554191 -0.0897624 0)
(-0.557403 -0.135847 0)
(-0.556856 -0.185222 0)
(-0.550717 -0.237193 0)
(-0.53784 -0.290172 0)
(-0.518099 -0.342088 0)
(-0.493174 -0.390695 0)
(-0.465924 -0.435886 0)
(-0.438211 -0.479694 0)
(-0.40982 -0.524995 0)
(-0.378136 -0.574414 0)
(-0.338443 -0.628719 0)
(-0.284635 -0.684935 0)
(-0.211767 -0.72848 0)
(-0.122411 -0.707629 0)
(-0.0280008 -0.450472 0)
(-0.0198785 0.362626 0)
(-0.0815202 0.54986 0)
(-0.138214 0.566879 0)
(-0.185879 0.543066 0)
(-0.223551 0.510875 0)
(-0.252906 0.478227 0)
(-0.276309 0.447675 0)
(-0.296279 0.419941 0)
(-0.314935 0.394563 0)
(-0.333589 0.37025 0)
(-0.35208 0.345156 0)
(-0.368996 0.318234 0)
(-0.380478 0.288971 0)
(-0.385103 0.263508 0)
(-0.38765 0.245799 0)
(-0.393905 0.235187 0)
(-0.408105 0.228468 0)
(-0.431985 0.220507 0)
(-0.464373 0.206055 0)
(-0.500017 0.180192 0)
(-0.532266 0.143652 0)
(-0.557362 0.0997956 0)
(-0.574323 0.0524247 0)
(-0.584078 0.00481591 0)
(-0.590092 -0.0402938 0)
(-0.596788 -0.0844785 0)
(-0.603834 -0.13304 0)
(-0.607166 -0.187369 0)
(-0.603334 -0.246299 0)
(-0.590189 -0.307158 0)
(-0.567107 -0.36628 0)
(-0.537239 -0.418847 0)
(-0.506601 -0.464544 0)
(-0.479281 -0.507526 0)
(-0.455629 -0.553529 0)
(-0.431817 -0.608305 0)
(-0.400149 -0.674997 0)
(-0.349053 -0.751728 0)
(-0.267582 -0.81865 0)
(-0.157845 -0.809374 0)
(-0.0364379 -0.521438 0)
(-0.0255336 0.409912 0)
(-0.102686 0.612752 0)
(-0.169661 0.622907 0)
(-0.222021 0.58762 0)
(-0.259672 0.544761 0)
(-0.286048 0.503987 0)
(-0.305222 0.468356 0)
(-0.32124 0.438402 0)
(-0.337481 0.412922 0)
(-0.356217 0.389364 0)
(-0.377136 0.363807 0)
(-0.397841 0.333561 0)
(-0.408873 0.295398 0)
(-0.405426 0.26349 0)
(-0.397346 0.246637 0)
(-0.395602 0.243235 0)
(-0.407529 0.247736 0)
(-0.436253 0.251314 0)
(-0.480489 0.24505 0)
(-0.530534 0.218987 0)
(-0.57381 0.175807 0)
(-0.604649 0.122559 0)
(-0.622409 0.0659852 0)
(-0.628884 0.0116627 0)
(-0.631194 -0.0344356 0)
(-0.639636 -0.0758166 0)
(-0.653443 -0.125238 0)
(-0.663727 -0.185372 0)
(-0.664147 -0.253844 0)
(-0.650829 -0.326189 0)
(-0.621579 -0.396066 0)
(-0.58198 -0.452837 0)
(-0.544431 -0.495413 0)
(-0.517287 -0.532026 0)
(-0.502149 -0.573333 0)
(-0.493792 -0.630617 0)
(-0.480469 -0.711872 0)
(-0.440735 -0.819732 0)
(-0.351106 -0.926235 0)
(-0.21213 -0.940244 0)
(-0.0494317 -0.615947 0)
(-0.0344893 0.471186 0)
(-0.135003 0.689928 0)
(-0.215142 0.687039 0)
(-0.271449 0.633948 0)
(-0.306121 0.575945 0)
(-0.325747 0.524681 0)
(-0.336954 0.483542 0)
(-0.345942 0.452617 0)
(-0.357956 0.429631 0)
(-0.377193 0.410233 0)
(-0.40362 0.386725 0)
(-0.434535 0.352828 0)
(-0.447662 0.296629 0)
(-0.429554 0.250884 0)
(-0.401689 0.234977 0)
(-0.385147 0.243938 0)
(-0.39198 0.267796 0)
(-0.42752 0.291562 0)
(-0.491535 0.30037 0)
(-0.565717 0.273124 0)
(-0.625506 0.217637 0)
(-0.663044 0.148574 0)
(-0.679253 0.077264 0)
(-0.676468 0.0126898 0)
(-0.66845 -0.0313186 0)
(-0.678795 -0.0617177 0)
(-0.705339 -0.108493 0)
(-0.728303 -0.175877 0)
(-0.736579 -0.258266 0)
(-0.723793 -0.348582 0)
(-0.683415 -0.436577 0)
(-0.624823 -0.498604 0)
(-0.573254 -0.531405 0)
(-0.544874 -0.551418 0)
(-0.543455 -0.577472 0)
(-0.562598 -0.629941 0)
(-0.586329 -0.726008 0)
(-0.575474 -0.881678 0)
(-0.480362 -1.05676 0)
(-0.297955 -1.11585 0)
(-0.0700752 -0.748088 0)
(-0.0494915 0.55475 0)
(-0.186378 0.787157 0)
(-0.282484 0.760048 0)
(-0.339773 0.679261 0)
(-0.365793 0.600005 0)
(-0.37251 0.535561 0)
(-0.370017 0.488968 0)
(-0.367179 0.459487 0)
(-0.371762 0.443666 0)
(-0.391745 0.435194 0)
(-0.428844 0.420055 0)
(-0.483957 0.384232 0)
(-0.505889 0.290126 0)
(-0.460644 0.214447 0)
(-0.396324 0.199985 0)
(-0.35364 0.230725 0)
(-0.350536 0.287958 0)
(-0.395408 0.347137 0)
(-0.493092 0.384314 0)
(-0.608378 0.352629 0)
(-0.692418 0.2731 0)
(-0.736598 0.176761 0)
(-0.746773 0.08099 0)
(-0.723429 -0.00117885 0)
(-0.691753 -0.0365078 0)
(-0.704621 -0.0376599 0)
(-0.755635 -0.0748256 0)
(-0.801122 -0.15267 0)
(-0.823217 -0.256537 0)
(-0.813152 -0.37642 0)
(-0.753572 -0.497845 0)
(-0.6595 -0.568272 0)
(-0.581129 -0.579153 0)
(-0.548125 -0.564335 0)
(-0.567053 -0.555764 0)
(-0.631589 -0.587191 0)
(-0.725033 -0.692083 0)
(-0.776392 -0.921878 0)
(-0.682571 -1.21818 0)
(-0.434921 -1.36281 0)
(-0.103424 -0.942827 0)
(-0.0754966 0.674215 0)
(-0.269585 0.911386 0)
(-0.381323 0.840174 0)
(-0.431165 0.717036 0)
(-0.437968 0.609105 0)
(-0.422136 0.529087 0)
(-0.397589 0.477949 0)
(-0.375656 0.453601 0)
(-0.366824 0.452016 0)
(-0.386001 0.466238 0)
(-0.440228 0.473402 0)
(-0.54758 0.443738 0)
(-0.591166 0.272344 0)
(-0.495339 0.134089 0)
(-0.366299 0.123501 0)
(-0.280783 0.19251 0)
(-0.260286 0.304951 0)
(-0.316331 0.423929 0)
(-0.470947 0.513478 0)
(-0.654377 0.469257 0)
(-0.769567 0.344557 0)
(-0.815038 0.203661 0)
(-0.810524 0.0687032 0)
(-0.746756 -0.0457654 0)
(-0.668325 -0.0606008 0)
(-0.687321 0.00384068 0)
(-0.783921 -0.0116834 0)
(-0.865634 -0.106368 0)
(-0.908388 -0.242612 0)
(-0.905093 -0.409941 0)
(-0.814275 -0.593891 0)
(-0.661272 -0.68064 0)
(-0.5388 -0.649115 0)
(-0.496969 -0.570229 0)
(-0.543992 -0.495839 0)
(-0.677126 -0.475528 0)
(-0.893299 -0.568964 0)
(-1.06234 -0.911301 0)
(-0.979201 -1.41936 0)
(-0.639494 -1.72107 0)
(-0.154908 -1.24083 0)
(-0.119048 0.85705 0)
(-0.392373 1.07218 0)
(-0.503405 0.920641 0)
(-0.523685 0.734446 0)
(-0.491966 0.590606 0)
(-0.439343 0.494508 0)
(-0.381774 0.441397 0)
(-0.330957 0.427359 0)
(-0.298527 0.450316 0)
(-0.309503 0.50811 0)
(-0.38037 0.569549 0)
(-0.578326 0.572547 0)
(-0.645475 0.234999 0)
(-0.467737 -0.0318817 0)
(-0.244865 -0.0273301 0)
(-0.104962 0.112844 0)
(-0.0612455 0.317481 0)
(-0.125337 0.540976 0)
(-0.362576 0.733882 0)
(-0.630087 0.653829 0)
(-0.759768 0.435638 0)
(-0.782086 0.220426 0)
(-0.746889 0.0228063 0)
(-0.618243 -0.153112 0)
(-0.476342 -0.122357 0)
(-0.517961 0.0832 0)
(-0.679763 0.10654 0)
(-0.799786 -0.0241554 0)
(-0.859351 -0.211132 0)
(-0.865158 -0.453598 0)
(-0.732068 -0.752139 0)
(-0.516838 -0.868031 0)
(-0.353039 -0.759108 0)
(-0.310918 -0.570603 0)
(-0.396362 -0.381716 0)
(-0.616534 -0.251929 0)
(-1.01681 -0.281027 0)
(-1.35485 -0.799875 0)
(-1.27605 -1.67023 0)
(-0.851069 -2.23282 0)
(-0.214963 -1.69392 0)
(-0.15761 1.10604 0)
(-0.477346 1.24099 0)
(-0.505478 0.961636 0)
(-0.438016 0.698276 0)
(-0.331874 0.521248 0)
(-0.222434 0.41546 0)
(-0.119456 0.365142 0)
(-0.0286391 0.364074 0)
(0.0433925 0.415955 0)
(0.0636547 0.533205 0)
(0.0125206 0.689964 0)
(-0.289395 0.771909 0)
(-0.267772 0.166324 0)
(-0.00476512 -0.298686 0)
(0.276334 -0.254758 0)
(0.432569 -0.0146992 0)
(0.486967 0.300139 0)
(0.436444 0.658334 0)
(0.124444 1.00431 0)
(-0.135357 0.84204 0)
(-0.168601 0.491088 0)
(-0.0896878 0.200113 0)
(0.00553532 -0.0575582 0)
(0.207768 -0.316693 0)
(0.355325 -0.215378 0)
(0.230901 0.201725 0)
(0.0368391 0.262159 0)
(-0.0651574 0.0791769 0)
(-0.0973901 -0.154138 0)
(-0.102191 -0.471358 0)
(0.0620798 -0.917181 0)
(0.226527 -1.0725 0)
(0.322912 -0.866734 0)
(0.297406 -0.548189 0)
(0.152249 -0.220267 0)
(-0.134244 0.072623 0)
(-0.722706 0.18327 0)
(-1.1419 -0.557451 0)
(-0.993399 -1.89708 0)
(-0.676375 -2.76894 0)
(-0.167837 -2.23036 0)
(0.0670172 1.45292 0)
(0.0928348 1.3517 0)
(0.402596 0.891336 0)
(0.665398 0.562655 0)
(0.887346 0.377435 0)
(1.06481 0.281302 0)
(1.21187 0.244071 0)
(1.33834 0.259072 0)
(1.45262 0.342301 0)
(1.53697 0.534717 0)
(1.62474 0.861239 0)
(1.51425 1.13783 0)
(2.20681 0.00183412 0)
(2.19038 -0.677948 0)
(2.18825 -0.537742 0)
(2.15393 -0.167488 0)
(2.13499 0.273728 0)
(2.14053 0.825304 0)
(2.00072 1.44096 0)
(2.3948 1.0633 0)
(2.71362 0.459829 0)
(2.93696 0.105312 0)
(3.06614 -0.182446 0)
(3.19616 -0.53079 0)
(3.0283 -0.309449 0)
(2.75062 0.404579 0)
(2.86267 0.446534 0)
(2.9574 0.157262 0)
(3.01985 -0.106703 0)
(3.02543 -0.469574 0)
(3.06435 -1.05898 0)
(2.75052 -1.21679 0)
(2.43697 -0.918037 0)
(2.15088 -0.482514 0)
(1.89987 -0.0122364 0)
(1.67163 0.520009 0)
(1.27957 0.939591 0)
(1.52955 -0.142202 0)
(1.69618 -1.96396 0)
(1.04643 -2.9258 0)
(0.460265 -2.4895 0)
(2.74511 0.767385 0)
(3.7154 0.560604 0)
(4.57395 0.316589 0)
(5.03796 0.180524 0)
(5.32901 0.110087 0)
(5.5203 0.0765458 0)
(5.66256 0.0647307 0)
(5.78886 0.0713113 0)
(5.93239 0.103735 0)
(6.13707 0.178666 0)
(6.5194 0.318042 0)
(7.22825 0.383636 0)
(9.86882 -4.88725e-179 0)
(8.20699 -0.136386 0)
(7.37869 -0.149738 0)
(6.91034 -0.0575103 0)
(6.77546 0.0889841 0)
(6.98072 0.305024 0)
(7.62129 0.50006 0)
(9.87298 4.70266e-265 0)
(10 2.56769e-24 0)
(10 -2.05867e-77 0)
(10 -2.31674e-164 0)
(10.0016 -3.49692e-265 0)
(9.06741 0.00605919 0)
(8.82663 0.152752 0)
(9.96084 5.12072e-280 0)
(10 1.14409e-232 0)
(10 -8.61786e-218 0)
(10 -9.94116e-232 0)
(9.94754 -6.12916e-217 0)
(8.57872 -0.207062 0)
(7.62398 -0.216217 0)
(6.9921 -0.118916 0)
(6.70456 0.029888 0)
(6.78964 0.235058 0)
(7.3714 0.369013 0)
(9.90615 -2.60096e-217 0)
(9.84408 -1.95732e-163 0)
(6.83011 -0.625253 0)
(3.71668 -0.871471 0)
)
;

boundaryField
{
    movingWall
    {
        type            fixedValue;
        value           uniform (10 0 0);
    }
    fixedWalls
    {
        type            noSlip;
    }
    frontAndBack
    {
        type            empty;
    }
}


// ************************************************************************* //
