/*--------------------------------*- C++ -*----------------------------------*\
| =========                 |                                                 |
| \\      /  F ield         | OpenFOAM: The Open Source CFD Toolbox           |
|  \\    /   O peration     | Version:  4.1                                   |
|   \\  /    A nd           | Web:      www.OpenFOAM.org                      |
|    \\/     M anipulation  |                                                 |
\*---------------------------------------------------------------------------*/
FoamFile
{
    version     2.0;
    format      ascii;
    class       volVectorField;
    location    "0.0059";
    object      U;
}
// * * * * * * * * * * * * * * * * * * * * * * * * * * * * * * * * * * * * * //

dimensions      [0 1 -1 0 0 0 0];

internalField   nonuniform List<vector> 
441
(
(0.00332892 -0.0058036 0)
(0.00563682 -0.00451421 0)
(-0.00112962 -3.35924e-165 0)
(0.00135872 -1.57819e-266 0)
(-0.0149003 -0.00543679 0)
(-0.00135872 -2.55054e-232 0)
(-1.30208e-202 -2.82868e-203 0)
(-7.06805e-204 -3.34702e-228 0)
(-1.37528e-212 -1.4102e-213 0)
(-0.00499786 7.74502e-266 0)
(-0.0564027 0.0199832 0)
(-0.0733222 0.011234 0)
(-0.0858279 0.00562969 0)
(-0.0827757 0.0016751 0)
(-0.0779715 -0.000131394 0)
(-0.0660797 -0.0014457 0)
(-0.0544252 -0.00184613 0)
(-0.0389322 -0.00249536 0)
(-0.0241941 -0.00212301 0)
(-0.00988294 -0.00191846 0)
(0.00124173 0.000432008 0)
(0.00168827 -0.00285054 0)
(-0.0124292 0.00924001 0)
(-0.0414074 0.00660976 0)
(-0.0663181 0.0145141 0)
(-0.0985378 0.0073968 0)
(-0.121385 -0.00995063 0)
(-0.140371 -0.00138023 0)
(-0.157216 0.000730182 0)
(-0.170609 0.00938061 0)
(-0.187157 0.049727 0)
(-0.198711 0.0466122 0)
(-0.194735 0.0185916 0)
(-0.192019 0.00335013 0)
(-0.176964 -0.00976646 0)
(-0.160793 -0.0166284 0)
(-0.135619 -0.0226963 0)
(-0.110543 -0.0251612 0)
(-0.079624 -0.0285778 0)
(-0.0501592 -0.0267027 0)
(-0.0215864 -0.0243718 0)
(0.000370782 -0.00888614 0)
(0.00520441 0.00377931 0)
(-0.0117708 0.0379534 0)
(-0.057259 0.0517761 0)
(-0.100125 0.0555915 0)
(-0.141374 0.0486053 0)
(-0.183007 0.0385523 0)
(-0.222953 0.034191 0)
(-0.24765 0.0291716 0)
(-0.274283 0.0284639 0)
(-0.279672 0.0322878 0)
(-0.265418 0.0283229 0)
(-0.254358 0.00583045 0)
(-0.241955 -0.0117184 0)
(-0.221439 -0.0291399 0)
(-0.198957 -0.040876 0)
(-0.166954 -0.0516414 0)
(-0.135096 -0.0570053 0)
(-0.095819 -0.063012 0)
(-0.0595522 -0.0591961 0)
(-0.0241585 -0.0526021 0)
(0.00167539 -0.01993 0)
(0.00772884 0.00382364 0)
(-0.0068297 0.0734405 0)
(-0.0663674 0.0955031 0)
(-0.118266 0.100305 0)
(-0.169528 0.0905817 0)
(-0.21534 0.0739974 0)
(-0.255094 0.0640254 0)
(-0.284871 0.0525311 0)
(-0.306572 0.0426329 0)
(-0.314801 0.0384978 0)
(-0.307961 0.0208013 0)
(-0.29421 -0.00569273 0)
(-0.277614 -0.0299077 0)
(-0.251692 -0.0534222 0)
(-0.223832 -0.0711475 0)
(-0.185542 -0.0874259 0)
(-0.148064 -0.0960493 0)
(-0.101518 -0.105291 0)
(-0.0604588 -0.0979218 0)
(-0.0198993 -0.0868705 0)
(0.00484302 -0.0311217 0)
(6.68237e-165 0.00193221 0)
(-0.00944342 0.111613 0)
(-0.082602 0.162401 0)
(-0.136621 0.157709 0)
(-0.19387 0.144968 0)
(-0.242248 0.122882 0)
(-0.286205 0.103005 0)
(-0.317645 0.0802194 0)
(-0.34119 0.0580335 0)
(-0.349119 0.0345921 0)
(-0.343172 0.00802753 0)
(-0.329501 -0.0239596 0)
(-0.30995 -0.0537702 0)
(-0.280448 -0.0827374 0)
(-0.248079 -0.106305 0)
(-0.203389 -0.127537 0)
(-0.160696 -0.139973 0)
(-0.104783 -0.151007 0)
(-0.0592281 -0.139471 0)
(-0.00997693 -0.118316 0)
(0.0120802 -0.033829 0)
(-6.73268e-266 0.00580446 0)
(-0.0707642 0.160689 0)
(-0.11172 0.221035 0)
(-0.170403 0.213362 0)
(-0.220323 0.19628 0)
(-0.270312 0.167476 0)
(-0.312336 0.139879 0)
(-0.346302 0.107814 0)
(-0.369681 0.0745163 0)
(-0.380944 0.0398487 0)
(-0.379468 0.00107479 0)
(-0.366904 -0.0395727 0)
(-0.346385 -0.0791143 0)
(-0.313437 -0.116147 0)
(-0.276447 -0.148139 0)
(-0.224805 -0.176131 0)
(-0.175376 -0.194134 0)
(-0.108593 -0.208825 0)
(-0.0558076 -0.191581 0)
(0.00858723 -0.160948 0)
(0.018876 -0.0286777 0)
(-0.0232178 0.07775 0)
(-0.0923699 0.219004 0)
(-0.139328 0.26334 0)
(-0.19662 0.264664 0)
(-0.250378 0.24474 0)
(-0.302404 0.213952 0)
(-0.347887 0.178681 0)
(-0.384525 0.137156 0)
(-0.410589 0.0925763 0)
(-0.424178 0.0444878 0)
(-0.424774 -0.00578646 0)
(-0.413029 -0.0568759 0)
(-0.391196 -0.10672 0)
(-0.35507 -0.15266 0)
(-0.313752 -0.193997 0)
(-0.254512 -0.228917 0)
(-0.199725 -0.254616 0)
(-0.119709 -0.271386 0)
(-0.0664461 -0.254366 0)
(0.0218373 -0.194157 0)
(5.65321e-266 -0.004719 0)
(-0.0171421 0.123886 0)
(-0.0798508 0.277813 0)
(-0.145968 0.326326 0)
(-0.213309 0.325426 0)
(-0.275154 0.302801 0)
(-0.333386 0.26568 0)
(-0.382759 0.222569 0)
(-0.423837 0.170768 0)
(-0.452652 0.114476 0)
(-0.469893 0.0538136 0)
(-0.473172 -0.0101081 0)
(-0.463028 -0.0737093 0)
(-0.440683 -0.137243 0)
(-0.402337 -0.194633 0)
(-0.356727 -0.24867 0)
(-0.291573 -0.292074 0)
(-0.229924 -0.328057 0)
(-0.143523 -0.345773 0)
(-0.0830639 -0.32969 0)
(0.00218538 -0.235332 0)
(1.2131e-24 -2.98142e-24 0)
(-0.0142508 0.172109 0)
(-0.0801116 0.345829 0)
(-0.159678 0.396092 0)
(-0.236406 0.392379 0)
(-0.308195 0.364308 0)
(-0.373117 0.320585 0)
(-0.428153 0.268816 0)
(-0.473816 0.20655 0)
(-0.50605 0.138565 0)
(-0.526769 0.0649189 0)
(-0.532244 -0.0124391 0)
(-0.524172 -0.0892524 0)
(-0.501635 -0.166839 0)
(-0.462038 -0.236544 0)
(-0.412468 -0.303571 0)
(-0.340984 -0.356031 0)
(-0.271683 -0.400379 0)
(-0.173886 -0.419499 0)
(-0.104439 -0.396057 0)
(-0.00191355 -0.28025 0)
(4.7221e-77 -3.03276e-25 0)
(-0.0127058 0.21949 0)
(-0.0805849 0.424958 0)
(-0.171867 0.484154 0)
(-0.25823 0.475066 0)
(-0.339627 0.440771 0)
(-0.411941 0.386337 0)
(-0.472227 0.32414 0)
(-0.522791 0.248984 0)
(-0.558096 0.167817 0)
(-0.582781 0.0799441 0)
(-0.590845 -0.0128221 0)
(-0.586044 -0.104813 0)
(-0.564618 -0.199877 0)
(-0.525497 -0.284947 0)
(-0.472943 -0.370295 0)
(-0.395774 -0.435111 0)
(-0.317602 -0.49517 0)
(-0.207131 -0.517198 0)
(-0.12664 -0.499978 0)
(-0.00863204 -0.347403 0)
(1.1952e-164 -1.18052e-77 0)
(-0.0135635 0.262684 0)
(-0.0896168 0.503193 0)
(-0.19522 0.572235 0)
(-0.293048 0.558359 0)
(-0.384503 0.517143 0)
(-0.464124 0.451893 0)
(-0.528736 0.379238 0)
(-0.583258 0.291748 0)
(-0.620403 0.198452 0)
(-0.648729 0.0975855 0)
(-0.659117 -0.00899648 0)
(-0.659254 -0.11513 0)
(-0.640489 -0.226808 0)
(-0.605444 -0.327704 0)
(-0.551819 -0.431932 0)
(-0.472204 -0.511174 0)
(-0.383973 -0.586014 0)
(-0.26383 -0.611483 0)
(-0.16681 -0.587875 0)
(-0.0632932 -0.411268 0)
(6.33562e-268 0.00399167 0)
(-0.0157729 0.324327 0)
(-0.100029 0.609045 0)
(-0.219511 0.690034 0)
(-0.328128 0.665834 0)
(-0.428094 0.614006 0)
(-0.513716 0.53146 0)
(-0.580582 0.444732 0)
(-0.637548 0.34112 0)
(-0.674883 0.233868 0)
(-0.706207 0.118759 0)
(-0.718885 -0.00264705 0)
(-0.725283 -0.123784 0)
(-0.711606 -0.254912 0)
(-0.683985 -0.374685 0)
(-0.633015 -0.505417 0)
(-0.552067 -0.605305 0)
(-0.452519 -0.705532 0)
(-0.306011 -0.738623 0)
(-0.17966 -0.702129 0)
(-0.0245815 -0.519356 0)
(0.0159667 -0.0709122 0)
(-0.0209927 0.374428 0)
(-0.121283 0.703921 0)
(-0.262795 0.797899 0)
(-0.386391 0.763969 0)
(-0.494354 0.701438 0)
(-0.584519 0.602294 0)
(-0.649167 0.502527 0)
(-0.705351 0.385058 0)
(-0.738766 0.266967 0)
(-0.771498 0.14163 0)
(-0.785036 0.0101883 0)
(-0.800021 -0.121474 0)
(-0.793782 -0.267623 0)
(-0.780938 -0.40473 0)
(-0.737913 -0.562533 0)
(-0.664365 -0.690088 0)
(-0.555871 -0.829155 0)
(-0.374606 -0.88375 0)
(-0.214036 -0.86456 0)
(0.0541926 -0.606896 0)
(1.113e-231 -0.00399167 0)
(-0.0278855 0.470108 0)
(-0.144321 0.854445 0)
(-0.306564 0.959911 0)
(-0.44325 0.899344 0)
(-0.555791 0.816152 0)
(-0.647143 0.687383 0)
(-0.705692 0.568118 0)
(-0.757793 0.431359 0)
(-0.784305 0.300926 0)
(-0.816206 0.165368 0)
(-0.829438 0.0251202 0)
(-0.853034 -0.115009 0)
(-0.857003 -0.276478 0)
(-0.864399 -0.431132 0)
(-0.839938 -0.626181 0)
(-0.790071 -0.789503 0)
(-0.690461 -1.00027 0)
(-0.507329 -1.08677 0)
(-0.308098 -1.13109 0)
(0.000937203 -0.750211 0)
(1.71051e-202 1.63705e-184 0)
(-0.0455505 0.539368 0)
(-0.195948 0.976342 0)
(-0.39266 1.09286 0)
(-0.547908 1.00761 0)
(-0.657598 0.903606 0)
(-0.744249 0.748626 0)
(-0.785111 0.612629 0)
(-0.826255 0.462142 0)
(-0.837784 0.325248 0)
(-0.865465 0.187046 0)
(-0.874714 0.047007 0)
(-0.908999 -0.0919352 0)
(-0.924124 -0.255983 0)
(-0.963795 -0.418254 0)
(-0.965448 -0.635473 0)
(-0.968118 -0.835239 0)
(-0.88851 -1.10749 0)
(-0.732506 -1.2639 0)
(-0.47399 -1.3626 0)
(0.000319601 -0.919394 0)
(6.54819e-184 -3.63754e-184 0)
(-0.0653075 0.719843 0)
(-0.249125 1.20662 0)
(-0.471765 1.32198 0)
(-0.638168 1.16643 0)
(-0.73716 1.02015 0)
(-0.812701 0.815958 0)
(-0.831541 0.654485 0)
(-0.857841 0.484673 0)
(-0.851938 0.341508 0)
(-0.871809 0.202907 0)
(-0.874255 0.067257 0)
(-0.913974 -0.0648102 0)
(-0.938408 -0.226222 0)
(-1.00599 -0.388807 0)
(-1.04417 -0.630649 0)
(-1.10925 -0.865671 0)
(-1.09996 -1.25075 0)
(-1.02264 -1.50376 0)
(-0.800693 -1.88535 0)
(-0.274594 -1.2415 0)
(1.51615e-254 -1.63705e-184 0)
(-0.129635 0.838857 0)
(-0.392704 1.36916 0)
(-0.641981 1.47561 0)
(-0.812799 1.26258 0)
(-0.862123 1.07632 0)
(-0.905212 0.837106 0)
(-0.874005 0.65754 0)
(-0.871721 0.480235 0)
(-0.834717 0.339192 0)
(-0.841004 0.209971 0)
(-0.830075 0.0889135 0)
(-0.875181 -0.0243058 0)
(-0.904188 -0.164316 0)
(-1.01079 -0.305734 0)
(-1.0829 -0.531346 0)
(-1.26376 -0.769449 0)
(-1.33263 -1.18671 0)
(-1.53291 -1.55519 0)
(-1.32663 -2.07665 0)
(-1.32868 -1.74166 0)
(-1.78123e-264 -0.148599 0)
(-0.182167 1.26308 0)
(-0.491246 1.72374 0)
(-0.708308 1.7644 0)
(-0.836851 1.38736 0)
(-0.809973 1.12653 0)
(-0.799167 0.827763 0)
(-0.712005 0.627644 0)
(-0.673656 0.445379 0)
(-0.603769 0.312509 0)
(-0.589814 0.198947 0)
(-0.559279 0.0991891 0)
(-0.594324 0.0111798 0)
(-0.612448 -0.0977045 0)
(-0.722413 -0.2062 0)
(-0.805203 -0.39314 0)
(-1.02707 -0.607508 0)
(-1.18134 -1.01481 0)
(-1.49742 -1.48619 0)
(-1.53506 -2.17121 0)
(-1.54056 -2.48741 0)
(-0.594397 -1.49386 0)
(-0.395374 1.47613 0)
(-0.773989 1.86539 0)
(-0.719886 1.8132 0)
(-0.666744 1.34641 0)
(-0.398549 1.03829 0)
(-0.257069 0.730488 0)
(-0.048473 0.532917 0)
(0.0556932 0.368944 0)
(0.180738 0.255692 0)
(0.225112 0.166457 0)
(0.283972 0.0927548 0)
(0.262965 0.0339725 0)
(0.266208 -0.0380299 0)
(0.157629 -0.102157 0)
(0.095103 -0.229404 0)
(-0.159497 -0.373619 0)
(-0.320094 -0.718074 0)
(-0.785574 -1.16688 0)
(-0.961389 -2.02831 0)
(-1.23845 -2.626 0)
(-0.643103 -2.27927 0)
(-0.239206 2.49227 0)
(-0.0886527 2.04237 0)
(0.567736 1.70808 0)
(0.983079 1.06064 0)
(1.49199 0.739542 0)
(1.77788 0.474149 0)
(2.07278 0.323646 0)
(2.23031 0.214644 0)
(2.38875 0.145114 0)
(2.45803 0.0962164 0)
(2.53913 0.0587682 0)
(2.54231 0.0319139 0)
(2.57751 -0.000412184 0)
(2.5095 -0.0283309 0)
(2.50505 -0.0935592 0)
(2.31534 -0.178541 0)
(2.22468 -0.423944 0)
(1.74808 -0.816878 0)
(1.37733 -1.78076 0)
(0.36538 -2.77887 0)
(-0.0938476 -3.4648 0)
(1.69491 1.70177 0)
(2.77571 0.994318 0)
(4.57591 0.743349 0)
(5.29624 0.400167 0)
(5.99397 0.252697 0)
(6.3126 0.141558 0)
(6.59576 0.0866721 0)
(6.73091 0.0508398 0)
(6.8561 0.0306588 0)
(6.90846 0.0176811 0)
(6.96918 0.00837728 0)
(6.97388 0.0013702 0)
(7.00535 -0.00771841 0)
(6.96033 -0.0166828 0)
(6.96854 -0.0393365 0)
(6.8162 -0.0648169 0)
(6.74453 -0.151148 0)
(6.21969 -0.255746 0)
(5.71951 -0.618041 0)
(3.75757 -1.02162 0)
(1.99578 -1.86861 0)
)
;

boundaryField
{
    movingWall
    {
        type            fixedValue;
        value           uniform (10 0 0);
    }
    fixedWalls
    {
        type            noSlip;
    }
    frontAndBack
    {
        type            empty;
    }
}


// ************************************************************************* //
