/*--------------------------------*- C++ -*----------------------------------*\
| =========                 |                                                 |
| \\      /  F ield         | OpenFOAM: The Open Source CFD Toolbox           |
|  \\    /   O peration     | Version:  4.1                                   |
|   \\  /    A nd           | Web:      www.OpenFOAM.org                      |
|    \\/     M anipulation  |                                                 |
\*---------------------------------------------------------------------------*/
FoamFile
{
    version     2.0;
    format      ascii;
    class       volVectorField;
    location    "0.0697";
    object      U;
}
// * * * * * * * * * * * * * * * * * * * * * * * * * * * * * * * * * * * * * //

dimensions      [0 1 -1 0 0 0 0];

internalField   nonuniform List<vector> 
441
(
(0.00357153 -0.00470849 0)
(0.00926809 -0.0025422 0)
(-0.000635553 -2.18934e-165 0)
(0.00186787 -3.13059e-266 0)
(-0.00844655 -0.007472 0)
(-0.00186787 -2.9293e-232 0)
(-1.11458e-202 -5.25523e-203 0)
(-1.31368e-203 -6.86599e-228 0)
(-1.64102e-212 -2.98345e-213 0)
(-0.00585338 8.70845e-266 0)
(-0.0715066 0.0234153 0)
(-0.090133 0.0123214 0)
(-0.101978 0.00571263 0)
(-0.0903881 0.000499187 0)
(-0.0752086 -0.00146781 0)
(-0.0510799 -0.00283461 0)
(-0.030075 -0.00208346 0)
(-0.0109283 -0.00164528 0)
(0.00113251 0.000554448 0)
(0.00360484 0.00128542 0)
(0.00435946 0.0028246 0)
(0.00359702 -0.00794199 0)
(-0.00136627 0.00669083 0)
(-0.0271207 0.00817132 0)
(-0.057759 0.0105945 0)
(-0.103218 0.0103665 0)
(-0.145723 -0.00349528 0)
(-0.185553 -0.0002209 0)
(-0.223684 0.00154612 0)
(-0.257508 0.0125449 0)
(-0.29174 0.0636194 0)
(-0.315303 0.0588029 0)
(-0.310291 0.0185449 0)
(-0.297091 -0.00600618 0)
(-0.258048 -0.0280224 0)
(-0.211995 -0.0379845 0)
(-0.153142 -0.0435742 0)
(-0.0994717 -0.0378764 0)
(-0.0509218 -0.0308206 0)
(-0.0174094 -0.0145795 0)
(-0.00234708 -0.00524609 0)
(0.0046645 0.00536266 0)
(0.00720238 -0.00745655 0)
(-0.00531138 0.0277888 0)
(-0.0526409 0.0550143 0)
(-0.116245 0.073664 0)
(-0.193506 0.0793631 0)
(-0.273276 0.078348 0)
(-0.358646 0.0752288 0)
(-0.427642 0.0696035 0)
(-0.495563 0.0654504 0)
(-0.5287 0.0621972 0)
(-0.525014 0.0428773 0)
(-0.508506 -0.0046944 0)
(-0.474761 -0.0458541 0)
(-0.414324 -0.0844144 0)
(-0.341952 -0.105415 0)
(-0.25342 -0.115646 0)
(-0.17075 -0.103129 0)
(-0.0941128 -0.0842234 0)
(-0.0393694 -0.0469227 0)
(-0.00907372 -0.0212277 0)
(0.00607497 0.00555099 0)
(0.00616737 -0.0101268 0)
(-0.0153388 0.068244 0)
(-0.0926202 0.119103 0)
(-0.183314 0.153797 0)
(-0.289839 0.167759 0)
(-0.39673 0.164324 0)
(-0.501759 0.155791 0)
(-0.592456 0.139331 0)
(-0.667166 0.115948 0)
(-0.711347 0.0904351 0)
(-0.720657 0.0383537 0)
(-0.699133 -0.0328208 0)
(-0.653391 -0.100336 0)
(-0.573471 -0.161996 0)
(-0.477147 -0.198714 0)
(-0.359226 -0.216293 0)
(-0.247334 -0.196621 0)
(-0.140766 -0.16387 0)
(-0.0632409 -0.0987476 0)
(-0.0159254 -0.0520752 0)
(0.00778522 0.00274569 0)
(6.65793e-165 0.00154184 0)
(-0.0230877 0.126131 0)
(-0.133817 0.222213 0)
(-0.246742 0.269474 0)
(-0.38087 0.291708 0)
(-0.510973 0.288474 0)
(-0.640317 0.269688 0)
(-0.749805 0.233946 0)
(-0.840973 0.183644 0)
(-0.895205 0.116377 0)
(-0.912308 0.0310786 0)
(-0.892238 -0.0717107 0)
(-0.839302 -0.170749 0)
(-0.744206 -0.261011 0)
(-0.625811 -0.318573 0)
(-0.476759 -0.346348 0)
(-0.333205 -0.320099 0)
(-0.190043 -0.26944 0)
(-0.0872308 -0.170053 0)
(-0.0176539 -0.0931283 0)
(0.0143865 -0.00179262 0)
(-5.40263e-266 0.00554412 0)
(-0.0854261 0.206699 0)
(-0.186666 0.340825 0)
(-0.322046 0.402664 0)
(-0.468638 0.431876 0)
(-0.618798 0.424835 0)
(-0.763824 0.395247 0)
(-0.89198 0.340239 0)
(-0.99814 0.262213 0)
(-1.06941 0.160991 0)
(-1.10343 0.0356821 0)
(-1.09162 -0.106849 0)
(-1.03968 -0.248116 0)
(-0.933899 -0.377104 0)
(-0.796015 -0.465704 0)
(-0.614344 -0.511369 0)
(-0.434903 -0.482279 0)
(-0.248575 -0.412989 0)
(-0.114986 -0.26916 0)
(-0.0189808 -0.156915 0)
(0.0161249 0.0007732 0)
(-0.0221765 0.0901326 0)
(-0.118959 0.309297 0)
(-0.235679 0.459205 0)
(-0.384685 0.54965 0)
(-0.549646 0.587664 0)
(-0.717773 0.582225 0)
(-0.882726 0.542075 0)
(-1.03069 0.467344 0)
(-1.15768 0.360847 0)
(-1.24934 0.221416 0)
(-1.30313 0.0537736 0)
(-1.30588 -0.135784 0)
(-1.26138 -0.327469 0)
(-1.15085 -0.505611 0)
(-0.997445 -0.636662 0)
(-0.78166 -0.709329 0)
(-0.56337 -0.683588 0)
(-0.32056 -0.591798 0)
(-0.153503 -0.396402 0)
(-0.00610709 -0.226081 0)
(5.90663e-266 -0.00403121 0)
(-0.0163206 0.149092 0)
(-0.113813 0.421349 0)
(-0.257979 0.607117 0)
(-0.427121 0.717414 0)
(-0.611782 0.76521 0)
(-0.799042 0.758211 0)
(-0.982701 0.708482 0)
(-1.15197 0.615069 0)
(-1.30136 0.481278 0)
(-1.41821 0.305868 0)
(-1.4978 0.0926372 0)
(-1.52289 -0.149687 0)
(-1.49492 -0.402637 0)
(-1.38856 -0.643261 0)
(-1.22651 -0.834206 0)
(-0.980238 -0.94958 0)
(-0.719886 -0.941729 0)
(-0.415048 -0.829169 0)
(-0.200034 -0.579 0)
(-0.00337335 -0.319907 0)
(2.52496e-24 -1.11222e-24 0)
(-0.0145025 0.21674 0)
(-0.11769 0.549121 0)
(-0.278716 0.770931 0)
(-0.463093 0.901624 0)
(-0.664603 0.95829 0)
(-0.867873 0.951548 0)
(-1.06903 0.894102 0)
(-1.25818 0.784849 0)
(-1.43041 0.626824 0)
(-1.57382 0.417202 0)
(-1.68223 0.159031 0)
(-1.73619 -0.139221 0)
(-1.73361 -0.460381 0)
(-1.64279 -0.775344 0)
(-1.48349 -1.04281 0)
(-1.21519 -1.21915 0)
(-0.916242 -1.24513 0)
(-0.542754 -1.11693 0)
(-0.269524 -0.800402 0)
(-0.00482029 -0.433904 0)
(1.03107e-76 -6.31241e-25 0)
(-0.0126879 0.281879 0)
(-0.116196 0.687263 0)
(-0.287506 0.953263 0)
(-0.481607 1.10388 0)
(-0.694176 1.17042 0)
(-0.90844 1.16258 0)
(-1.12142 1.09903 0)
(-1.326 0.976004 0)
(-1.51695 0.797069 0)
(-1.68521 0.556943 0)
(-1.82291 0.255305 0)
(-1.91032 -0.0995147 0)
(-1.94168 -0.495402 0)
(-1.87964 -0.896045 0)
(-1.73839 -1.26098 0)
(-1.46383 -1.5228 0)
(-1.13544 -1.61265 0)
(-0.694064 -1.48618 0)
(-0.352787 -1.11132 0)
(-0.00681321 -0.604646 0)
(2.87217e-164 -2.57767e-77 0)
(-0.0128654 0.342228 0)
(-0.118454 0.822198 0)
(-0.296658 1.13405 0)
(-0.495575 1.30603 0)
(-0.712059 1.38342 0)
(-0.929347 1.37676 0)
(-1.14479 1.31054 0)
(-1.3554 1.17887 0)
(-1.55539 0.985584 0)
(-1.74082 0.722276 0)
(-1.90207 0.384714 0)
(-2.02303 -0.0208866 0)
(-2.09346 -0.48909 0)
(-2.07425 -0.979607 0)
(-1.97063 -1.45528 0)
(-1.71514 -1.82592 0)
(-1.3801 -2.00998 0)
(-0.887329 -1.90783 0)
(-0.477383 -1.47603 0)
(-0.078598 -0.799756 0)
(1.76551e-265 0.0131188 0)
(-0.0136 0.414111 0)
(-0.117046 0.973227 0)
(-0.295139 1.33188 0)
(-0.490222 1.51998 0)
(-0.699986 1.60534 0)
(-0.908763 1.59525 0)
(-1.11336 1.52569 0)
(-1.31613 1.38611 0)
(-1.51039 1.18261 0)
(-1.69922 0.902857 0)
(-1.87207 0.537543 0)
(-2.01953 0.0908268 0)
(-2.12863 -0.443662 0)
(-2.16201 -1.02115 0)
(-2.11558 -1.61899 0)
(-1.90918 -2.11994 0)
(-1.59644 -2.43932 0)
(-1.07087 -2.40322 0)
(-0.577947 -1.91422 0)
(-0.0749743 -1.10169 0)
(0.0524753 -0.0743194 0)
(-0.0170834 0.468503 0)
(-0.122493 1.1008 0)
(-0.30229 1.50433 0)
(-0.48945 1.70757 0)
(-0.681761 1.80014 0)
(-0.868726 1.78755 0)
(-1.0441 1.71694 0)
(-1.22011 1.57433 0)
(-1.38663 1.36837 0)
(-1.55852 1.08341 0)
(-1.72224 0.705721 0)
(-1.88203 0.236068 0)
(-2.01993 -0.344018 0)
(-2.11107 -0.991897 0)
(-2.13773 -1.70279 0)
(-2.01501 -2.34686 0)
(-1.77254 -2.84173 0)
(-1.2395 -2.93519 0)
(-0.71047 -2.46547 0)
(0.0413745 -1.43725 0)
(2.42226e-231 -0.0131188 0)
(-0.0218316 0.556627 0)
(-0.126366 1.26149 0)
(-0.300682 1.7027 0)
(-0.469628 1.90056 0)
(-0.630646 1.98778 0)
(-0.779954 1.95796 0)
(-0.907632 1.87906 0)
(-1.03642 1.72872 0)
(-1.15246 1.52179 0)
(-1.28292 1.23846 0)
(-1.41239 0.860968 0)
(-1.5604 0.388516 0)
(-1.70832 -0.214727 0)
(-1.84841 -0.903811 0)
(-1.95736 -1.71411 0)
(-1.95559 -2.48937 0)
(-1.84386 -3.21349 0)
(-1.40954 -3.48347 0)
(-0.891931 -3.18886 0)
(-0.00320152 -1.84953 0)
(5.78289e-202 4.56808e-184 0)
(-0.0379612 0.609737 0)
(-0.158888 1.37359 0)
(-0.337463 1.84383 0)
(-0.48641 2.0321 0)
(-0.598499 2.10897 0)
(-0.691712 2.06121 0)
(-0.744634 1.97326 0)
(-0.80151 1.81803 0)
(-0.837767 1.61547 0)
(-0.900119 1.34415 0)
(-0.964304 0.984599 0)
(-1.07474 0.534591 0)
(-1.20179 -0.0527348 0)
(-1.37794 -0.738768 0)
(-1.55425 -1.58755 0)
(-1.70996 -2.45702 0)
(-1.76664 -3.37141 0)
(-1.54561 -3.89579 0)
(-1.11326 -3.84846 0)
(-0.0112827 -2.35936 0)
(1.82723e-183 -9.40915e-185 0)
(-0.0567129 0.761572 0)
(-0.194172 1.56531 0)
(-0.365495 2.03973 0)
(-0.479943 2.16303 0)
(-0.5257 2.20032 0)
(-0.544265 2.10489 0)
(-0.50397 1.99321 0)
(-0.468718 1.82274 0)
(-0.404589 1.6223 0)
(-0.374477 1.36646 0)
(-0.347295 1.03562 0)
(-0.386575 0.628433 0)
(-0.458822 0.0868639 0)
(-0.627068 -0.547854 0)
(-0.844143 -1.38515 0)
(-1.13506 -2.27338 0)
(-1.41659 -3.38258 0)
(-1.52151 -4.14366 0)
(-1.40758 -4.7403 0)
(-0.464306 -3.00994 0)
(4.39348e-254 -4.56808e-184 0)
(-0.12246 0.846769 0)
(-0.327632 1.66928 0)
(-0.491191 2.12454 0)
(-0.557677 2.18267 0)
(-0.486442 2.17264 0)
(-0.394872 2.03461 0)
(-0.216804 1.89876 0)
(-0.0591808 1.71773 0)
(0.136002 1.52288 0)
(0.280094 1.28938 0)
(0.422995 0.999005 0)
(0.472133 0.652166 0)
(0.486242 0.191517 0)
(0.341273 -0.344004 0)
(0.138849 -1.0715 0)
(-0.310733 -1.87346 0)
(-0.753493 -2.95882 0)
(-1.4822 -3.90371 0)
(-1.66033 -4.81541 0)
(-2.0702 -3.84328 0)
(-2.57802e-264 -0.215256 0)
(-0.178495 1.23323 0)
(-0.422767 1.93841 0)
(-0.519211 2.29216 0)
(-0.484008 2.15852 0)
(-0.258146 2.05135 0)
(-0.0222547 1.83485 0)
(0.31094 1.66411 0)
(0.606972 1.47005 0)
(0.938978 1.28518 0)
(1.20464 1.08132 0)
(1.46583 0.843112 0)
(1.61755 0.570234 0)
(1.72992 0.214405 0)
(1.66062 -0.190936 0)
(1.51669 -0.743962 0)
(1.07878 -1.36465 0)
(0.549601 -2.2424 0)
(-0.372763 -3.19286 0)
(-1.09648 -4.24224 0)
(-1.84453 -4.52118 0)
(-0.861026 -2.31244 0)
(-0.400309 1.41375 0)
(-0.727554 1.98132 0)
(-0.526807 2.17999 0)
(-0.254154 1.90467 0)
(0.292579 1.71185 0)
(0.746867 1.45755 0)
(1.29294 1.27149 0)
(1.74254 1.08764 0)
(2.21212 0.927153 0)
(2.58245 0.765479 0)
(2.93923 0.588507 0)
(3.16319 0.396785 0)
(3.35055 0.151904 0)
(3.32784 -0.11512 0)
(3.25359 -0.486067 0)
(2.83088 -0.884401 0)
(2.36222 -1.50801 0)
(1.3446 -2.22797 0)
(0.44515 -3.34867 0)
(-0.71228 -4.00092 0)
(-0.700365 -2.96321 0)
(-0.256628 2.423 0)
(-0.102294 2.05956 0)
(0.683677 1.86922 0)
(1.32712 1.33111 0)
(2.13775 1.07052 0)
(2.75875 0.82751 0)
(3.40679 0.674516 0)
(3.91483 0.546602 0)
(4.41143 0.44572 0)
(4.79165 0.353893 0)
(5.14613 0.260805 0)
(5.36736 0.164257 0)
(5.55293 0.0464487 0)
(5.54372 -0.081152 0)
(5.49677 -0.256951 0)
(5.13574 -0.451723 0)
(4.75022 -0.787463 0)
(3.82206 -1.24347 0)
(2.86119 -2.25351 0)
(1.08992 -3.32969 0)
(-0.0457601 -3.79928 0)
(1.66773 1.67004 0)
(2.7049 0.975128 0)
(4.5459 0.74858 0)
(5.38392 0.423583 0)
(6.24926 0.285826 0)
(6.75665 0.177289 0)
(7.23334 0.120545 0)
(7.5543 0.0803878 0)
(7.85058 0.0542685 0)
(8.05253 0.0340578 0)
(8.23517 0.0160488 0)
(8.32632 -0.000967481 0)
(8.40143 -0.0219594 0)
(8.34692 -0.0428166 0)
(8.28888 -0.0783322 0)
(8.0045 -0.11158 0)
(7.75032 -0.201047 0)
(6.99704 -0.293787 0)
(6.26331 -0.625801 0)
(4.0463 -0.997906 0)
(2.00594 -1.81865 0)
)
;

boundaryField
{
    movingWall
    {
        type            fixedValue;
        value           uniform (10 0 0);
    }
    fixedWalls
    {
        type            noSlip;
    }
    frontAndBack
    {
        type            empty;
    }
}


// ************************************************************************* //
