/*--------------------------------*- C++ -*----------------------------------*\
| =========                 |                                                 |
| \\      /  F ield         | OpenFOAM: The Open Source CFD Toolbox           |
|  \\    /   O peration     | Version:  4.1                                   |
|   \\  /    A nd           | Web:      www.OpenFOAM.org                      |
|    \\/     M anipulation  |                                                 |
\*---------------------------------------------------------------------------*/
FoamFile
{
    version     2.0;
    format      ascii;
    class       volVectorField;
    location    "0.0244";
    object      U;
}
// * * * * * * * * * * * * * * * * * * * * * * * * * * * * * * * * * * * * * //

dimensions      [0 1 -1 0 0 0 0];

internalField   nonuniform List<vector> 
441
(
(0.003303 -0.0047163 0)
(0.00796229 -0.00284043 0)
(-0.000710246 -2.32227e-165 0)
(0.00154311 -2.37481e-266 0)
(-0.0100904 -0.00617296 0)
(-0.00154311 -2.52974e-232 0)
(-1.09241e-202 -3.73548e-203 0)
(-9.33674e-204 -4.58967e-228 0)
(-1.327e-212 -1.896e-213 0)
(-0.00468299 7.14615e-266 0)
(-0.0552209 0.0187333 0)
(-0.0706067 0.0102227 0)
(-0.0814883 0.00507422 0)
(-0.0753225 0.00113898 0)
(-0.0668558 -0.000444951 0)
(-0.050844 -0.00172966 0)
(-0.0358146 -0.00159704 0)
(-0.0196164 -0.00174722 0)
(-0.00704154 -0.000352166 0)
(-0.000503701 0.000288494 0)
(0.00326416 0.00210039 0)
(0.0028865 -0.00632847 0)
(-0.00402901 0.00687512 0)
(-0.0293659 0.00761432 0)
(-0.0571024 0.0113346 0)
(-0.095615 0.00853707 0)
(-0.128059 -0.0055403 0)
(-0.15634 -0.000742519 0)
(-0.181587 0.000997213 0)
(-0.202702 0.00946167 0)
(-0.224521 0.0488295 0)
(-0.239658 0.0455923 0)
(-0.235426 0.0163228 0)
(-0.228329 -0.00074267 0)
(-0.204019 -0.0162924 0)
(-0.175778 -0.02406 0)
(-0.136706 -0.0302526 0)
(-0.0988456 -0.0294427 0)
(-0.0599452 -0.0280785 0)
(-0.0287095 -0.0184 0)
(-0.00872628 -0.0113247 0)
(0.00302145 0.000851662 0)
(0.0060082 -0.00421012 0)
(-0.00707403 0.0290102 0)
(-0.0513917 0.051614 0)
(-0.105882 0.0643181 0)
(-0.167361 0.0638074 0)
(-0.228272 0.0573629 0)
(-0.289144 0.0515489 0)
(-0.33308 0.04479 0)
(-0.375476 0.0411919 0)
(-0.391772 0.0406257 0)
(-0.383227 0.0303999 0)
(-0.369429 -0.000104565 0)
(-0.347527 -0.0257873 0)
(-0.309504 -0.0512329 0)
(-0.264932 -0.0669721 0)
(-0.207384 -0.0788399 0)
(-0.151155 -0.0773602 0)
(-0.0932417 -0.0722385 0)
(-0.0467967 -0.050577 0)
(-0.0146489 -0.0317476 0)
(0.00408409 -0.00306138 0)
(0.00604261 -0.00541257 0)
(-0.0121707 0.0658261 0)
(-0.0791407 0.106576 0)
(-0.152687 0.129225 0)
(-0.234503 0.131206 0)
(-0.312 0.118581 0)
(-0.383381 0.105173 0)
(-0.440233 0.0879494 0)
(-0.48381 0.069731 0)
(-0.505424 0.0543611 0)
(-0.5042 0.0229638 0)
(-0.48506 -0.0202979 0)
(-0.454144 -0.0608064 0)
(-0.40329 -0.0997819 0)
(-0.344253 -0.126013 0)
(-0.269424 -0.145191 0)
(-0.196488 -0.143114 0)
(-0.120676 -0.133811 0)
(-0.0606021 -0.0963083 0)
(-0.0173568 -0.0634512 0)
(0.00607447 -0.00938553 0)
(6.03883e-165 0.00151065 0)
(-0.01691 0.113802 0)
(-0.107672 0.191397 0)
(-0.19433 0.218529 0)
(-0.293184 0.222276 0)
(-0.383563 0.204828 0)
(-0.468555 0.178883 0)
(-0.534671 0.144504 0)
(-0.585924 0.105946 0)
(-0.610682 0.0616422 0)
(-0.61167 0.0104051 0)
(-0.591266 -0.049889 0)
(-0.554238 -0.106907 0)
(-0.493563 -0.161281 0)
(-0.421941 -0.19987 0)
(-0.329837 -0.227138 0)
(-0.240565 -0.224793 0)
(-0.144276 -0.208893 0)
(-0.071143 -0.152388 0)
(-0.0142706 -0.099059 0)
(0.0123591 -0.0134286 0)
(-5.04693e-266 0.00484787 0)
(-0.0708949 0.177693 0)
(-0.145692 0.282359 0)
(-0.245497 0.316402 0)
(-0.34772 0.320417 0)
(-0.448115 0.294988 0)
(-0.539339 0.256806 0)
(-0.614531 0.205588 0)
(-0.671751 0.146359 0)
(-0.704386 0.0794537 0)
(-0.71343 0.00370284 0)
(-0.695599 -0.0785607 0)
(-0.657312 -0.158354 0)
(-0.589213 -0.233293 0)
(-0.506539 -0.289324 0)
(-0.396762 -0.328402 0)
(-0.289394 -0.327755 0)
(-0.169994 -0.305751 0)
(-0.0812626 -0.224723 0)
(-0.00738359 -0.149791 0)
(0.0158467 -0.0104436 0)
(-0.0193915 0.0756954 0)
(-0.0963217 0.256184 0)
(-0.180795 0.366557 0)
(-0.287036 0.41904 0)
(-0.399546 0.424416 0)
(-0.509209 0.395383 0)
(-0.610963 0.344827 0)
(-0.696105 0.276314 0)
(-0.763539 0.195724 0)
(-0.805729 0.103203 0)
(-0.823793 0.00203337 0)
(-0.811805 -0.106172 0)
(-0.77541 -0.212456 0)
(-0.702676 -0.312575 0)
(-0.61071 -0.390967 0)
(-0.481654 -0.445371 0)
(-0.355056 -0.449489 0)
(-0.204637 -0.418641 0)
(-0.102033 -0.312239 0)
(0.00493676 -0.197618 0)
(5.34972e-266 -0.00396168 0)
(-0.0137586 0.122844 0)
(-0.0886384 0.340146 0)
(-0.194621 0.473801 0)
(-0.31532 0.53603 0)
(-0.441376 0.543081 0)
(-0.563417 0.506923 0)
(-0.676365 0.444195 0)
(-0.774019 0.358267 0)
(-0.853692 0.256417 0)
(-0.909529 0.139328 0)
(-0.940965 0.010056 0)
(-0.93982 -0.127808 0)
(-0.910567 -0.267182 0)
(-0.837726 -0.399651 0)
(-0.738929 -0.509738 0)
(-0.591277 -0.587002 0)
(-0.441162 -0.603211 0)
(-0.257596 -0.563609 0)
(-0.129789 -0.430274 0)
(-0.000936929 -0.260076 0)
(1.81372e-24 -1.71459e-24 0)
(-0.0117692 0.175165 0)
(-0.0911712 0.435355 0)
(-0.212134 0.592069 0)
(-0.346038 0.664316 0)
(-0.486534 0.671671 0)
(-0.621461 0.629239 0)
(-0.747624 0.554951 0)
(-0.859303 0.452924 0)
(-0.953928 0.33122 0)
(-1.02643 0.190115 0)
(-1.07486 0.0328411 0)
(-1.09002 -0.13689 0)
(-1.07379 -0.313425 0)
(-1.00704 -0.484965 0)
(-0.905955 -0.635473 0)
(-0.740362 -0.74492 0)
(-0.563839 -0.779821 0)
(-0.33619 -0.733272 0)
(-0.173872 -0.562907 0)
(-0.00320817 -0.332763 0)
(7.40178e-77 -4.5343e-25 0)
(-0.0103212 0.226638 0)
(-0.0920089 0.542171 0)
(-0.225666 0.729713 0)
(-0.371945 0.811275 0)
(-0.526099 0.819337 0)
(-0.674115 0.768375 0)
(-0.813321 0.682665 0)
(-0.940083 0.564567 0)
(-1.05101 0.423941 0)
(-1.14332 0.25986 0)
(-1.21308 0.0738723 0)
(-1.25099 -0.129832 0)
(-1.25558 -0.349927 0)
(-1.20366 -0.569565 0)
(-1.10753 -0.775954 0)
(-0.928164 -0.933313 0)
(-0.722386 -1.00598 0)
(-0.44145 -0.960842 0)
(-0.230401 -0.758979 0)
(-0.00496141 -0.445367 0)
(2.04782e-164 -1.85045e-77 0)
(-0.0110998 0.274543 0)
(-0.0999396 0.649058 0)
(-0.248031 0.870115 0)
(-0.407485 0.962843 0)
(-0.574616 0.972604 0)
(-0.734783 0.91491 0)
(-0.885402 0.820269 0)
(-1.02621 0.689621 0)
(-1.15258 0.534354 0)
(-1.2658 0.351701 0)
(-1.3592 0.141052 0)
(-1.42597 -0.0946206 0)
(-1.45927 -0.359325 0)
(-1.43397 -0.63361 0)
(-1.35409 -0.908333 0)
(-1.17124 -1.13228 0)
(-0.939575 -1.26199 0)
(-0.600673 -1.23019 0)
(-0.327517 -0.989889 0)
(-0.0590095 -0.5721 0)
(1.24043e-265 0.00985593 0)
(-0.012945 0.338854 0)
(-0.108348 0.781323 0)
(-0.269344 1.03904 0)
(-0.43966 1.13884 0)
(-0.616444 1.14815 0)
(-0.785493 1.07949 0)
(-0.943606 0.975078 0)
(-1.09505 0.831657 0)
(-1.23347 0.663909 0)
(-1.3656 0.466011 0)
(-1.4822 0.233938 0)
(-1.58055 -0.0307591 0)
(-1.64907 -0.342185 0)
(-1.66149 -0.676941 0)
(-1.61248 -1.03882 0)
(-1.44153 -1.35306 0)
(-1.19253 -1.57623 0)
(-0.788128 -1.58321 0)
(-0.422598 -1.29667 0)
(-0.0568211 -0.787534 0)
(0.0394237 -0.0572487 0)
(-0.0179004 0.391627 0)
(-0.126978 0.902567 0)
(-0.307507 1.19866 0)
(-0.490516 1.30678 0)
(-0.673419 1.31677 0)
(-0.84642 1.23966 0)
(-1.00331 1.12899 0)
(-1.15725 0.978078 0)
(-1.2976 0.804644 0)
(-1.44069 0.599914 0)
(-1.57232 0.356379 0)
(-1.69969 0.0724014 0)
(-1.80316 -0.276829 0)
(-1.86417 -0.669919 0)
(-1.86118 -1.12477 0)
(-1.7281 -1.55376 0)
(-1.48803 -1.91013 0)
(-1.01775 -2.00607 0)
(-0.567908 -1.7143 0)
(0.0331422 -1.03877 0)
(1.90586e-231 -0.00985593 0)
(-0.0244785 0.486657 0)
(-0.146547 1.07407 0)
(-0.342844 1.40647 0)
(-0.532734 1.50593 0)
(-0.713449 1.50719 0)
(-0.881046 1.40972 0)
(-1.02554 1.28777 0)
(-1.16945 1.12586 0)
(-1.29739 0.947806 0)
(-1.4357 0.740339 0)
(-1.56624 0.492163 0)
(-1.70743 0.19933 0)
(-1.83597 -0.179254 0)
(-1.9441 -0.62044 0)
(-2.00221 -1.1765 0)
(-1.94178 -1.73105 0)
(-1.7633 -2.2885 0)
(-1.30118 -2.51853 0)
(-0.787431 -2.34427 0)
(-0.00380387 -1.38513 0)
(4.85985e-202 4.04543e-184 0)
(-0.0423128 0.555383 0)
(-0.194132 1.21481 0)
(-0.416008 1.58071 0)
(-0.611969 1.67167 0)
(-0.774738 1.66312 0)
(-0.920721 1.548 0)
(-1.02817 1.41669 0)
(-1.13941 1.2482 0)
(-1.22749 1.07075 0)
(-1.33569 0.868677 0)
(-1.43571 0.628343 0)
(-1.56698 0.34341 0)
(-1.694 -0.0387133 0)
(-1.84336 -0.50129 0)
(-1.95857 -1.12196 0)
(-2.01975 -1.79119 0)
(-1.94958 -2.53905 0)
(-1.60877 -2.99062 0)
(-1.08182 -2.99214 0)
(-0.00752354 -1.85083 0)
(1.61817e-183 2.82688e-184 0)
(-0.062209 0.730702 0)
(-0.240089 1.45206 0)
(-0.471355 1.83337 0)
(-0.654622 1.86583 0)
(-0.777797 1.82268 0)
(-0.879083 1.66351 0)
(-0.925785 1.51022 0)
(-0.978066 1.32539 0)
(-0.998803 1.14515 0)
(-1.04525 0.948903 0)
(-1.08123 0.722107 0)
(-1.163 0.458325 0)
(-1.25112 0.0934909 0)
(-1.40054 -0.354486 0)
(-1.55736 -1.00565 0)
(-1.73877 -1.73851 0)
(-1.86149 -2.70813 0)
(-1.77358 -3.39475 0)
(-1.4782 -3.96689 0)
(-0.431925 -2.50888 0)
(4.03737e-254 -4.04543e-184 0)
(-0.127514 0.843049 0)
(-0.373445 1.61058 0)
(-0.602502 1.98936 0)
(-0.747975 1.96796 0)
(-0.769119 1.8862 0)
(-0.7778 1.6906 0)
(-0.706647 1.51607 0)
(-0.656959 1.31967 0)
(-0.567233 1.13872 0)
(-0.518346 0.952518 0)
(-0.454807 0.7469 0)
(-0.459484 0.517505 0)
(-0.469363 0.200385 0)
(-0.598656 -0.187709 0)
(-0.747052 -0.777915 0)
(-1.08797 -1.47728 0)
(-1.3791 -2.48164 0)
(-1.87932 -3.37457 0)
(-1.84245 -4.25683 0)
(-1.99146 -3.40088 0)
(-2.38086e-264 -0.203328 0)
(-0.18063 1.25234 0)
(-0.452743 1.93111 0)
(-0.60337 2.22973 0)
(-0.639678 2.03264 0)
(-0.502898 1.86624 0)
(-0.366958 1.60089 0)
(-0.143363 1.39607 0)
(0.0401373 1.18626 0)
(0.260516 1.00853 0)
(0.424431 0.837868 0)
(0.600554 0.661798 0)
(0.694606 0.476455 0)
(0.782216 0.227583 0)
(0.728575 -0.0691155 0)
(0.637446 -0.528045 0)
(0.293854 -1.09044 0)
(-0.10894 -1.94531 0)
(-0.851203 -2.88881 0)
(-1.37055 -3.93905 0)
(-1.88055 -4.22214 0)
(-0.813313 -2.21348 0)
(-0.397825 1.44159 0)
(-0.72897 2.00444 0)
(-0.554726 2.17023 0)
(-0.328383 1.85092 0)
(0.150884 1.61489 0)
(0.522677 1.32396 0)
(0.972431 1.11159 0)
(1.31897 0.914435 0)
(1.68312 0.756534 0)
(1.95527 0.615279 0)
(2.22875 0.478188 0)
(2.39603 0.343269 0)
(2.55967 0.168026 0)
(2.55445 -0.0286463 0)
(2.53389 -0.340384 0)
(2.20004 -0.70773 0)
(1.83524 -1.33364 0)
(0.943522 -2.07802 0)
(0.177118 -3.22415 0)
(-0.823263 -3.88467 0)
(-0.689762 -2.93084 0)
(-0.251718 2.44093 0)
(-0.0820064 2.08265 0)
(0.70708 1.88019 0)
(1.33486 1.3204 0)
(2.10832 1.03704 0)
(2.67433 0.774475 0)
(3.25157 0.607714 0)
(3.67969 0.47312 0)
(4.09227 0.373849 0)
(4.39334 0.29257 0)
(4.68122 0.219161 0)
(4.85858 0.149952 0)
(5.02949 0.0643125 0)
(5.04102 -0.0319181 0)
(5.04683 -0.18414 0)
(4.76535 -0.369658 0)
(4.46723 -0.716646 0)
(3.62421 -1.19512 0)
(2.73407 -2.23281 0)
(1.03275 -3.30993 0)
(-0.0410605 -3.80075 0)
(1.67104 1.67339 0)
(2.72211 0.979953 0)
(4.57583 0.752287 0)
(5.41584 0.424057 0)
(6.26969 0.282703 0)
(6.75335 0.171251 0)
(7.19631 0.112785 0)
(7.47802 0.0722521 0)
(7.73339 0.0472557 0)
(7.89847 0.0295379 0)
(8.0528 0.0153403 0)
(8.13002 0.00281055 0)
(8.20799 -0.0134655 0)
(8.17608 -0.0309158 0)
(8.15515 -0.0649894 0)
(7.91898 -0.100383 0)
(7.70874 -0.195273 0)
(6.98909 -0.295299 0)
(6.26819 -0.634651 0)
(4.05221 -1.0094 0)
(2.01723 -1.83377 0)
)
;

boundaryField
{
    movingWall
    {
        type            fixedValue;
        value           uniform (10 0 0);
    }
    fixedWalls
    {
        type            noSlip;
    }
    frontAndBack
    {
        type            empty;
    }
}


// ************************************************************************* //
