/*--------------------------------*- C++ -*----------------------------------*\
| =========                 |                                                 |
| \\      /  F ield         | OpenFOAM: The Open Source CFD Toolbox           |
|  \\    /   O peration     | Version:  4.1                                   |
|   \\  /    A nd           | Web:      www.OpenFOAM.org                      |
|    \\/     M anipulation  |                                                 |
\*---------------------------------------------------------------------------*/
FoamFile
{
    version     2.0;
    format      ascii;
    class       volVectorField;
    location    "0.0551";
    object      U;
}
// * * * * * * * * * * * * * * * * * * * * * * * * * * * * * * * * * * * * * //

dimensions      [0 1 -1 0 0 0 0];

internalField   nonuniform List<vector> 
441
(
(0.00342478 -0.00461149 0)
(0.00879044 -0.00256012 0)
(-0.000640042 -2.17924e-165 0)
(0.00176377 -2.9084e-266 0)
(-0.00865151 -0.00705567 0)
(-0.00176377 -2.79099e-232 0)
(-1.09305e-202 -4.82374e-203 0)
(-1.20577e-203 -6.22948e-228 0)
(-1.54363e-212 -2.67374e-213 0)
(-0.0054861 8.2114e-266 0)
(-0.0665094 0.0219466 0)
(-0.0840911 0.0116464 0)
(-0.0956109 0.00549578 0)
(-0.085518 0.000653592 0)
(-0.0722226 -0.00119062 0)
(-0.0503528 -0.00254164 0)
(-0.0310636 -0.00193644 0)
(-0.0128851 -0.00166387 0)
(-0.000845288 0.000330737 0)
(0.00249437 0.00100466 0)
(0.00408043 0.00259941 0)
(0.00335283 -0.00740939 0)
(-0.00190258 0.00658291 0)
(-0.0270041 0.00787966 0)
(-0.0563859 0.0105591 0)
(-0.0994957 0.00978922 0)
(-0.139033 -0.00387481 0)
(-0.175608 -0.000328144 0)
(-0.210132 0.00139031 0)
(-0.24046 0.0116225 0)
(-0.271193 0.0590787 0)
(-0.292461 0.0547545 0)
(-0.287786 0.0178011 0)
(-0.276425 -0.00454884 0)
(-0.241533 -0.0247486 0)
(-0.200465 -0.0340632 0)
(-0.147075 -0.0398205 0)
(-0.0978656 -0.0353168 0)
(-0.0522546 -0.0297731 0)
(-0.0197364 -0.0152221 0)
(-0.00387291 -0.00667252 0)
(0.00428607 0.0041934 0)
(0.00677869 -0.00659495 0)
(-0.00554441 0.0274114 0)
(-0.0511789 0.0531146 0)
(-0.111523 0.0702094 0)
(-0.183911 0.0745196 0)
(-0.258126 0.0723277 0)
(-0.336592 0.0685902 0)
(-0.398763 0.0627128 0)
(-0.459782 0.0587161 0)
(-0.488599 0.0561543 0)
(-0.484177 0.0394183 0)
(-0.468851 -0.00327106 0)
(-0.438766 -0.0400998 0)
(-0.384597 -0.0751461 0)
(-0.319829 -0.0947174 0)
(-0.239548 -0.105425 0)
(-0.163979 -0.0956125 0)
(-0.0925481 -0.0802918 0)
(-0.0403908 -0.046972 0)
(-0.0102405 -0.0234395 0)
(0.00565588 0.00344952 0)
(0.00599333 -0.00889499 0)
(-0.0143084 0.066182 0)
(-0.0876919 0.113899 0)
(-0.172871 0.145495 0)
(-0.272093 0.156739 0)
(-0.370708 0.151363 0)
(-0.466618 0.141815 0)
(-0.548385 0.125375 0)
(-0.615195 0.103595 0)
(-0.65402 0.0809616 0)
(-0.661555 0.0347655 0)
(-0.64161 -0.0286775 0)
(-0.60065 -0.0889217 0)
(-0.528794 -0.144793 0)
(-0.442353 -0.178911 0)
(-0.335365 -0.197116 0)
(-0.233298 -0.181751 0)
(-0.134563 -0.154978 0)
(-0.0617147 -0.0966858 0)
(-0.0160479 -0.0540827 0)
(0.00745389 -1.8741e-05 0)
(6.37786e-165 0.00149833 0)
(-0.0212308 0.120669 0)
(-0.125333 0.210927 0)
(-0.230461 0.253286 0)
(-0.354648 0.271361 0)
(-0.474054 0.265176 0)
(-0.591851 0.245118 0)
(-0.69047 0.210321 0)
(-0.77215 0.163743 0)
(-0.820066 0.103168 0)
(-0.834794 0.0274291 0)
(-0.816311 -0.063939 0)
(-0.768926 -0.152156 0)
(-0.683294 -0.233766 0)
(-0.576833 -0.287062 0)
(-0.441396 -0.315308 0)
(-0.310589 -0.294944 0)
(-0.178359 -0.252941 0)
(-0.0826969 -0.163812 0)
(-0.016694 -0.0934452 0)
(0.0140208 -0.00433187 0)
(-5.19171e-266 0.00525905 0)
(-0.0803242 0.195962 0)
(-0.173962 0.321317 0)
(-0.299306 0.376564 0)
(-0.434139 0.400257 0)
(-0.571513 0.38961 0)
(-0.703304 0.358837 0)
(-0.819 0.305923 0)
(-0.914494 0.233999 0)
(-0.978327 0.142854 0)
(-1.00894 0.0312893 0)
(-0.998333 -0.0955275 0)
(-0.952075 -0.221679 0)
(-0.856641 -0.33842 0)
(-0.732221 -0.420325 0)
(-0.566601 -0.465704 0)
(-0.402773 -0.443728 0)
(-0.230731 -0.385904 0)
(-0.106973 -0.256434 0)
(-0.0164499 -0.153958 0)
(0.0160828 -0.00148489 0)
(-0.0210362 0.0849281 0)
(-0.111438 0.291252 0)
(-0.219232 0.430309 0)
(-0.356799 0.511767 0)
(-0.508472 0.542865 0)
(-0.66236 0.533018 0)
(-0.812687 0.49191 0)
(-0.946996 0.420676 0)
(-1.06223 0.322897 0)
(-1.14551 0.197384 0)
(-1.195 0.0479277 0)
(-1.19834 -0.121099 0)
(-1.15918 -0.292857 0)
(-1.05915 -0.45448 0)
(-0.919959 -0.575624 0)
(-0.721993 -0.64648 0)
(-0.52178 -0.628544 0)
(-0.296831 -0.551039 0)
(-0.142537 -0.374926 0)
(-0.00385665 -0.218276 0)
(5.80186e-266 -0.0040207 0)
(-0.0153717 0.14008 0)
(-0.106094 0.395277 0)
(-0.239878 0.567288 0)
(-0.396537 0.666605 0)
(-0.56702 0.706133 0)
(-0.739315 0.694172 0)
(-0.907829 0.643838 0)
(-1.06299 0.555382 0)
(-1.20023 0.432934 0)
(-1.3082 0.275089 0)
(-1.38283 0.0845137 0)
(-1.40772 -0.132408 0)
(-1.38418 -0.360369 0)
(-1.28752 -0.57976 0)
(-1.13914 -0.756771 0)
(-0.911119 -0.867805 0)
(-0.670096 -0.867212 0)
(-0.386211 -0.771204 0)
(-0.186592 -0.544873 0)
(-0.00288261 -0.305769 0)
(2.39453e-24 -1.19239e-24 0)
(-0.0136098 0.20306 0)
(-0.11005 0.513993 0)
(-0.260601 0.719288 0)
(-0.432609 0.837191 0)
(-0.620219 0.884474 0)
(-0.809007 0.872355 0)
(-0.995645 0.814794 0)
(-1.1714 0.712023 0)
(-1.33212 0.567909 0)
(-1.46705 0.379363 0)
(-1.57043 0.148013 0)
(-1.62356 -0.120279 0)
(-1.62408 -0.411678 0)
(-1.54106 -0.700755 0)
(-1.39321 -0.949871 0)
(-1.14139 -1.11848 0)
(-0.860887 -1.14983 0)
(-0.509332 -1.03948 0)
(-0.253294 -0.750865 0)
(-0.00453023 -0.41222 0)
(9.82743e-77 -5.98631e-25 0)
(-0.0119951 0.264392 0)
(-0.109733 0.643952 0)
(-0.271762 0.890663 0)
(-0.454941 1.02686 0)
(-0.655299 1.08305 0)
(-0.857011 1.06963 0)
(-1.05762 1.00654 0)
(-1.251 0.891472 0)
(-1.4325 0.728762 0)
(-1.59388 0.512678 0)
(-1.72739 0.241283 0)
(-1.81374 -0.0799729 0)
(-1.84665 -0.442313 0)
(-1.78955 -0.813222 0)
(-1.65582 -1.15567 0)
(-1.39349 -1.40585 0)
(-1.07984 -1.49774 0)
(-0.658639 -1.38862 0)
(-0.334439 -1.04422 0)
(-0.00624886 -0.573667 0)
(2.74516e-164 -2.45686e-77 0)
(-0.0124144 0.32152 0)
(-0.114014 0.77206 0)
(-0.28553 1.06232 0)
(-0.476447 1.21856 0)
(-0.683999 1.28495 0)
(-0.892282 1.27274 0)
(-1.09914 1.20774 0)
(-1.30236 1.08546 0)
(-1.49647 0.910369 0)
(-1.67796 0.673372 0)
(-1.83689 0.368374 0)
(-1.95717 -0.00149852 0)
(-2.02773 -0.434019 0)
(-2.00999 -0.89256 0)
(-1.9086 -1.34274 0)
(-1.65866 -1.69811 0)
(-1.3316 -1.87986 0)
(-0.853327 -1.79265 0)
(-0.457874 -1.39198 0)
(-0.074656 -0.759074 0)
(1.71927e-265 0.0127529 0)
(-0.0135017 0.391783 0)
(-0.115608 0.919239 0)
(-0.290888 1.25464 0)
(-0.482282 1.42607 0)
(-0.687854 1.50008 0)
(-0.892627 1.48474 0)
(-1.09386 1.41724 0)
(-1.29438 1.2883 0)
(-1.48752 1.10444 0)
(-1.67632 0.852265 0)
(-1.84956 0.520399 0)
(-1.99731 0.109705 0)
(-2.10551 -0.389153 0)
(-2.13694 -0.934711 0)
(-2.08702 -1.50615 0)
(-1.87821 -1.9894 0)
(-1.56461 -2.30212 0)
(-1.04515 -2.27624 0)
(-0.56165 -1.81724 0)
(-0.0729717 -1.05065 0)
(0.0510116 -0.0704352 0)
(-0.0173967 0.446292 0)
(-0.124675 1.04652 0)
(-0.30644 1.42611 0)
(-0.49523 1.61224 0)
(-0.689162 1.69348 0)
(-0.878123 1.67614 0)
(-1.05622 1.60848 0)
(-1.23577 1.47749 0)
(-1.40641 1.29192 0)
(-1.58246 1.03474 0)
(-1.74947 0.689883 0)
(-1.91079 0.254682 0)
(-2.04724 -0.292032 0)
(-2.13365 -0.910478 0)
(-2.1517 -1.59648 0)
(-2.01892 -2.22244 0)
(-1.76574 -2.70667 0)
(-1.22858 -2.80427 0)
(-0.699806 -2.35764 0)
(0.0388309 -1.37849 0)
(2.35509e-231 -0.0127529 0)
(-0.0225881 0.536762 0)
(-0.132416 1.21134 0)
(-0.313833 1.62904 0)
(-0.490146 1.80988 0)
(-0.658976 1.88608 0)
(-0.816507 1.85209 0)
(-0.952966 1.77677 0)
(-1.09077 1.63844 0)
(-1.21553 1.45171 0)
(-1.35357 1.19512 0)
(-1.4885 0.848417 0)
(-1.63888 0.40724 0)
(-1.78498 -0.166676 0)
(-1.91845 -0.83094 0)
(-2.01538 -1.62034 0)
(-1.99739 -2.37984 0)
(-1.8667 -3.09169 0)
(-1.41643 -3.36024 0)
(-0.888651 -3.07894 0)
(-0.00349248 -1.7869 0)
(5.70862e-202 4.53434e-184 0)
(-0.0390864 0.594241 0)
(-0.168293 1.33169 0)
(-0.358615 1.77997 0)
(-0.520214 1.95187 0)
(-0.645825 2.01822 0)
(-0.752808 1.96669 0)
(-0.81964 1.88245 0)
(-0.889745 1.73875 0)
(-0.937842 1.55512 0)
(-1.00958 1.3083 0)
(-1.07994 0.976344 0)
(-1.19249 0.553498 0)
(-1.31708 -0.0094534 0)
(-1.48556 -0.676239 0)
(-1.64857 -1.50981 0)
(-1.7853 -2.36807 0)
(-1.81836 -3.27183 0)
(-1.57292 -3.79125 0)
(-1.12014 -3.74774 0)
(-0.0109682 -2.29689 0)
(1.81373e-183 -2.65624e-185 0)
(-0.0580397 0.752093 0)
(-0.205622 1.53518 0)
(-0.391852 1.99034 0)
(-0.522774 2.09845 0)
(-0.586234 2.1258 0)
(-0.622505 2.0266 0)
(-0.599491 1.91794 0)
(-0.579834 1.75739 0)
(-0.528795 1.57329 0)
(-0.508112 1.33847 0)
(-0.486213 1.03113 0)
(-0.526145 0.646581 0)
(-0.594598 0.124568 0)
(-0.754398 -0.496143 0)
(-0.958514 -1.3238 0)
(-1.23092 -2.20658 0)
(-1.48897 -3.30912 0)
(-1.56542 -4.06558 0)
(-1.42522 -4.65859 0)
(-0.461436 -2.95395 0)
(4.37667e-254 -4.53434e-184 0)
(-0.123652 0.843861 0)
(-0.338726 1.65236 0)
(-0.5178 2.09189 0)
(-0.601968 2.13653 0)
(-0.550108 2.11718 0)
(-0.477793 1.97501 0)
(-0.318257 1.84073 0)
(-0.176823 1.66706 0)
(0.00536177 1.48492 0)
(0.140895 1.26808 0)
(0.279966 0.996492 0)
(0.330309 0.667744 0)
(0.349838 0.222396 0)
(0.214327 -0.302972 0)
(0.02406 -1.02524 0)
(-0.409079 -1.82645 0)
(-0.832576 -2.91123 0)
(-1.534 -3.85406 0)
(-1.68672 -4.7626 0)
(-2.06447 -3.79845 0)
(-2.55502e-264 -0.214007 0)
(-0.179055 1.23583 0)
(-0.430297 1.93363 0)
(-0.53944 2.27586 0)
(-0.51977 2.13103 0)
(-0.311787 2.01547 0)
(-0.0940588 1.79443 0)
(0.221391 1.62359 0)
(0.501895 1.43391 0)
(0.821501 1.25767 0)
(1.07924 1.06563 0)
(1.33736 0.841097 0)
(1.49115 0.581608 0)
(1.6099 0.237124 0)
(1.55058 -0.160871 0)
(1.41854 -0.711075 0)
(0.994447 -1.33336 0)
(0.479853 -2.21488 0)
(-0.42366 -3.16741 0)
(-1.12675 -4.21708 0)
(-1.84987 -4.4939 0)
(-0.856026 -2.30443 0)
(-0.3999 1.4188 0)
(-0.729001 1.98404 0)
(-0.535053 2.17553 0)
(-0.272708 1.89206 0)
(0.260471 1.69254 0)
(0.699868 1.43404 0)
(1.23049 1.24684 0)
(1.66592 1.06498 0)
(2.12369 0.909477 0)
(2.48608 0.75509 0)
(2.83938 0.586816 0)
(3.06487 0.403769 0)
(3.25809 0.166306 0)
(3.24498 -0.0959453 0)
(3.18209 -0.465331 0)
(2.77178 -0.865455 0)
(2.31434 -1.49323 0)
(1.30853 -2.21717 0)
(0.420612 -3.34034 0)
(-0.722513 -3.99181 0)
(-0.698861 -2.96145 0)
(-0.255635 2.42658 0)
(-0.098844 2.06345 0)
(0.686564 1.87015 0)
(1.32576 1.32778 0)
(2.12845 1.06339 0)
(2.73915 0.817801 0)
(3.37545 0.663861 0)
(3.87204 0.536643 0)
(4.35863 0.438005 0)
(4.73179 0.349587 0)
(5.0829 0.260579 0)
(5.30505 0.168061 0)
(5.49539 0.0535554 0)
(5.49424 -0.0720973 0)
(5.4569 -0.247701 0)
(5.10596 -0.443862 0)
(4.72889 -0.782468 0)
(3.80759 -1.24106 0)
(2.85164 -2.25335 0)
(1.08554 -3.32857 0)
(-0.0448986 -3.79993 0)
(1.6685 1.67079 0)
(2.70832 0.976028 0)
(4.55125 0.749128 0)
(5.38888 0.423455 0)
(6.25134 0.285065 0)
(6.75398 0.176117 0)
(7.22482 0.119271 0)
(7.53993 0.0792958 0)
(7.83117 0.0536158 0)
(8.02985 0.0339923 0)
(8.21137 0.0166259 0)
(8.3039 0.00014953 0)
(8.38239 -0.0204974 0)
(8.33292 -0.0413273 0)
(8.28023 -0.077122 0)
(8.00094 -0.110926 0)
(7.75009 -0.201103 0)
(6.99858 -0.294438 0)
(6.26475 -0.626909 0)
(4.04709 -0.998958 0)
(2.00718 -1.81999 0)
)
;

boundaryField
{
    movingWall
    {
        type            fixedValue;
        value           uniform (10 0 0);
    }
    fixedWalls
    {
        type            noSlip;
    }
    frontAndBack
    {
        type            empty;
    }
}


// ************************************************************************* //
