/*--------------------------------*- C++ -*----------------------------------*\
| =========                 |                                                 |
| \\      /  F ield         | OpenFOAM: The Open Source CFD Toolbox           |
|  \\    /   O peration     | Version:  4.1                                   |
|   \\  /    A nd           | Web:      www.OpenFOAM.org                      |
|    \\/     M anipulation  |                                                 |
\*---------------------------------------------------------------------------*/
FoamFile
{
    version     2.0;
    format      ascii;
    class       volVectorField;
    location    "0.0632";
    object      U;
}
// * * * * * * * * * * * * * * * * * * * * * * * * * * * * * * * * * * * * * //

dimensions      [0 1 -1 0 0 0 0];

internalField   nonuniform List<vector> 
441
(
(0.00350524 -0.00466245 0)
(0.00905717 -0.00254731 0)
(-0.000636833 -2.18312e-165 0)
(0.00182311 -3.03616e-266 0)
(-0.00851745 -0.00729299 0)
(-0.00182311 -2.86967e-232 0)
(-1.1042e-202 -5.0759e-203 0)
(-1.26883e-203 -6.60544e-228 0)
(-1.60025e-212 -2.85837e-213 0)
(-0.00570121 8.50061e-266 0)
(-0.069459 0.0228068 0)
(-0.087677 0.0120427 0)
(-0.0994139 0.00562396 0)
(-0.0884537 0.000561212 0)
(-0.0740501 -0.00135747 0)
(-0.0508352 -0.00272029 0)
(-0.0305141 -0.00202875 0)
(-0.0117449 -0.00165782 0)
(0.000321488 0.000460732 0)
(0.00315124 0.00116966 0)
(0.00424831 0.00273312 0)
(0.00349008 -0.00770878 0)
(-0.00158743 0.00663774 0)
(-0.0270347 0.00803808 0)
(-0.0571094 0.010564 0)
(-0.101543 0.0101183 0)
(-0.142782 -0.00364388 0)
(-0.181247 -0.000262744 0)
(-0.217888 0.00148202 0)
(-0.250298 0.0121669 0)
(-0.283139 0.0617623 0)
(-0.305833 0.0571738 0)
(-0.301045 0.0182875 0)
(-0.288676 -0.00536618 0)
(-0.251383 -0.0266595 0)
(-0.207389 -0.0363815 0)
(-0.150755 -0.0420625 0)
(-0.0988775 -0.0368601 0)
(-0.0514948 -0.0304213 0)
(-0.0183637 -0.0148565 0)
(-0.00296917 -0.00583439 0)
(0.00451401 0.00488751 0)
(0.00701759 -0.00708856 0)
(-0.00539642 0.0275913 0)
(-0.0519549 0.0541489 0)
(-0.114125 0.0721394 0)
(-0.189283 0.077275 0)
(-0.266686 0.075803 0)
(-0.349166 0.0724676 0)
(-0.415362 0.0667873 0)
(-0.480508 0.0627516 0)
(-0.511985 0.0598322 0)
(-0.508144 0.04161 0)
(-0.492263 -0.00395145 0)
(-0.460136 -0.0433687 0)
(-0.402333 -0.0805534 0)
(-0.333088 -0.101037 0)
(-0.247894 -0.11152 0)
(-0.168071 -0.100126 0)
(-0.0935052 -0.0826817 0)
(-0.0397826 -0.0469743 0)
(-0.00954219 -0.0221409 0)
(0.00591074 0.00469821 0)
(0.00608653 -0.00960545 0)
(-0.0148896 0.0672901 0)
(-0.0904531 0.116783 0)
(-0.178757 0.150172 0)
(-0.282162 0.163036 0)
(-0.385567 0.158865 0)
(-0.486821 0.150002 0)
(-0.573893 0.133661 0)
(-0.64548 0.111051 0)
(-0.687644 0.0868147 0)
(-0.69644 0.0372033 0)
(-0.675761 -0.0308136 0)
(-0.632127 -0.0954304 0)
(-0.555572 -0.15485 0)
(-0.463277 -0.190633 0)
(-0.349742 -0.208568 0)
(-0.241758 -0.190685 0)
(-0.138291 -0.160359 0)
(-0.0626164 -0.0979587 0)
(-0.0159654 -0.0529048 0)
(0.00765853 0.00163436 0)
(6.53375e-165 0.00152163 0)
(-0.0222901 0.123693 0)
(-0.130147 0.217252 0)
(-0.23974 0.262476 0)
(-0.369669 0.283047 0)
(-0.495323 0.278718 0)
(-0.619946 0.259576 0)
(-0.72509 0.224421 0)
(-0.812575 0.175842 0)
(-0.864493 0.111467 0)
(-0.880921 0.0301457 0)
(-0.861754 -0.0680221 0)
(-0.811258 -0.162793 0)
(-0.720074 -0.249744 0)
(-0.606487 -0.30578 0)
(-0.46283 -0.333904 0)
(-0.324288 -0.310095 0)
(-0.185411 -0.262926 0)
(-0.0854081 -0.167603 0)
(-0.0172577 -0.0932763 0)
(0.0142495 -0.00280623 0)
(-5.30745e-266 0.00541904 0)
(-0.0832154 0.201991 0)
(-0.181233 0.332354 0)
(-0.312379 0.391482 0)
(-0.454081 0.418522 0)
(-0.599 0.410197 0)
(-0.738707 0.380387 0)
(-0.861976 0.32654 0)
(-0.964091 0.251296 0)
(-1.0327 0.154392 0)
(-1.06571 0.0347538 0)
(-1.0547 -0.101482 0)
(-1.00526 -0.236854 0)
(-0.903708 -0.361205 0)
(-0.77117 -0.447408 0)
(-0.595766 -0.493188 0)
(-0.422381 -0.467044 0)
(-0.241584 -0.402342 0)
(-0.111816 -0.264158 0)
(-0.0179748 -0.155761 0)
(0.0161127 -0.000113138 0)
(-0.0216762 0.0878715 0)
(-0.115735 0.30148 0)
(-0.22872 0.446798 0)
(-0.372972 0.533572 0)
(-0.532487 0.568911 0)
(-0.694874 0.561956 0)
(-0.854056 0.521798 0)
(-0.996779 0.44892 0)
(-1.11941 0.346361 0)
(-1.20815 0.212846 0)
(-1.26066 0.0526361 0)
(-1.26401 -0.128786 0)
(-1.22186 -0.312789 0)
(-1.11557 -0.484743 0)
(-0.967706 -0.61225 0)
(-0.758764 -0.684507 0)
(-0.547378 -0.662001 0)
(-0.311391 -0.575877 0)
(-0.149232 -0.387997 0)
(-0.00522288 -0.223021 0)
(5.86671e-266 -0.00402818 0)
(-0.0159125 0.145213 0)
(-0.110563 0.410171 0)
(-0.250427 0.590174 0)
(-0.414447 0.69604 0)
(-0.593384 0.7407 0)
(-0.774715 0.732082 0)
(-0.95252 0.682626 0)
(-1.1165 0.591787 0)
(-1.26151 0.463084 0)
(-1.37534 0.29508 0)
(-1.45346 0.0910165 0)
(-1.47885 -0.141358 0)
(-1.45285 -0.384791 0)
(-1.35033 -0.617545 0)
(-1.19351 -0.803509 0)
(-0.95411 -0.917571 0)
(-0.701011 -0.912755 0)
(-0.404064 -0.806702 0)
(-0.194877 -0.565741 0)
(-0.00318196 -0.3144 0)
(2.4749e-24 -1.14163e-24 0)
(-0.0141275 0.210903 0)
(-0.114526 0.534191 0)
(-0.271268 0.749149 0)
(-0.450645 0.874747 0)
(-0.646636 0.927936 0)
(-0.844283 0.919547 0)
(-1.03996 0.862723 0)
(-1.22423 0.756789 0)
(-1.39243 0.604962 0)
(-1.53306 0.40415 0)
(-1.64 0.156717 0)
(-1.69401 -0.129942 0)
(-1.69283 -0.439906 0)
(-1.60503 -0.745377 0)
(-1.44998 -1.0063 0)
(-1.18775 -1.18011 0)
(-0.895569 -1.20841 0)
(-0.530205 -1.08716 0)
(-0.263385 -0.781314 0)
(-0.00470989 -0.425519 0)
(1.01275e-76 -6.18725e-25 0)
(-0.0124052 0.274484 0)
(-0.113575 0.669005 0)
(-0.28115 0.927066 0)
(-0.470914 1.07201 0)
(-0.678732 1.1348 0)
(-0.888241 1.12538 0)
(-1.09669 1.06283 0)
(-1.29733 0.943833 0)
(-1.48513 0.772075 0)
(-1.65125 0.54191 0)
(-1.7878 0.252248 0)
(-1.87513 -0.0897419 0)
(-1.90722 -0.473168 0)
(-1.84702 -0.86303 0)
(-1.70842 -1.21999 0)
(-1.43818 -1.47786 0)
(-1.11503 -1.56877 0)
(-0.680966 -1.44901 0)
(-0.345938 -1.08568 0)
(-0.00659104 -0.592768 0)
(2.82441e-164 -2.53186e-77 0)
(-0.0126883 0.333539 0)
(-0.116705 0.801213 0)
(-0.292285 1.10425 0)
(-0.488109 1.27011 0)
(-0.701223 1.34361 0)
(-0.915229 1.3355 0)
(-1.12769 1.27072 0)
(-1.33588 1.14374 0)
(-1.5341 0.958441 0)
(-1.71849 0.705937 0)
(-1.87924 0.381132 0)
(-2.00019 -0.0109772 0)
(-2.07073 -0.466097 0)
(-2.05196 -0.945159 0)
(-1.94892 -1.41186 0)
(-1.69515 -1.77726 0)
(-1.3627 -1.96075 0)
(-0.874979 -1.86432 0)
(-0.470205 -1.44419 0)
(-0.077083 -0.784277 0)
(1.7494e-265 0.0129861 0)
(-0.01357 0.404808 0)
(-0.116547 0.950772 0)
(-0.293622 1.29998 0)
(-0.487384 1.48166 0)
(-0.6957 1.56308 0)
(-0.903187 1.55179 0)
(-1.10683 1.48409 0)
(-1.30913 1.34974 0)
(-1.50337 1.15479 0)
(-1.69256 0.886263 0)
(-1.86584 0.533923 0)
(-2.01354 0.100649 0)
(-2.12228 -0.420948 0)
(-2.15475 -0.987155 0)
(-2.10672 -1.5758 0)
(-1.89903 -2.07068 0)
(-1.58555 -2.38787 0)
(-1.06183 -2.35567 0)
(-0.572096 -1.87781 0)
(-0.0742502 -1.08244 0)
(0.0519443 -0.0728135 0)
(-0.01722 0.459298 0)
(-0.123466 1.07833 0)
(-0.304185 1.47219 0)
(-0.49216 1.66888 0)
(-0.685321 1.75759 0)
(-0.873316 1.74404 0)
(-1.05003 1.67567 0)
(-1.22769 1.53869 0)
(-1.39604 1.34153 0)
(-1.56972 1.06779 0)
(-1.73479 0.702733 0)
(-1.89516 0.245798 0)
(-2.03242 -0.322378 0)
(-2.12158 -0.96003 0)
(-2.14474 -1.66239 0)
(-2.01792 -2.30029 0)
(-1.77108 -2.79151 0)
(-1.2361 -2.88657 0)
(-0.706818 -2.4253 0)
(0.0403723 -1.41528 0)
(2.39737e-231 -0.0129861 0)
(-0.0221437 0.548418 0)
(-0.128885 1.24079 0)
(-0.306174 1.67253 0)
(-0.478201 1.86389 0)
(-0.642471 1.94738 0)
(-0.795162 1.91683 0)
(-0.926398 1.8404 0)
(-1.05877 1.69579 0)
(-1.17819 1.49751 0)
(-1.31151 1.22493 0)
(-1.44295 0.859195 0)
(-1.59171 0.398184 0)
(-1.73877 -0.194736 0)
(-1.87617 -0.875373 0)
(-1.98041 -1.67867 0)
(-1.97234 -2.44867 0)
(-1.8533 -3.16857 0)
(-1.41272 -3.43808 0)
(-0.891047 -3.14824 0)
(-0.00331739 -1.82628 0)
(5.75699e-202 4.55667e-184 0)
(-0.0384173 0.603325 0)
(-0.162734 1.35629 0)
(-0.34612 1.8177 0)
(-0.500213 1.99971 0)
(-0.617742 2.073 0)
(-0.7164 2.02459 0)
(-0.774713 1.93907 0)
(-0.836588 1.78928 0)
(-0.877193 1.5948 0)
(-0.942859 1.33329 0)
(-1.00909 0.984243 0)
(-1.12002 0.544111 0)
(-1.24589 -0.0347402 0)
(-1.41896 -0.714387 0)
(-1.59016 -1.55827 0)
(-1.73867 -2.42417 0)
(-1.78645 -3.33496 0)
(-1.5562 -3.85759 0)
(-1.11611 -3.81154 0)
(-0.0111731 -2.33635 0)
(1.82267e-183 -6.85718e-185 0)
(-0.0572473 0.757607 0)
(-0.198825 1.55281 0)
(-0.376204 2.01947 0)
(-0.497287 2.13692 0)
(-0.550075 2.17076 0)
(-0.575532 2.07456 0)
(-0.541804 1.96489 0)
(-0.512295 1.7991 0)
(-0.452803 1.60562 0)
(-0.425831 1.3582 0)
(-0.400186 1.03631 0)
(-0.439292 0.63734 0)
(-0.509785 0.102518 0)
(-0.674649 -0.527679 0)
(-0.886777 -1.36207 0)
(-1.17077 -2.24881 0)
(-1.4436 -3.35588 0)
(-1.53796 -4.11534 0)
(-1.4143 -4.71059 0)
(-0.463278 -2.98947 0)
(4.38807e-254 -4.55667e-184 0)
(-0.122942 0.845468 0)
(-0.33215 1.66214 0)
(-0.502011 2.11103 0)
(-0.575608 2.16392 0)
(-0.512046 2.15054 0)
(-0.427936 2.01143 0)
(-0.256858 1.87685 0)
(-0.105123 1.69933 0)
(0.0855588 1.50994 0)
(0.226947 1.28313 0)
(0.368962 0.999943 0)
(0.419056 0.659694 0)
(0.435585 0.204324 0)
(0.294397 -0.327977 0)
(0.0966116 -1.05409 0)
(-0.346861 -1.85621 0)
(-0.782557 -2.94163 0)
(-1.50128 -3.88585 0)
(-1.67012 -4.79637 0)
(-2.06818 -3.827 0)
(-2.56956e-264 -0.2148 0)
(-0.178728 1.23418 0)
(-0.425881 1.93622 0)
(-0.527525 2.28527 0)
(-0.498606 2.14721 0)
(-0.279858 2.03693 0)
(-0.0510332 1.819 0)
(0.275446 1.64868 0)
(0.565818 1.4568 0)
(0.893538 1.27568 0)
(1.15674 1.07662 0)
(1.41735 0.843676 0)
(1.57037 0.575714 0)
(1.68555 0.223826 0)
(1.62025 -0.179184 0)
(1.48087 -0.731575 0)
(1.04811 -1.35318 0)
(0.524249 -2.23251 0)
(-0.391274 -3.18379 0)
(-1.10753 -4.23326 0)
(-1.84651 -4.51135 0)
(-0.859202 -2.30959 0)
(-0.400153 1.41574 0)
(-0.72823 1.98225 0)
(-0.530339 2.17795 0)
(-0.261927 1.89936 0)
(0.279339 1.70398 0)
(0.727755 1.44822 0)
(1.2679 1.26199 0)
(1.71224 1.07922 0)
(2.17764 0.920931 0)
(2.54541 0.762244 0)
(2.90138 0.588653 0)
(3.12641 0.400145 0)
(3.31638 0.157863 0)
(3.29753 -0.107636 0)
(3.22766 -0.478272 0)
(2.80957 -0.877481 0)
(2.345 -1.50275 0)
(1.33163 -2.22419 0)
(0.436309 -3.34577 0)
(-0.71597 -3.99767 0)
(-0.699805 -2.9626 0)
(-0.256229 2.42444 0)
(-0.100955 2.06107 0)
(0.684681 1.86948 0)
(1.32629 1.32963 0)
(2.13364 1.06755 0)
(2.7505 0.823605 0)
(3.39394 0.67036 0)
(3.89764 0.542855 0)
(4.3906 0.442969 0)
(4.76844 0.352543 0)
(5.12201 0.261044 0)
(5.34396 0.165992 0)
(5.53165 0.0493377 0)
(5.52568 -0.0776558 0)
(5.48242 -0.253507 0)
(5.12515 -0.448888 0)
(4.74268 -0.785731 0)
(3.81695 -1.24268 0)
(2.8578 -2.25351 0)
(1.08836 -3.32931 0)
(-0.0454372 -3.79953 0)
(1.66805 1.67035 0)
(2.70628 0.975488 0)
(4.548 0.748785 0)
(5.38579 0.423511 0)
(6.24989 0.285504 0)
(6.75534 0.176814 0)
(7.22971 0.120048 0)
(7.54842 0.0799806 0)
(7.84285 0.054048 0)
(8.0437 0.0340721 0)
(8.22609 0.016307 0)
(8.31794 -0.00051632 0)
(8.39447 -0.0213982 0)
(8.34194 -0.0422667 0)
(8.28591 -0.0779048 0)
(8.00338 -0.111367 0)
(7.75037 -0.201095 0)
(6.99767 -0.294043 0)
(6.26386 -0.626212 0)
(4.04659 -0.998285 0)
(2.00639 -1.81913 0)
)
;

boundaryField
{
    movingWall
    {
        type            fixedValue;
        value           uniform (10 0 0);
    }
    fixedWalls
    {
        type            noSlip;
    }
    frontAndBack
    {
        type            empty;
    }
}


// ************************************************************************* //
