/*--------------------------------*- C++ -*----------------------------------*\
| =========                 |                                                 |
| \\      /  F ield         | OpenFOAM: The Open Source CFD Toolbox           |
|  \\    /   O peration     | Version:  4.1                                   |
|   \\  /    A nd           | Web:      www.OpenFOAM.org                      |
|    \\/     M anipulation  |                                                 |
\*---------------------------------------------------------------------------*/
FoamFile
{
    version     2.0;
    format      ascii;
    class       volVectorField;
    location    "0.0133";
    object      U;
}
// * * * * * * * * * * * * * * * * * * * * * * * * * * * * * * * * * * * * * //

dimensions      [0 1 -1 0 0 0 0];

internalField   nonuniform List<vector> 
441
(
(0.00347352 -0.00523518 0)
(0.0075631 -0.00342762 0)
(-0.000857363 -2.68846e-165 0)
(0.00146249 -2.07388e-266 0)
(-0.0120595 -0.00585068 0)
(-0.00146249 -2.50876e-232 0)
(-1.15743e-202 -3.25569e-203 0)
(-8.13678e-204 -3.92689e-228 0)
(-1.29614e-212 -1.64711e-213 0)
(-0.00463578 7.11107e-266 0)
(-0.0539668 0.0185419 0)
(-0.0699023 0.0103162 0)
(-0.0816405 0.00523695 0)
(-0.077551 0.00148817 0)
(-0.0713845 -0.000120241 0)
(-0.0578407 -0.00140998 0)
(-0.0444578 -0.00160944 0)
(-0.0281616 -0.0020496 0)
(-0.0139236 -0.00109043 0)
(-0.00356228 -0.000433477 0)
(0.00270244 0.00174336 0)
(0.00262159 -0.00554417 0)
(-0.00694065 0.00786571 0)
(-0.0345194 0.00771953 0)
(-0.0622861 0.0127408 0)
(-0.0989073 0.00802492 0)
(-0.127386 -0.00737566 0)
(-0.151307 -0.00107694 0)
(-0.172317 0.000847979 0)
(-0.189642 0.00907698 0)
(-0.208864 0.0477223 0)
(-0.222755 0.0451264 0)
(-0.219735 0.0176989 0)
(-0.215591 0.00200252 0)
(-0.196693 -0.0121119 0)
(-0.174808 -0.0196397 0)
(-0.142492 -0.0262827 0)
(-0.109785 -0.0279411 0)
(-0.0726811 -0.0294471 0)
(-0.0398246 -0.0232624 0)
(-0.0140779 -0.0169666 0)
(0.00203878 -0.00242698 0)
(0.00580805 -0.00173234 0)
(-0.00921037 0.0332489 0)
(-0.0554638 0.0536444 0)
(-0.107427 0.0626232 0)
(-0.162233 0.0582562 0)
(-0.215468 0.0491287 0)
(-0.266937 0.0431374 0)
(-0.301696 0.037026 0)
(-0.33624 0.034946 0)
(-0.34765 0.0368443 0)
(-0.337407 0.0301172 0)
(-0.325594 0.00422735 0)
(-0.30881 -0.0173499 0)
(-0.27974 -0.0390204 0)
(-0.245916 -0.0536452 0)
(-0.200129 -0.0664917 0)
(-0.153714 -0.0705181 0)
(-0.101504 -0.0722404 0)
(-0.056054 -0.0587292 0)
(-0.019389 -0.0425141 0)
(0.00301767 -0.00962223 0)
(0.00671774 -0.00221372 0)
(-0.0107426 0.0707509 0)
(-0.076356 0.106203 0)
(-0.143213 0.121335 0)
(-0.213891 0.116313 0)
(-0.278336 0.0996684 0)
(-0.335626 0.0860589 0)
(-0.379595 0.0707154 0)
(-0.412332 0.0564006 0)
(-0.427036 0.0467148 0)
(-0.422873 0.0227006 0)
(-0.40615 -0.0117243 0)
(-0.382103 -0.0440728 0)
(-0.343543 -0.0757495 0)
(-0.299595 -0.0991751 0)
(-0.241912 -0.11947 0)
(-0.184129 -0.126216 0)
(-0.119086 -0.128347 0)
(-0.0640533 -0.104824 0)
(-0.0190435 -0.0772552 0)
(0.00542322 -0.0184939 0)
(6.29741e-165 0.00167944 0)
(-0.0141993 0.115932 0)
(-0.0993019 0.185334 0)
(-0.174133 0.199067 0)
(-0.256412 0.192576 0)
(-0.328489 0.169553 0)
(-0.3945 0.143572 0)
(-0.443626 0.113154 0)
(-0.480615 0.0819723 0)
(-0.496051 0.0481059 0)
(-0.49257 0.0095383 0)
(-0.474457 -0.036158 0)
(-0.445409 -0.079416 0)
(-0.399975 -0.121522 0)
(-0.347617 -0.154445 0)
(-0.278523 -0.182281 0)
(-0.210445 -0.192178 0)
(-0.131147 -0.192884 0)
(-0.0678362 -0.157373 0)
(-0.012459 -0.112499 0)
(0.0119558 -0.0222194 0)
(-5.52651e-266 0.00506862 0)
(-0.0699907 0.17441 0)
(-0.132884 0.264484 0)
(-0.216449 0.280167 0)
(-0.29668 0.270665 0)
(-0.374008 0.238853 0)
(-0.441717 0.20167 0)
(-0.49602 0.157139 0)
(-0.535298 0.109333 0)
(-0.555481 0.0580754 0)
(-0.557318 0.00114171 0)
(-0.540272 -0.0595923 0)
(-0.509575 -0.118538 0)
(-0.458535 -0.174536 0)
(-0.398606 -0.220373 0)
(-0.317958 -0.258167 0)
(-0.238528 -0.272877 0)
(-0.143624 -0.273182 0)
(-0.0700664 -0.222174 0)
(-6.21768e-05 -0.159759 0)
(0.0168082 -0.0183885 0)
(-0.0202745 0.0755415 0)
(-0.0937834 0.245214 0)
(-0.164369 0.332587 0)
(-0.250641 0.361353 0)
(-0.337461 0.349784 0)
(-0.419989 0.313622 0)
(-0.4941 0.265176 0)
(-0.554093 0.206241 0)
(-0.599068 0.14133 0)
(-0.624308 0.0701057 0)
(-0.630671 -0.0053695 0)
(-0.615901 -0.0839198 0)
(-0.584571 -0.160494 0)
(-0.52906 -0.232753 0)
(-0.462333 -0.293884 0)
(-0.369088 -0.343044 0)
(-0.278737 -0.364713 0)
(-0.163726 -0.362536 0)
(-0.084335 -0.298473 0)
(0.0124353 -0.200642 0)
(5.32269e-266 -0.00420206 0)
(-0.0143938 0.121476 0)
(-0.0842278 0.319546 0)
(-0.175072 0.422171 0)
(-0.273673 0.454221 0)
(-0.371305 0.440601 0)
(-0.462977 0.396123 0)
(-0.544362 0.336298 0)
(-0.612285 0.262311 0)
(-0.663953 0.17992 0)
(-0.696657 0.0894038 0)
(-0.709569 -0.00713771 0)
(-0.699308 -0.106382 0)
(-0.669633 -0.205303 0)
(-0.611625 -0.298085 0)
(-0.538864 -0.380003 0)
(-0.433979 -0.444106 0)
(-0.330259 -0.477007 0)
(-0.197958 -0.471692 0)
(-0.104637 -0.394699 0)
(0.000514611 -0.25191 0)
(1.47959e-24 -2.2419e-24 0)
(-0.01204 0.171353 0)
(-0.0857456 0.404124 0)
(-0.190977 0.521027 0)
(-0.301456 0.556168 0)
(-0.411745 0.538386 0)
(-0.51357 0.485669 0)
(-0.6044 0.414079 0)
(-0.681236 0.325245 0)
(-0.741176 0.225657 0)
(-0.782471 0.115491 0)
(-0.802948 -0.00236761 0)
(-0.799375 -0.123989 0)
(-0.773467 -0.247345 0)
(-0.715506 -0.363888 0)
(-0.638205 -0.46996 0)
(-0.521317 -0.552676 0)
(-0.402482 -0.597894 0)
(-0.245915 -0.590355 0)
(-0.134265 -0.491995 0)
(-0.00251393 -0.309389 0)
(5.87687e-77 -3.69898e-25 0)
(-0.0104999 0.220253 0)
(-0.0864398 0.500172 0)
(-0.204457 0.639092 0)
(-0.326933 0.675979 0)
(-0.449881 0.653722 0)
(-0.562729 0.589331 0)
(-0.663078 0.504707 0)
(-0.749674 0.399274 0)
(-0.818404 0.281566 0)
(-0.869864 0.150975 0)
(-0.899833 0.00984127 0)
(-0.906011 -0.136578 0)
(-0.887501 -0.289291 0)
(-0.833601 -0.434933 0)
(-0.754806 -0.574199 0)
(-0.627277 -0.682933 0)
(-0.491123 -0.751608 0)
(-0.305552 -0.745393 0)
(-0.168828 -0.635094 0)
(-0.0063986 -0.395377 0)
(1.56689e-164 -1.46922e-77 0)
(-0.0112622 0.265439 0)
(-0.0950174 0.596413 0)
(-0.228414 0.759766 0)
(-0.364702 0.799788 0)
(-0.500716 0.773099 0)
(-0.624606 0.697483 0)
(-0.733656 0.600492 0)
(-0.829448 0.479776 0)
(-0.90622 0.345771 0)
(-0.968461 0.196654 0)
(-1.00897 0.0341622 0)
(-1.02869 -0.136292 0)
(-1.02188 -0.318751 0)
(-0.979073 -0.496703 0)
(-0.90429 -0.67426 0)
(-0.771584 -0.817376 0)
(-0.617822 -0.9157 0)
(-0.401283 -0.915502 0)
(-0.230388 -0.783051 0)
(-0.0571602 -0.484698 0)
(6.27392e-266 0.00673899 0)
(-0.0132255 0.327867 0)
(-0.104866 0.719628 0)
(-0.253217 0.910772 0)
(-0.40242 0.949485 0)
(-0.549781 0.915391 0)
(-0.683192 0.822886 0)
(-0.798824 0.710764 0)
(-0.902272 0.572072 0)
(-0.985611 0.421108 0)
(-1.0584 0.253612 0)
(-1.11049 0.0699261 0)
(-1.14696 -0.124299 0)
(-1.15762 -0.339584 0)
(-1.13386 -0.554148 0)
(-1.07274 -0.782644 0)
(-0.941966 -0.973077 0)
(-0.772566 -1.1225 0)
(-0.509888 -1.13972 0)
(-0.281278 -0.977757 0)
(-0.0394977 -0.635411 0)
(0.026956 -0.0597131 0)
(-0.0183177 0.379375 0)
(-0.125666 0.833504 0)
(-0.296976 1.05464 0)
(-0.462883 1.0933 0)
(-0.620555 1.05235 0)
(-0.761519 0.944311 0)
(-0.878568 0.818899 0)
(-0.985713 0.66542 0)
(-1.07051 0.501769 0)
(-1.1516 0.32136 0)
(-1.21343 0.123077 0)
(-1.27014 -0.0886133 0)
(-1.3031 -0.330743 0)
(-1.31146 -0.580811 0)
(-1.27694 -0.863686 0)
(-1.16658 -1.11774 0)
(-0.992806 -1.34334 0)
(-0.67275 -1.40945 0)
(-0.37762 -1.24699 0)
(0.0407486 -0.7954 0)
(1.4668e-231 -0.00673899 0)
(-0.0251987 0.474924 0)
(-0.148675 1.00158 0)
(-0.341238 1.2521 0)
(-0.520991 1.27452 0)
(-0.684461 1.21746 0)
(-0.828348 1.08158 0)
(-0.941404 0.937122 0)
(-1.04688 0.764323 0)
(-1.12765 0.587743 0)
(-1.21194 0.396587 0)
(-1.27979 0.187851 0)
(-1.35493 -0.0348971 0)
(-1.41349 -0.300129 0)
(-1.46254 -0.581371 0)
(-1.47402 -0.930394 0)
(-1.41184 -1.26077 0)
(-1.26835 -1.61969 0)
(-0.931309 -1.76525 0)
(-0.562828 -1.68949 0)
(-0.00174491 -1.03554 0)
(3.45371e-202 3.06876e-184 0)
(-0.0433744 0.545934 0)
(-0.20087 1.1434 0)
(-0.427025 1.42278 0)
(-0.623777 1.43083 0)
(-0.782658 1.35775 0)
(-0.920029 1.19757 0)
(-1.01288 1.03677 0)
(-1.10429 0.850055 0)
(-1.16621 0.666722 0)
(-1.24321 0.473615 0)
(-1.30532 0.266264 0)
(-1.3942 0.0466288 0)
(-1.47233 -0.222194 0)
(-1.57323 -0.5177 0)
(-1.6393 -0.91115 0)
(-1.67132 -1.32138 0)
(-1.58773 -1.81567 0)
(-1.3019 -2.11938 0)
(-0.856936 -2.16045 0)
(-0.00296829 -1.3742 0)
(1.2275e-183 2.53176e-184 0)
(-0.063894 0.726812 0)
(-0.253393 1.38969 0)
(-0.500126 1.68419 0)
(-0.699949 1.63151 0)
(-0.838873 1.52058 0)
(-0.954447 1.31231 0)
(-1.01268 1.12525 0)
(-1.07475 0.917968 0)
(-1.10304 0.727767 0)
(-1.15578 0.536091 0)
(-1.19518 0.337416 0)
(-1.27689 0.132706 0)
(-1.35705 -0.125274 0)
(-1.48904 -0.413581 0)
(-1.61065 -0.839744 0)
(-1.74417 -1.31186 0)
(-1.79625 -2.00136 0)
(-1.65734 -2.50249 0)
(-1.31898 -3.01077 0)
(-0.375514 -1.9237 0)
(3.1632e-254 -3.06876e-184 0)
(-0.129494 0.848323 0)
(-0.392372 1.56609 0)
(-0.649367 1.86304 0)
(-0.830249 1.75912 0)
(-0.891683 1.61045 0)
(-0.943577 1.36565 0)
(-0.917407 1.15703 0)
(-0.914848 0.938428 0)
(-0.874595 0.748011 0)
(-0.877107 0.566593 0)
(-0.865919 0.387414 0)
(-0.91936 0.211843 0)
(-0.970242 -0.00994155 0)
(-1.1202 -0.258164 0)
(-1.26118 -0.653348 0)
(-1.54313 -1.1278 0)
(-1.72669 -1.88744 0)
(-2.04377 -2.59681 0)
(-1.84346 -3.38457 0)
(-1.7994 -2.7489 0)
(-2.14172e-264 -0.18492 0)
(-0.181975 1.26904 0)
(-0.472091 1.91352 0)
(-0.658996 2.1436 0)
(-0.74617 1.87392 0)
(-0.671946 1.64745 0)
(-0.606634 1.33779 0)
(-0.460311 1.10303 0)
(-0.35953 0.875254 0)
(-0.2271 0.691751 0)
(-0.154178 0.528359 0)
(-0.0703052 0.377578 0)
(-0.0631907 0.239429 0)
(-0.0515006 0.0689025 0)
(-0.155344 -0.117521 0)
(-0.260299 -0.4312 0)
(-0.557343 -0.834229 0)
(-0.844964 -1.53138 0)
(-1.37681 -2.3504 0)
(-1.63734 -3.33828 0)
(-1.85511 -3.66028 0)
(-0.739679 -1.99693 0)
(-0.396224 1.46705 0)
(-0.734107 2.01383 0)
(-0.589799 2.13043 0)
(-0.415167 1.75522 0)
(-0.00750468 1.47195 0)
(0.278819 1.14673 0)
(0.631463 0.912208 0)
(0.873191 0.703573 0)
(1.12647 0.544266 0)
(1.28611 0.412 0)
(1.44855 0.296857 0)
(1.51459 0.19914 0)
(1.59307 0.0815886 0)
(1.53447 -0.037544 0)
(1.50031 -0.252055 0)
(1.21337 -0.522017 0)
(0.953211 -1.06616 0)
(0.244219 -1.76728 0)
(-0.2873 -2.89871 0)
(-1.01002 -3.58048 0)
(-0.67963 -2.7997 0)
(-0.247086 2.46081 0)
(-0.0655893 2.10152 0)
(0.715663 1.87602 0)
(1.30985 1.28599 0)
(2.02459 0.976419 0)
(2.51382 0.695342 0)
(3.0004 0.517752 0)
(3.33007 0.378966 0)
(3.64008 0.281247 0)
(3.83961 0.207209 0)
(4.03176 0.147202 0)
(4.12612 0.098815 0)
(4.23477 0.0426056 0)
(4.21542 -0.0154791 0)
(4.23173 -0.123541 0)
(4.01074 -0.267328 0)
(3.8199 -0.590248 0)
(3.12241 -1.07236 0)
(2.39517 -2.138 0)
(0.87337 -3.22485 0)
(-0.0483656 -3.76359 0)
(1.67543 1.67841 0)
(2.74179 0.985682 0)
(4.60375 0.755085 0)
(5.43494 0.422277 0)
(6.26293 0.276905 0)
(6.70799 0.162956 0)
(7.10407 0.103472 0)
(7.33515 0.0630912 0)
(7.53942 0.039188 0)
(7.65624 0.0233453 0)
(7.76831 0.0119014 0)
(7.81304 0.00295125 0)
(7.87265 -0.00856341 0)
(7.84183 -0.0208867 0)
(7.84512 -0.0494111 0)
(7.65932 -0.0819461 0)
(7.51748 -0.177711 0)
(6.87297 -0.285664 0)
(6.20922 -0.638917 0)
(4.0299 -1.0257 0)
(2.02692 -1.8586 0)
)
;

boundaryField
{
    movingWall
    {
        type            fixedValue;
        value           uniform (10 0 0);
    }
    fixedWalls
    {
        type            noSlip;
    }
    frontAndBack
    {
        type            empty;
    }
}


// ************************************************************************* //
