/*--------------------------------*- C++ -*----------------------------------*\
| =========                 |                                                 |
| \\      /  F ield         | OpenFOAM: The Open Source CFD Toolbox           |
|  \\    /   O peration     | Version:  4.1                                   |
|   \\  /    A nd           | Web:      www.OpenFOAM.org                      |
|    \\/     M anipulation  |                                                 |
\*---------------------------------------------------------------------------*/
FoamFile
{
    version     2.0;
    format      ascii;
    class       volVectorField;
    location    "0.0544224";
    object      U;
}
// * * * * * * * * * * * * * * * * * * * * * * * * * * * * * * * * * * * * * //

dimensions      [0 1 -1 0 0 0 0];

internalField   nonuniform List<vector> 
441
(
(0.000748425 -0.000720586 0)
(9.94229e-05 0.000114224 0)
(-0.00426136 0.000889076 0)
(-0.0112569 0.00151711 0)
(-0.0202172 0.00182678 0)
(-0.0298692 0.00192744 0)
(-0.0394157 0.00182873 0)
(-0.0479814 0.00158615 0)
(-0.054934 0.00121326 0)
(-0.0596796 0.000734593 0)
(-0.0617866 0.000170124 0)
(-0.0609515 -0.000445774 0)
(-0.057106 -0.00106241 0)
(-0.0504244 -0.00161598 0)
(-0.041448 -0.00202118 0)
(-0.0309798 -0.00220803 0)
(-0.0202537 -0.00208457 0)
(-0.0104786 -0.00165273 0)
(-0.00322789 -0.000854212 0)
(0.00078264 3.41723e-05 0)
(0.000893757 0.000850089 0)
(-1.29288e-05 -0.000153578 0)
(-0.00548411 0.00550773 0)
(-0.0188219 0.0111735 0)
(-0.0375435 0.0155847 0)
(-0.0602368 0.0179744 0)
(-0.0842693 0.0185496 0)
(-0.107761 0.0174517 0)
(-0.128708 0.0149503 0)
(-0.145561 0.0112438 0)
(-0.156932 0.00656572 0)
(-0.161819 0.00118277 0)
(-0.159579 -0.00454694 0)
(-0.150117 -0.010157 0)
(-0.133922 -0.0150863 0)
(-0.112259 -0.0187002 0)
(-0.0869919 -0.0204229 0)
(-0.0608102 -0.0197529 0)
(-0.0363936 -0.0166085 0)
(-0.0170037 -0.0111168 0)
(-0.0041783 -0.00468877 0)
(0.000259188 0.000863131 0)
(-0.000840897 0.00417627 0)
(-0.0119675 0.0189621 0)
(-0.0344124 0.0324989 0)
(-0.0639095 0.0426351 0)
(-0.0984481 0.0480676 0)
(-0.13441 0.0490301 0)
(-0.169193 0.0458357 0)
(-0.200016 0.0390476 0)
(-0.224701 0.0291857 0)
(-0.24131 0.0168629 0)
(-0.248446 0.0028055 0)
(-0.245229 -0.0120489 0)
(-0.231532 -0.0265201 0)
(-0.20803 -0.0392194 0)
(-0.176446 -0.0486289 0)
(-0.139324 -0.0533641 0)
(-0.100332 -0.052316 0)
(-0.0631558 -0.0452585 0)
(-0.0323719 -0.0326736 0)
(-0.0102737 -0.0172806 0)
(-0.000449908 -0.00256226 0)
(-0.00164648 0.0118392 0)
(-0.0184124 0.0395246 0)
(-0.049783 0.0629968 0)
(-0.0894386 0.0798123 0)
(-0.134755 0.0884893 0)
(-0.181247 0.0894035 0)
(-0.225808 0.0831211 0)
(-0.265114 0.0705542 0)
(-0.296566 0.0526139 0)
(-0.317842 0.0303723 0)
(-0.327249 0.00511494 0)
(-0.323684 -0.0215221 0)
(-0.306919 -0.0475013 0)
(-0.27765 -0.0704337 0)
(-0.237826 -0.0877232 0)
(-0.19039 -0.0969638 0)
(-0.139743 -0.0962429 0)
(-0.090397 -0.0850205 0)
(-0.0482715 -0.0640272 0)
(-0.0165752 -0.0371156 0)
(-0.00113809 -0.00914166 0)
(-0.00231745 0.0228608 0)
(-0.0243877 0.0674495 0)
(-0.0643799 0.103042 0)
(-0.113811 0.127463 0)
(-0.169391 0.139474 0)
(-0.225784 0.139801 0)
(-0.279487 0.129401 0)
(-0.326765 0.109608 0)
(-0.364732 0.0817818 0)
(-0.390773 0.0474977 0)
(-0.402932 0.00865039 0)
(-0.39985 -0.0323614 0)
(-0.381076 -0.0725488 0)
(-0.347151 -0.108381 0)
(-0.300033 -0.135984 0)
(-0.242864 -0.151665 0)
(-0.180667 -0.152405 0)
(-0.118783 -0.137036 0)
(-0.0647104 -0.106285 0)
(-0.0228539 -0.0649214 0)
(-0.00171148 -0.0190189 0)
(-0.00294016 0.0368375 0)
(-0.0300642 0.102123 0)
(-0.078391 0.151912 0)
(-0.137279 0.184749 0)
(-0.202758 0.200085 0)
(-0.268663 0.199274 0)
(-0.331174 0.183853 0)
(-0.386251 0.15566 0)
(-0.430821 0.116538 0)
(-0.462048 0.0685569 0)
(-0.477725 0.0141953 0)
(-0.476175 -0.0434063 0)
(-0.456595 -0.100295 0)
(-0.419169 -0.151716 0)
(-0.365631 -0.192332 0)
(-0.299106 -0.216842 0)
(-0.225124 -0.220702 0)
(-0.14988 -0.201616 0)
(-0.0827467 -0.159888 0)
(-0.0296613 -0.100941 0)
(-0.00230436 -0.0321017 0)
(-0.00352666 0.0537154 0)
(-0.0355369 0.143455 0)
(-0.0919598 0.20952 0)
(-0.16001 0.251589 0)
(-0.235037 0.270253 0)
(-0.310096 0.267799 0)
(-0.38113 0.246561 0)
(-0.443903 0.208979 0)
(-0.495254 0.157398 0)
(-0.532201 0.094334 0)
(-0.552308 0.0227687 0)
(-0.55353 -0.0535039 0)
(-0.534577 -0.129623 0)
(-0.495067 -0.199573 0)
(-0.436235 -0.256384 0)
(-0.360907 -0.292767 0)
(-0.274917 -0.302089 0)
(-0.185284 -0.28022 0)
(-0.103535 -0.226421 0)
(-0.0375623 -0.146403 0)
(-0.00299278 -0.0488733 0)
(-0.00411897 0.0733948 0)
(-0.0409285 0.191213 0)
(-0.105216 0.275517 0)
(-0.182037 0.327525 0)
(-0.266072 0.349454 0)
(-0.349673 0.344868 0)
(-0.428657 0.317155 0)
(-0.498736 0.269452 0)
(-0.556793 0.204616 0)
(-0.599821 0.125517 0)
(-0.625209 0.0354985 0)
(-0.630546 -0.0611652 0)
(-0.613946 -0.158857 0)
(-0.574253 -0.250357 0)
(-0.511878 -0.326954 0)
(-0.428957 -0.378977 0)
(-0.331256 -0.39703 0)
(-0.226407 -0.37416 0)
(-0.128283 -0.307663 0)
(-0.0472218 -0.202885 0)
(-0.00389894 -0.0700393 0)
(-0.00472826 0.0958432 0)
(-0.0463055 0.245226 0)
(-0.118194 0.349547 0)
(-0.203207 0.411991 0)
(-0.295348 0.436978 0)
(-0.386391 0.429725 0)
(-0.472172 0.394976 0)
(-0.548555 0.336671 0)
(-0.612659 0.25818 0)
(-0.661631 0.162604 0)
(-0.692824 0.0534484 0)
(-0.703532 -0.0647861 0)
(-0.691237 -0.185991 0)
(-0.653838 -0.301932 0)
(-0.590559 -0.402181 0)
(-0.502345 -0.474354 0)
(-0.394273 -0.505553 0)
(-0.274109 -0.484712 0)
(-0.158014 -0.405796 0)
(-0.0592849 -0.272574 0)
(-0.00513674 -0.0967123 0)
(-0.0054032 0.12117 0)
(-0.0517786 0.305437 0)
(-0.130919 0.431207 0)
(-0.223222 0.504144 0)
(-0.321989 0.531619 0)
(-0.4186 0.520946 0)
(-0.509107 0.4786 0)
(-0.589816 0.409435 0)
(-0.658331 0.317342 0)
(-0.712233 0.205505 0)
(-0.749067 0.0773449 0)
(-0.766025 -0.0627547 0)
(-0.760024 -0.208593 0)
(-0.727948 -0.351296 0)
(-0.667491 -0.47897 0)
(-0.577818 -0.576374 0)
(-0.462415 -0.626444 0)
(-0.328314 -0.612415 0)
(-0.193434 -0.522962 0)
(-0.0744183 -0.358101 0)
(-0.0068721 -0.13043 0)
(-0.00619245 0.149312 0)
(-0.0575801 0.371439 0)
(-0.143586 0.519544 0)
(-0.241875 0.602347 0)
(-0.344997 0.631185 0)
(-0.444231 0.615983 0)
(-0.536115 0.565403 0)
(-0.617793 0.48534 0)
(-0.687689 0.380222 0)
(-0.744193 0.253157 0)
(-0.785378 0.107207 0)
(-0.808668 -0.053764 0)
(-0.810647 -0.223997 0)
(-0.787279 -0.394571 0)
(-0.73448 -0.552703 0)
(-0.649064 -0.680501 0)
(-0.531751 -0.756367 0)
(-0.387513 -0.756095 0)
(-0.234702 -0.660469 0)
(-0.0932891 -0.462065 0)
(-0.00930867 -0.172984 0)
(-0.00729623 0.180996 0)
(-0.0642216 0.44368 0)
(-0.156611 0.614085 0)
(-0.258984 0.704874 0)
(-0.363081 0.732892 0)
(-0.460583 0.711286 0)
(-0.548865 0.651493 0)
(-0.626439 0.560552 0)
(-0.692931 0.443463 0)
(-0.748003 0.303092 0)
(-0.790684 0.141873 0)
(-0.819112 -0.0372996 0)
(-0.829957 -0.229749 0)
(-0.818609 -0.427325 0)
(-0.779186 -0.617332 0)
(-0.705758 -0.779971 0)
(-0.594937 -0.889356 0)
(-0.447894 -0.912274 0)
(-0.280941 -0.818497 0)
(-0.116523 -0.587291 0)
(-0.0127905 -0.227005 0)
(-0.00896267 0.21618 0)
(-0.0727836 0.521238 0)
(-0.171183 0.712576 0)
(-0.275015 0.807864 0)
(-0.375204 0.831668 0)
(-0.464764 0.801008 0)
(-0.542397 0.730746 0)
(-0.608699 0.629112 0)
(-0.664914 0.501706 0)
(-0.712493 0.351003 0)
(-0.751877 0.178578 0)
(-0.782506 -0.014047 0)
(-0.801728 -0.223948 0)
(-0.805022 -0.44472 0)
(-0.785032 -0.665137 0)
(-0.733112 -0.864909 0)
(-0.64049 -1.01511 0)
(-0.502603 -1.07271 0)
(-0.329773 -0.993395 0)
(-0.14468 -0.734615 0)
(-0.0177647 -0.294808 0)
(-0.0119717 0.258287 0)
(-0.0849682 0.606861 0)
(-0.188488 0.815254 0)
(-0.289701 0.908388 0)
(-0.378876 0.922208 0)
(-0.451977 0.878251 0)
(-0.509616 0.795506 0)
(-0.555368 0.683256 0)
(-0.592448 0.547631 0)
(-0.624556 0.390538 0)
(-0.653919 0.212504 0)
(-0.681848 0.0133643 0)
(-0.707056 -0.206301 0)
(-0.726078 -0.442849 0)
(-0.730893 -0.688214 0)
(-0.710916 -0.923767 0)
(-0.651183 -1.12013 0)
(-0.53983 -1.2252 0)
(-0.375743 -1.17866 0)
(-0.177761 -0.904847 0)
(-0.0250583 -0.381083 0)
(-0.0172993 0.306815 0)
(-0.104231 0.697093 0)
(-0.211376 0.915545 0)
(-0.303596 0.99701 0)
(-0.37109 0.993593 0)
(-0.415868 0.931633 0)
(-0.441214 0.834669 0)
(-0.454846 0.712591 0)
(-0.462136 0.571832 0)
(-0.46931 0.413531 0)
(-0.480469 0.237086 0)
(-0.49914 0.0405622 0)
(-0.525951 -0.178098 0)
(-0.559626 -0.418758 0)
(-0.592765 -0.678174 0)
(-0.614676 -0.942057 0)
(-0.604397 -1.18465 0)
(-0.542483 -1.34792 0)
(-0.409679 -1.3567 0)
(-0.215149 -1.09001 0)
(-0.0356535 -0.486992 0)
(-0.0273773 0.375784 0)
(-0.133232 0.802034 0)
(-0.237634 1.01585 0)
(-0.309107 1.06847 0)
(-0.339022 1.03619 0)
(-0.340057 0.94949 0)
(-0.318647 0.836212 0)
(-0.287724 0.70565 0)
(-0.254528 0.563806 0)
(-0.227646 0.410618 0)
(-0.212643 0.244229 0)
(-0.215101 0.0610315 0)
(-0.23769 -0.143559 0)
(-0.282263 -0.373131 0)
(-0.343607 -0.630451 0)
(-0.414005 -0.908334 0)
(-0.468525 -1.19001 0)
(-0.482737 -1.41781 0)
(-0.412794 -1.50813 0)
(-0.251977 -1.2844 0)
(-0.0512061 -0.622693 0)
(-0.0454533 0.456375 0)
(-0.179432 0.901635 0)
(-0.265676 1.09023 0)
(-0.294856 1.09604 0)
(-0.261686 1.02582 0)
(-0.197841 0.911853 0)
(-0.112573 0.784344 0)
(-0.0247335 0.650285 0)
(0.0578509 0.514123 0)
(0.125231 0.374194 0)
(0.171585 0.227403 0)
(0.190199 0.0689408 0)
(0.176992 -0.107517 0)
(0.126724 -0.308465 0)
(0.0411912 -0.542372 0)
(-0.0787427 -0.810719 0)
(-0.208345 -1.11084 0)
(-0.325631 -1.39493 0)
(-0.357853 -1.58451 0)
(-0.279362 -1.44846 0)
(-0.0727009 -0.775894 0)
(-0.0739886 0.603435 0)
(-0.225192 1.02325 0)
(-0.249756 1.14143 0)
(-0.198541 1.06658 0)
(-0.0703201 0.944967 0)
(0.0780589 0.80247 0)
(0.238147 0.666193 0)
(0.386982 0.537282 0)
(0.518926 0.416451 0)
(0.62477 0.299683 0)
(0.700293 0.182551 0)
(0.739249 0.0596062 0)
(0.737515 -0.0760582 0)
(0.687358 -0.232258 0)
(0.58714 -0.421204 0)
(0.427831 -0.652518 0)
(0.227943 -0.940862 0)
(-0.00709229 -1.25964 0)
(-0.181438 -1.55817 0)
(-0.259214 -1.56741 0)
(-0.0974684 -0.975251 0)
(-0.113355 0.726066 0)
(-0.253092 1.05138 0)
(-0.116957 1.06363 0)
(0.0764958 0.908553 0)
(0.339836 0.751215 0)
(0.585959 0.60235 0)
(0.819105 0.477672 0)
(1.01808 0.371337 0)
(1.18464 0.279502 0)
(1.31374 0.196475 0)
(1.40506 0.117274 0)
(1.45468 0.0369261 0)
(1.45996 -0.0503789 0)
(1.41232 -0.151402 0)
(1.308 -0.27775 0)
(1.12773 -0.44234 0)
(0.879771 -0.671433 0)
(0.534921 -0.966085 0)
(0.194696 -1.32373 0)
(-0.133377 -1.49353 0)
(-0.105769 -1.10814 0)
(-0.042188 1.02294 0)
(0.057767 1.02293 0)
(0.490574 0.847723 0)
(0.849721 0.609235 0)
(1.21709 0.443964 0)
(1.51038 0.321819 0)
(1.76071 0.235573 0)
(1.95818 0.171748 0)
(2.11435 0.122323 0)
(2.23004 0.0814407 0)
(2.30903 0.0448475 0)
(2.35042 0.00918101 0)
(2.35377 -0.0289885 0)
(2.31199 -0.0738286 0)
(2.22198 -0.132818 0)
(2.06055 -0.216938 0)
(1.82805 -0.353301 0)
(1.45758 -0.566093 0)
(1.01245 -0.920288 0)
(0.369674 -1.25187 0)
(0.035594 -1.27719 0)
(0.845429 0.576573 0)
(1.31706 0.399929 0)
(2.06323 0.261991 0)
(2.4553 0.155037 0)
(2.77614 0.0927485 0)
(2.98182 0.0564193 0)
(3.13515 0.0346649 0)
(3.2419 0.0215602 0)
(3.31905 0.0129087 0)
(3.37126 0.00680067 0)
(3.40349 0.00187661 0)
(3.41656 -0.00270335 0)
(3.41119 -0.00761031 0)
(3.38321 -0.0139553 0)
(3.33101 -0.0231613 0)
(3.2357 -0.0388802 0)
(3.09455 -0.0679353 0)
(2.82539 -0.122144 0)
(2.45337 -0.231258 0)
(1.63297 -0.388066 0)
(0.924201 -0.58734 0)
)
;

boundaryField
{
    movingWall
    {
        type            fixedValue;
        value           uniform (4 0 0);
    }
    fixedWalls
    {
        type            noSlip;
    }
    frontAndBack
    {
        type            empty;
    }
}


// ************************************************************************* //
