/*--------------------------------*- C++ -*----------------------------------*\
| =========                 |                                                 |
| \\      /  F ield         | OpenFOAM: The Open Source CFD Toolbox           |
|  \\    /   O peration     | Version:  4.1                                   |
|   \\  /    A nd           | Web:      www.OpenFOAM.org                      |
|    \\/     M anipulation  |                                                 |
\*---------------------------------------------------------------------------*/
FoamFile
{
    version     2.0;
    format      ascii;
    class       volVectorField;
    location    "0.0904";
    object      U;
}
// * * * * * * * * * * * * * * * * * * * * * * * * * * * * * * * * * * * * * //

dimensions      [0 1 -1 0 0 0 0];

internalField   nonuniform List<vector> 
441
(
(0.00376045 -0.00484836 0)
(0.00984236 -0.00253996 0)
(-0.000634989 -2.21287e-165 0)
(0.00198007 -3.36162e-266 0)
(-0.00837 -0.0079206 0)
(-0.00198007 -3.07905e-232 0)
(-1.14695e-202 -5.66461e-203 0)
(-1.41608e-203 -7.43617e-228 0)
(-1.73576e-212 -3.24632e-213 0)
(-0.00619835 9.19132e-266 0)
(-0.0760019 0.0247944 0)
(-0.0954179 0.0129523 0)
(-0.107373 0.00591254 0)
(-0.0943101 0.000372907 0)
(-0.0774042 -0.00169157 0)
(-0.0513184 -0.00305742 0)
(-0.0289007 -0.0021753 0)
(-0.00902092 -0.00159293 0)
(0.00295128 0.000773649 0)
(0.00460689 0.00154498 0)
(0.00459443 0.00302303 0)
(0.00388446 -0.00856986 0)
(-0.000844053 0.00686092 0)
(-0.0275357 0.00856162 0)
(-0.0597489 0.0107647 0)
(-0.107895 0.010989 0)
(-0.153522 -0.00320942 0)
(-0.196556 -0.000142836 0)
(-0.238013 0.00168771 0)
(-0.274818 0.0133758 0)
(-0.311832 0.0676743 0)
(-0.336883 0.0622098 0)
(-0.330887 0.0188504 0)
(-0.315431 -0.00764129 0)
(-0.272253 -0.0311376 0)
(-0.22156 -0.0414994 0)
(-0.157879 -0.0467798 0)
(-0.100413 -0.0399523 0)
(-0.0494632 -0.0315457 0)
(-0.0152441 -0.013877 0)
(-0.000966205 -0.00391002 0)
(0.00498427 0.00640517 0)
(0.00769055 -0.00839302 0)
(-0.00518121 0.0284927 0)
(-0.0547328 0.0575078 0)
(-0.122184 0.0777682 0)
(-0.204825 0.0846608 0)
(-0.290426 0.0844597 0)
(-0.382561 0.0815458 0)
(-0.457725 0.0757205 0)
(-0.531424 0.0709853 0)
(-0.567547 0.0667158 0)
(-0.563382 0.0447919 0)
(-0.544704 -0.00722447 0)
(-0.506747 -0.0520279 0)
(-0.44012 -0.0932872 0)
(-0.360732 -0.115085 0)
(-0.264949 -0.124491 0)
(-0.176226 -0.109393 0)
(-0.0952577 -0.0872878 0)
(-0.0384263 -0.0466119 0)
(-0.00805465 -0.0191343 0)
(0.00641652 0.00742531 0)
(0.00640746 -0.0114211 0)
(-0.0165298 0.0710733 0)
(-0.0984516 0.125513 0)
(-0.19535 0.163336 0)
(-0.309679 0.179598 0)
(-0.424931 0.177336 0)
(-0.538588 0.168923 0)
(-0.637104 0.151488 0)
(-0.718077 0.125724 0)
(-0.765735 0.0968767 0)
(-0.775062 0.039088 0)
(-0.750658 -0.0389418 0)
(-0.69951 -0.112407 0)
(-0.611784 -0.178368 0)
(-0.506538 -0.216526 0)
(-0.379198 -0.232861 0)
(-0.259053 -0.209088 0)
(-0.145996 -0.171053 0)
(-0.0646067 -0.100189 0)
(-0.0158684 -0.0501515 0)
(0.00803796 0.0051555 0)
(6.99609e-165 0.00160187 0)
(-0.0251297 0.132889 0)
(-0.143347 0.23552 0)
(-0.264657 0.287498 0)
(-0.409021 0.313087 0)
(-0.549507 0.311452 0)
(-0.689357 0.292336 0)
(-0.807928 0.254056 0)
(-0.906222 0.19884 0)
(-0.964222 0.12443 0)
(-0.981415 0.0301245 0)
(-0.958178 -0.082509 0)
(-0.899076 -0.190133 0)
(-0.795084 -0.286632 0)
(-0.666262 -0.346586 0)
(-0.50584 -0.372911 0)
(-0.351861 -0.341092 0)
(-0.19983 -0.282898 0)
(-0.0911734 -0.175001 0)
(-0.0185503 -0.0926802 0)
(0.0146506 0.000380824 0)
(-5.66976e-266 0.00587765 0)
(-0.0911746 0.21928 0)
(-0.200405 0.36296 0)
(-0.346126 0.430891 0)
(-0.504221 0.464281 0)
(-0.666227 0.458759 0)
(-0.82267 0.427978 0)
(-0.960682 0.368613 0)
(-1.07433 0.282934 0)
(-1.14979 0.171268 0)
(-1.1844 0.0333481 0)
(-1.16956 -0.122337 0)
(-1.11139 -0.275262 0)
(-0.996244 -0.412869 0)
(-0.847061 -0.505344 0)
(-0.652486 -0.549832 0)
(-0.460707 -0.51405 0)
(-0.263116 -0.434972 0)
(-0.121688 -0.279447 0)
(-0.0211262 -0.159247 0)
(0.0161371 0.00262193 0)
(-0.0235106 0.0960445 0)
(-0.127146 0.329636 0)
(-0.25284 0.490828 0)
(-0.41307 0.589405 0)
(-0.590428 0.632301 0)
(-0.771078 0.628354 0)
(-0.947973 0.585902 0)
(-1.1061 0.504729 0)
(-1.24083 0.387679 0)
(-1.33693 0.234237 0)
(-1.39172 0.0503814 0)
(-1.3919 -0.155848 0)
(-1.34161 -0.362448 0)
(-1.22197 -0.551962 0)
(-1.05718 -0.688892 0)
(-0.827685 -0.761246 0)
(-0.595657 -0.72818 0)
(-0.339232 -0.624469 0)
(-0.162315 -0.413686 0)
(-0.00795504 -0.232398 0)
(5.98663e-266 -0.00403428 0)
(-0.0173623 0.159027 0)
(-0.121738 0.449784 0)
(-0.276012 0.649406 0)
(-0.456896 0.769243 0)
(-0.65418 0.822468 0)
(-0.853927 0.816564 0)
(-1.04923 0.763273 0)
(-1.22832 0.661315 0)
(-1.38516 0.51419 0)
(-1.50644 0.32158 0)
(-1.58742 0.088751 0)
(-1.61062 -0.173555 0)
(-1.57791 -0.444664 0)
(-1.46355 -0.699595 0)
(-1.29117 -0.898965 0)
(-1.03154 -1.01566 0)
(-0.757145 -1.00088 0)
(-0.436904 -0.874823 0)
(-0.210419 -0.606057 0)
(-0.00376841 -0.331215 0)
(2.62591e-24 -1.05791e-24 0)
(-0.0154111 0.231412 0)
(-0.125116 0.586367 0)
(-0.29591 0.824286 0)
(-0.49138 0.965628 0)
(-0.704647 1.02792 0)
(-0.919302 1.0217 0)
(-1.13089 0.959306 0)
(-1.32868 0.839438 0)
(-1.50739 0.665505 0)
(-1.65467 0.435823 0)
(-1.7645 0.155154 0)
(-1.8173 -0.165921 0)
(-1.8114 -0.508059 0)
(-1.71459 -0.840076 0)
(-1.54727 -1.11872 0)
(-1.26769 -1.29864 0)
(-0.956072 -1.31915 0)
(-0.567153 -1.17674 0)
(-0.281603 -0.838935 0)
(-0.00503944 -0.450946 0)
(1.06728e-76 -6.56478e-25 0)
(-0.0133283 0.300104 0)
(-0.122057 0.732002 0)
(-0.301573 1.01635 0)
(-0.504937 1.17852 0)
(-0.727223 1.25075 0)
(-0.950673 1.24271 0)
(-1.17181 1.17284 0)
(-1.38288 1.03734 0)
(-1.57848 0.840347 0)
(-1.74938 0.577965 0)
(-1.88806 0.251721 0)
(-1.97485 -0.127853 0)
(-2.0045 -0.546665 0)
(-1.93915 -0.966411 0)
(-1.79338 -1.345 0)
(-1.51132 -1.613 0)
(-1.17369 -1.6999 0)
(-0.718896 -1.55993 0)
(-0.365973 -1.16244 0)
(-0.00727711 -0.628489 0)
(2.96528e-164 -2.66821e-77 0)
(-0.0132314 0.36328 0)
(-0.122099 0.872825 0)
(-0.305743 1.20478 0)
(-0.510894 1.38894 0)
(-0.733848 1.47187 0)
(-0.957002 1.46419 0)
(-1.1773 1.39034 0)
(-1.39132 1.24458 0)
(-1.59333 1.03158 0)
(-1.77948 0.744553 0)
(-1.94071 0.381256 0)
(-2.06122 -0.0498707 0)
(-2.13145 -0.541678 0)
(-2.11189 -1.05214 0)
(-2.00803 -1.54307 0)
(-1.75036 -1.92225 0)
(-1.41146 -2.10657 0)
(-0.910063 -1.99302 0)
(-0.490878 -1.53866 0)
(-0.0816517 -0.830465 0)
(1.7929e-265 0.0133625 0)
(-0.0136174 0.436314 0)
(-0.117737 1.02669 0)
(-0.297518 1.4066 0)
(-0.494798 1.60729 0)
(-0.7068 1.69798 0)
(-0.917262 1.6861 0)
(-1.12266 1.60779 0)
(-1.32517 1.45292 0)
(-1.51831 1.2287 0)
(-1.70554 0.924664 0)
(-1.87701 0.533606 0)
(-2.02386 0.0619328 0)
(-2.1339 -0.49532 0)
(-2.16969 -1.09201 0)
(-2.12729 -1.70524 0)
(-1.92454 -2.21618 0)
(-1.61447 -2.5389 0)
(-1.0866 -2.49511 0)
(-0.588505 -1.98492 0)
(-0.0762954 -1.13939 0)
(0.0534502 -0.0773957 0)
(-0.0167308 0.49024 0)
(-0.119874 1.15377 0)
(-0.297018 1.57893 0)
(-0.481703 1.7949 0)
(-0.671412 1.89253 0)
(-0.855416 1.87749 0)
(-1.02725 1.79733 0)
(-1.19923 1.63874 0)
(-1.36157 1.41175 0)
(-1.52966 1.10282 0)
(-1.6907 0.700409 0)
(-1.8496 0.207559 0)
(-1.98922 -0.393067 0)
(-2.08485 -1.05785 0)
(-2.11907 -1.78265 0)
(-2.00526 -2.43674 0)
(-1.77223 -2.93771 0)
(-1.24409 -3.02799 0)
(-0.716521 -2.54255 0)
(0.0434694 -1.47972 0)
(2.46971e-231 -0.0133625 0)
(-0.0211062 0.575902 0)
(-0.120384 1.31003 0)
(-0.287586 1.77234 0)
(-0.449246 1.98282 0)
(-0.602749 2.07492 0)
(-0.744545 2.04238 0)
(-0.864658 1.95369 0)
(-0.986211 1.78745 0)
(-1.09573 1.56004 0)
(-1.22101 1.25396 0)
(-1.34718 0.853638 0)
(-1.4944 0.360625 0)
(-1.64464 -0.259977 0)
(-1.79057 -0.962454 0)
(-1.90921 -1.78363 0)
(-1.92019 -2.5671 0)
(-1.82316 -3.29832 0)
(-1.40167 -3.56905 0)
(-0.892647 -3.26583 0)
(-0.00295659 -1.89391 0)
(5.8274e-202 4.58658e-184 0)
(-0.036937 0.624856 0)
(-0.150069 1.4142 0)
(-0.317593 1.90412 0)
(-0.454934 2.10469 0)
(-0.555111 2.18644 0)
(-0.636916 2.13617 0)
(-0.679083 2.03897 0)
(-0.726553 1.86882 0)
(-0.755132 1.6473 0)
(-0.812121 1.35524 0)
(-0.873494 0.975377 0)
(-0.98402 0.507782 0)
(-1.11419 -0.093458 0)
(-1.29691 -0.789058 0)
(-1.48345 -1.64479 0)
(-1.65326 -2.51927 0)
(-1.72717 -3.43949 0)
(-1.52415 -3.96697 0)
(-1.10698 -3.91755 0)
(-0.0114707 -2.4028 0)
(1.83463e-183 -1.44169e-184 0)
(-0.0555248 0.771141 0)
(-0.183616 1.59502 0)
(-0.341214 2.08682 0)
(-0.440935 2.22183 0)
(-0.471575 2.26423 0)
(-0.476014 2.16722 0)
(-0.422988 2.04779 0)
(-0.377371 1.86449 0)
(-0.305588 1.64765 0)
(-0.271039 1.37392 0)
(-0.242537 1.02572 0)
(-0.283586 0.603908 0)
(-0.360266 0.0514228 0)
(-0.535675 -0.589614 0)
(-0.762518 -1.43028 0)
(-1.06674 -2.31972 0)
(-1.36474 -3.43199 0)
(-1.48972 -4.1958 0)
(-1.39428 -4.79523 0)
(-0.466164 -3.04816 0)
(4.40142e-254 -4.58658e-184 0)
(-0.121378 0.850316 0)
(-0.31731 1.68685 0)
(-0.466547 2.15654 0)
(-0.517231 2.22548 0)
(-0.429515 2.22095 0)
(-0.322699 2.08275 0)
(-0.13118 1.94144 0)
(0.0368714 1.75056 0)
(0.239142 1.54272 0)
(0.386485 1.29482 0)
(0.529117 0.990354 0)
(0.574702 0.631662 0)
(0.5829 0.162461 0)
(0.42991 -0.377347 0)
(0.218295 -1.10571 0)
(-0.242928 -1.90601 0)
(-0.698886 -2.9904 0)
(-1.44623 -3.93624 0)
(-1.64167 -4.85017 0)
(-2.07375 -3.87335 0)
(-2.59398e-264 -0.216105 0)
(-0.177939 1.23159 0)
(-0.415405 1.9446 0)
(-0.499798 2.30922 0)
(-0.450403 2.185 0)
(-0.20905 2.08353 0)
(0.0414841 1.86841 0)
(0.387771 1.69479 0)
(0.693936 1.49427 0)
(1.0327 1.30025 0)
(1.30116 1.08588 0)
(1.56142 0.837145 0)
(1.70878 0.555258 0)
(1.81434 0.192939 0)
(1.73644 -0.215503 0)
(1.58337 -0.768402 0)
(1.13561 -1.38633 0)
(0.596511 -2.26043 0)
(-0.338478 -3.20912 0)
(-1.07593 -4.25835 0)
(-1.84074 -4.53914 0)
(-0.864419 -2.31756 0)
(-0.40061 1.40951 0)
(-0.725573 1.98005 0)
(-0.517842 2.18579 0)
(-0.23525 1.91769 0)
(0.323767 1.72994 0)
(0.790617 1.47781 0)
(1.34867 1.2909 0)
(1.8081 1.10355 0)
(2.28469 0.937512 0)
(2.65839 0.76915 0)
(3.01489 0.585282 0)
(3.23502 0.387547 0)
(3.41589 0.138298 0)
(3.38475 -0.130788 0)
(3.30159 -0.501445 0)
(2.86992 -0.897426 0)
(2.39362 -1.51749 0)
(1.36822 -2.23456 0)
(0.461296 -3.35368 0)
(-0.705531 -4.00673 0)
(-0.701442 -2.96422 0)
(-0.257521 2.41974 0)
(-0.105033 2.05647 0)
(0.682224 1.86924 0)
(1.33035 1.33509 0)
(2.14876 1.0776 0)
(2.77902 0.836237 0)
(3.43676 0.68323 0)
(3.95337 0.55388 0)
(4.45651 0.450441 0)
(4.8403 0.355448 0)
(5.19518 0.259091 0)
(5.4136 0.15973 0)
(5.59386 0.0399966 0)
(5.57754 -0.0883586 0)
(5.52304 -0.263642 0)
(5.15477 -0.456943 0)
(4.76359 -0.790437 0)
(3.83109 -1.24468 0)
(2.86722 -2.25333 0)
(1.09273 -3.33033 0)
(-0.0463862 -3.79879 0)
(1.66698 1.66931 0)
(2.70179 0.974336 0)
(4.54143 0.748196 0)
(5.38036 0.423849 0)
(6.24883 0.286624 0)
(6.76072 0.178363 0)
(7.24247 0.121587 0)
(7.56798 0.0811588 0)
(7.86767 0.0545895 0)
(8.07125 0.0338712 0)
(8.25368 0.0153846 0)
(8.34276 -0.0019664 0)
(8.41454 -0.0231014 0)
(8.35587 -0.0438628 0)
(8.29385 -0.0790818 0)
(8.006 -0.111892 0)
(7.74981 -0.200865 0)
(6.99563 -0.293247 0)
(6.26221 -0.625009 0)
(4.04575 -0.997204 0)
(2.00508 -1.81777 0)
)
;

boundaryField
{
    movingWall
    {
        type            fixedValue;
        value           uniform (10 0 0);
    }
    fixedWalls
    {
        type            noSlip;
    }
    frontAndBack
    {
        type            empty;
    }
}


// ************************************************************************* //
