/*--------------------------------*- C++ -*----------------------------------*\
| =========                 |                                                 |
| \\      /  F ield         | OpenFOAM: The Open Source CFD Toolbox           |
|  \\    /   O peration     | Version:  4.1                                   |
|   \\  /    A nd           | Web:      www.OpenFOAM.org                      |
|    \\/     M anipulation  |                                                 |
\*---------------------------------------------------------------------------*/
FoamFile
{
    version     2.0;
    format      ascii;
    class       volVectorField;
    location    "0.01";
    object      U;
}
// * * * * * * * * * * * * * * * * * * * * * * * * * * * * * * * * * * * * * //

dimensions      [0 1 -1 0 0 0 0];

internalField   nonuniform List<vector> 
441
(
(0.00351982 -0.00550378 0)
(0.00714342 -0.00379565 0)
(-0.000949588 -2.9157e-165 0)
(0.00142788 -1.91674e-266 0)
(-0.0130815 -0.0057125 0)
(-0.00142788 -2.52002e-232 0)
(-1.202e-202 -3.08542e-203 0)
(-7.71079e-204 -3.69995e-228 0)
(-1.31079e-212 -1.56642e-213 0)
(-0.00472274 7.26257e-266 0)
(-0.0545661 0.0188878 0)
(-0.0709429 0.0105704 0)
(-0.0830638 0.00536717 0)
(-0.0795255 0.00159703 0)
(-0.0740153 -5.62416e-05 0)
(-0.0612298 -0.0013358 0)
(-0.0485475 -0.0016298 0)
(-0.0324093 -0.00217536 0)
(-0.0176991 -0.00144943 0)
(-0.00557026 -0.000892056 0)
(0.00231111 0.00142353 0)
(0.00239728 -0.00488207 0)
(-0.00876684 0.00842649 0)
(-0.0373332 0.0075773 0)
(-0.0646645 0.0134269 0)
(-0.10008 0.00780194 0)
(-0.126641 -0.00830184 0)
(-0.148747 -0.00120987 0)
(-0.168175 0.000801551 0)
(-0.184087 0.00911391 0)
(-0.202453 0.048242 0)
(-0.215828 0.0456961 0)
(-0.212903 0.0183003 0)
(-0.209569 0.00278087 0)
(-0.192325 -0.0109546 0)
(-0.172674 -0.0183018 0)
(-0.143012 -0.0248274 0)
(-0.112898 -0.027072 0)
(-0.0774167 -0.0295934 0)
(-0.0448299 -0.025173 0)
(-0.0169742 -0.0199257 0)
(0.00149457 -0.00450774 0)
(0.00567456 -6.34158e-05 0)
(-0.0102783 0.0354223 0)
(-0.0570562 0.0540508 0)
(-0.106808 0.0610596 0)
(-0.157534 0.0552547 0)
(-0.206876 0.045406 0)
(-0.254226 0.0397987 0)
(-0.285259 0.034128 0)
(-0.316856 0.0327116 0)
(-0.326219 0.0355935 0)
(-0.314802 0.0300386 0)
(-0.303443 0.00545277 0)
(-0.288391 -0.0147825 0)
(-0.262603 -0.0349708 0)
(-0.233042 -0.0487313 0)
(-0.192313 -0.0611192 0)
(-0.150924 -0.0663525 0)
(-0.102588 -0.0704257 0)
(-0.0591949 -0.0609288 0)
(-0.0215522 -0.0474021 0)
(0.00253342 -0.0133114 0)
(0.0071035 -0.000299274 0)
(-0.00966859 0.0728153 0)
(-0.0739367 0.104453 0)
(-0.136383 0.115686 0)
(-0.200755 0.108119 0)
(-0.258712 0.0907455 0)
(-0.309673 0.0780125 0)
(-0.348339 0.0639715 0)
(-0.376864 0.0513817 0)
(-0.389011 0.0439803 0)
(-0.38371 0.0225043 0)
(-0.367996 -0.00891317 0)
(-0.346705 -0.0383243 0)
(-0.312998 -0.066997 0)
(-0.275217 -0.0885615 0)
(-0.224874 -0.10787 0)
(-0.174416 -0.116492 0)
(-0.115436 -0.122525 0)
(-0.0643078 -0.105705 0)
(-0.0196186 -0.0828823 0)
(0.00520786 -0.0232367 0)
(6.45709e-165 0.00177588 0)
(-0.0126794 0.116065 0)
(-0.0943454 0.179962 0)
(-0.162378 0.186809 0)
(-0.235985 0.176803 0)
(-0.2994 0.153048 0)
(-0.357163 0.128632 0)
(-0.399484 0.100799 0)
(-0.431165 0.0729755 0)
(-0.44347 0.0432261 0)
(-0.43874 0.00931373 0)
(-0.422082 -0.0311037 0)
(-0.396563 -0.06928 0)
(-0.357337 -0.106379 0)
(-0.312795 -0.136077 0)
(-0.253181 -0.16216 0)
(-0.194558 -0.174679 0)
(-0.123398 -0.181024 0)
(-0.0656025 -0.155379 0)
(-0.0115005 -0.117384 0)
(0.0119744 -0.0266474 0)
(-5.8818e-266 0.00527628 0)
(-0.070255 0.171629 0)
(-0.126405 0.25249 0)
(-0.201406 0.259082 0)
(-0.270712 0.245154 0)
(-0.33766 0.213049 0)
(-0.395488 0.178554 0)
(-0.441746 0.138292 0)
(-0.4746 0.0958333 0)
(-0.490933 0.0509695 0)
(-0.491046 0.0010954 0)
(-0.475404 -0.051758 0)
(-0.448476 -0.10312 0)
(-0.404545 -0.151685 0)
(-0.353694 -0.192538 0)
(-0.284527 -0.22753 0)
(-0.216556 -0.245645 0)
(-0.131887 -0.253619 0)
(-0.0652204 -0.216354 0)
(0.00334674 -0.163169 0)
(0.0175194 -0.0222597 0)
(-0.0211051 0.0762717 0)
(-0.0935297 0.238655 0)
(-0.15673 0.312059 0)
(-0.232868 0.32958 0)
(-0.307476 0.312771 0)
(-0.378212 0.27688 0)
(-0.441095 0.232333 0)
(-0.491699 0.179457 0)
(-0.528903 0.122048 0)
(-0.549081 0.0597024 0)
(-0.552609 -0.00595941 0)
(-0.538539 -0.0736201 0)
(-0.510582 -0.139551 0)
(-0.462639 -0.201309 0)
(-0.405987 -0.255048 0)
(-0.326383 -0.299824 0)
(-0.249903 -0.325627 0)
(-0.148165 -0.333392 0)
(-0.077899 -0.288246 0)
(0.0160139 -0.201338 0)
(5.41065e-266 -0.00437986 0)
(-0.0151248 0.122303 0)
(-0.0830524 0.308293 0)
(-0.166135 0.392719 0)
(-0.253778 0.410825 0)
(-0.338163 0.391133 0)
(-0.41688 0.347339 0)
(-0.485656 0.292575 0)
(-0.542701 0.226338 0)
(-0.584876 0.153555 0)
(-0.610793 0.0744371 0)
(-0.61908 -0.00938644 0)
(-0.608088 -0.0944048 0)
(-0.580647 -0.179042 0)
(-0.53012 -0.257458 0)
(-0.468074 -0.328576 0)
(-0.379261 -0.385748 0)
(-0.292314 -0.422778 0)
(-0.177983 -0.429506 0)
(-0.0966924 -0.37701 0)
(0.00116701 -0.248849 0)
(1.36626e-24 -2.50331e-24 0)
(-0.0125779 0.171686 0)
(-0.0841094 0.387834 0)
(-0.181326 0.481867 0)
(-0.28013 0.500194 0)
(-0.376313 0.475231 0)
(-0.463977 0.423394 0)
(-0.540732 0.357771 0)
(-0.604904 0.278132 0)
(-0.653224 0.190071 0)
(-0.685414 0.0937333 0)
(-0.698741 -0.00838483 0)
(-0.692156 -0.112091 0)
(-0.666422 -0.216807 0)
(-0.615039 -0.314073 0)
(-0.548444 -0.404501 0)
(-0.449978 -0.476315 0)
(-0.351205 -0.524302 0)
(-0.218306 -0.530822 0)
(-0.12279 -0.462849 0)
(-0.00226957 -0.301692 0)
(5.37452e-77 -3.41566e-25 0)
(-0.0110051 0.220053 0)
(-0.0846993 0.478748 0)
(-0.194523 0.590046 0)
(-0.304767 0.606863 0)
(-0.412751 0.576067 0)
(-0.510232 0.512381 0)
(-0.594892 0.434285 0)
(-0.666811 0.339083 0)
(-0.721401 0.234461 0)
(-0.760893 0.119823 0)
(-0.780427 -0.00264787 0)
(-0.780361 -0.12733 0)
(-0.758808 -0.256428 0)
(-0.709374 -0.376816 0)
(-0.640197 -0.493862 0)
(-0.532907 -0.585695 0)
(-0.420486 -0.653968 0)
(-0.265849 -0.662805 0)
(-0.151685 -0.590585 0)
(-0.00728563 -0.380109 0)
(1.40706e-164 -1.34363e-77 0)
(-0.0117696 0.264576 0)
(-0.0934585 0.569656 0)
(-0.218622 0.700253 0)
(-0.342252 0.716646 0)
(-0.462559 0.679677 0)
(-0.569907 0.604204 0)
(-0.66164 0.513847 0)
(-0.740592 0.403905 0)
(-0.800461 0.284054 0)
(-0.847414 0.152569 0)
(-0.873532 0.0113698 0)
(-0.882726 -0.133559 0)
(-0.868248 -0.28698 0)
(-0.826052 -0.432563 0)
(-0.757849 -0.579228 0)
(-0.64587 -0.696558 0)
(-0.51879 -0.787808 0)
(-0.34259 -0.801726 0)
(-0.202643 -0.713907 0)
(-0.0589343 -0.458988 0)
(3.70277e-266 0.00554652 0)
(-0.013783 0.326707 0)
(-0.103616 0.687953 0)
(-0.24384 0.840965 0)
(-0.380175 0.852113 0)
(-0.511278 0.805614 0)
(-0.627144 0.712194 0)
(-0.723915 0.606269 0)
(-0.808394 0.478248 0)
(-0.872 0.341831 0)
(-0.925973 0.192886 0)
(-0.959223 0.0324465 0)
(-0.979982 -0.1331 0)
(-0.976798 -0.313992 0)
(-0.947511 -0.488584 0)
(-0.887079 -0.675363 0)
(-0.774398 -0.827825 0)
(-0.632985 -0.95837 0)
(-0.4194 -0.984645 0)
(-0.235388 -0.873995 0)
(-0.0329745 -0.59042 0)
(0.0221861 -0.0634862 0)
(-0.0188812 0.377842 0)
(-0.124735 0.796794 0)
(-0.288248 0.974199 0)
(-0.441445 0.98108 0)
(-0.582731 0.925194 0)
(-0.705555 0.814693 0)
(-0.802632 0.694466 0)
(-0.889116 0.550923 0)
(-0.951866 0.401495 0)
(-1.01102 0.239713 0)
(-1.04984 0.0656262 0)
(-1.08533 -0.11529 0)
(-1.0973 -0.318612 0)
(-1.09171 -0.521229 0)
(-1.04865 -0.750357 0)
(-0.949583 -0.950176 0)
(-0.800911 -1.13894 0)
(-0.539642 -1.20067 0)
(-0.303827 -1.09447 0)
(0.0458113 -0.718068 0)
(1.30384e-231 -0.00554652 0)
(-0.025757 0.473508 0)
(-0.148132 0.960711 0)
(-0.333657 1.16197 0)
(-0.501565 1.14823 0)
(-0.64932 1.07334 0)
(-0.775353 0.932948 0)
(-0.868305 0.792137 0)
(-0.952629 0.627945 0)
(-1.01047 0.464556 0)
(-1.07136 0.291067 0)
(-1.11373 0.106113 0)
(-1.1636 -0.0857321 0)
(-1.19479 -0.309684 0)
(-1.22105 -0.538056 0)
(-1.21229 -0.820873 0)
(-1.15029 -1.07848 0)
(-1.02263 -1.37229 0)
(-0.748847 -1.49018 0)
(-0.453352 -1.45841 0)
(-0.000502506 -0.914052 0)
(2.74807e-202 2.51769e-184 0)
(-0.0438122 0.544418 0)
(-0.200795 1.09853 0)
(-0.421578 1.32349 0)
(-0.608814 1.2911 0)
(-0.754465 1.19709 0)
(-0.876382 1.03006 0)
(-0.951531 0.871123 0)
(-1.02428 0.691537 0)
(-1.06595 0.52011 0)
(-1.12202 0.343164 0)
(-1.16075 0.157997 0)
(-1.22479 -0.0325062 0)
(-1.274 -0.260481 0)
(-1.34621 -0.500813 0)
(-1.38249 -0.818629 0)
(-1.39942 -1.13704 0)
(-1.31587 -1.53369 0)
(-1.0807 -1.77182 0)
(-0.70872 -1.82876 0)
(-0.00117841 -1.18289 0)
(1.00708e-183 9.04909e-185 0)
(-0.0643094 0.72589 0)
(-0.254959 1.3431 0)
(-0.500153 1.57939 0)
(-0.69588 1.48271 0)
(-0.827692 1.34801 0)
(-0.934485 1.13073 0)
(-0.982265 0.944062 0)
(-1.03367 0.74283 0)
(-1.05054 0.563518 0)
(-1.09166 0.386375 0)
(-1.11734 0.207495 0)
(-1.18325 0.0282468 0)
(-1.24229 -0.192512 0)
(-1.34975 -0.428593 0)
(-1.44006 -0.775586 0)
(-1.54756 -1.14449 0)
(-1.57665 -1.70436 0)
(-1.4556 -2.10205 0)
(-1.15136 -2.55989 0)
(-0.340502 -1.64824 0)
(2.58824e-254 -2.51769e-184 0)
(-0.129879 0.848736 0)
(-0.397092 1.52079 0)
(-0.660057 1.75802 0)
(-0.847639 1.60814 0)
(-0.914795 1.43383 0)
(-0.972199 1.17883 0)
(-0.951166 0.970155 0)
(-0.954514 0.757703 0)
(-0.920442 0.578211 0)
(-0.929306 0.410687 0)
(-0.923372 0.249457 0)
(-0.979571 0.0957634 0)
(-1.0289 -0.0941261 0)
(-1.1699 -0.296962 0)
(-1.29272 -0.619022 0)
(-1.5427 -0.992164 0)
(-1.68545 -1.61388 0)
(-1.94938 -2.19502 0)
(-1.72322 -2.89544 0)
(-1.65343 -2.37833 0)
(-2.01201e-264 -0.173052 0)
(-0.182594 1.27322 0)
(-0.482552 1.87733 0)
(-0.687156 2.0515 0)
(-0.797723 1.73764 0)
(-0.749465 1.48612 0)
(-0.712092 1.16686 0)
(-0.594696 0.932855 0)
(-0.523905 0.712131 0)
(-0.421716 0.539963 0)
(-0.37856 0.390117 0)
(-0.323215 0.25554 0)
(-0.341752 0.135919 0)
(-0.352003 -0.00912415 0)
(-0.469735 -0.160282 0)
(-0.577456 -0.417847 0)
(-0.855043 -0.741341 0)
(-1.09542 -1.3297 0)
(-1.53792 -2.03357 0)
(-1.69025 -2.93879 0)
(-1.7884 -3.27495 0)
(-0.692206 -1.83844 0)
(-0.395918 1.47822 0)
(-0.744386 1.99579 0)
(-0.627229 2.06601 0)
(-0.49236 1.65327 0)
(-0.132932 1.34877 0)
(0.101073 1.01635 0)
(0.399593 0.783757 0)
(0.58739 0.582598 0)
(0.788201 0.433963 0)
(0.898236 0.313897 0)
(1.01426 0.212535 0)
(1.03889 0.130125 0)
(1.08068 0.0324807 0)
(0.995187 -0.0604554 0)
(0.945246 -0.235784 0)
(0.667756 -0.454209 0)
(0.447137 -0.930978 0)
(-0.168162 -1.56394 0)
(-0.561955 -2.6379 0)
(-1.11418 -3.31455 0)
(-0.671413 -2.66532 0)
(-0.244228 2.47446 0)
(-0.0625595 2.10286 0)
(0.696894 1.85083 0)
(1.24963 1.23805 0)
(1.90888 0.915868 0)
(2.33699 0.631153 0)
(2.76096 0.455753 0)
(3.03029 0.322383 0)
(3.28394 0.231523 0)
(3.43234 0.164953 0)
(3.57927 0.112775 0)
(3.63507 0.0730919 0)
(3.71291 0.0274799 0)
(3.67323 -0.0165372 0)
(3.68354 -0.105521 0)
(3.47828 -0.22547 0)
(3.33131 -0.52381 0)
(2.71478 -0.988533 0)
(2.10363 -2.04679 0)
(0.730696 -3.12611 0)
(-0.0599379 -3.70432 0)
(1.68001 1.68389 0)
(2.75579 0.989662 0)
(4.61358 0.754821 0)
(5.42492 0.418322 0)
(6.22252 0.271001 0)
(6.63301 0.156747 0)
(6.99448 0.0979526 0)
(7.19353 0.0586746 0)
(7.36954 0.0359429 0)
(7.46217 0.0211932 0)
(7.55441 0.0107744 0)
(7.58367 0.00287252 0)
(7.63308 -0.00727214 0)
(7.59853 -0.0178768 0)
(7.60716 -0.0437825 0)
(7.43894 -0.0736967 0)
(7.32862 -0.166999 0)
(6.72888 -0.275993 0)
(6.11348 -0.63583 0)
(3.98176 -1.03153 0)
(2.02562 -1.87058 0)
)
;

boundaryField
{
    movingWall
    {
        type            fixedValue;
        value           uniform (10 0 0);
    }
    fixedWalls
    {
        type            noSlip;
    }
    frontAndBack
    {
        type            empty;
    }
}


// ************************************************************************* //
