/*--------------------------------*- C++ -*----------------------------------*\
| =========                 |                                                 |
| \\      /  F ield         | OpenFOAM: The Open Source CFD Toolbox           |
|  \\    /   O peration     | Version:  4.1                                   |
|   \\  /    A nd           | Web:      www.OpenFOAM.org                      |
|    \\/     M anipulation  |                                                 |
\*---------------------------------------------------------------------------*/
FoamFile
{
    version     2.0;
    format      ascii;
    class       volVectorField;
    location    "0.0426";
    object      U;
}
// * * * * * * * * * * * * * * * * * * * * * * * * * * * * * * * * * * * * * //

dimensions      [0 1 -1 0 0 0 0];

internalField   nonuniform List<vector> 
441
(
(0.00332024 -0.004565 0)
(0.00840105 -0.00260398 0)
(-0.000651021 -2.18985e-165 0)
(0.00167098 -2.70101e-266 0)
(-0.0089787 -0.0066845 0)
(-0.00167098 -2.67054e-232 0)
(-1.08215e-202 -4.39889e-203 0)
(-1.09955e-203 -5.58044e-228 0)
(-1.45072e-212 -2.35076e-213 0)
(-0.00512764 7.73723e-266 0)
(-0.0615039 0.0205128 0)
(-0.0779318 0.0109802 0)
(-0.0889712 0.00527328 0)
(-0.0802955 0.000816382 0)
(-0.0688735 -0.000892564 0)
(-0.0493694 -0.00220668 0)
(-0.031931 -0.00175455 0)
(-0.014836 -0.00164979 0)
(-0.00288826 0.000114234 0)
(0.00136272 0.000729386 0)
(0.00376689 0.00237159 0)
(0.00314675 -0.00695534 0)
(-0.00248885 0.00655088 0)
(-0.0272329 0.00767795 0)
(-0.0556668 0.0106531 0)
(-0.096775 0.00927288 0)
(-0.133571 -0.00433569 0)
(-0.166996 -0.000455721 0)
(-0.197914 0.00123404 0)
(-0.224586 0.0106937 0)
(-0.251549 0.0545146 0)
(-0.270083 0.050532 0)
(-0.265251 0.0167842 0)
(-0.255271 -0.00333541 0)
(-0.224295 -0.0215673 0)
(-0.188185 -0.030078 0)
(-0.140484 -0.0358525 0)
(-0.0960352 -0.0325507 0)
(-0.0536204 -0.0285566 0)
(-0.0222329 -0.0158538 0)
(-0.00547983 -0.00812665 0)
(0.00384914 0.00296896 0)
(0.00641973 -0.00577811 0)
(-0.00588991 0.02739 0)
(-0.0503508 0.0518049 0)
(-0.108004 0.0673998 0)
(-0.176042 0.0701971 0)
(-0.245106 0.0666188 0)
(-0.316856 0.0620503 0)
(-0.372064 0.0556686 0)
(-0.425738 0.0515526 0)
(-0.449486 0.0494213 0)
(-0.443362 0.0350569 0)
(-0.42832 -0.00278081 0)
(-0.401157 -0.0350533 0)
(-0.352968 -0.0661216 0)
(-0.29591 -0.0838096 0)
(-0.22442 -0.0946207 0)
(-0.156597 -0.0875157 0)
(-0.090936 -0.0759178 0)
(-0.0416588 -0.0469736 0)
(-0.0115686 -0.0257454 0)
(0.00513968 0.00120916 0)
(0.00589221 -0.00769757 0)
(-0.0134198 0.0649083 0)
(-0.0836324 0.109873 0)
(-0.163978 0.138427 0)
(-0.25646 0.1467 0)
(-0.34711 0.138931 0)
(-0.433842 0.127861 0)
(-0.506194 0.110836 0)
(-0.564131 0.0900318 0)
(-0.596256 0.0697467 0)
(-0.600423 0.0291243 0)
(-0.580645 -0.0264414 0)
(-0.543444 -0.0787929 0)
(-0.479413 -0.127856 0)
(-0.403315 -0.158412 0)
(-0.308421 -0.176522 0)
(-0.217502 -0.165479 0)
(-0.127784 -0.145038 0)
(-0.0602872 -0.0944175 0)
(-0.0163058 -0.0562546 0)
(0.00700805 -0.0031013 0)
(6.16073e-165 0.00147305 0)
(-0.0195387 0.116502 0)
(-0.117857 0.201631 0)
(-0.215787 0.238976 0)
(-0.330442 0.252402 0)
(-0.439136 0.242432 0)
(-0.544843 0.220094 0)
(-0.631417 0.185084 0)
(-0.701782 0.141089 0)
(-0.74109 0.0863406 0)
(-0.750947 0.019863 0)
(-0.731955 -0.0595277 0)
(-0.688768 -0.135545 0)
(-0.612533 -0.20653 0)
(-0.519083 -0.253734 0)
(-0.399464 -0.281175 0)
(-0.283871 -0.266714 0)
(-0.164869 -0.234115 0)
(-0.0777626 -0.156824 0)
(-0.0157499 -0.0938218 0)
(0.0134906 -0.00725054 0)
(-5.04347e-266 0.00502703 0)
(-0.0759093 0.187061 0)
(-0.162326 0.304404 0)
(-0.277997 0.352713 0)
(-0.400967 0.370003 0)
(-0.524934 0.354361 0)
(-0.64209 0.320724 0)
(-0.743112 0.268025 0)
(-0.824878 0.200448 0)
(-0.877701 0.118192 0)
(-0.901219 0.0202392 0)
(-0.888852 -0.0895572 0)
(-0.846535 -0.197966 0)
(-0.761651 -0.298974 0)
(-0.652661 -0.370986 0)
(-0.506762 -0.413918 0)
(-0.362671 -0.399025 0)
(-0.208885 -0.354026 0)
(-0.0975193 -0.241706 0)
(-0.0134883 -0.150572 0)
(0.0159764 -0.00426447 0)
(-0.0201081 0.0804776 0)
(-0.104662 0.275531 0)
(-0.203631 0.404157 0)
(-0.329632 0.476007 0)
(-0.467272 0.498725 0)
(-0.605422 0.482338 0)
(-0.738596 0.437674 0)
(-0.85565 0.367128 0)
(-0.954492 0.275561 0)
(-1.02421 0.162487 0)
(-1.06427 0.0315014 0)
(-1.06417 -0.114473 0)
(-1.02817 -0.261779 0)
(-0.939207 -0.401161 0)
(-0.817265 -0.507149 0)
(-0.642623 -0.572692 0)
(-0.466736 -0.56235 0)
(-0.265973 -0.501365 0)
(-0.128698 -0.349166 0)
(-0.00109833 -0.208999 0)
(5.65622e-266 -0.0039941 0)
(-0.0145384 0.132098 0)
(-0.0986973 0.371672 0)
(-0.221917 0.530025 0)
(-0.36543 0.617177 0)
(-0.520219 0.646176 0)
(-0.675011 0.626091 0)
(-0.824519 0.571373 0)
(-0.96039 0.483903 0)
(-1.0791 0.369445 0)
(-1.17127 0.227483 0)
(-1.23426 0.0605797 0)
(-1.2539 -0.126659 0)
(-1.23216 -0.322474 0)
(-1.14613 -0.511862 0)
(-1.01555 -0.666843 0)
(-0.813217 -0.768073 0)
(-0.600106 -0.773982 0)
(-0.346344 -0.697766 0)
(-0.168526 -0.502171 0)
(-0.00226457 -0.288244 0)
(2.2186e-24 -1.31961e-24 0)
(-0.012755 0.190555 0)
(-0.102321 0.481194 0)
(-0.241763 0.669541 0)
(-0.40011 0.772695 0)
(-0.571471 0.807267 0)
(-0.742157 0.7853 0)
(-0.90909 0.722392 0)
(-1.06474 0.620778 0)
(-1.20596 0.486325 0)
(-1.32397 0.317114 0)
(-1.41441 0.114695 0)
(-1.46082 -0.117051 0)
(-1.4615 -0.36822 0)
(-1.38748 -0.618868 0)
(-1.25602 -0.83793 0)
(-1.02959 -0.990754 0)
(-0.778051 -1.02564 0)
(-0.460273 -0.937398 0)
(-0.230137 -0.686251 0)
(-0.0041278 -0.384285 0)
(9.14196e-77 -5.5465e-25 0)
(-0.0112656 0.247895 0)
(-0.102751 0.60235 0)
(-0.254411 0.82871 0)
(-0.424803 0.947596 0)
(-0.609897 0.988859 0)
(-0.794574 0.96385 0)
(-0.976638 0.894379 0)
(-1.15108 0.780505 0)
(-1.31418 0.628928 0)
(-1.45947 0.435291 0)
(-1.58036 0.197675 0)
(-1.65952 -0.0807398 0)
(-1.691 -0.395348 0)
(-1.64013 -0.719816 0)
(-1.519 -1.02402 0)
(-1.27824 -1.25136 0)
(-0.990665 -1.34176 0)
(-0.60326 -1.25482 0)
(-0.306786 -0.953124 0)
(-0.00558652 -0.532113 0)
(2.55875e-164 -2.28549e-77 0)
(-0.0118805 0.301432 0)
(-0.108769 0.722674 0)
(-0.272195 0.989527 0)
(-0.452909 1.12611 0)
(-0.648126 1.17558 0)
(-0.842595 1.15023 0)
(-1.03446 1.07799 0)
(-1.22251 0.957 0)
(-1.40201 0.794381 0)
(-1.57083 0.582492 0)
(-1.71971 0.315227 0)
(-1.83384 -0.00687205 0)
(-1.90191 -0.385897 0)
(-1.88677 -0.791801 0)
(-1.79184 -1.19679 0)
(-1.55561 -1.52241 0)
(-1.2467 -1.69589 0)
(-0.796306 -1.62833 0)
(-0.426705 -1.27313 0)
(-0.069419 -0.702546 0)
(1.63029e-265 0.0121352 0)
(-0.0133104 0.369575 0)
(-0.113313 0.864846 0)
(-0.284373 1.17447 0)
(-0.469961 1.32433 0)
(-0.6682 1.37983 0)
(-0.864681 1.35024 0)
(-1.05702 1.275 0)
(-1.24884 1.14762 0)
(-1.43392 0.977353 0)
(-1.61607 0.752168 0)
(-1.78407 0.460503 0)
(-1.92835 0.100238 0)
(-2.03388 -0.342309 0)
(-2.06404 -0.832309 0)
(-2.0131 -1.35464 0)
(-1.80707 -1.80286 0)
(-1.49941 -2.10032 0)
(-0.996616 -2.08794 0)
(-0.533078 -1.67467 0)
(-0.0695565 -0.97699 0)
(0.0485407 -0.0654897 0)
(-0.0176503 0.423763 0)
(-0.126258 0.990826 0)
(-0.308973 1.34333 0)
(-0.497904 1.50668 0)
(-0.691316 1.56851 0)
(-0.879496 1.53648 0)
(-1.05692 1.46114 0)
(-1.23638 1.33225 0)
(-1.40751 1.16117 0)
(-1.58469 0.931883 0)
(-1.75275 0.627855 0)
(-1.91444 0.242998 0)
(-2.04896 -0.248155 0)
(-2.13084 -0.812219 0)
(-2.14037 -1.44924 0)
(-1.99849 -2.03812 0)
(-1.73592 -2.50046 0)
(-1.20002 -2.60285 0)
(-0.67791 -2.19358 0)
(0.0358603 -1.29043 0)
(2.25004e-231 -0.0121352 0)
(-0.0233635 0.516373 0)
(-0.138426 1.15924 0)
(-0.326703 1.54994 0)
(-0.510029 1.70776 0)
(-0.686203 1.76449 0)
(-0.851535 1.71609 0)
(-0.996518 1.63367 0)
(-1.14353 1.49803 0)
(-1.27776 1.3261 0)
(-1.42479 1.097 0)
(-1.56699 0.78966 0)
(-1.72155 0.395899 0)
(-1.8669 -0.126703 0)
(-1.99357 -0.741933 0)
(-2.07623 -1.48705 0)
(-2.03841 -2.21206 0)
(-1.88389 -2.89883 0)
(-1.41537 -3.16367 0)
(-0.877459 -2.90559 0)
(-0.00380735 -1.68984 0)
(5.56383e-202 4.46156e-184 0)
(-0.040321 0.578407 0)
(-0.178327 1.28807 0)
(-0.381109 1.71095 0)
(-0.556385 1.86058 0)
(-0.697044 1.90826 0)
(-0.820086 1.84321 0)
(-0.904038 1.75267 0)
(-0.991635 1.61199 0)
(-1.05675 1.44258 0)
(-1.14359 1.2214 0)
(-1.22568 0.925409 0)
(-1.34486 0.544855 0)
(-1.46952 0.0264192 0)
(-1.63003 -0.599467 0)
(-1.77596 -1.39725 0)
(-1.8866 -2.22787 0)
(-1.88595 -3.10868 0)
(-1.60626 -3.6185 0)
(-1.12519 -3.58312 0)
(-0.0103549 -2.19677 0)
(1.78463e-183 6.95503e-185 0)
(-0.0595389 0.742824 0)
(-0.2182 1.50432 0)
(-0.420834 1.93726 0)
(-0.570439 2.02497 0)
(-0.654863 2.03517 0)
(-0.713442 1.92365 0)
(-0.713806 1.80927 0)
(-0.717279 1.6513 0)
(-0.687931 1.47955 0)
(-0.685575 1.26689 0)
(-0.677156 0.990377 0)
(-0.724037 0.641515 0)
(-0.79213 0.15621 0)
(-0.943263 -0.432585 0)
(-1.13013 -1.23408 0)
(-1.3754 -2.09895 0)
(-1.5973 -3.18487 0)
(-1.62996 -3.93203 0)
(-1.44911 -4.52013 0)
(-0.456268 -2.8613 0)
(4.33481e-254 -4.46156e-184 0)
(-0.124992 0.841894 0)
(-0.350898 1.63615 0)
(-0.547184 2.05775 0)
(-0.651706 2.08478 0)
(-0.623315 2.05032 0)
(-0.576015 1.89712 0)
(-0.442614 1.75733 0)
(-0.326587 1.585 0)
(-0.167769 1.41222 0)
(-0.0512708 1.21275 0)
(0.0745131 0.965664 0)
(0.119056 0.665324 0)
(0.140268 0.248862 0)
(0.0145591 -0.252416 0)
(-0.159453 -0.957284 0)
(-0.56757 -1.74959 0)
(-0.959931 -2.82833 0)
(-1.61661 -3.76608 0)
(-1.72752 -4.66978 0)
(-2.05348 -3.72192 0)
(-2.51782e-264 -0.211911 0)
(-0.179625 1.23983 0)
(-0.438148 1.93075 0)
(-0.561071 2.2602 0)
(-0.55905 2.10138 0)
(-0.372592 1.97332 0)
(-0.178413 1.74273 0)
(0.111942 1.56652 0)
(0.367864 1.37667 0)
(0.664756 1.20631 0)
(0.90408 1.02627 0)
(1.14963 0.819219 0)
(1.29846 0.580385 0)
(1.41994 0.257006 0)
(1.371 -0.123564 0)
(1.2548 -0.662556 0)
(0.85186 -1.28168 0)
(0.361507 -2.16566 0)
(-0.509821 -3.1204 0)
(-1.17733 -4.17084 0)
(-1.85816 -4.4458 0)
(-0.847645 -2.28968 0)
(-0.399337 1.42512 0)
(-0.729733 1.98886 0)
(-0.542494 2.17277 0)
(-0.291236 1.8796 0)
(0.226255 1.67089 0)
(0.647013 1.40503 0)
(1.15652 1.21329 0)
(1.57038 1.03039 0)
(2.00753 0.87793 0)
(2.35269 0.73069 0)
(2.69385 0.573288 0)
(2.91429 0.403323 0)
(3.10986 0.179379 0)
(3.10668 -0.071721 0)
(3.05887 -0.434273 0)
(2.66763 -0.83356 0)
(2.22916 -1.46584 0)
(1.24427 -2.1959 0)
(0.377262 -3.32367 0)
(-0.740541 -3.975 0)
(-0.696581 -2.95779 0)
(-0.254478 2.43072 0)
(-0.0943116 2.06857 0)
(0.691515 1.87244 0)
(1.32696 1.32525 0)
(2.1212 1.05596 0)
(2.7198 0.80634 0)
(3.34093 0.649881 0)
(3.82108 0.521962 0)
(4.29138 0.424687 0)
(4.65061 0.33964 0)
(4.99178 0.255741 0)
(5.20982 0.169307 0)
(5.40235 0.0608806 0)
(5.40983 -0.0599866 0)
(5.38559 -0.23325 0)
(5.05051 -0.429978 0)
(4.68828 -0.772357 0)
(3.77991 -1.23532 0)
(2.83371 -2.25193 0)
(1.07744 -3.32627 0)
(-0.0436328 -3.80085 0)
(1.6693 1.67158 0)
(2.71228 0.977111 0)
(4.55797 0.749928 0)
(5.39594 0.423519 0)
(6.25576 0.28434 0)
(6.75318 0.174776 0)
(7.21679 0.117613 0)
(7.52381 0.0776525 0)
(7.80711 0.0523468 0)
(7.99934 0.0333905 0)
(8.17682 0.0169178 0)
(8.26878 0.001358 0)
(8.35012 -0.0185 0)
(8.30692 -0.0389566 0)
(8.26216 -0.0748701 0)
(7.99156 -0.109389 0)
(7.74729 -0.200713 0)
(6.99994 -0.295206 0)
(6.26679 -0.628667 0)
(4.04843 -1.00082 0)
(2.00926 -1.82239 0)
)
;

boundaryField
{
    movingWall
    {
        type            fixedValue;
        value           uniform (10 0 0);
    }
    fixedWalls
    {
        type            noSlip;
    }
    frontAndBack
    {
        type            empty;
    }
}


// ************************************************************************* //
