/*--------------------------------*- C++ -*----------------------------------*\
| =========                 |                                                 |
| \\      /  F ield         | OpenFOAM: The Open Source CFD Toolbox           |
|  \\    /   O peration     | Version:  4.1                                   |
|   \\  /    A nd           | Web:      www.OpenFOAM.org                      |
|    \\/     M anipulation  |                                                 |
\*---------------------------------------------------------------------------*/
FoamFile
{
    version     2.0;
    format      ascii;
    class       volVectorField;
    location    "0.0259";
    object      U;
}
// * * * * * * * * * * * * * * * * * * * * * * * * * * * * * * * * * * * * * //

dimensions      [0 1 -1 0 0 0 0];

internalField   nonuniform List<vector> 
441
(
(0.00329257 -0.00468214 0)
(0.0079924 -0.00280198 0)
(-0.000700614 -2.29882e-165 0)
(0.00155326 -2.40502e-266 0)
(-0.00993561 -0.00621359 0)
(-0.00155326 -2.53802e-232 0)
(-1.08898e-202 -3.79405e-203 0)
(-9.48319e-204 -4.67409e-228 0)
(-1.33556e-212 -1.93115e-213 0)
(-0.00470987 7.1819e-266 0)
(-0.0556153 0.018841 0)
(-0.071015 0.0102584 0)
(-0.0818433 0.0050742 0)
(-0.0754208 0.00110156 0)
(-0.0666753 -0.000485507 0)
(-0.0503639 -0.00176826 0)
(-0.0351556 -0.0015989 0)
(-0.018954 -0.00172256 0)
(-0.00652287 -0.000291759 0)
(-0.000294128 0.000338611 0)
(0.00330982 0.00212189 0)
(0.00290741 -0.00638503 0)
(-0.00382278 0.00681054 0)
(-0.0290059 0.0076021 0)
(-0.0567482 0.0112263 0)
(-0.0954607 0.00859807 0)
(-0.128311 -0.00538743 0)
(-0.157073 -0.000709784 0)
(-0.182825 0.00101724 0)
(-0.204411 0.00954654 0)
(-0.226609 0.0491822 0)
(-0.241954 0.0458574 0)
(-0.237581 0.0162444 0)
(-0.230141 -0.00105363 0)
(-0.205172 -0.016806 0)
(-0.176194 -0.0245967 0)
(-0.136363 -0.0307106 0)
(-0.0979766 -0.0296161 0)
(-0.0589008 -0.0279729 0)
(-0.0278197 -0.0179952 0)
(-0.00832456 -0.0109014 0)
(0.00310686 0.0010875 0)
(0.00603443 -0.00439095 0)
(-0.00690735 0.0287128 0)
(-0.0511013 0.0514816 0)
(-0.105816 0.0645053 0)
(-0.167899 0.0643718 0)
(-0.229574 0.0582328 0)
(-0.29146 0.0525088 0)
(-0.336428 0.0457352 0)
(-0.379786 0.0420188 0)
(-0.396677 0.0412239 0)
(-0.388291 0.0305825 0)
(-0.374269 -0.000553741 0)
(-0.351786 -0.02678 0)
(-0.312749 -0.0526724 0)
(-0.266995 -0.068497 0)
(-0.208189 -0.0801744 0)
(-0.150983 -0.0780517 0)
(-0.0925237 -0.0722476 0)
(-0.0460077 -0.0498686 0)
(-0.0142613 -0.0309029 0)
(0.00419085 -0.00256251 0)
(0.00600105 -0.00566828 0)
(-0.0122833 0.065496 0)
(-0.0794245 0.106656 0)
(-0.153564 0.129958 0)
(-0.236399 0.13264 0)
(-0.315168 0.120517 0)
(-0.388014 0.107275 0)
(-0.446293 0.0899716 0)
(-0.491136 0.0714004 0)
(-0.513607 0.0554545 0)
(-0.512764 0.0231711 0)
(-0.493417 -0.0211923 0)
(-0.46179 -0.0627069 0)
(-0.409612 -0.102506 0)
(-0.348958 -0.12898 0)
(-0.272302 -0.147905 0)
(-0.197808 -0.144799 0)
(-0.120891 -0.134339 0)
(-0.0603213 -0.0955592 0)
(-0.0172096 -0.0623529 0)
(0.00615966 -0.00865263 0)
(6.03079e-165 0.00150026 0)
(-0.0171587 0.113745 0)
(-0.10851 0.192032 0)
(-0.196238 0.22032 0)
(-0.296638 0.225126 0)
(-0.388816 0.208423 0)
(-0.475793 0.182725 0)
(-0.5438 0.148127 0)
(-0.596741 0.10889 0)
(-0.622694 0.0634741 0)
(-0.624337 0.0107686 0)
(-0.603858 -0.0512644 0)
(-0.566093 -0.109924 0)
(-0.503846 -0.165676 0)
(-0.430169 -0.204826 0)
(-0.335559 -0.23188 0)
(-0.243986 -0.228131 0)
(-0.145798 -0.210526 0)
(-0.0715699 -0.152029 0)
(-0.0144241 -0.0980339 0)
(0.0124507 -0.0127068 0)
(-5.02499e-266 0.00484711 0)
(-0.0711831 0.178198 0)
(-0.147087 0.284096 0)
(-0.248421 0.319749 0)
(-0.352722 0.325195 0)
(-0.455433 0.300705 0)
(-0.549148 0.262791 0)
(-0.626713 0.211185 0)
(-0.6861 0.150924 0)
(-0.720402 0.0823899 0)
(-0.730562 0.00450119 0)
(-0.712985 -0.0802787 0)
(-0.67414 -0.162551 0)
(-0.604355 -0.23967 0)
(-0.519242 -0.296839 0)
(-0.40619 -0.335957 0)
(-0.295596 -0.33362 0)
(-0.173236 -0.309309 0)
(-0.0826265 -0.225315 0)
(-0.00805022 -0.149233 0)
(0.0158232 -0.00974737 0)
(-0.0193884 0.0759362 0)
(-0.0968608 0.257537 0)
(-0.182699 0.369811 0)
(-0.290861 0.424432 0)
(-0.405872 0.431647 0)
(-0.51832 0.403772 0)
(-0.623067 0.353523 0)
(-0.711129 0.284464 0)
(-0.781341 0.202501 0)
(-0.825853 0.10781 0)
(-0.84572 0.0037777 0)
(-0.834592 -0.107863 0)
(-0.798099 -0.217699 0)
(-0.723787 -0.321121 0)
(-0.629111 -0.401617 0)
(-0.495918 -0.456658 0)
(-0.36492 -0.458989 0)
(-0.209999 -0.425161 0)
(-0.104361 -0.314423 0)
(0.00426621 -0.197957 0)
(5.3733e-266 -0.0039558 0)
(-0.0137747 0.123376 0)
(-0.0893652 0.34256 0)
(-0.196918 0.478816 0)
(-0.319806 0.543791 0)
(-0.44869 0.553133 0)
(-0.573909 0.518406 0)
(-0.690331 0.456089 0)
(-0.791498 0.36955 0)
(-0.874686 0.266086 0)
(-0.933715 0.146378 0)
(-0.967941 0.0135317 0)
(-0.968623 -0.128779 0)
(-0.940117 -0.273034 0)
(-0.86614 -0.410349 0)
(-0.764575 -0.524078 0)
(-0.611895 -0.603163 0)
(-0.455957 -0.617952 0)
(-0.265764 -0.574792 0)
(-0.133305 -0.435513 0)
(-0.00107607 -0.261916 0)
(1.85415e-24 -1.66689e-24 0)
(-0.0118143 0.176132 0)
(-0.092009 0.43899 0)
(-0.214637 0.599066 0)
(-0.35088 0.674716 0)
(-0.494408 0.684891 0)
(-0.632819 0.644263 0)
(-0.7629 0.570622 0)
(-0.878717 0.468085 0)
(-0.977709 0.344703 0)
(-1.05447 0.200689 0)
(-1.10696 0.0392135 0)
(-1.12529 -0.136025 0)
(-1.11109 -0.319029 0)
(-1.04407 -0.497451 0)
(-0.940505 -0.653889 0)
(-0.769146 -0.767143 0)
(-0.585281 -0.801732 0)
(-0.348494 -0.751193 0)
(-0.179366 -0.57301 0)
(-0.00329569 -0.336763 0)
(7.58436e-77 -4.63537e-25 0)
(-0.0103711 0.22804 0)
(-0.0928424 0.547042 0)
(-0.228138 0.738717 0)
(-0.376757 0.824393 0)
(-0.534001 0.835888 0)
(-0.685678 0.787241 0)
(-0.829146 0.702599 0)
(-0.960623 0.584331 0)
(-1.07678 0.442231 0)
(-1.1745 0.275216 0)
(-1.24977 0.0845888 0)
(-1.29245 -0.125638 0)
(-1.30067 -0.353994 0)
(-1.24976 -0.583057 0)
(-1.15184 -0.798499 0)
(-0.966332 -0.962704 0)
(-0.751814 -1.03716 0)
(-0.459052 -0.988177 0)
(-0.238525 -0.776318 0)
(-0.00493223 -0.452955 0)
(2.10396e-164 -1.89609e-77 0)
(-0.0111448 0.276379 0)
(-0.100656 0.655115 0)
(-0.250206 0.881075 0)
(-0.411822 0.978661 0)
(-0.5819 0.992556 0)
(-0.745693 0.937835 0)
(-0.900704 0.844898 0)
(-1.04659 0.714693 0)
(-1.17884 0.558465 0)
(-1.29845 0.373168 0)
(-1.39862 0.157697 0)
(-1.47167 -0.0853883 0)
(-1.51023 -0.360256 0)
(-1.48741 -0.646917 0)
(-1.40688 -0.934625 0)
(-1.21814 -1.16951 0)
(-0.977126 -1.30444 0)
(-0.624249 -1.26965 0)
(-0.339143 -1.01748 0)
(-0.0598208 -0.584503 0)
(1.29499e-265 0.010155 0)
(-0.0129656 0.341002 0)
(-0.108804 0.788319 0)
(-0.270886 1.05165 0)
(-0.442945 1.15705 0)
(-0.622244 1.17125 0)
(-0.794544 1.10634 0)
(-0.95678 1.00445 0)
(-1.1132 0.862337 0)
(-1.2576 0.694432 0)
(-1.39645 0.494493 0)
(-1.52044 0.257706 0)
(-1.62593 -0.015066 0)
(-1.70079 -0.338474 0)
(-1.71695 -0.688659 0)
(-1.66861 -1.06784 0)
(-1.49298 -1.39784 0)
(-1.2353 -1.63068 0)
(-0.816556 -1.63683 0)
(-0.437145 -1.33657 0)
(-0.0584959 -0.807215 0)
(0.0406201 -0.0577147 0)
(-0.0178825 0.393933 0)
(-0.127029 0.910144 0)
(-0.308047 1.21244 0)
(-0.492084 1.32685 0)
(-0.67668 1.34247 0)
(-0.852065 1.26994 0)
(-1.01219 1.16269 0)
(-1.17022 1.01407 0)
(-1.31567 0.841433 0)
(-1.4647 0.635447 0)
(-1.603 0.387526 0)
(-1.73704 0.0950731 0)
(-1.84671 -0.267635 0)
(-1.91193 -0.678843 0)
(-1.91088 -1.15498 0)
(-1.77523 -1.60445 0)
(-1.52935 -1.97554 0)
(-1.04676 -2.07407 0)
(-0.58431 -1.76866 0)
(0.032989 -1.06712 0)
(1.94895e-231 -0.010155 0)
(-0.0243953 0.48883 0)
(-0.146005 1.08162 0)
(-0.341939 1.42058 0)
(-0.531785 1.52684 0)
(-0.712896 1.53435 0)
(-0.881388 1.44217 0)
(-1.02743 1.32445 0)
(-1.17354 1.16571 0)
(-1.3045 0.989343 0)
(-1.44646 0.78139 0)
(-1.58129 0.529249 0)
(-1.72691 0.227863 0)
(-1.8599 -0.165072 0)
(-1.97157 -0.626001 0)
(-2.03246 -1.206 0)
(-1.97248 -1.78427 0)
(-1.79306 -2.36091 0)
(-1.3247 -2.59747 0)
(-0.803052 -2.41286 0)
(-0.00388168 -1.42189 0)
(4.96616e-202 4.1125e-184 0)
(-0.0421544 0.557072 0)
(-0.192894 1.22156 0)
(-0.413356 1.59409 0)
(-0.607886 1.6921 0)
(-0.769296 1.69013 0)
(-0.914082 1.58072 0)
(-1.02062 1.45416 0)
(-1.13123 1.28941 0)
(-1.21907 1.11421 0)
(-1.32733 0.912162 0)
(-1.42777 0.668239 0)
(-1.55977 0.374979 0)
(-1.68801 -0.0214529 0)
(-1.83911 -0.503825 0)
(-1.95721 -1.1487 0)
(-2.02203 -1.84229 0)
(-1.95689 -2.61128 0)
(-1.61874 -3.07297 0)
(-1.09281 -3.06965 0)
(-0.00792718 -1.89545 0)
(1.645e-183 2.65539e-184 0)
(-0.0619731 0.73149 0)
(-0.238161 1.45711 0)
(-0.466922 1.84465 0)
(-0.647232 1.88395 0)
(-0.76707 1.8473 0)
(-0.864763 1.69384 0)
(-0.907708 1.54537 0)
(-0.956102 1.3644 0)
(-0.972855 1.18654 0)
(-1.01527 0.990485 0)
(-1.04733 0.7604 0)
(-1.12563 0.488887 0)
(-1.21128 0.110767 0)
(-1.36003 -0.355257 0)
(-1.51907 -1.02838 0)
(-1.70631 -1.78286 0)
(-1.83922 -2.77245 0)
(-1.76346 -3.47 0)
(-1.47985 -4.04477 0)
(-0.435698 -2.55736 0)
(4.08962e-254 -4.1125e-184 0)
(-0.127272 0.842611 0)
(-0.371263 1.61316 0)
(-0.597089 1.99733 0)
(-0.738426 1.98212 0)
(-0.754555 1.90633 0)
(-0.757569 1.71602 0)
(-0.680142 1.54595 0)
(-0.623684 1.35306 0)
(-0.526696 1.17423 0)
(-0.470287 0.98813 0)
(-0.399205 0.779508 0)
(-0.39709 0.543277 0)
(-0.401591 0.214712 0)
(-0.528407 -0.188465 0)
(-0.677955 -0.796277 0)
(-1.02579 -1.51212 0)
(-1.32898 -2.53097 0)
(-1.84899 -3.43285 0)
(-1.83088 -4.31893 0)
(-2.00205 -3.44799 0)
(-2.39963e-264 -0.204587 0)
(-0.180524 1.25075 0)
(-0.451194 1.931 0)
(-0.59878 2.23367 0)
(-0.630745 2.04162 0)
(-0.488304 1.8802 0)
(-0.345689 1.61928 0)
(-0.114426 1.41819 0)
(0.0775282 1.21124 0)
(0.30711 1.03515 0)
(0.480582 0.864425 0)
(0.66622 0.685829 0)
(0.768762 0.494981 0)
(0.862949 0.237192 0)
(0.812501 -0.0709556 0)
(0.720476 -0.542482 0)
(0.370626 -1.11559 0)
(-0.0434669 -1.97779 0)
(-0.803767 -2.92517 0)
(-1.34437 -3.9763 0)
(-1.87858 -4.25717 0)
(-0.818349 -2.22603 0)
(-0.398003 1.43953 0)
(-0.729075 2.00256 0)
(-0.553236 2.17085 0)
(-0.323739 1.85508 0)
(0.160366 1.62267 0)
(0.538363 1.335 0)
(0.995672 1.12532 0)
(1.35081 0.93014 0)
(1.72446 0.773282 0)
(2.0065 0.631832 0)
(2.28974 0.492861 0)
(2.46555 0.354087 0)
(2.63552 0.172788 0)
(2.63293 -0.0314876 0)
(2.61082 -0.351355 0)
(2.2705 -0.724975 0)
(1.89577 -1.35379 0)
(0.990224 -2.09743 0)
(0.208086 -3.24144 0)
(-0.810519 -3.90009 0)
(-0.690577 -2.93613 0)
(-0.252057 2.43962 0)
(-0.0835344 2.08088 0)
(0.705223 1.87935 0)
(1.33417 1.32131 0)
(2.11056 1.03984 0)
(2.68105 0.778968 0)
(3.26423 0.613543 0)
(3.69938 0.479847 0)
(4.11982 0.38095 0)
(4.42903 0.299389 0)
(4.72473 0.224892 0)
(4.90868 0.153675 0)
(5.08398 0.0651058 0)
(5.09659 -0.0346637 0)
(5.09964 -0.190386 0)
(4.81146 -0.378354 0)
(4.50413 -0.72558 0)
(3.65087 -1.20223 0)
(2.75126 -2.23681 0)
(1.04052 -3.31313 0)
(-0.0411725 -3.80129 0)
(1.67082 1.67315 0)
(2.72084 0.97958 0)
(4.57357 0.751992 0)
(5.41343 0.424013 0)
(6.26823 0.282949 0)
(6.75387 0.171738 0)
(7.1997 0.113436 0)
(7.48489 0.0729779 0)
(7.7441 0.0479562 0)
(7.91302 0.0301065 0)
(8.0708 0.0156492 0)
(8.15056 0.00274744 0)
(8.22965 -0.0140144 0)
(8.19692 -0.0319342 0)
(8.17318 -0.0663907 0)
(7.9323 -0.101808 0)
(7.71679 -0.196312 0)
(6.99239 -0.295535 0)
(6.2689 -0.633916 0)
(4.05201 -1.00811 0)
(2.01615 -1.83201 0)
)
;

boundaryField
{
    movingWall
    {
        type            fixedValue;
        value           uniform (10 0 0);
    }
    fixedWalls
    {
        type            noSlip;
    }
    frontAndBack
    {
        type            empty;
    }
}


// ************************************************************************* //
