/*--------------------------------*- C++ -*----------------------------------*\
| =========                 |                                                 |
| \\      /  F ield         | OpenFOAM: The Open Source CFD Toolbox           |
|  \\    /   O peration     | Version:  4.1                                   |
|   \\  /    A nd           | Web:      www.OpenFOAM.org                      |
|    \\/     M anipulation  |                                                 |
\*---------------------------------------------------------------------------*/
FoamFile
{
    version     2.0;
    format      ascii;
    class       volVectorField;
    location    "0.0427";
    object      U;
}
// * * * * * * * * * * * * * * * * * * * * * * * * * * * * * * * * * * * * * //

dimensions      [0 1 -1 0 0 0 0];

internalField   nonuniform List<vector> 
441
(
(0.00332091 -0.00456512 0)
(0.00840395 -0.00260345 0)
(-0.000650888 -2.18964e-165 0)
(0.00167171 -2.70269e-266 0)
(-0.00897533 -0.00668742 0)
(-0.00167171 -2.67146e-232 0)
(-1.0822e-202 -4.40237e-203 0)
(-1.10042e-203 -5.58578e-228 0)
(-1.45146e-212 -2.3534e-213 0)
(-0.00513049 7.74098e-266 0)
(-0.0615439 0.0205242 0)
(-0.0779809 0.0109855 0)
(-0.0890243 0.00527506 0)
(-0.080337 0.000815021 0)
(-0.0688998 -0.000895 0)
(-0.0493763 -0.00220947 0)
(-0.0319229 -0.00175603 0)
(-0.0148193 -0.00164993 0)
(-0.00287104 0.000116035 0)
(0.00137191 0.000731571 0)
(0.00376957 0.00237337 0)
(0.00314832 -0.00695886 0)
(-0.00248348 0.00655073 0)
(-0.0272291 0.00767925 0)
(-0.0556696 0.0106517 0)
(-0.0967932 0.00927697 0)
(-0.133611 -0.00433139 0)
(-0.167063 -0.000454567 0)
(-0.19801 0.00123532 0)
(-0.224712 0.0107012 0)
(-0.251706 0.0545511 0)
(-0.270263 0.0505658 0)
(-0.265432 0.0167923 0)
(-0.255441 -0.00334522 0)
(-0.224433 -0.0215932 0)
(-0.188283 -0.0301104 0)
(-0.140536 -0.035885 0)
(-0.0960473 -0.0325729 0)
(-0.0536068 -0.0285661 0)
(-0.0222107 -0.0158478 0)
(-0.0054662 -0.00811434 0)
(0.003853 0.00297911 0)
(0.00642245 -0.00578495 0)
(-0.00588638 0.0273882 0)
(-0.0503547 0.0518132 0)
(-0.108028 0.0674207 0)
(-0.1761 0.0702315 0)
(-0.245206 0.0666654 0)
(-0.317012 0.0621042 0)
(-0.372277 0.0557266 0)
(-0.426012 0.0516115 0)
(-0.449803 0.0494764 0)
(-0.443694 0.0350927 0)
(-0.428652 -0.00278426 0)
(-0.401466 -0.0350939 0)
(-0.353229 -0.0661953 0)
(-0.296107 -0.0838989 0)
(-0.224544 -0.0947096 0)
(-0.156655 -0.0875816 0)
(-0.0909464 -0.0759527 0)
(-0.0416458 -0.0469715 0)
(-0.0115567 -0.0257251 0)
(0.00514442 0.00122815 0)
(0.00589267 -0.00770766 0)
(-0.0134267 0.0649151 0)
(-0.0836628 0.109901 0)
(-0.164046 0.138481 0)
(-0.256583 0.146781 0)
(-0.347298 0.139033 0)
(-0.434107 0.127976 0)
(-0.506537 0.110956 0)
(-0.56455 0.0901447 0)
(-0.596733 0.0698406 0)
(-0.600932 0.029173 0)
(-0.581156 -0.0264572 0)
(-0.543927 -0.0788742 0)
(-0.479832 -0.127994 0)
(-0.403648 -0.158581 0)
(-0.308651 -0.176693 0)
(-0.217635 -0.165614 0)
(-0.127839 -0.145119 0)
(-0.060297 -0.0944334 0)
(-0.0163028 -0.0562344 0)
(0.00701231 -0.00307436 0)
(6.16224e-165 0.00147317 0)
(-0.0195523 0.116531 0)
(-0.117916 0.201701 0)
(-0.215904 0.239088 0)
(-0.330637 0.252556 0)
(-0.439421 0.24262 0)
(-0.54523 0.220302 0)
(-0.631907 0.185296 0)
(-0.702371 0.141281 0)
(-0.741756 0.0864857 0)
(-0.751661 0.0199328 0)
(-0.73268 -0.059557 0)
(-0.689465 -0.135677 0)
(-0.613153 -0.206754 0)
(-0.519593 -0.254013 0)
(-0.399834 -0.281464 0)
(-0.284106 -0.266954 0)
(-0.164987 -0.234274 0)
(-0.0778038 -0.156879 0)
(-0.0157574 -0.0938161 0)
(0.0134959 -0.00722457 0)
(-5.0444e-266 0.00502871 0)
(-0.075943 0.187127 0)
(-0.162418 0.304535 0)
(-0.278169 0.352904 0)
(-0.40124 0.370251 0)
(-0.52532 0.354655 0)
(-0.642603 0.321045 0)
(-0.743753 0.268347 0)
(-0.825644 0.200738 0)
(-0.87857 0.118412 0)
(-0.902161 0.0203479 0)
(-0.889822 -0.0895912 0)
(-0.847481 -0.198153 0)
(-0.762512 -0.299301 0)
(-0.653388 -0.371405 0)
(-0.50731 -0.414365 0)
(-0.363038 -0.399413 0)
(-0.209083 -0.354304 0)
(-0.0976034 -0.241831 0)
(-0.0135149 -0.1506 0)
(0.0159776 -0.00423878 0)
(-0.0201148 0.0805113 0)
(-0.104715 0.275653 0)
(-0.203757 0.404364 0)
(-0.329856 0.476298 0)
(-0.467615 0.499091 0)
(-0.605902 0.482765 0)
(-0.739228 0.438137 0)
(-0.856438 0.367592 0)
(-0.955434 0.275979 0)
(-1.02528 0.162809 0)
(-1.06545 0.031672 0)
(-1.0654 -0.114498 0)
(-1.02939 -0.26202 0)
(-0.940333 -0.401606 0)
(-0.818237 -0.50774 0)
(-0.643377 -0.573343 0)
(-0.467259 -0.562939 0)
(-0.266263 -0.501809 0)
(-0.128826 -0.349392 0)
(-0.00112374 -0.20908 0)
(5.65765e-266 -0.00399441 0)
(-0.0145447 0.13216 0)
(-0.0987569 0.371858 0)
(-0.222065 0.530326 0)
(-0.36569 0.617586 0)
(-0.520616 0.64668 0)
(-0.675564 0.626672 0)
(-0.825245 0.572001 0)
(-0.961297 0.484535 0)
(-1.08019 0.370022 0)
(-1.17252 0.227938 0)
(-1.23565 0.0608397 0)
(-1.25535 -0.126656 0)
(-1.23363 -0.322761 0)
(-1.14751 -0.512433 0)
(-1.01677 -0.667633 0)
(-0.814184 -0.768973 0)
(-0.600796 -0.774834 0)
(-0.346734 -0.698442 0)
(-0.1687 -0.502559 0)
(-0.00227033 -0.288402 0)
(2.22031e-24 -1.31826e-24 0)
(-0.0127618 0.190653 0)
(-0.102385 0.481457 0)
(-0.241922 0.669948 0)
(-0.400387 0.773234 0)
(-0.571894 0.807925 0)
(-0.742745 0.786055 0)
(-0.909864 0.723208 0)
(-1.06571 0.621603 0)
(-1.20713 0.487088 0)
(-1.32533 0.31773 0)
(-1.41592 0.115072 0)
(-1.46243 -0.116996 0)
(-1.46313 -0.368539 0)
(-1.38905 -0.619562 0)
(-1.25743 -0.838933 0)
(-1.03074 -0.991935 0)
(-0.778899 -1.02681 0)
(-0.460771 -0.938363 0)
(-0.230368 -0.686858 0)
(-0.00413176 -0.384545 0)
(9.14882e-77 -5.55077e-25 0)
(-0.0112717 0.248027 0)
(-0.10281 0.602688 0)
(-0.254561 0.829224 0)
(-0.425067 0.948267 0)
(-0.610301 0.989673 0)
(-0.79514 0.964782 0)
(-0.977388 0.89539 0)
(-1.15203 0.781535 0)
(-1.31533 0.629892 0)
(-1.46081 0.436085 0)
(-1.58186 0.198187 0)
(-1.66113 -0.0806142 0)
(-1.69266 -0.39568 0)
(-1.64174 -0.720616 0)
(-1.52047 -1.02523 0)
(-1.27948 -1.25282 0)
(-0.991617 -1.34326 0)
(-0.603844 -1.25612 0)
(-0.307072 -0.954004 0)
(-0.00559222 -0.532512 0)
(2.56065e-164 -2.2872e-77 0)
(-0.0118852 0.301595 0)
(-0.108815 0.72308 0)
(-0.272314 0.990138 0)
(-0.453123 1.12691 0)
(-0.648459 1.17654 0)
(-0.843067 1.15133 0)
(-1.03509 1.07918 0)
(-1.22331 0.958224 0)
(-1.40299 0.795536 0)
(-1.57197 0.583459 0)
(-1.72099 0.315874 0)
(-1.83523 -0.00666676 0)
(-1.90335 -0.38622 0)
(-1.88819 -0.792673 0)
(-1.79319 -1.19816 0)
(-1.55679 -1.52412 0)
(-1.24765 -1.69771 0)
(-0.796932 -1.62997 0)
(-0.427039 -1.27431 0)
(-0.0694689 -0.703102 0)
(1.63133e-265 0.012142 0)
(-0.0133123 0.369757 0)
(-0.113336 0.865299 0)
(-0.284437 1.17515 0)
(-0.470083 1.32522 0)
(-0.6684 1.3809 0)
(-0.864975 1.35147 0)
(-1.05742 1.27634 0)
(-1.24935 1.14899 0)
(-1.43455 0.978658 0)
(-1.61682 0.753271 0)
(-1.78491 0.461259 0)
(-1.92925 0.100515 0)
(-2.03484 -0.342606 0)
(-2.06501 -0.833204 0)
(-2.01406 -1.35609 0)
(-1.80796 -1.80472 0)
(-1.5002 -2.10237 0)
(-0.997183 -2.08987 0)
(-0.533399 -1.67612 0)
(-0.0695944 -0.977733 0)
(0.048568 -0.0655354 0)
(-0.0176485 0.42395 0)
(-0.126248 0.991294 0)
(-0.30896 1.34404 0)
(-0.497898 1.50761 0)
(-0.691328 1.56964 0)
(-0.879534 1.53778 0)
(-1.05699 1.46255 0)
(-1.23648 1.33371 0)
(-1.40764 1.16255 0)
(-1.58485 0.933055 0)
(-1.75294 0.628668 0)
(-1.91465 0.243321 0)
(-2.04919 -0.248415 0)
(-2.13112 -0.813085 0)
(-2.1407 -1.45068 0)
(-1.99888 -2.04 0)
(-1.73637 -2.50261 0)
(-1.2004 -2.60496 0)
(-0.678176 -2.19529 0)
(0.0358858 -1.29134 0)
(2.25116e-231 -0.012142 0)
(-0.0233571 0.516543 0)
(-0.138377 1.15968 0)
(-0.326599 1.55063 0)
(-0.50987 1.70867 0)
(-0.685989 1.7656 0)
(-0.851265 1.71738 0)
(-0.996187 1.63507 0)
(-1.14314 1.49947 0)
(-1.2773 1.32746 0)
(-1.42426 1.09815 0)
(-1.5664 0.790462 0)
(-1.72093 0.396229 0)
(-1.86629 -0.126927 0)
(-1.99301 -0.742722 0)
(-2.07579 -1.48837 0)
(-2.03815 -2.21381 0)
(-1.88383 -2.90089 0)
(-1.41546 -3.16577 0)
(-0.877619 -2.90744 0)
(-0.00380488 -1.69087 0)
(5.56556e-202 4.46247e-184 0)
(-0.0403103 0.578539 0)
(-0.178242 1.28844 0)
(-0.380917 1.71155 0)
(-0.556076 1.86141 0)
(-0.696606 1.90927 0)
(-0.819508 1.84439 0)
(-0.903308 1.75396 0)
(-0.990746 1.61332 0)
(-1.0557 1.44383 0)
(-1.14239 1.22245 0)
(-1.22436 0.926133 0)
(-1.34346 0.545151 0)
(-1.4681 0.0262234 0)
(-1.62867 -0.60015 0)
(-1.77476 -1.39838 0)
(-1.88565 -2.22936 0)
(-1.88533 -3.11046 0)
(-1.60598 -3.6204 0)
(-1.12518 -3.58491 0)
(-0.0103622 -2.19785 0)
(1.78499e-183 6.85956e-185 0)
(-0.0595257 0.742899 0)
(-0.21809 1.50458 0)
(-0.420581 1.93772 0)
(-0.57002 2.02564 0)
(-0.654255 2.03601 0)
(-0.712627 1.92465 0)
(-0.712769 1.81037 0)
(-0.716013 1.65242 0)
(-0.686441 1.48061 0)
(-0.683883 1.26777 0)
(-0.675302 0.990979 0)
(-0.722081 0.641751 0)
(-0.790147 0.156034 0)
(-0.941343 -0.433151 0)
(-1.12837 -1.23499 0)
(-1.37391 -2.10011 0)
(-1.59619 -3.18625 0)
(-1.62931 -3.93352 0)
(-1.44888 -4.52168 0)
(-0.456328 -2.86232 0)
(4.33536e-254 -4.46247e-184 0)
(-0.124981 0.841905 0)
(-0.350791 1.63628 0)
(-0.546925 2.05805 0)
(-0.651264 2.08524 0)
(-0.622656 2.05094 0)
(-0.575118 1.89787 0)
(-0.44146 1.75817 0)
(-0.325171 1.58587 0)
(-0.166099 1.41304 0)
(-0.0493775 1.21344 0)
(0.0765808 0.966128 0)
(0.121225 0.665496 0)
(0.14246 0.248708 0)
(0.0166784 -0.25287 0)
(-0.157486 -0.957978 0)
(-0.565862 -1.75043 0)
(-0.958558 -2.82927 0)
(-1.61573 -3.76708 0)
(-1.72709 -4.67084 0)
(-2.05361 -3.72278 0)
(-2.51823e-264 -0.211935 0)
(-0.17962 1.23979 0)
(-0.438081 1.93076 0)
(-0.560882 2.26033 0)
(-0.558702 2.10164 0)
(-0.372044 1.97371 0)
(-0.177638 1.74323 0)
(0.112967 1.56709 0)
(0.369145 1.37727 0)
(0.666289 1.20689 0)
(0.905835 1.02675 0)
(1.15156 0.819546 0)
(1.30049 0.580501 0)
(1.42197 0.256884 0)
(1.37296 -0.123904 0)
(1.2566 -0.663056 0)
(0.853448 -1.28225 0)
(0.362829 -2.16623 0)
(-0.50886 -3.12095 0)
(-1.17677 -4.17138 0)
(-1.85807 -4.44635 0)
(-0.847739 -2.28985 0)
(-0.399342 1.42506 0)
(-0.72973 1.9888 0)
(-0.542435 2.17279 0)
(-0.291079 1.8797 0)
(0.226557 1.67109 0)
(0.647492 1.40531 0)
(1.15721 1.21362 0)
(1.5713 1.03075 0)
(2.00867 0.878282 0)
(2.35403 0.730987 0)
(2.69536 0.573486 0)
(2.91589 0.403388 0)
(3.11147 0.179292 0)
(3.10821 -0.0719462 0)
(3.06026 -0.434597 0)
(2.66882 -0.833916 0)
(2.23014 -1.46616 0)
(1.24501 -2.19616 0)
(0.377759 -3.32387 0)
(-0.740334 -3.9752 0)
(-0.696605 -2.95784 0)
(-0.254489 2.43069 0)
(-0.0943557 2.06852 0)
(0.691462 1.87241 0)
(1.32693 1.32526 0)
(2.12126 1.05602 0)
(2.71996 0.806448 0)
(3.34124 0.650019 0)
(3.82156 0.522114 0)
(4.29204 0.424835 0)
(4.65143 0.339761 0)
(4.99273 0.255815 0)
(5.21084 0.169318 0)
(5.40337 0.0608231 0)
(5.41078 -0.0601045 0)
(5.38641 -0.233405 0)
(5.05116 -0.430137 0)
(4.68876 -0.772481 0)
(3.78024 -1.23539 0)
(2.83393 -2.25195 0)
(1.07753 -3.32629 0)
(-0.0436455 -3.80084 0)
(1.66929 1.67157 0)
(2.71224 0.977101 0)
(4.55791 0.74992 0)
(5.39587 0.423518 0)
(6.25571 0.284346 0)
(6.75318 0.174788 0)
(7.21686 0.11763 0)
(7.52396 0.0776696 0)
(7.80734 0.0523613 0)
(7.99964 0.0333992 0)
(8.17719 0.0169177 0)
(8.26916 0.00134793 0)
(8.35048 -0.0185197 0)
(8.30723 -0.0389821 0)
(8.26238 -0.0748963 0)
(7.99169 -0.109409 0)
(7.74733 -0.200721 0)
(6.99994 -0.2952 0)
(6.26677 -0.628648 0)
(4.04842 -1.0008 0)
(2.00924 -1.82237 0)
)
;

boundaryField
{
    movingWall
    {
        type            fixedValue;
        value           uniform (10 0 0);
    }
    fixedWalls
    {
        type            noSlip;
    }
    frontAndBack
    {
        type            empty;
    }
}


// ************************************************************************* //
