/*--------------------------------*- C++ -*----------------------------------*\
| =========                 |                                                 |
| \\      /  F ield         | OpenFOAM: The Open Source CFD Toolbox           |
|  \\    /   O peration     | Version:  4.1                                   |
|   \\  /    A nd           | Web:      www.OpenFOAM.org                      |
|    \\/     M anipulation  |                                                 |
\*---------------------------------------------------------------------------*/
FoamFile
{
    version     2.0;
    format      ascii;
    class       volVectorField;
    location    "0.198";
    object      U;
}
// * * * * * * * * * * * * * * * * * * * * * * * * * * * * * * * * * * * * * //

dimensions      [0 1 -1 0 0 0 0];

internalField   nonuniform List<vector> 
441
(
(1.78512e-05 -2.27592e-05 0)
(-0.00037756 0.000332837 0)
(-0.00157671 0.000740635 0)
(-0.00347297 0.00105797 0)
(-0.00583958 0.0012377 0)
(-0.00840281 0.00127619 0)
(-0.0109 0.00118681 0)
(-0.0131017 0.000990275 0)
(-0.014822 0.000710196 0)
(-0.0159227 0.000371537 0)
(-0.0163159 4.2522e-07 0)
(-0.015966 -0.000375524 0)
(-0.0148925 -0.000726945 0)
(-0.0131727 -0.00102298 0)
(-0.0109434 -0.00123237 0)
(-0.00839952 -0.00132578 0)
(-0.00578748 -0.00127956 0)
(-0.00338881 -0.00108199 0)
(-0.00149047 -0.00074341 0)
(-0.000319321 -0.000321106 0)
(3.32011e-05 3.4846e-05 0)
(-0.000345871 0.000359493 0)
(-0.0022186 0.00215629 0)
(-0.00588229 0.00408555 0)
(-0.0110528 0.0055774 0)
(-0.0172184 0.00641573 0)
(-0.0237576 0.00656703 0)
(-0.0300606 0.00608581 0)
(-0.0355837 0.00506863 0)
(-0.0398807 0.00363142 0)
(-0.0426183 0.00189995 0)
(-0.0435853 7.11814e-06 0)
(-0.0426988 -0.0019068 0)
(-0.0400105 -0.00369395 0)
(-0.035711 -0.00520085 0)
(-0.0301309 -0.00627447 0)
(-0.0237337 -0.00677392 0)
(-0.0170958 -0.00658968 0)
(-0.0108651 -0.00567391 0)
(-0.00569092 -0.00408856 0)
(-0.0020878 -0.00209413 0)
(-0.000311632 -0.000303745 0)
(-0.000802493 0.00156975 0)
(-0.00440957 0.00583268 0)
(-0.0105455 0.0099381 0)
(-0.0186896 0.0130067 0)
(-0.0280939 0.0146682 0)
(-0.0378895 0.01486 0)
(-0.0472294 0.0136904 0)
(-0.0553581 0.0113592 0)
(-0.061654 0.00811355 0)
(-0.0656529 0.00422685 0)
(-0.0670613 -9.44165e-06 0)
(-0.0657655 -0.00428752 0)
(-0.0618393 -0.00828458 0)
(-0.0555486 -0.0116684 0)
(-0.0473522 -0.0141113 0)
(-0.0378913 -0.0153157 0)
(-0.0279622 -0.0150547 0)
(-0.0184613 -0.0132315 0)
(-0.0102984 -0.00996409 0)
(-0.00423227 -0.0057128 0)
(-0.000753359 -0.00145404 0)
(-0.00125291 0.00362594 0)
(-0.00658942 0.0114029 0)
(-0.0151361 0.0182789 0)
(-0.0260792 0.0232125 0)
(-0.0384217 0.0257491 0)
(-0.0510773 0.025834 0)
(-0.0630161 0.0236571 0)
(-0.0733325 0.01955 0)
(-0.0812877 0.0139223 0)
(-0.0863325 0.00722873 0)
(-0.0881206 -4.53092e-05 0)
(-0.0865165 -0.00738746 0)
(-0.0816039 -0.0142616 0)
(-0.0736915 -0.0201174 0)
(-0.0633162 -0.0244126 0)
(-0.0512351 -0.0266547 0)
(-0.0384005 -0.0264641 0)
(-0.025905 -0.0236628 0)
(-0.0148944 -0.0183898 0)
(-0.00639314 -0.0112459 0)
(-0.00119317 -0.0034439 0)
(-0.00167891 0.00649612 0)
(-0.0086806 0.0188358 0)
(-0.0195655 0.0290658 0)
(-0.0331973 0.0361057 0)
(-0.0483093 0.0395078 0)
(-0.063601 0.0392887 0)
(-0.0778851 0.0357666 0)
(-0.0901434 0.0294402 0)
(-0.0995598 0.0209104 0)
(-0.105533 0.0108374 0)
(-0.107686 -7.74492e-05 0)
(-0.105864 -0.0110961 0)
(-0.100149 -0.0214464 0)
(-0.0908643 -0.0303332 0)
(-0.0785848 -0.0369676 0)
(-0.0641399 -0.0406225 0)
(-0.0486002 -0.0407182 0)
(-0.033234 -0.0369403 0)
(-0.0194294 -0.0293825 0)
(-0.00851129 -0.0187046 0)
(-0.00161656 -0.00625684 0)
(-0.00209072 0.0101422 0)
(-0.0107146 0.0280763 0)
(-0.0238895 0.0422353 0)
(-0.0401393 0.0515965 0)
(-0.0579104 0.0558163 0)
(-0.0756869 0.0550642 0)
(-0.0921403 0.0498479 0)
(-0.106169 0.0408769 0)
(-0.11691 0.028972 0)
(-0.12374 0.0150159 0)
(-0.126266 -6.45876e-05 0)
(-0.124319 -0.0152994 0)
(-0.117966 -0.029672 0)
(-0.107517 -0.0421269 0)
(-0.0935495 -0.0516009 0)
(-0.076926 -0.0570886 0)
(-0.0588053 -0.057749 0)
(-0.04062 -0.0530531 0)
(-0.0240136 -0.0429596 0)
(-0.0106468 -0.0280964 0)
(-0.00203998 -0.00988029 0)
(-0.00250463 0.014551 0)
(-0.0127536 0.0390995 0)
(-0.0282052 0.0577463 0)
(-0.0470226 0.0696127 0)
(-0.0673511 0.0745638 0)
(-0.087462 0.0730182 0)
(-0.105905 0.0657484 0)
(-0.121526 0.0537259 0)
(-0.133452 0.0380194 0)
(-0.141066 0.0197442 0)
(-0.143977 4.96716e-05 0)
(-0.142009 -0.0198703 0)
(-0.135199 -0.038761 0)
(-0.123814 -0.0553031 0)
(-0.108395 -0.0681367 0)
(-0.0897954 -0.0759309 0)
(-0.0692234 -0.0775076 0)
(-0.0482568 -0.0720221 0)
(-0.0288031 -0.0591836 0)
(-0.012895 -0.0394826 0)
(-0.00248721 -0.0143392 0)
(-0.00293745 0.0197375 0)
(-0.0148631 0.0519161 0)
(-0.0326061 0.0755745 0)
(-0.0539357 0.0900744 0)
(-0.0766816 0.0956117 0)
(-0.0989135 0.0929691 0)
(-0.119092 0.0832735 0)
(-0.136053 0.0678159 0)
(-0.148959 0.0479396 0)
(-0.157239 0.0249937 0)
(-0.16053 0.000333679 0)
(-0.158655 -0.0246482 0)
(-0.151609 -0.0484834 0)
(-0.139589 -0.0695999 0)
(-0.123047 -0.0863284 0)
(-0.102767 -0.096965 0)
(-0.0799545 -0.0999059 0)
(-0.0562912 -0.0938639 0)
(-0.0339436 -0.078151 0)
(-0.0153535 -0.0529826 0)
(-0.00298274 -0.0197005 0)
(-0.00340571 0.0257439 0)
(-0.0171045 0.0665662 0)
(-0.0371658 0.0956952 0)
(-0.0609119 0.11286 0)
(-0.0858425 0.118745 0)
(-0.109852 0.114637 0)
(-0.131363 0.102126 0)
(-0.149267 0.0828837 0)
(-0.162825 0.0585517 0)
(-0.171562 0.0307019 0)
(-0.175183 0.000862022 0)
(-0.173522 -0.0294234 0)
(-0.166524 -0.0585182 0)
(-0.15428 -0.0846309 0)
(-0.137095 -0.105787 0)
(-0.115606 -0.119868 0)
(-0.0909264 -0.124747 0)
(-0.0647729 -0.118539 0)
(-0.0395386 -0.0999618 0)
(-0.0181087 -0.0687619 0)
(-0.00354976 -0.0260712 0)
(-0.00392731 0.0326392 0)
(-0.0195388 0.0831086 0)
(-0.0419338 0.118055 0)
(-0.0679125 0.137762 0)
(-0.0946348 0.143611 0)
(-0.119869 0.137578 0)
(-0.142082 0.121839 0)
(-0.160314 0.098516 0)
(-0.174007 0.0695611 0)
(-0.182856 0.0367427 0)
(-0.186679 0.00170555 0)
(-0.185347 -0.0339245 0)
(-0.178753 -0.0684184 0)
(-0.166842 -0.0998275 0)
(-0.149706 -0.125903 0)
(-0.127734 -0.144089 0)
(-0.101822 -0.151636 0)
(-0.0736044 -0.145873 0)
(-0.0456253 -0.124666 0)
(-0.0212294 -0.0870065 0)
(-0.00421004 -0.0335941 0)
(-0.00452448 0.0405224 0)
(-0.0222335 0.101607 0)
(-0.0469334 0.142531 0)
(-0.0748056 0.164417 0)
(-0.102676 0.169641 0)
(-0.128275 0.1611 0)
(-0.150242 0.141703 0)
(-0.167888 0.114086 0)
(-0.180953 0.0805112 0)
(-0.189383 0.0428935 0)
(-0.193171 0.00291526 0)
(-0.192258 -0.037816 0)
(-0.186489 -0.0775848 0)
(-0.175638 -0.114385 0)
(-0.159508 -0.145764 0)
(-0.138117 -0.168741 0)
(-0.111984 -0.179858 0)
(-0.0824747 -0.175449 0)
(-0.0521412 -0.152184 0)
(-0.0247595 -0.107884 0)
(-0.00498394 -0.0424418 0)
(-0.00522737 0.0495308 0)
(-0.0252687 0.122115 0)
(-0.0521489 0.168877 0)
(-0.0813204 0.192226 0)
(-0.109323 0.195952 0)
(-0.134005 0.18417 0)
(-0.154359 0.160684 0)
(-0.17014 0.128692 0)
(-0.181511 0.0907359 0)
(-0.188767 0.0488009 0)
(-0.192143 0.00449869 0)
(-0.191689 -0.0407079 0)
(-0.187219 -0.0852563 0)
(-0.17832 -0.127224 0)
(-0.164446 -0.164081 0)
(-0.145118 -0.192487 0)
(-0.120275 -0.208239 0)
(-0.0907562 -0.206457 0)
(-0.0588684 -0.18219 0)
(-0.0287016 -0.131482 0)
(-0.00588939 -0.0528104 0)
(-0.00607681 0.0598535 0)
(-0.0287321 0.14464 0)
(-0.0574774 0.196627 0)
(-0.0869434 0.220218 0)
(-0.113523 0.221213 0)
(-0.135446 0.205304 0)
(-0.152316 0.177345 0)
(-0.164531 0.141101 0)
(-0.172821 0.0993221 0)
(-0.177915 0.0539487 0)
(-0.180344 0.00638915 0)
(-0.180311 -0.0421863 0)
(-0.177628 -0.0905316 0)
(-0.171709 -0.13699 0)
(-0.161626 -0.179138 0)
(-0.146303 -0.213436 0)
(-0.12488 -0.234977 0)
(-0.0973347 -0.237503 0)
(-0.0653276 -0.213942 0)
(-0.0329791 -0.157719 0)
(-0.00693723 -0.0649068 0)
(-0.00712203 0.0717451 0)
(-0.0326781 0.169078 0)
(-0.0625967 0.224936 0)
(-0.0906923 0.246862 0)
(-0.113534 0.243477 0)
(-0.130154 0.222454 0)
(-0.141107 0.189783 0)
(-0.147652 0.149728 0)
(-0.151193 0.105101 0)
(-0.152945 0.057644 0)
(-0.153758 0.00841152 0)
(-0.154012 -0.0418697 0)
(-0.153561 -0.0924392 0)
(-0.151695 -0.14211 0)
(-0.147143 -0.188814 0)
(-0.138191 -0.229073 0)
(-0.123007 -0.25748 0)
(-0.100323 -0.266358 0)
(-0.0705734 -0.246029 0)
(-0.0373456 -0.186181 0)
(-0.00811695 -0.0789236 0)
(-0.00840021 0.0855206 0)
(-0.0369875 0.195044 0)
(-0.0666381 0.252294 0)
(-0.0906417 0.269774 0)
(-0.1064 0.259982 0)
(-0.114377 0.232911 0)
(-0.11647 0.19563 0)
(-0.11497 0.152678 0)
(-0.111977 0.106698 0)
(-0.109152 0.0590396 0)
(-0.107622 0.0102556 0)
(-0.107938 -0.0394953 0)
(-0.11004 -0.0900756 0)
(-0.113193 -0.14096 0)
(-0.115912 -0.190717 0)
(-0.115949 -0.236313 0)
(-0.110452 -0.272251 0)
(-0.0965753 -0.289681 0)
(-0.0727885 -0.276005 0)
(-0.041173 -0.215854 0)
(-0.009357 -0.0949768 0)
(-0.00986159 0.101485 0)
(-0.0409633 0.221499 0)
(-0.0674213 0.276013 0)
(-0.0829697 0.285316 0)
(-0.0870261 0.266959 0)
(-0.0823029 0.233325 0)
(-0.0723659 0.192187 0)
(-0.0605317 0.147929 0)
(-0.0494477 0.102694 0)
(-0.0410359 0.0572297 0)
(-0.0365544 0.0114785 0)
(-0.0366595 -0.0350247 0)
(-0.041411 -0.0828212 0)
(-0.0501951 -0.132167 0)
(-0.0615644 -0.182523 0)
(-0.073036 -0.231756 0)
(-0.0809724 -0.274942 0)
(-0.080861 -0.302756 0)
(-0.0684791 -0.299881 0)
(-0.0429465 -0.244639 0)
(-0.0104166 -0.112955 0)
(-0.0111041 0.119594 0)
(-0.0422211 0.245852 0)
(-0.059724 0.29132 0)
(-0.0601227 0.288091 0)
(-0.0466409 0.259589 0)
(-0.0249857 0.219963 0)
(-0.000352248 0.176825 0)
(0.0232882 0.133738 0)
(0.0431799 0.0919548 0)
(0.0575123 0.0514617 0)
(0.0651568 0.0115708 0)
(0.0654877 -0.0287449 0)
(0.0583201 -0.0706247 0)
(0.0439797 -0.115077 0)
(0.0235246 -0.162576 0)
(-0.000875404 -0.212303 0)
(-0.0254499 -0.260756 0)
(-0.0445123 -0.29941 0)
(-0.0508844 -0.311438 0)
(-0.0390522 -0.26843 0)
(-0.0105624 -0.132092 0)
(-0.0104772 0.138608 0)
(-0.0336401 0.262287 0)
(-0.0314187 0.290169 0)
(-0.00745437 0.270734 0)
(0.0295095 0.232533 0)
(0.0709323 0.189574 0)
(0.110909 0.147871 0)
(0.145776 0.109392 0)
(0.173432 0.0742038 0)
(0.192713 0.04151 0)
(0.20296 0.010128 0)
(0.203763 -0.0213157 0)
(0.19485 -0.0543048 0)
(0.176129 -0.0903565 0)
(0.147896 -0.13082 0)
(0.111295 -0.17634 0)
(0.0690931 -0.225589 0)
(0.0267011 -0.27258 0)
(-0.00685794 -0.301683 0)
(-0.0208008 -0.279658 0)
(-0.0075379 -0.15002 0)
(-0.000901936 0.152092 0)
(0.00505906 0.256994 0)
(0.0445257 0.259238 0)
(0.102065 0.2244 0)
(0.164792 0.181554 0)
(0.223989 0.14117 0)
(0.275347 0.106125 0)
(0.317043 0.0763609 0)
(0.348539 0.0508258 0)
(0.369823 0.0282049 0)
(0.380982 0.00715023 0)
(0.381974 -0.0136956 0)
(0.372526 -0.0357569 0)
(0.352115 -0.0605989 0)
(0.320083 -0.0899475 0)
(0.275958 -0.125508 0)
(0.220179 -0.168217 0)
(0.1554 -0.216033 0)
(0.0888542 -0.258477 0)
(0.0329695 -0.263797 0)
(0.00678313 -0.159249 0)
(0.0495106 0.145072 0)
(0.131437 0.207525 0)
(0.226097 0.184285 0)
(0.314869 0.144657 0)
(0.392561 0.108572 0)
(0.456533 0.0796049 0)
(0.507106 0.0571468 0)
(0.545518 0.0396668 0)
(0.57316 0.025677 0)
(0.591184 0.0139284 0)
(0.600352 0.00337812 0)
(0.60097 -0.00690866 0)
(0.592848 -0.0178758 0)
(0.57525 -0.0306049 0)
(0.546849 -0.0464522 0)
(0.505715 -0.0671573 0)
(0.449491 -0.0947662 0)
(0.375827 -0.130772 0)
(0.284164 -0.172769 0)
(0.17511 -0.201245 0)
(0.0650196 -0.14458 0)
(0.320806 0.0484838 0)
(0.500057 0.0579366 0)
(0.618473 0.048945 0)
(0.694219 0.0365935 0)
(0.74788 0.0259961 0)
(0.786063 0.0181243 0)
(0.813275 0.0124451 0)
(0.832392 0.0082989 0)
(0.845334 0.00515443 0)
(0.853331 0.00262293 0)
(0.857106 0.000413378 0)
(0.856969 -0.00171424 0)
(0.852852 -0.00399108 0)
(0.84427 -0.00668037 0)
(0.830204 -0.0101206 0)
(0.808866 -0.014765 0)
(0.777258 -0.0211666 0)
(0.730084 -0.029761 0)
(0.658325 -0.0397954 0)
(0.536232 -0.047706 0)
(0.3315 -0.0475931 0)
)
;

boundaryField
{
    movingWall
    {
        type            fixedValue;
        value           uniform (1 0 0);
    }
    fixedWalls
    {
        type            noSlip;
    }
    frontAndBack
    {
        type            empty;
    }
}


// ************************************************************************* //
