/*--------------------------------*- C++ -*----------------------------------*\
| =========                 |                                                 |
| \\      /  F ield         | OpenFOAM: The Open Source CFD Toolbox           |
|  \\    /   O peration     | Version:  4.1                                   |
|   \\  /    A nd           | Web:      www.OpenFOAM.org                      |
|    \\/     M anipulation  |                                                 |
\*---------------------------------------------------------------------------*/
FoamFile
{
    version     2.0;
    format      ascii;
    class       volVectorField;
    location    "0.0262";
    object      U;
}
// * * * * * * * * * * * * * * * * * * * * * * * * * * * * * * * * * * * * * //

dimensions      [0 1 -1 0 0 0 0];

internalField   nonuniform List<vector> 
441
(
(0.00329084 -0.00467603 0)
(0.00799844 -0.00279498 0)
(-0.000698859 -2.29458e-165 0)
(0.0015553 -2.41093e-266 0)
(-0.00990677 -0.00622174 0)
(-0.0015553 -2.53978e-232 0)
(-1.08839e-202 -3.80564e-203 0)
(-9.51217e-204 -4.69088e-228 0)
(-1.33734e-212 -1.93823e-213 0)
(-0.00471559 7.18953e-266 0)
(-0.0556982 0.0188639 0)
(-0.0711028 0.0102665 0)
(-0.0819221 0.00507471 0)
(-0.0754497 0.00109442 0)
(-0.0666496 -0.000493442 0)
(-0.0502791 -0.00177589 0)
(-0.0350352 -0.00159949 0)
(-0.0188314 -0.00171812 0)
(-0.00642623 -0.000280478 0)
(-0.000255021 0.000347947 0)
(0.00331867 0.00212601 0)
(0.00291152 -0.00639595 0)
(-0.00378448 0.00679892 0)
(-0.0289402 0.0076001 0)
(-0.0566849 0.0112064 0)
(-0.0954375 0.00861022 0)
(-0.128367 -0.00535866 0)
(-0.157223 -0.000703521 0)
(-0.183075 0.00102123 0)
(-0.204755 0.00956408 0)
(-0.22703 0.0492565 0)
(-0.242418 0.0459146 0)
(-0.238019 0.0162319 0)
(-0.230512 -0.00111331 0)
(-0.205415 -0.0169064 0)
(-0.176292 -0.0247023 0)
(-0.136312 -0.0308013 0)
(-0.0978219 -0.029652 0)
(-0.0587091 -0.0279555 0)
(-0.0276545 -0.0179206 0)
(-0.00824972 -0.0108229 0)
(0.00312325 0.00113174 0)
(0.00603985 -0.00442502 0)
(-0.00687636 0.0286588 0)
(-0.0510495 0.0514595 0)
(-0.105809 0.0645441 0)
(-0.16801 0.0644828 0)
(-0.229834 0.0584029 0)
(-0.291918 0.0526975 0)
(-0.33709 0.0459224 0)
(-0.380638 0.0421845 0)
(-0.397648 0.0413465 0)
(-0.389294 0.0306239 0)
(-0.37523 -0.000638062 0)
(-0.352634 -0.0269726 0)
(-0.3134 -0.0529538 0)
(-0.267416 -0.0687961 0)
(-0.208363 -0.0804372 0)
(-0.150965 -0.0781909 0)
(-0.0923957 -0.0722561 0)
(-0.0458619 -0.0497394 0)
(-0.0141888 -0.0307467 0)
(0.00421156 -0.00246897 0)
(0.00599371 -0.0057168 0)
(-0.0123052 0.065438 0)
(-0.0794828 0.106677 0)
(-0.153738 0.130103 0)
(-0.23677 0.13292 0)
(-0.315787 0.120895 0)
(-0.388919 0.107688 0)
(-0.447478 0.090371 0)
(-0.492571 0.0717332 0)
(-0.515212 0.0556768 0)
(-0.514446 0.0232195 0)
(-0.495063 -0.0213614 0)
(-0.463299 -0.0630754 0)
(-0.410864 -0.103038 0)
(-0.349895 -0.129561 0)
(-0.272881 -0.148439 0)
(-0.198081 -0.145135 0)
(-0.120944 -0.134452 0)
(-0.0602726 -0.0954264 0)
(-0.0171821 -0.0621509 0)
(0.00617661 -0.00851459 0)
(6.02976e-165 0.00149843 0)
(-0.017207 0.113742 0)
(-0.108676 0.192163 0)
(-0.196611 0.220671 0)
(-0.29731 0.22568 0)
(-0.389837 0.209123 0)
(-0.477202 0.183477 0)
(-0.54558 0.148841 0)
(-0.598854 0.109475 0)
(-0.625046 0.0638442 0)
(-0.626822 0.0108513 0)
(-0.606335 -0.0515238 0)
(-0.568431 -0.110508 0)
(-0.505879 -0.166532 0)
(-0.431801 -0.205796 0)
(-0.3367 -0.232811 0)
(-0.244673 -0.228794 0)
(-0.146107 -0.21086 0)
(-0.0716583 -0.151978 0)
(-0.0144533 -0.097849 0)
(0.0124695 -0.0125707 0)
(-5.02134e-266 0.00484748 0)
(-0.0712445 0.178305 0)
(-0.147363 0.284441 0)
(-0.248994 0.320401 0)
(-0.353696 0.326123 0)
(-0.456857 0.301818 0)
(-0.551058 0.263963 0)
(-0.629089 0.212288 0)
(-0.688905 0.151832 0)
(-0.723541 0.0829827 0)
(-0.733928 0.00467634 0)
(-0.716411 -0.0805978 0)
(-0.677465 -0.16336 0)
(-0.607356 -0.24091 0)
(-0.521767 -0.29831 0)
(-0.40807 -0.337443 0)
(-0.296836 -0.334785 0)
(-0.173885 -0.310028 0)
(-0.0828989 -0.225457 0)
(-0.00817763 -0.149142 0)
(0.0158202 -0.00961483 0)
(-0.0193899 0.075989 0)
(-0.0969731 0.257812 0)
(-0.183078 0.37045 0)
(-0.291613 0.42548 0)
(-0.407107 0.43305 0)
(-0.520097 0.405405 0)
(-0.62543 0.355226 0)
(-0.714066 0.286071 0)
(-0.784829 0.20385 0)
(-0.829807 0.108739 0)
(-0.85004 0.00414923 0)
(-0.839095 -0.108166 0)
(-0.802594 -0.218705 0)
(-0.727981 -0.322782 0)
(-0.632775 -0.403704 0)
(-0.498765 -0.458882 0)
(-0.366891 -0.460877 0)
(-0.211073 -0.426473 0)
(-0.104826 -0.314887 0)
(0.00413827 -0.198046 0)
(5.37825e-266 -0.00395505 0)
(-0.0137796 0.12349 0)
(-0.0895137 0.343045 0)
(-0.197374 0.479799 0)
(-0.320688 0.545299 0)
(-0.450122 0.555085 0)
(-0.57596 0.520644 0)
(-0.693063 0.45842 0)
(-0.794923 0.371777 0)
(-0.878809 0.268011 0)
(-0.938478 0.147801 0)
(-0.973267 0.014258 0)
(-0.974324 -0.128926 0)
(-0.945977 -0.274148 0)
(-0.871787 -0.412428 0)
(-0.769676 -0.526893 0)
(-0.616002 -0.606355 0)
(-0.458905 -0.620885 0)
(-0.267395 -0.577035 0)
(-0.134008 -0.436591 0)
(-0.0011029 -0.262305 0)
(1.86209e-24 -1.65779e-24 0)
(-0.0118247 0.176335 0)
(-0.0921793 0.439717 0)
(-0.215134 0.600436 0)
(-0.351834 0.676737 0)
(-0.495951 0.68746 0)
(-0.635042 0.647193 0)
(-0.765891 0.573696 0)
(-0.882525 0.471079 0)
(-0.982382 0.347388 0)
(-1.05999 0.202819 0)
(-1.1133 0.0405254 0)
(-1.13227 -0.135796 0)
(-1.11847 -0.320084 0)
(-1.05141 -0.499879 0)
(-0.947346 -0.65751 0)
(-0.774846 -0.771537 0)
(-0.589525 -0.806089 0)
(-0.350933 -0.754775 0)
(-0.180457 -0.575057 0)
(-0.00331305 -0.337583 0)
(7.62006e-77 -4.65523e-25 0)
(-0.0103822 0.228332 0)
(-0.0930112 0.548014 0)
(-0.228629 0.74048 0)
(-0.377704 0.826944 0)
(-0.535549 0.839105 0)
(-0.687938 0.790922 0)
(-0.832241 0.706511 0)
(-0.964645 0.588235 0)
(-1.08183 0.445871 0)
(-1.18063 0.278299 0)
(-1.25699 0.0867676 0)
(-1.3006 -0.124746 0)
(-1.30953 -0.354743 0)
(-1.25881 -0.585686 0)
(-1.16053 -0.802941 0)
(-0.973811 -0.968516 0)
(-0.757573 -1.04335 0)
(-0.4625 -0.993612 0)
(-0.24012 -0.779795 0)
(-0.00492969 -0.454484 0)
(2.11488e-164 -1.90502e-77 0)
(-0.0111547 0.276759 0)
(-0.1008 0.656322 0)
(-0.250636 0.883221 0)
(-0.412671 0.981736 0)
(-0.583318 0.996434 0)
(-0.747814 0.942307 0)
(-0.903678 0.849729 0)
(-1.05056 0.71964 0)
(-1.18395 0.563251 0)
(-1.30481 0.377453 0)
(-1.40631 0.16104 0)
(-1.48058 -0.0835124 0)
(-1.52014 -0.360403 0)
(-1.49778 -0.649528 0)
(-1.41709 -0.939816 0)
(-1.22719 -1.17686 0)
(-0.984362 -1.31282 0)
(-0.628797 -1.27744 0)
(-0.341392 -1.02295 0)
(-0.0599898 -0.586973 0)
(1.30522e-265 0.0102116 0)
(-0.0129703 0.341445 0)
(-0.108895 0.78971 0)
(-0.271185 1.05411 0)
(-0.443577 1.16059 0)
(-0.623355 1.17573 0)
(-0.796278 1.11158 0)
(-0.959304 1.01021 0)
(-1.11668 0.868373 0)
(-1.26223 0.700464 0)
(-1.40237 0.500138 0)
(-1.52777 0.262422 0)
(-1.63461 -0.0119572 0)
(-1.71065 -0.337752 0)
(-1.7275 -0.690996 0)
(-1.67924 -1.07358 0)
(-1.50271 -1.40665 0)
(-1.24338 -1.64136 0)
(-0.821934 -1.64732 0)
(-0.439906 -1.34439 0)
(-0.0588129 -0.81108 0)
(0.0408466 -0.05782 0)
(-0.017879 0.394407 0)
(-0.127036 0.911645 0)
(-0.308142 1.21512 0)
(-0.492365 1.33073 0)
(-0.677273 1.34745 0)
(-0.853099 1.27582 0)
(-1.01382 1.16927 0)
(-1.17262 1.02111 0)
(-1.31903 0.848655 0)
(-1.46916 0.642426 0)
(-1.6087 0.393627 0)
(-1.74396 0.0994773 0)
(-1.85475 -0.265912 0)
(-1.92073 -0.680689 0)
(-1.92001 -1.16097 0)
(-1.78388 -1.61438 0)
(-1.53694 -1.98826 0)
(-1.05211 -2.08724 0)
(-0.58736 -1.7792 0)
(0.0329742 -1.07261 0)
(1.95715e-231 -0.0102116 0)
(-0.0243784 0.489275 0)
(-0.145892 1.0831 0)
(-0.341742 1.42331 0)
(-0.53156 1.53087 0)
(-0.712721 1.53958 0)
(-0.881355 1.44844 0)
(-1.02765 1.33156 0)
(-1.17415 1.17346 0)
(-1.30562 0.997431 0)
(-1.44822 0.78937 0)
(-1.5838 0.53642 0)
(-1.73019 0.233313 0)
(-1.86394 -0.162467 0)
(-1.97622 -0.627253 0)
(-2.03761 -1.21186 0)
(-1.97777 -1.79462 0)
(-1.79827 -2.37485 0)
(-1.32889 -2.61259 0)
(-0.805887 -2.42599 0)
(-0.00389405 -1.42893 0)
(4.98581e-202 4.12476e-184 0)
(-0.0421224 0.557418 0)
(-0.192643 1.22288 0)
(-0.412814 1.59667 0)
(-0.607043 1.696 0)
(-0.768158 1.6953 0)
(-0.912674 1.58701 0)
(-1.01898 1.46137 0)
(-1.12941 1.29736 0)
(-1.21713 1.12259 0)
(-1.32533 0.920524 0)
(-1.42576 0.675857 0)
(-1.55782 0.380921 0)
(-1.68622 -0.0183331 0)
(-1.8376 -0.504537 0)
(-1.95625 -1.15401 0)
(-2.02181 -1.85215 0)
(-1.95775 -2.62503 0)
(-1.62027 -3.08855 0)
(-1.09471 -3.0843 0)
(-0.00800281 -1.90389 0)
(1.64991e-183 2.61946e-184 0)
(-0.0619262 0.731655 0)
(-0.237778 1.45808 0)
(-0.466038 1.8468 0)
(-0.645758 1.88739 0)
(-0.764924 1.85197 0)
(-0.861887 1.69962 0)
(-0.904061 1.55208 0)
(-0.95165 1.37185 0)
(-0.967572 1.19444 0)
(-1.00915 0.998399 0)
(-1.04039 0.76763 0)
(-1.11797 0.494567 0)
(-1.20311 0.113845 0)
(-1.35173 -0.355641 0)
(-1.51122 -1.03289 0)
(-1.69963 -1.79135 0)
(-1.83456 -2.78456 0)
(-1.76122 -3.48407 0)
(-1.47996 -4.0593 0)
(-0.43639 -2.56644 0)
(4.09903e-254 -4.12476e-184 0)
(-0.127224 0.842534 0)
(-0.370837 1.61365 0)
(-0.596033 1.99882 0)
(-0.736564 1.98478 0)
(-0.751715 1.91011 0)
(-0.753619 1.72081 0)
(-0.674957 1.55159 0)
(-0.617166 1.35938 0)
(-0.518746 1.18096 0)
(-0.460862 0.994848 0)
(-0.388311 0.785611 0)
(-0.384892 0.548021 0)
(-0.388384 0.217232 0)
(-0.514767 -0.188819 0)
(-0.664586 -0.79991 0)
(-1.01378 -1.51875 0)
(-1.3193 -2.54017 0)
(-1.84308 -3.44362 0)
(-1.82855 -4.33038 0)
(-2.00396 -3.4567 0)
(-2.40314e-264 -0.20482 0)
(-0.180504 1.25045 0)
(-0.450898 1.93098 0)
(-0.597906 2.23439 0)
(-0.629045 2.04328 0)
(-0.485524 1.88278 0)
(-0.341633 1.62271 0)
(-0.108901 1.42233 0)
(0.0846765 1.21593 0)
(0.316024 1.04015 0)
(0.491323 0.869402 0)
(0.678765 0.6903 0)
(0.782897 0.498374 0)
(0.878285 0.238864 0)
(0.828378 -0.0714541 0)
(0.736114 -0.545317 0)
(0.385031 -1.12035 0)
(-0.0312082 -1.98381 0)
(-0.794882 -2.93182 0)
(-1.33944 -3.98308 0)
(-1.87816 -4.26357 0)
(-0.819279 -2.2283 0)
(-0.398037 1.43915 0)
(-0.729098 2.0022 0)
(-0.552966 2.17094 0)
(-0.322884 1.85583 0)
(0.162123 1.62409 0)
(0.54128 1.33704 0)
(1.00001 1.12787 0)
(1.35676 0.933067 0)
(1.73221 0.77641 0)
(2.01611 0.63492 0)
(2.30118 0.495582 0)
(2.47857 0.356063 0)
(2.64969 0.173606 0)
(2.64753 -0.032104 0)
(2.62506 -0.353474 0)
(2.28349 -0.728218 0)
(1.90688 -1.35751 0)
(0.998777 -2.10095 0)
(0.213758 -3.24454 0)
(-0.808182 -3.90286 0)
(-0.690732 -2.93705 0)
(-0.25212 2.43938 0)
(-0.0838229 2.08055 0)
(0.704865 1.87918 0)
(1.33402 1.32146 0)
(2.11094 1.04034 0)
(2.68226 0.77979 0)
(3.26654 0.614619 0)
(3.70299 0.481096 0)
(4.1249 0.382273 0)
(4.43562 0.300658 0)
(4.73279 0.225953 0)
(4.91795 0.154351 0)
(5.09405 0.065225 0)
(5.10682 -0.0352083 0)
(5.10931 -0.191574 0)
(4.81985 -0.379975 0)
(4.5108 -0.727215 0)
(3.65566 -1.2035 0)
(2.75434 -2.23751 0)
(1.04191 -3.31369 0)
(-0.041203 -3.80137 0)
(1.67077 1.6731 0)
(2.72061 0.97951 0)
(4.57315 0.751936 0)
(5.41298 0.424003 0)
(6.26794 0.282992 0)
(6.75394 0.171828 0)
(7.2003 0.113557 0)
(7.48612 0.0731134 0)
(7.74606 0.0480874 0)
(7.91569 0.0302128 0)
(8.07412 0.0157059 0)
(8.15434 0.00273308 0)
(8.23363 -0.0141207 0)
(8.20072 -0.0321278 0)
(8.17644 -0.066653 0)
(7.93467 -0.10207 0)
(7.71819 -0.196498 0)
(6.99293 -0.29557 0)
(6.26899 -0.633775 0)
(4.05195 -1.00787 0)
(2.01595 -1.83169 0)
)
;

boundaryField
{
    movingWall
    {
        type            fixedValue;
        value           uniform (10 0 0);
    }
    fixedWalls
    {
        type            noSlip;
    }
    frontAndBack
    {
        type            empty;
    }
}


// ************************************************************************* //
