/*--------------------------------*- C++ -*----------------------------------*\
| =========                 |                                                 |
| \\      /  F ield         | OpenFOAM: The Open Source CFD Toolbox           |
|  \\    /   O peration     | Version:  4.1                                   |
|   \\  /    A nd           | Web:      www.OpenFOAM.org                      |
|    \\/     M anipulation  |                                                 |
\*---------------------------------------------------------------------------*/
FoamFile
{
    version     2.0;
    format      ascii;
    class       volVectorField;
    location    "0.0492";
    object      U;
}
// * * * * * * * * * * * * * * * * * * * * * * * * * * * * * * * * * * * * * //

dimensions      [0 1 -1 0 0 0 0];

internalField   nonuniform List<vector> 
441
(
(0.00337109 -0.00458292 0)
(0.00860107 -0.00257606 0)
(-0.000644031 -2.18089e-165 0)
(0.00171973 -2.81133e-266 0)
(-0.00878514 -0.00687951 0)
(-0.00171973 -2.73321e-232 0)
(-1.08683e-202 -4.62647e-203 0)
(-1.15645e-203 -5.92943e-228 0)
(-1.49999e-212 -2.52429e-213 0)
(-0.00531796 7.98824e-266 0)
(-0.0641703 0.0212741 0)
(-0.0812168 0.0113343 0)
(-0.0925219 0.0053924 0)
(-0.0830915 0.000728474 0)
(-0.0706691 -0.00105313 0)
(-0.0498913 -0.00238927 0)
(-0.0314556 -0.00185372 0)
(-0.0137781 -0.00165972 0)
(-0.00178136 0.000230303 0)
(0.00196882 0.00087529 0)
(0.00393898 0.00249236 0)
(0.00325364 -0.00719209 0)
(-0.00216129 0.00655697 0)
(-0.0270586 0.00777582 0)
(-0.0559669 0.0105852 0)
(-0.0981169 0.00954469 0)
(-0.136369 -0.00407508 0)
(-0.171482 -0.000384403 0)
(-0.204334 0.00131779 0)
(-0.232978 0.0111899 0)
(-0.261972 0.0569461 0)
(-0.281995 0.0527901 0)
(-0.277277 0.0173397 0)
(-0.266588 -0.00397044 0)
(-0.233528 -0.0232646 0)
(-0.194766 -0.0322131 0)
(-0.143998 -0.0379895 0)
(-0.0969804 -0.0340365 0)
(-0.0528441 -0.0292098 0)
(-0.0208537 -0.0155008 0)
(-0.00460587 -0.00733913 0)
(0.0040918 0.00363054 0)
(0.00660554 -0.00621752 0)
(-0.00568642 0.0273509 0)
(-0.0507138 0.0524371 0)
(-0.109754 0.0688418 0)
(-0.180086 0.072475 0)
(-0.251888 0.0696666 0)
(-0.327236 0.0655576 0)
(-0.386197 0.0594573 0)
(-0.443844 0.0554153 0)
(-0.470364 0.0530621 0)
(-0.465232 0.0374411 0)
(-0.450108 -0.00298713 0)
(-0.421441 -0.0377093 0)
(-0.370065 -0.0709417 0)
(-0.308859 -0.0896677 0)
(-0.232597 -0.100452 0)
(-0.160558 -0.0918808 0)
(-0.0917556 -0.0782725 0)
(-0.040919 -0.04694 0)
(-0.0108291 -0.0244805 0)
(0.00543139 0.00242916 0)
(0.0059366 -0.00834432 0)
(-0.0138841 0.0654908 0)
(-0.0857202 0.111903 0)
(-0.168599 0.142104 0)
(-0.264661 0.152016 0)
(-0.359576 0.145581 0)
(-0.451258 0.135363 0)
(-0.528717 0.118686 0)
(-0.59151 0.0973932 0)
(-0.627353 0.0758784 0)
(-0.633482 0.0322944 0)
(-0.613754 -0.0274988 0)
(-0.574644 -0.0841244 0)
(-0.506435 -0.136925 0)
(-0.424733 -0.169471 0)
(-0.323208 -0.187697 0)
(-0.226149 -0.174315 0)
(-0.131454 -0.150435 0)
(-0.0610142 -0.0955997 0)
(-0.016144 -0.0550394 0)
(0.00726498 -0.00140041 0)
(6.26954e-165 0.00148415 0)
(-0.0204353 0.118587 0)
(-0.121777 0.206412 0)
(-0.223529 0.246493 0)
(-0.343289 0.262489 0)
(-0.457766 0.254638 0)
(-0.570045 0.233601 0)
(-0.663219 0.198784 0)
(-0.739856 0.153482 0)
(-0.784032 0.0956752 0)
(-0.796788 0.0242627 0)
(-0.778317 -0.0615928 0)
(-0.733053 -0.144275 0)
(-0.651792 -0.221157 0)
(-0.55123 -0.271815 0)
(-0.422832 -0.299827 0)
(-0.298745 -0.282177 0)
(-0.172332 -0.244439 0)
(-0.0804482 -0.160594 0)
(-0.0162515 -0.0935739 0)
(0.0138012 -0.00562702 0)
(-5.11499e-266 0.00514518 0)
(-0.0782046 0.191639 0)
(-0.168481 0.313232 0)
(-0.289337 0.365344 0)
(-0.418729 0.386192 0)
(-0.55 0.373373 0)
(-0.675199 0.341413 0)
(-0.784365 0.288747 0)
(-0.873868 0.218985 0)
(-0.933037 0.132073 0)
(-0.96084 0.0268475 0)
(-0.949828 -0.0921958 0)
(-0.905668 -0.210393 0)
(-0.815131 -0.320238 0)
(-0.697619 -0.397938 0)
(-0.540625 -0.442458 0)
(-0.385351 -0.423756 0)
(-0.221184 -0.371701 0)
(-0.102794 -0.249799 0)
(-0.0151431 -0.152408 0)
(0.0160439 -0.00269146 0)
(-0.0205807 0.0827828 0)
(-0.10822 0.283732 0)
(-0.211944 0.41796 0)
(-0.344207 0.495087 0)
(-0.489512 0.522491 0)
(-0.636327 0.509834 0)
(-0.779043 0.467318 0)
(-0.905819 0.39666 0)
(-1.01406 0.302007 0)
(-1.09176 0.182434 0)
(-1.13763 0.0415459 0)
(-1.14 -0.117046 0)
(-1.1027 -0.277989 0)
(-1.0078 -0.430023 0)
(-0.876209 -0.544841 0)
(-0.688246 -0.613735 0)
(-0.498356 -0.599357 0)
(-0.28363 -0.52921 0)
(-0.13656 -0.363515 0)
(-0.00265741 -0.214148 0)
(5.74105e-266 -0.00401097 0)
(-0.0149712 0.13627 0)
(-0.102638 0.384107 0)
(-0.231578 0.549846 0)
(-0.382265 0.643724 0)
(-0.545708 0.678658 0)
(-0.71025 0.663276 0)
(-0.870485 0.611296 0)
(-1.01742 0.523713 0)
(-1.14697 0.405356 0)
(-1.24864 0.255118 0)
(-1.31893 0.0754702 0)
(-1.34226 -0.128157 0)
(-1.3201 -0.34211 0)
(-1.22835 -0.548791 0)
(-1.08766 -0.716767 0)
(-0.870403 -0.824109 0)
(-0.640943 -0.826684 0)
(-0.369521 -0.739405 0)
(-0.178959 -0.526285 0)
(-0.00261599 -0.298117 0)
(2.32041e-24 -1.24322e-24 0)
(-0.0132088 0.197141 0)
(-0.106488 0.498599 0)
(-0.251994 0.696177 0)
(-0.41787 0.807549 0)
(-0.598294 0.849367 0)
(-0.779209 0.833199 0)
(-0.957454 0.77375 0)
(-1.12487 0.672144 0)
(-1.27776 0.533073 0)
(-1.40621 0.353811 0)
(-1.50495 0.13573 0)
(-1.55607 -0.116391 0)
(-1.55732 -0.390544 0)
(-1.47845 -0.663638 0)
(-1.3375 -0.900642 0)
(-1.096 -1.06327 0)
(-0.827152 -1.09663 0)
(-0.489232 -0.99593 0)
(-0.243716 -0.723195 0)
(-0.00436205 -0.40021 0)
(9.54373e-77 -5.80102e-25 0)
(-0.0116611 0.256649 0)
(-0.106568 0.62457 0)
(-0.26395 0.862081 0)
(-0.441478 0.990696 0)
(-0.635209 1.04057 0)
(-0.829686 1.02251 0)
(-1.02263 0.957311 0)
(-1.20843 0.843685 0)
(-1.38286 0.686899 0)
(-1.53838 0.481605 0)
(-1.6676 0.22558 0)
(-1.75185 -0.0769772 0)
(-1.78483 -0.41921 0)
(-1.73058 -0.771169 0)
(-1.60192 -1.09847 0)
(-1.34799 -1.34001 0)
(-1.04442 -1.43192 0)
(-0.636462 -1.33239 0)
(-0.323225 -1.0058 0)
(-0.00595304 -0.556078 0)
(2.66894e-164 -2.38593e-77 0)
(-0.0121772 0.312162 0)
(-0.11169 0.749205 0)
(-0.279655 1.02896 0)
(-0.466168 1.17669 0)
(-0.668515 1.23604 0)
(-0.871137 1.21873 0)
(-1.07207 1.15151 0)
(-1.26955 1.03098 0)
(-1.45843 0.862629 0)
(-1.63567 0.637685 0)
(-1.79149 0.349693 0)
(-1.91012 0.00036596 0)
(-1.98022 -0.410028 0)
(-1.96365 -0.847513 0)
(-1.86456 -1.28012 0)
(-1.61948 -1.62431 0)
(-1.29891 -1.80338 0)
(-0.831062 -1.7246 0)
(-0.445499 -1.34263 0)
(-0.0724318 -0.735464 0)
(1.68604e-265 0.0125125 0)
(-0.0134249 0.381508 0)
(-0.114659 0.894224 0)
(-0.288184 1.21814 0)
(-0.477205 1.38032 0)
(-0.679871 1.44677 0)
(-0.881503 1.42607 0)
(-1.07956 1.35638 0)
(-1.27721 1.22956 0)
(-1.46796 1.05309 0)
(-1.65506 0.813827 0)
(-1.82712 0.499889 0)
(-1.9742 0.110553 0)
(-2.08169 -0.365445 0)
(-2.11251 -0.889229 0)
(-2.06164 -1.44193 0)
(-1.85306 -1.91215 0)
(-1.54079 -2.21947 0)
(-1.02695 -2.1994 0)
(-0.55067 -1.7589 0)
(-0.0716466 -1.02032 0)
(0.05005 -0.0682997 0)
(-0.0175221 0.435927 0)
(-0.125489 1.02104 0)
(-0.30784 1.38864 0)
(-0.49693 1.56509 0)
(-0.690981 1.63853 0)
(-0.880084 1.61582 0)
(-1.05853 1.5462 0)
(-1.23882 1.41774 0)
(-1.41052 1.24004 0)
(-1.58791 0.996118 0)
(-1.75608 0.669273 0)
(-1.91803 0.25508 0)
(-2.05382 -0.269492 0)
(-2.13813 -0.867076 0)
(-2.15212 -1.53477 0)
(-2.01473 -2.14714 0)
(-1.7567 -2.6234 0)
(-1.21888 -2.72321 0)
(-0.691824 -2.29138 0)
(0.0375016 -1.34274 0)
(2.31315e-231 -0.0125125 0)
(-0.0229444 0.527415 0)
(-0.1352 1.18761 0)
(-0.319828 1.59341 0)
(-0.499457 1.76454 0)
(-0.671802 1.83301 0)
(-0.833099 1.79388 0)
(-0.973688 1.71694 0)
(-1.11593 1.58144 0)
(-1.24519 1.40269 0)
(-1.38742 1.15908 0)
(-1.52564 0.829572 0)
(-1.6778 0.407923 0)
(-1.82344 -0.145897 0)
(-1.95375 -0.791771 0)
(-2.04432 -1.56503 0)
(-2.01756 -2.31216 0)
(-1.87644 -3.01489 0)
(-1.41783 -3.28222 0)
(-0.885099 -3.00988 0)
(-0.00363852 -1.748 0)
(5.65503e-202 4.5083e-184 0)
(-0.0396418 0.586974 0)
(-0.172839 1.31184 0)
(-0.368816 1.74898 0)
(-0.536599 1.91152 0)
(-0.668977 1.97049 0)
(-0.783112 1.91421 0)
(-0.85748 1.82866 0)
(-0.935155 1.68785 0)
(-0.990457 1.51182 0)
(-1.06839 1.27703 0)
(-1.14335 0.960661 0)
(-1.25823 0.555056 0)
(-1.38239 0.00927977 0)
(-1.54712 -0.642516 0)
(-1.70274 -1.46344 0)
(-1.82846 -2.31215 0)
(-1.84751 -3.20772 0)
(-1.58773 -3.72362 0)
(-1.12306 -3.68306 0)
(-0.0107411 -2.25727 0)
(1.80332e-183 1.32965e-185 0)
(-0.0587069 0.747779 0)
(-0.211261 1.52108 0)
(-0.404839 1.9665 0)
(-0.544059 2.06603 0)
(-0.616727 2.08658 0)
(-0.662642 1.98303 0)
(-0.64955 1.87314 0)
(-0.639471 1.71509 0)
(-0.597142 1.53757 0)
(-0.583503 1.31311 0)
(-0.566439 1.01907 0)
(-0.608425 0.648988 0)
(-0.675983 0.140997 0)
(-0.831655 -0.468256 0)
(-1.0284 -1.28703 0)
(-1.28964 -2.16405 0)
(-1.53311 -3.26091 0)
(-1.59191 -4.01399 0)
(-1.43537 -4.60494 0)
(-0.459479 -2.91775 0)
(4.36237e-254 -4.5083e-184 0)
(-0.124248 0.842807 0)
(-0.344173 1.6448 0)
(-0.530919 2.07645 0)
(-0.624061 2.11364 0)
(-0.582401 2.08823 0)
(-0.520753 1.94206 0)
(-0.372116 1.80639 0)
(-0.240969 1.6344 0)
(-0.0678946 1.4573 0)
(0.0606227 1.24859 0)
(0.195253 0.987572 0)
(0.244276 0.670324 0)
(0.265423 0.235971 0)
(0.134568 -0.28085 0)
(-0.0487625 -0.99747 0)
(-0.471767 -1.79627 0)
(-0.882948 -2.87944 0)
(-1.56679 -3.82054 0)
(-1.70311 -4.72714 0)
(-2.06041 -3.76891 0)
(-2.54036e-264 -0.213192 0)
(-0.179316 1.23745 0)
(-0.433858 1.93203 0)
(-0.549168 2.2686 0)
(-0.537285 2.11778 0)
(-0.338643 1.99711 0)
(-0.130924 1.77247 0)
(0.174115 1.6 0)
(0.444737 1.41104 0)
(0.755577 1.23806 0)
(1.00664 1.05168 0)
(1.26069 0.834715 0)
(1.41357 0.583614 0)
(1.53441 0.247183 0)
(1.48001 -0.144633 0)
(1.35471 -0.691317 0)
(0.939146 -1.31317 0)
(0.434024 -2.1962 0)
(-0.457051 -3.14978 0)
(-1.14645 -4.19971 0)
(-1.8532 -4.47556 0)
(-0.85277 -2.2989 0)
(-0.399665 1.4215 0)
(-0.729442 1.98593 0)
(-0.538581 2.17403 0)
(-0.281195 1.88635 0)
(0.245119 1.683 0)
(0.67654 1.42161 0)
(1.19835 1.23287 0)
(1.62505 1.05104 0)
(2.07479 0.897306 0)
(2.43084 0.746315 0)
(2.78012 0.58277 0)
(3.00456 0.405061 0)
(3.19964 0.17278 0)
(3.1912 -0.0855031 0)
(3.13472 -0.452776 0)
(2.73206 -0.853096 0)
(2.28197 -1.48297 0)
(1.28413 -2.20937 0)
(0.404099 -3.33426 0)
(-0.729387 -3.98551 0)
(-0.69794 -2.96014 0)
(-0.255129 2.42839 0)
(-0.0969292 2.06561 0)
(0.688528 1.871 0)
(1.32594 1.32651 0)
(2.12485 1.06005 0)
(2.73029 0.81283 0)
(3.36017 0.657981 0)
(3.85001 0.530671 0)
(4.33016 0.432823 0)
(4.69809 0.345994 0)
(5.0458 0.2592 0)
(5.26701 0.169158 0)
(5.45892 0.0569741 0)
(5.46174 -0.0669973 0)
(5.42989 -0.241951 0)
(5.08525 -0.438572 0)
(4.71384 -0.77879 0)
(3.79735 -1.23908 0)
(2.84497 -2.25296 0)
(1.08251 -3.32774 0)
(-0.044379 -3.80031 0)
(1.66886 1.67115 0)
(2.71005 0.976496 0)
(4.55412 0.749457 0)
(5.3918 0.423457 0)
(6.25302 0.284729 0)
(6.75336 0.175529 0)
(7.22109 0.118571 0)
(7.53285 0.07863 0)
(7.82092 0.0531353 0)
(8.01718 0.0338098 0)
(8.19736 0.016817 0)
(8.29 0.000700418 0)
(8.36995 -0.0196623 0)
(8.3232 -0.0403873 0)
(8.27372 -0.0762746 0)
(7.99779 -0.110387 0)
(7.74935 -0.201018 0)
(6.99929 -0.294781 0)
(6.2656 -0.627605 0)
(4.04761 -0.999666 0)
(2.00799 -1.8209 0)
)
;

boundaryField
{
    movingWall
    {
        type            fixedValue;
        value           uniform (10 0 0);
    }
    fixedWalls
    {
        type            noSlip;
    }
    frontAndBack
    {
        type            empty;
    }
}


// ************************************************************************* //
