/*--------------------------------*- C++ -*----------------------------------*\
| =========                 |                                                 |
| \\      /  F ield         | OpenFOAM: The Open Source CFD Toolbox           |
|  \\    /   O peration     | Version:  4.1                                   |
|   \\  /    A nd           | Web:      www.OpenFOAM.org                      |
|    \\/     M anipulation  |                                                 |
\*---------------------------------------------------------------------------*/
FoamFile
{
    version     2.0;
    format      ascii;
    class       volVectorField;
    location    "0.0382";
    object      U;
}
// * * * * * * * * * * * * * * * * * * * * * * * * * * * * * * * * * * * * * //

dimensions      [0 1 -1 0 0 0 0];

internalField   nonuniform List<vector> 
441
(
(0.00329481 -0.00456581 0)
(0.00827787 -0.00263191 0)
(-0.000658015 -2.20229e-165 0)
(0.00163911 -2.62657e-266 0)
(-0.00914433 -0.00655703 0)
(-0.00163911 -2.63093e-232 0)
(-1.08059e-202 -4.24472e-203 0)
(-1.061e-203 -5.34479e-228 0)
(-1.41843e-212 -2.23574e-213 0)
(-0.00500449 7.57466e-266 0)
(-0.0597758 0.0200201 0)
(-0.0758212 0.0107536 0)
(-0.0867036 0.00519826 0)
(-0.0785478 0.000877872 0)
(-0.0677954 -0.000786176 0)
(-0.0491395 -0.0020851 0)
(-0.0323493 -0.00169309 0)
(-0.0156112 -0.00164618 0)
(-0.00366591 3.21842e-05 0)
(0.000960132 0.000634285 0)
(0.00364819 0.0022962 0)
(0.00307924 -0.00680286 0)
(-0.00274244 0.00656799 0)
(-0.0274513 0.00762817 0)
(-0.0556152 0.0107307 0)
(-0.0960556 0.00909382 0)
(-0.131867 -0.00453974 0)
(-0.164138 -0.000509375 0)
(-0.193743 0.00117766 0)
(-0.219086 0.0103682 0)
(-0.24471 0.0529415 0)
(-0.262273 0.0490843 0)
(-0.2574 0.0164575 0)
(-0.247918 -0.00288268 0)
(-0.218367 -0.0204158 0)
(-0.184043 -0.028656 0)
(-0.138401 -0.0344417 0)
(-0.0956454 -0.031608 0)
(-0.054327 -0.0281768 0)
(-0.0232766 -0.0161598 0)
(-0.00609502 -0.00868759 0)
(0.0036743 0.00251956 0)
(0.00630384 -0.00546908 0)
(-0.00606427 0.0275117 0)
(-0.0502467 0.0514923 0)
(-0.107035 0.0665118 0)
(-0.17355 0.0686874 0)
(-0.240766 0.0645425 0)
(-0.310063 0.0596601 0)
(-0.362703 0.0531064 0)
(-0.413685 0.0489748 0)
(-0.435565 0.0470361 0)
(-0.428753 0.0335358 0)
(-0.413778 -0.00257033 0)
(-0.387631 -0.0332189 0)
(-0.341618 -0.062849 0)
(-0.287377 -0.0798778 0)
(-0.219143 -0.090734 0)
(-0.15417 -0.0846836 0)
(-0.0906015 -0.0744624 0)
(-0.0423167 -0.0471591 0)
(-0.0121198 -0.026694 0)
(0.00492126 0.000356721 0)
(0.00588014 -0.00724091 0)
(-0.0131188 0.0646896 0)
(-0.0823467 0.108695 0)
(-0.161042 0.136076 0)
(-0.251114 0.143141 0)
(-0.338849 0.134391 0)
(-0.422171 0.122731 0)
(-0.491003 0.105495 0)
(-0.545589 0.0850644 0)
(-0.575138 0.0656605 0)
(-0.577892 0.0270503 0)
(-0.558018 -0.0256664 0)
(-0.522052 -0.0751487 0)
(-0.46086 -0.121683 0)
(-0.388605 -0.15092 0)
(-0.298327 -0.168966 0)
(-0.211681 -0.159604 0)
(-0.125417 -0.141539 0)
(-0.059924 -0.0938582 0)
(-0.0164575 -0.057238 0)
(0.00680926 -0.00432679 0)
(6.10009e-165 0.00147003 0)
(-0.0189386 0.115332 0)
(-0.115316 0.198688 0)
(-0.21068 0.234052 0)
(-0.321844 0.245589 0)
(-0.426536 0.234069 0)
(-0.527668 0.210811 0)
(-0.609627 0.175686 0)
(-0.675572 0.13261 0)
(-0.711391 0.0799599 0)
(-0.719048 0.0168268 0)
(-0.699498 -0.0581761 0)
(-0.657549 -0.12965 0)
(-0.584705 -0.196554 0)
(-0.496188 -0.241357 0)
(-0.382817 -0.26836 0)
(-0.273318 -0.256173 0)
(-0.15966 -0.227161 0)
(-0.0759611 -0.154513 0)
(-0.0154204 -0.0941808 0)
(0.0132432 -0.00844044 0)
(-5.00882e-266 0.00495774 0)
(-0.0744697 0.184257 0)
(-0.158265 0.298747 0)
(-0.270396 0.344289 0)
(-0.388892 0.358959 0)
(-0.507738 0.34124 0)
(-0.619205 0.306393 0)
(-0.714424 0.253651 0)
(-0.790584 0.187545 0)
(-0.838683 0.10843 0)
(-0.8588 0.0153912 0)
(-0.84506 -0.0880827 0)
(-0.803632 -0.189705 0)
(-0.722512 -0.284435 0)
(-0.619512 -0.352316 0)
(-0.481716 -0.393949 0)
(-0.345909 -0.381727 0)
(-0.199881 -0.341705 0)
(-0.0937253 -0.23631 0)
(-0.012269 -0.149462 0)
(0.0159179 -0.00545634 0)
(-0.019831 0.079048 0)
(-0.102381 0.270319 0)
(-0.198084 0.39507 0)
(-0.319738 0.463095 0)
(-0.451969 0.482348 0)
(-0.583952 0.463202 0)
(-0.710254 0.416933 0)
(-0.820205 0.346354 0)
(-0.912006 0.256768 0)
(-0.975515 0.147996 0)
(-1.01073 0.023683 0)
(-1.00812 -0.113587 0)
(-0.972344 -0.251249 0)
(-0.887248 -0.381385 0)
(-0.772202 -0.480689 0)
(-0.60759 -0.543401 0)
(-0.44245 -0.535788 0)
(-0.252517 -0.48135 0)
(-0.122792 -0.339123 0)
(7.85826e-05 -0.205461 0)
(5.58885e-266 -0.00397947 0)
(-0.014273 0.129458 0)
(-0.0960947 0.363588 0)
(-0.21537 0.51677 0)
(-0.35385 0.599007 0)
(-0.502451 0.62358 0)
(-0.650178 0.599954 0)
(-0.791771 0.543087 0)
(-0.919301 0.455412 0)
(-1.02955 0.343301 0)
(-1.11395 0.206692 0)
(-1.17051 0.0483569 0)
(-1.18626 -0.127447 0)
(-1.16379 -0.310139 0)
(-1.08136 -0.486495 0)
(-0.958183 -0.631252 0)
(-0.767511 -0.727191 0)
(-0.567479 -0.735112 0)
(-0.327961 -0.666898 0)
(-0.160371 -0.484562 0)
(-0.00199737 -0.281086 0)
(2.13807e-24 -1.38575e-24 0)
(-0.0124624 0.186318 0)
(-0.0995102 0.469714 0)
(-0.234723 0.651518 0)
(-0.387706 0.748597 0)
(-0.552469 0.777685 0)
(-0.715555 0.751234 0)
(-0.873867 0.685444 0)
(-1.02027 0.583252 0)
(-1.15191 0.451335 0)
(-1.26089 0.288458 0)
(-1.34353 0.0965659 0)
(-1.38478 -0.120755 0)
(-1.38361 -0.354855 0)
(-1.3125 -0.588021 0)
(-1.18822 -0.792427 0)
(-0.974136 -0.936559 0)
(-0.737143 -0.971779 0)
(-0.436351 -0.892681 0)
(-0.219088 -0.65828 0)
(-0.00394101 -0.372319 0)
(8.81371e-77 -5.34518e-25 0)
(-0.0110005 0.242181 0)
(-0.100112 0.587514 0)
(-0.247709 0.805895 0)
(-0.412905 0.917491 0)
(-0.591538 0.952109 0)
(-0.768676 0.921541 0)
(-0.94208 0.848276 0)
(-1.10709 0.733247 0)
(-1.26028 0.584203 0)
(-1.39605 0.397714 0)
(-1.50851 0.1725 0)
(-1.58172 -0.0885041 0)
(-1.6104 -0.381997 0)
(-1.56135 -0.684293 0)
(-1.44624 -0.968927 0)
(-1.21701 -1.18338 0)
(-0.943792 -1.27135 0)
(-0.574642 -1.19375 0)
(-0.292897 -0.911923 0)
(-0.00533822 -0.513483 0)
(2.46664e-164 -2.20343e-77 0)
(-0.0116723 0.294338 0)
(-0.10668 0.704765 0)
(-0.266778 0.962288 0)
(-0.443115 1.0904 0)
(-0.632766 1.13205 0)
(-0.820623 1.10003 0)
(-1.00479 1.02301 0)
(-1.18437 0.900204 0)
(-1.35491 0.740006 0)
(-1.51504 0.535936 0)
(-1.65609 0.282733 0)
(-1.76447 -0.0192919 0)
(-1.82927 -0.373573 0)
(-1.81461 -0.75307 0)
(-1.72346 -1.1338 0)
(-1.49595 -1.44214 0)
(-1.19864 -1.60945 0)
(-0.764959 -1.55025 0)
(-0.410195 -1.21703 0)
(-0.0670928 -0.676232 0)
(1.57644e-265 0.0117915 0)
(-0.0132198 0.361593 0)
(-0.112259 0.844807 0)
(-0.281366 1.14398 0)
(-0.464148 1.28432 0)
(-0.658614 1.33094 0)
(-0.850465 1.29367 0)
(-1.03732 1.21278 0)
(-1.22307 1.08298 0)
(-1.40171 0.915009 0)
(-1.57764 0.698121 0)
(-1.73997 0.421745 0)
(-1.8799 0.0834463 0)
(-1.98245 -0.331836 0)
(-2.01175 -0.792525 0)
(-1.96153 -1.28718 0)
(-1.75951 -1.7144 0)
(-1.45818 -2.00168 0)
(-0.96741 -1.9949 0)
(-0.516742 -1.60464 0)
(-0.0676447 -0.941324 0)
(0.0471659 -0.0634022 0)
(-0.0177246 0.415543 0)
(-0.126653 0.970006 0)
(-0.309368 1.31134 0)
(-0.497786 1.46441 0)
(-0.690112 1.51659 0)
(-0.876713 1.47617 0)
(-1.05212 1.39463 0)
(-1.22931 1.26297 0)
(-1.39804 1.09414 0)
(-1.57296 0.873438 0)
(-1.73889 0.585314 0)
(-1.89879 0.223202 0)
(-2.03137 -0.239809 0)
(-2.11138 -0.773695 0)
(-2.11824 -1.38172 0)
(-1.97462 -1.94751 0)
(-1.71075 -2.39583 0)
(-1.17941 -2.49959 0)
(-0.66393 -2.11013 0)
(0.0347535 -1.24614 0)
(2.19479e-231 -0.0117915 0)
(-0.0236467 0.50886 0)
(-0.140574 1.13953 0)
(-0.331215 1.51894 0)
(-0.51685 1.66615 0)
(-0.695288 1.71294 0)
(-0.862869 1.65592 0)
(-1.01016 1.56716 0)
(-1.15961 1.42871 0)
(-1.29632 1.25904 0)
(-1.44581 1.0385 0)
(-1.59005 0.74688 0)
(-1.74587 0.375269 0)
(-1.89086 -0.120226 0)
(-2.01507 -0.706836 0)
(-2.09223 -1.42429 0)
(-2.04683 -2.12676 0)
(-1.88298 -2.79734 0)
(-1.40855 -3.05916 0)
(-0.868476 -2.81417 0)
(-0.00390746 -1.63939 0)
(5.47381e-202 4.41309e-184 0)
(-0.0407986 0.572586 0)
(-0.182151 1.27147 0)
(-0.389649 1.6836 0)
(-0.570135 1.82285 0)
(-0.716564 1.8608 0)
(-0.845847 1.78741 0)
(-0.936561 1.69083 0)
(-1.03128 1.54756 0)
(-1.10362 1.38039 0)
(-1.19729 1.16734 0)
(-1.28519 0.88602 0)
(-1.4083 0.52577 0)
(-1.53411 0.0317031 0)
(-1.69207 -0.569126 0)
(-1.8309 -1.34314 0)
(-1.92993 -2.15441 0)
(-1.91362 -3.01981 0)
(-1.6184 -3.52339 0)
(-1.12469 -3.49316 0)
(-0.00997577 -2.14296 0)
(1.76524e-183 1.14828e-184 0)
(-0.060139 0.739557 0)
(-0.223154 1.49267 0)
(-0.432266 1.91613 0)
(-0.5894 1.99431 0)
(-0.682475 1.99556 0)
(-0.750564 1.87642 0)
(-0.761264 1.75657 0)
(-0.775481 1.59624 0)
(-0.756857 1.42645 0)
(-0.764377 1.22089 0)
(-0.764176 0.957163 0)
(-0.816545 0.625747 0)
(-0.886606 0.16104 0)
(-1.03529 -0.407386 0)
(-1.21478 -1.19029 0)
(-1.44704 -2.04114 0)
(-1.65064 -3.11497 0)
(-1.66105 -3.85592 0)
(-1.45941 -4.44173 0)
(-0.453173 -2.80988 0)
(4.30434e-254 -4.41309e-184 0)
(-0.125534 0.841544 0)
(-0.355748 1.63036 0)
(-0.55897 2.04432 0)
(-0.671929 2.06317 0)
(-0.653584 2.02095 0)
(-0.61744 1.86111 0)
(-0.496243 1.7165 0)
(-0.392811 1.54196 0)
(-0.246475 1.37053 0)
(-0.141261 1.17666 0)
(-0.0246864 0.93981 0)
(0.0139929 0.653483 0)
(0.0332056 0.253421 0)
(-0.0897761 -0.232122 0)
(-0.256828 -0.923759 0)
(-0.652413 -1.70754 0)
(-1.02814 -2.78029 0)
(-1.66043 -3.71419 0)
(-1.74844 -4.61531 0)
(-2.04649 -3.67809 0)
(-2.49754e-264 -0.210728 0)
(-0.17984 1.24187 0)
(-0.441193 1.93031 0)
(-0.569659 2.2544 0)
(-0.575014 2.08919 0)
(-0.397905 1.95491 0)
(-0.214429 1.71889 0)
(0.0639311 1.53863 0)
(0.307324 1.34671 0)
(0.591684 1.17696 0)
(0.81965 1.00072 0)
(1.05599 0.800971 0)
(1.19909 0.572321 0)
(1.3189 0.260923 0)
(1.27293 -0.108224 0)
(1.16357 -0.63831 0)
(0.771394 -1.253 0)
(0.294429 -2.1364 0)
(-0.55858 -3.09164 0)
(-1.20561 -4.14258 0)
(-1.86242 -4.41736 0)
(-0.842911 -2.28062 0)
(-0.39907 1.42797 0)
(-0.729763 1.99141 0)
(-0.545059 2.17224 0)
(-0.298328 1.87475 0)
(0.212412 1.66162 0)
(0.624731 1.39183 0)
(1.12417 1.19708 0)
(1.52707 1.01251 0)
(1.9529 0.860172 0)
(2.28756 0.715159 0)
(2.62004 0.562283 0)
(2.835 0.398746 0)
(3.02898 0.182443 0)
(3.02876 -0.0613669 0)
(2.98761 -0.418385 0)
(2.60624 -0.815478 0)
(2.17852 -1.44906 0)
(1.20598 -2.18224 0)
(0.3516 -3.31278 0)
(-0.751191 -3.96461 0)
(-0.695422 -2.95527 0)
(-0.25398 2.43251 0)
(-0.0922025 2.07096 0)
(0.694106 1.87375 0)
(1.32823 1.32448 0)
(2.119 1.05291 0)
(2.71224 0.801239 0)
(3.32628 0.643238 0)
(3.79825 0.514488 0)
(4.25982 0.41729 0)
(4.61081 0.333347 0)
(4.94516 0.251618 0)
(5.15899 0.168207 0)
(5.35058 0.0632541 0)
(5.36095 -0.0544147 0)
(5.3428 -0.22555 0)
(5.01619 -0.421802 0)
(4.66268 -0.765792 0)
(3.76235 -1.2312 0)
(2.82247 -2.25052 0)
(1.07241 -3.32471 0)
(-0.0430247 -3.80126 0)
(1.66962 1.6719 0)
(2.71399 0.977592 0)
(4.56103 0.750321 0)
(5.39935 0.423606 0)
(6.25821 0.284067 0)
(6.75341 0.174195 0)
(7.21372 0.116834 0)
(7.51678 0.0768124 0)
(7.79587 0.0516104 0)
(7.98429 0.0329173 0)
(8.15889 0.0168627 0)
(8.24956 0.0017957 0)
(8.33145 -0.0175618 0)
(8.29092 -0.0376889 0)
(8.25018 -0.0735202 0)
(7.98453 -0.108336 0)
(7.74444 -0.200272 0)
(7.00004 -0.295487 0)
(6.26773 -0.629614 0)
(4.04918 -1.00194 0)
(2.01043 -1.82384 0)
)
;

boundaryField
{
    movingWall
    {
        type            fixedValue;
        value           uniform (10 0 0);
    }
    fixedWalls
    {
        type            noSlip;
    }
    frontAndBack
    {
        type            empty;
    }
}


// ************************************************************************* //
