/*--------------------------------*- C++ -*----------------------------------*\
| =========                 |                                                 |
| \\      /  F ield         | OpenFOAM: The Open Source CFD Toolbox           |
|  \\    /   O peration     | Version:  4.1                                   |
|   \\  /    A nd           | Web:      www.OpenFOAM.org                      |
|    \\/     M anipulation  |                                                 |
\*---------------------------------------------------------------------------*/
FoamFile
{
    version     2.0;
    format      ascii;
    class       volVectorField;
    location    "0.0194";
    object      U;
}
// * * * * * * * * * * * * * * * * * * * * * * * * * * * * * * * * * * * * * //

dimensions      [0 1 -1 0 0 0 0];

internalField   nonuniform List<vector> 
441
(
(0.00336084 -0.00488303 0)
(0.00785025 -0.00302222 0)
(-0.00075579 -2.43508e-165 0)
(0.00150914 -2.26228e-266 0)
(-0.0107644 -0.0060371 0)
(-0.00150914 -2.51025e-232 0)
(-1.11099e-202 -3.53128e-203 0)
(-8.82609e-204 -4.3013e-228 0)
(-1.30384e-212 -1.78211e-213 0)
(-0.0046201 7.06606e-266 0)
(-0.0542128 0.018481 0)
(-0.0696887 0.0101691 0)
(-0.0808582 0.00510824 0)
(-0.0756131 0.00128378 0)
(-0.0681477 -0.000299155 0)
(-0.0531946 -0.00159217 0)
(-0.0388047 -0.00159999 0)
(-0.0225471 -0.0018592 0)
(-0.0093292 -0.000611822 0)
(-0.00144898 6.23888e-05 0)
(0.00308184 0.00200443 0)
(0.00280532 -0.00609543 0)
(-0.00495316 0.00718744 0)
(-0.0310384 0.0076766 0)
(-0.0588216 0.0118176 0)
(-0.0966399 0.0083271 0)
(-0.127574 -0.00618418 0)
(-0.154108 -0.000871263 0)
(-0.177579 0.000930036 0)
(-0.197075 0.0092224 0)
(-0.21769 0.047934 0)
(-0.232228 0.0450067 0)
(-0.22855 0.0167738 0)
(-0.222732 0.000429503 0)
(-0.200776 -0.0144549 0)
(-0.175199 -0.0221525 0)
(-0.138871 -0.0286234 0)
(-0.102932 -0.0288868 0)
(-0.0645837 -0.0286333 0)
(-0.0326061 -0.0201735 0)
(-0.0105024 -0.0132128 0)
(0.00267855 -0.000187355 0)
(0.00592782 -0.00342773 0)
(-0.00780408 0.0304025 0)
(-0.0527932 0.0523341 0)
(-0.106485 0.0637365 0)
(-0.16564 0.0617382 0)
(-0.223685 0.0541563 0)
(-0.280849 0.0481103 0)
(-0.321065 0.0415049 0)
(-0.360135 0.0384409 0)
(-0.374397 0.038809 0)
(-0.365281 0.0300745 0)
(-0.352352 0.00168954 0)
(-0.332606 -0.0221574 0)
(-0.298294 -0.0460394 0)
(-0.258062 -0.061464 0)
(-0.205139 -0.0739917 0)
(-0.152536 -0.0749295 0)
(-0.0965613 -0.0724911 0)
(-0.0502365 -0.0537154 0)
(-0.0163155 -0.0354912 0)
(0.00367844 -0.00523308 0)
(0.00625235 -0.00434352 0)
(-0.0117202 0.067474 0)
(-0.0782106 0.106546 0)
(-0.14949 0.126546 0)
(-0.227363 0.12579 0)
(-0.300014 0.111354 0)
(-0.365938 0.0975323 0)
(-0.417612 0.0808117 0)
(-0.456713 0.0640386 0)
(-0.475396 0.0508953 0)
(-0.472923 0.0226474 0)
(-0.4547 -0.0167821 0)
(-0.42652 -0.0537958 0)
(-0.380608 -0.0898314 0)
(-0.327568 -0.115173 0)
(-0.259465 -0.135239 0)
(-0.192252 -0.137041 0)
(-0.120381 -0.132248 0)
(-0.0619844 -0.0997875 0)
(-0.0179874 -0.0683527 0)
(0.00578651 -0.0125061 0)
(6.10642e-165 0.00156309 0)
(-0.0159475 0.114477 0)
(-0.10463 0.189355 0)
(-0.187136 0.211764 0)
(-0.28 0.211435 0)
(-0.363514 0.191362 0)
(-0.441111 0.164845 0)
(-0.500368 0.131619 0)
(-0.545672 0.0957998 0)
(-0.566378 0.0556719 0)
(-0.565298 0.00972287 0)
(-0.545532 -0.0444065 0)
(-0.511508 -0.0956417 0)
(-0.456827 -0.145087 0)
(-0.392843 -0.181692 0)
(-0.309879 -0.209759 0)
(-0.228891 -0.212758 0)
(-0.139245 -0.203445 0)
(-0.0698466 -0.154648 0)
(-0.0136405 -0.103843 0)
(0.0121028 -0.01648 0)
(-5.17673e-266 0.0048894 0)
(-0.0701903 0.176337 0)
(-0.140731 0.276098 0)
(-0.234651 0.303594 0)
(-0.328814 0.302151 0)
(-0.420422 0.273519 0)
(-0.502403 0.23489 0)
(-0.569057 0.185656 0)
(-0.618702 0.130621 0)
(-0.645781 0.069894 0)
(-0.651351 0.00191124 0)
(-0.633251 -0.0713536 0)
(-0.597563 -0.142396 0)
(-0.536034 -0.209623 0)
(-0.462399 -0.261765 0)
(-0.364402 -0.300896 0)
(-0.26837 -0.306834 0)
(-0.159087 -0.293683 0)
(-0.076626 -0.223905 0)
(-0.00470826 -0.153071 0)
(0.0160679 -0.0132854 0)
(-0.0195576 0.0752224 0)
(-0.094833 0.251817 0)
(-0.174168 0.354449 0)
(-0.273055 0.398343 0)
(-0.375977 0.396777 0)
(-0.475165 0.363931 0)
(-0.565911 0.313036 0)
(-0.640651 0.24736 0)
(-0.698476 0.172441 0)
(-0.733004 0.0882379 0)
(-0.745422 -0.00243488 0)
(-0.731326 -0.0983075 0)
(-0.69616 -0.192089 0)
(-0.629804 -0.280673 0)
(-0.547842 -0.352051 0)
(-0.433479 -0.404714 0)
(-0.322046 -0.416104 0)
(-0.186822 -0.39663 0)
(-0.0942685 -0.306391 0)
(0.00764868 -0.197904 0)
(5.29488e-266 -0.00401698 0)
(-0.0138362 0.121581 0)
(-0.0864343 0.331991 0)
(-0.186658 0.455082 0)
(-0.299096 0.50631 0)
(-0.414417 0.504788 0)
(-0.524615 0.464016 0)
(-0.624887 0.400883 0)
(-0.71013 0.318366 0)
(-0.777721 0.223387 0)
(-0.823035 0.116501 0)
(-0.845607 0.000455673 0)
(-0.839246 -0.121415 0)
(-0.808478 -0.243703 0)
(-0.740612 -0.359463 0)
(-0.651991 -0.457578 0)
(-0.52202 -0.52939 0)
(-0.391769 -0.552049 0)
(-0.23062 -0.525982 0)
(-0.118242 -0.414516 0)
(-0.000394897 -0.255365 0)
(1.67081e-24 -1.90583e-24 0)
(-0.0117217 0.172619 0)
(-0.0885642 0.422929 0)
(-0.203486 0.566002 0)
(-0.328609 0.624654 0)
(-0.45766 0.621512 0)
(-0.579649 0.573324 0)
(-0.691576 0.498111 0)
(-0.788659 0.399535 0)
(-0.868268 0.28533 0)
(-0.926585 0.155816 0)
(-0.961795 0.0142341 0)
(-0.967162 -0.135691 0)
(-0.944985 -0.289708 0)
(-0.880147 -0.437768 0)
(-0.788033 -0.568835 0)
(-0.642606 -0.666411 0)
(-0.491136 -0.704333 0)
(-0.294837 -0.67297 0)
(-0.155508 -0.531038 0)
(-0.00290853 -0.32098 0)
(6.74879e-77 -4.17702e-25 0)
(-0.0102442 0.222772 0)
(-0.0893773 0.525422 0)
(-0.217076 0.696231 0)
(-0.354524 0.761384 0)
(-0.496956 0.756729 0)
(-0.631322 0.698371 0)
(-0.754952 0.610574 0)
(-0.864956 0.495135 0)
(-0.957692 0.361729 0)
(-1.03159 0.209712 0)
(-1.08285 0.0412112 0)
(-1.10504 -0.139095 0)
(-1.09757 -0.330623 0)
(-1.04258 -0.518309 0)
(-0.952513 -0.694823 0)
(-0.794553 -0.830037 0)
(-0.619106 -0.898607 0)
(-0.379974 -0.868129 0)
(-0.202241 -0.702643 0)
(-0.00530954 -0.421362 0)
(1.84354e-164 -1.6872e-77 0)
(-0.0110251 0.269333 0)
(-0.0976402 0.628114 0)
(-0.240304 0.829312 0)
(-0.391412 0.902674 0)
(-0.547136 0.897137 0)
(-0.693513 0.829844 0)
(-0.827757 0.731155 0)
(-0.950082 0.601372 0)
(-1.05541 0.451893 0)
(-1.14611 0.280585 0)
(-1.21559 0.0881884 0)
(-1.26021 -0.121092 0)
(-1.27438 -0.35089 0)
(-1.23954 -0.583253 0)
(-1.1608 -0.814438 0)
(-0.998567 -1.00155 0)
(-0.800518 -1.11455 0)
(-0.513688 -1.0939 0)
(-0.284914 -0.896743 0)
(-0.056992 -0.531133 0)
(1.01288e-265 0.00865011 0)
(-0.012934 0.332671 0)
(-0.1068 0.756948 0)
(-0.26348 0.991857 0)
(-0.426665 1.06928 0)
(-0.593219 1.06043 0)
(-0.749317 0.979431 0)
(-0.891344 0.868226 0)
(-1.02379 0.722833 0)
(-1.13967 0.558222 0)
(-1.24661 0.369585 0)
(-1.33537 0.155225 0)
(-1.40638 -0.0811564 0)
(-1.44957 -0.351693 0)
(-1.44586 -0.633879 0)
(-1.39191 -0.936238 0)
(-1.23757 -1.19494 0)
(-1.02194 -1.38344 0)
(-0.674955 -1.39267 0)
(-0.365119 -1.15624 0)
(-0.0500811 -0.719026 0)
(0.0346004 -0.0567507 0)
(-0.0179857 0.384881 0)
(-0.126613 0.87577 0)
(-0.304635 1.14644 0)
(-0.48269 1.22929 0)
(-0.657789 1.21817 0)
(-0.820223 1.12564 0)
(-0.963236 1.00487 0)
(-1.10001 0.848407 0)
(-1.21918 0.674541 0)
(-1.33781 0.475925 0)
(-1.44155 0.248371 0)
(-1.54044 -0.00656671 0)
(-1.61613 -0.309995 0)
(-1.65693 -0.640475 0)
(-1.64317 -1.01958 0)
(-1.51987 -1.37258 0)
(-1.30564 -1.67213 0)
(-0.890777 -1.7554 0)
(-0.497505 -1.51474 0)
(0.03491 -0.934682 0)
(1.73467e-231 -0.00865011 0)
(-0.0247507 0.480236 0)
(-0.148004 1.04679 0)
(-0.344533 1.35188 0)
(-0.532945 1.42369 0)
(-0.709996 1.4012 0)
(-0.871617 1.28533 0)
(-1.00721 1.14998 0)
(-1.13928 0.978841 0)
(-1.25179 0.796606 0)
(-1.37164 0.591737 0)
(-1.48046 0.357157 0)
(-1.59872 0.0928516 0)
(-1.70371 -0.236856 0)
(-1.79265 -0.608262 0)
(-1.83654 -1.07544 0)
(-1.77603 -1.53692 0)
(-1.60794 -2.01505 0)
(-1.18338 -2.21421 0)
(-0.713631 -2.07923 0)
(-0.00327671 -1.24346 0)
(4.38519e-202 3.7335e-184 0)
(-0.0428116 0.550341 0)
(-0.197898 1.18942 0)
(-0.423656 1.52721 0)
(-0.623043 1.58903 0)
(-0.788295 1.55487 0)
(-0.935499 1.4191 0)
(-1.04236 1.27183 0)
(-1.15117 1.09128 0)
(-1.23463 0.906765 0)
(-1.33638 0.704561 0)
(-1.42785 0.475658 0)
(-1.54923 0.217987 0)
(-1.6646 -0.114866 0)
(-1.802 -0.505342 0)
(-1.90371 -1.03186 0)
(-1.95384 -1.59976 0)
(-1.87225 -2.25448 0)
(-1.53582 -2.65718 0)
(-1.02028 -2.67648 0)
(-0.00583428 -1.67004 0)
(1.4934e-183 3.20066e-184 0)
(-0.0629994 0.728526 0)
(-0.246537 1.43196 0)
(-0.486014 1.78609 0)
(-0.678781 1.78952 0)
(-0.812228 1.72038 0)
(-0.924057 1.53974 0)
(-0.98107 1.36939 0)
(-1.04346 1.17131 0)
(-1.074 0.982834 0)
(-1.1301 0.785244 0)
(-1.17519 0.568545 0)
(-1.26492 0.330114 0)
(-1.35814 0.0119294 0)
(-1.50776 -0.368223 0)
(-1.65591 -0.930051 0)
(-1.81818 -1.56752 0)
(-1.90726 -2.44324 0)
(-1.78258 -3.07435 0)
(-1.45147 -3.63137 0)
(-0.414361 -2.30225 0)
(3.77927e-254 -3.7335e-184 0)
(-0.128385 0.845124 0)
(-0.381422 1.59899 0)
(-0.622344 1.95339 0)
(-0.783049 1.90496 0)
(-0.822304 1.79858 0)
(-0.851061 1.5824 0)
(-0.801585 1.39144 0)
(-0.774969 1.18247 0)
(-0.709833 0.993955 0)
(-0.686609 0.806892 0)
(-0.649354 0.610913 0)
(-0.678615 0.404656 0)
(-0.709294 0.12881 0)
(-0.849911 -0.201025 0)
(-0.996771 -0.716944 0)
(-1.31377 -1.33956 0)
(-1.55987 -2.27009 0)
(-1.98334 -3.114 0)
(-1.87423 -3.97441 0)
(-1.93808 -3.18894 0)
(-2.29983e-264 -0.197585 0)
(-0.181073 1.25886 0)
(-0.459177 1.92992 0)
(-0.622328 2.2094 0)
(-0.676527 1.98962 0)
(-0.562649 1.80205 0)
(-0.453292 1.51885 0)
(-0.259662 1.29994 0)
(-0.108853 1.07979 0)
(0.0761213 0.896376 0)
(0.203049 0.725985 0)
(0.341628 0.558823 0)
(0.400817 0.393112 0)
(0.459271 0.177429 0)
(0.388261 -0.0741258 0)
(0.29542 -0.478944 0)
(-0.0269609 -0.989627 0)
(-0.384837 -1.80257 0)
(-1.05057 -2.71938 0)
(-1.47777 -3.76015 0)
(-1.88342 -4.05523 0)
(-0.79034 -2.15167 0)
(-0.39714 1.45039 0)
(-0.729134 2.01126 0)
(-0.562631 2.16452 0)
(-0.350985 1.82868 0)
(0.106493 1.57671 0)
(0.451016 1.27236 0)
(0.868364 1.04962 0)
(1.17868 0.845358 0)
(1.50325 0.684099 0)
(1.73434 0.544066 0)
(1.96692 0.414285 0)
(2.09734 0.29396 0)
(2.23156 0.142123 0)
(2.21064 -0.0238128 0)
(2.19099 -0.300096 0)
(1.87981 -0.636612 0)
(1.55544 -1.24334 0)
(0.725295 -1.98467 0)
(0.0324344 -3.13592 0)
(-0.882427 -3.8052 0)
(-0.686464 -2.90064 0)
(-0.25024 2.44688 0)
(-0.0756892 2.09 0)
(0.713714 1.88244 0)
(1.3346 1.31423 0)
(2.09322 1.02235 0)
(2.63779 0.752677 0)
(3.18776 0.580732 0)
(3.58455 0.442993 0)
(3.96289 0.342735 0)
(4.22889 0.262961 0)
(4.48303 0.194002 0)
(4.63133 0.132706 0)
(4.78152 0.0586837 0)
(4.78514 -0.0229094 0)
(4.79908 -0.159507 0)
(4.54334 -0.332436 0)
(4.28449 -0.675368 0)
(3.48858 -1.15959 0)
(2.64525 -2.21008 0)
(0.992 -3.29134 0)
(-0.0416367 -3.79535 0)
(1.67213 1.67461 0)
(2.72793 0.981662 0)
(4.58557 0.753477 0)
(5.42519 0.424014 0)
(6.27354 0.281358 0)
(6.74721 0.168908 0)
(7.17662 0.109842 0)
(7.44255 0.0691036 0)
(7.681 0.0442964 0)
(7.82942 0.027158 0)
(7.96881 0.0139975 0)
(8.03471 0.00292197 0)
(8.10688 -0.0114163 0)
(8.07697 -0.026886 0)
(8.0666 -0.0591139 0)
(7.84984 -0.0939968 0)
(7.66315 -0.190045 0)
(6.96651 -0.29339 0)
(6.26003 -0.637285 0)
(4.05078 -1.01514 0)
(2.02154 -1.84186 0)
)
;

boundaryField
{
    movingWall
    {
        type            fixedValue;
        value           uniform (10 0 0);
    }
    fixedWalls
    {
        type            noSlip;
    }
    frontAndBack
    {
        type            empty;
    }
}


// ************************************************************************* //
