/*--------------------------------*- C++ -*----------------------------------*\
| =========                 |                                                 |
| \\      /  F ield         | OpenFOAM: The Open Source CFD Toolbox           |
|  \\    /   O peration     | Version:  4.1                                   |
|   \\  /    A nd           | Web:      www.OpenFOAM.org                      |
|    \\/     M anipulation  |                                                 |
\*---------------------------------------------------------------------------*/
FoamFile
{
    version     2.0;
    format      ascii;
    class       volVectorField;
    location    "0.0511";
    object      U;
}
// * * * * * * * * * * * * * * * * * * * * * * * * * * * * * * * * * * * * * //

dimensions      [0 1 -1 0 0 0 0];

internalField   nonuniform List<vector> 
441
(
(0.00338772 -0.00459108 0)
(0.00866122 -0.00257017 0)
(-0.000642557 -2.17983e-165 0)
(0.0017339 -2.8428e-266 0)
(-0.00873851 -0.00693621 0)
(-0.0017339 -2.75172e-232 0)
(-1.08864e-202 -4.69085e-203 0)
(-1.17254e-203 -6.02777e-228 0)
(-1.51416e-212 -2.57337e-213 0)
(-0.00537269 8.06068e-266 0)
(-0.0649342 0.0214931 0)
(-0.0821575 0.0114361 0)
(-0.093536 0.00542637 0)
(-0.0838907 0.000703878 0)
(-0.0711835 -0.00109844 0)
(-0.0500466 -0.00243996 0)
(-0.0313293 -0.00188147 0)
(-0.0134858 -0.0016618 0)
(-0.00147362 0.000262993 0)
(0.00214096 0.00091738 0)
(0.00398608 0.00252734 0)
(0.00328532 -0.00726167 0)
(-0.00207502 0.00656363 0)
(-0.0270324 0.00780786 0)
(-0.0560891 0.0105737 0)
(-0.098546 0.00962346 0)
(-0.137214 -0.00400756 0)
(-0.172803 -0.000365534 0)
(-0.206202 0.0013415 0)
(-0.2354 0.0113313 0)
(-0.264967 0.0576428 0)
(-0.285406 0.0534348 0)
(-0.280711 0.0174957 0)
(-0.269812 -0.00415438 0)
(-0.236158 -0.0237476 0)
(-0.196643 -0.0328188 0)
(-0.145013 -0.0385923 0)
(-0.0972723 -0.0344589 0)
(-0.0526488 -0.0293972 0)
(-0.0204834 -0.0154092 0)
(-0.00436416 -0.00712037 0)
(0.00415685 0.00381582 0)
(0.00666084 -0.0063405 0)
(-0.00563716 0.0273624 0)
(-0.0508517 0.0526458 0)
(-0.110307 0.0692758 0)
(-0.181302 0.0731337 0)
(-0.253885 0.0705314 0)
(-0.33025 0.0665476 0)
(-0.390263 0.0605245 0)
(-0.449022 0.0565021 0)
(-0.476308 0.0540855 0)
(-0.471428 0.0381046 0)
(-0.456257 -0.00306126 0)
(-0.427142 -0.0384759 0)
(-0.374859 -0.0723109 0)
(-0.312486 -0.0913227 0)
(-0.234897 -0.10209 0)
(-0.161689 -0.0931126 0)
(-0.0920137 -0.0789414 0)
(-0.0407388 -0.0469498 0)
(-0.0106323 -0.0241371 0)
(0.0055074 0.00276626 0)
(0.00595347 -0.00852436 0)
(-0.0140202 0.0656991 0)
(-0.0863472 0.112531 0)
(-0.169966 0.143189 0)
(-0.267051 0.153542 0)
(-0.363171 0.147463 0)
(-0.456239 0.137474 0)
(-0.535118 0.120885 0)
(-0.599245 0.0994449 0)
(-0.636093 0.0775749 0)
(-0.642717 0.0331442 0)
(-0.62295 -0.0278441 0)
(-0.583259 -0.0856652 0)
(-0.513863 -0.139492 0)
(-0.4306 -0.172573 0)
(-0.32726 -0.190809 0)
(-0.228529 -0.176778 0)
(-0.132483 -0.151944 0)
(-0.0612397 -0.0959573 0)
(-0.0161088 -0.0547213 0)
(0.00732985 -0.000940313 0)
(6.30358e-165 0.00148837 0)
(-0.0206926 0.11924 0)
(-0.12292 0.207848 0)
(-0.225766 0.248678 0)
(-0.346968 0.265367 0)
(-0.46306 0.258077 0)
(-0.577159 0.23738 0)
(-0.672141 0.202592 0)
(-0.75047 0.156896 0)
(-0.795922 0.0982023 0)
(-0.809382 0.0253832 0)
(-0.790959 -0.0622854 0)
(-0.745036 -0.146807 0)
(-0.662347 -0.225281 0)
(-0.55983 -0.276845 0)
(-0.429073 -0.304965 0)
(-0.302725 -0.286426 0)
(-0.174349 -0.247275 0)
(-0.0811934 -0.161662 0)
(-0.0163956 -0.0935289 0)
(0.0138775 -0.0051935 0)
(-5.13867e-266 0.00518127 0)
(-0.0788837 0.193015 0)
(-0.170254 0.315825 0)
(-0.292574 0.368973 0)
(-0.423752 0.390772 0)
(-0.557036 0.378692 0)
(-0.684427 0.347155 0)
(-0.795782 0.294445 0)
(-0.887318 0.224014 0)
(-0.9481 0.135746 0)
(-0.976915 0.0284532 0)
(-0.966113 -0.0931597 0)
(-0.921314 -0.214018 0)
(-0.829173 -0.326203 0)
(-0.709353 -0.405357 0)
(-0.549441 -0.450213 0)
(-0.391261 -0.430442 0)
(-0.224413 -0.376467 0)
(-0.104199 -0.252017 0)
(-0.0155819 -0.152925 0)
(0.0160584 -0.00228292 0)
(-0.0207251 0.0834687 0)
(-0.109258 0.286145 0)
(-0.214314 0.421948 0)
(-0.348319 0.500509 0)
(-0.495728 0.529154 0)
(-0.644896 0.517462 0)
(-0.790165 0.475462 0)
(-0.919494 0.404677 0)
(-1.03014 0.309059 0)
(-1.1098 0.18758 0)
(-1.15699 0.0438884 0)
(-1.15978 -0.118172 0)
(-1.12193 -0.282761 0)
(-1.02535 -0.438075 0)
(-0.891195 -0.555096 0)
(-0.699814 -0.624725 0)
(-0.50638 -0.609191 0)
(-0.28814 -0.53658 0)
(-0.138592 -0.367357 0)
(-0.00306318 -0.215536 0)
(5.76206e-266 -0.00401461 0)
(-0.0150997 0.137495 0)
(-0.103763 0.387713 0)
(-0.234295 0.555507 0)
(-0.386956 0.651196 0)
(-0.552742 0.687685 0)
(-0.719885 0.673492 0)
(-0.882926 0.622134 0)
(-1.03268 0.534357 0)
(-1.16492 0.414744 0)
(-1.26883 0.262064 0)
(-1.34072 0.0788254 0)
(-1.36471 -0.12925 0)
(-1.34217 -0.347962 0)
(-1.2488 -0.559026 0)
(-1.10549 -0.730171 0)
(-0.884506 -0.838869 0)
(-0.651029 -0.840431 0)
(-0.37528 -0.750214 0)
(-0.181581 -0.532591 0)
(-0.0027066 -0.300709 0)
(2.34589e-24 -1.2253e-24 0)
(-0.0133393 0.199054 0)
(-0.107657 0.503593 0)
(-0.254832 0.703712 0)
(-0.422749 0.817271 0)
(-0.605584 0.860955 0)
(-0.789168 0.846215 0)
(-0.970292 0.787505 0)
(-1.14061 0.685647 0)
(-1.29628 0.545035 0)
(-1.42707 0.362789 0)
(-1.52755 0.140327 0)
(-1.5795 -0.117243 0)
(-1.5806 -0.397305 0)
(-1.50035 -0.675957 0)
(-1.35701 -0.917238 0)
(-1.11189 -1.08205 0)
(-0.838942 -1.1148 0)
(-0.496236 -1.01083 0)
(-0.247038 -0.732649 0)
(-0.00442012 -0.404305 0)
(9.64206e-77 -5.86472e-25 0)
(-0.0117713 0.259164 0)
(-0.107617 0.630885 0)
(-0.266548 0.871439 0)
(-0.445973 1.00261 0)
(-0.641952 1.05466 0)
(-0.838912 1.03826 0)
(-1.03452 0.973916 0)
(-1.22301 0.859988 0)
(-1.4 0.701401 0)
(-1.55769 0.492632 0)
(-1.68856 0.231503 0)
(-1.77367 -0.0774014 0)
(-1.80672 -0.426582 0)
(-1.75151 -0.785188 0)
(-1.62106 -1.11787 0)
(-1.36412 -1.36255 0)
(-1.05693 -1.45455 0)
(-0.644268 -1.35176 0)
(-0.327149 -1.01902 0)
(-0.00605231 -0.562117 0)
(2.6955e-164 -2.41052e-77 0)
(-0.0122568 0.315214 0)
(-0.112471 0.756681 0)
(-0.281633 1.03992 0)
(-0.469645 1.19054 0)
(-0.673783 1.25234 0)
(-0.878384 1.23688 0)
(-1.08143 1.1706 0)
(-1.281 1.04971 0)
(-1.47183 0.879312 0)
(-1.65071 0.650474 0)
(-1.80777 0.3568 0)
(-1.9271 0.000445295 0)
(-1.99744 -0.41766 0)
(-1.98046 -0.862594 0)
(-1.8805 -1.30149 0)
(-1.6336 -1.64974 0)
(-1.31062 -1.82986 0)
(-0.838985 -1.7482 0)
(-0.44987 -1.35972 0)
(-0.0731942 -0.743618 0)
(1.69811e-265 0.0125981 0)
(-0.0134523 0.384873 0)
(-0.114991 0.902436 0)
(-0.289125 1.23018 0)
(-0.478977 1.39552 0)
(-0.682678 1.46462 0)
(-0.885453 1.4459 0)
(-1.0847 1.37718 0)
(-1.28347 1.2499 0)
(-1.4752 1.07119 0)
(-1.66305 0.827735 0)
(-1.83567 0.50777 0)
(-1.98308 0.111074 0)
(-2.09086 -0.372959 0)
(-2.12186 -0.904515 0)
(-2.07123 -1.46397 0)
(-1.86242 -1.93894 0)
(-1.54953 -2.24827 0)
(-1.03354 -2.22622 0)
(-0.554604 -1.77923 0)
(-0.0721193 -1.03086 0)
(0.0503925 -0.0690265 0)
(-0.0174825 0.439332 0)
(-0.125237 1.02943 0)
(-0.307422 1.40104 0)
(-0.496452 1.58081 0)
(-0.690522 1.657 0)
(-0.879656 1.63631 0)
(-1.05808 1.5676 0)
(-1.23824 1.43857 0)
(-1.40971 1.25847 0)
(-1.58675 1.01023 0)
(-1.75462 0.677293 0)
(-1.9164 0.255809 0)
(-2.05243 -0.27661 0)
(-2.13741 -0.881708 0)
(-2.15272 -1.55607 0)
(-2.0168 -2.17341 0)
(-1.76032 -2.6526 0)
(-1.22255 -2.75167 0)
(-0.694751 -2.31461 0)
(0.0379473 -1.35524 0)
(2.32792e-231 -0.0125981 0)
(-0.0228272 0.530491 0)
(-0.134289 1.19544 0)
(-0.317871 1.60523 0)
(-0.496423 1.77969 0)
(-0.667632 1.85091 0)
(-0.827712 1.81373 0)
(-0.966963 1.7376 0)
(-1.10776 1.60143 0)
(-1.23554 1.42023 0)
(-1.37637 1.17237 0)
(-1.51347 0.837023 0)
(-1.665 0.408556 0)
(-1.81076 -0.152441 0)
(-1.94211 -0.805004 0)
(-2.03481 -1.5842 0)
(-2.01102 -2.3359 0)
(-1.87343 -3.04198 0)
(-1.41761 -3.30977 0)
(-0.886486 -3.03423 0)
(-0.00359024 -1.76168 0)
(5.67454e-202 4.51792e-184 0)
(-0.0394571 0.589365 0)
(-0.171333 1.31839 0)
(-0.365439 1.75927 0)
(-0.531171 1.92503 0)
(-0.661294 1.98663 0)
(-0.773031 1.93216 0)
(-0.844853 1.8473 0)
(-0.919944 1.70579 0)
(-0.972756 1.52741 0)
(-1.04851 1.28866 0)
(-1.12182 0.966984 0)
(-1.23581 0.555333 0)
(-1.36004 0.00338394 0)
(-1.526 -0.65392 0)
(-1.68413 -1.47956 0)
(-1.81365 -2.33186 0)
(-1.83755 -3.23046 0)
(-1.58273 -3.74764 0)
(-1.12216 -3.70599 0)
(-0.0108238 -2.27127 0)
(1.80717e-183 -5.21831e-187 0)
(-0.0584839 0.749188 0)
(-0.209384 1.52572 0)
(-0.400515 1.97441 0)
(-0.53696 2.07689 0)
(-0.606527 2.09985 0)
(-0.649165 1.99795 0)
(-0.632666 1.8887 0)
(-0.619256 1.73003 0)
(-0.573847 1.55048 0)
(-0.557661 1.32261 0)
(-0.53879 1.02403 0)
(-0.579926 0.648864 0)
(-0.647677 0.135813 0)
(-0.804699 -0.47769 0)
(-1.00397 -1.29984 0)
(-1.2691 -2.1791 0)
(-1.51768 -3.2781 0)
(-1.58268 -4.03242 0)
(-1.43188 -4.62407 0)
(-0.460184 -2.93061 0)
(4.36775e-254 -4.51792e-184 0)
(-0.124049 0.843128 0)
(-0.342359 1.64726 0)
(-0.526547 2.08156 0)
(-0.616678 2.12129 0)
(-0.57157 2.09802 0)
(-0.506277 1.95334 0)
(-0.353871 1.81832 0)
(-0.219111 1.64594 0)
(-0.0427755 1.46729 0)
(0.0883244 1.25591 0)
(0.224671 0.991282 0)
(0.274325 0.669993 0)
(0.295053 0.231668 0)
(0.162671 -0.288339 0)
(-0.0230381 -1.00715 0)
(-0.449593 -1.80697 0)
(-0.865132 -2.89082 0)
(-1.55521 -3.83258 0)
(-1.69735 -4.73986 0)
(-2.06189 -3.77945 0)
(-2.54555e-264 -0.213482 0)
(-0.17923 1.23688 0)
(-0.432682 1.93251 0)
(-0.545942 2.27097 0)
(-0.53145 2.12218 0)
(-0.329652 2.0033 0)
(-0.118511 1.77996 0)
(0.190132 1.60817 0)
(0.464232 1.4191 0)
(0.77822 1.24513 0)
(1.03176 1.0569 0)
(1.2874 0.837357 0)
(1.44078 0.583316 0)
(1.56105 0.243981 0)
(1.50503 -0.150139 0)
(1.37741 -0.698212 0)
(0.958859 -1.32034 0)
(0.45037 -2.20292 0)
(-0.445145 -3.15615 0)
(-1.13944 -4.20599 0)
(-1.85203 -4.48214 0)
(-0.853929 -2.3009 0)
(-0.399746 1.42058 0)
(-0.729316 1.98526 0)
(-0.537443 2.17448 0)
(-0.27841 1.88822 0)
(0.25021 1.68619 0)
(0.684344 1.42583 0)
(1.20919 1.23768 0)
(1.63895 1.05592 0)
(2.09155 0.901667 0)
(2.44994 0.749572 0)
(2.80077 0.584423 0)
(3.02574 0.404848 0)
(3.22032 0.170704 0)
(3.21034 -0.0890561 0)
(3.15166 -0.45717 0)
(2.74632 -0.857501 0)
(2.29361 -1.48668 0)
(1.2929 -2.21222 0)
(0.410027 -3.33648 0)
(-0.72692 -3.98779 0)
(-0.698262 -2.96062 0)
(-0.2553 2.42778 0)
(-0.097585 2.06487 0)
(0.687831 1.87069 0)
(1.32582 1.32691 0)
(2.12598 1.06115 0)
(2.73319 0.814506 0)
(3.36527 0.659996 0)
(3.85745 0.532754 0)
(4.33988 0.434671 0)
(4.70971 0.347325 0)
(5.05871 0.259779 0)
(5.28037 0.168871 0)
(5.47184 0.0558513 0)
(5.47335 -0.0687496 0)
(5.43961 -0.243977 0)
(5.09275 -0.440471 0)
(4.71931 -0.780138 0)
(3.80107 -1.23982 0)
(2.84739 -2.25313 0)
(1.0836 -3.32804 0)
(-0.0445601 -3.80018 0)
(1.66874 1.67103 0)
(2.70947 0.976338 0)
(4.55314 0.749343 0)
(5.39079 0.423451 0)
(6.25241 0.284838 0)
(6.75351 0.175726 0)
(7.2223 0.118811 0)
(7.53522 0.0788628 0)
(7.82441 0.0533093 0)
(8.02155 0.0338842 0)
(8.20225 0.0167624 0)
(8.2949 0.000517865 0)
(8.37439 -0.0199501 0)
(8.32672 -0.0407192 0)
(8.27611 -0.0765809 0)
(7.99899 -0.110588 0)
(7.74967 -0.201059 0)
(6.99907 -0.294665 0)
(6.2653 -0.627359 0)
(4.04743 -0.999411 0)
(2.0077 -1.82057 0)
)
;

boundaryField
{
    movingWall
    {
        type            fixedValue;
        value           uniform (10 0 0);
    }
    fixedWalls
    {
        type            noSlip;
    }
    frontAndBack
    {
        type            empty;
    }
}


// ************************************************************************* //
