/*--------------------------------*- C++ -*----------------------------------*\
| =========                 |                                                 |
| \\      /  F ield         | OpenFOAM: The Open Source CFD Toolbox           |
|  \\    /   O peration     | Version:  4.1                                   |
|   \\  /    A nd           | Web:      www.OpenFOAM.org                      |
|    \\/     M anipulation  |                                                 |
\*---------------------------------------------------------------------------*/
FoamFile
{
    version     2.0;
    format      ascii;
    class       volVectorField;
    location    "0.0485";
    object      U;
}
// * * * * * * * * * * * * * * * * * * * * * * * * * * * * * * * * * * * * * //

dimensions      [0 1 -1 0 0 0 0];

internalField   nonuniform List<vector> 
441
(
(0.00336516 -0.0045802 0)
(0.00857916 -0.00257843 0)
(-0.000644625 -2.18143e-165 0)
(0.00171452 -2.79969e-266 0)
(-0.00880324 -0.00685866 0)
(-0.00171452 -2.72643e-232 0)
(-1.08622e-202 -4.60259e-203 0)
(-1.15048e-203 -5.89288e-228 0)
(-1.49476e-212 -2.50605e-213 0)
(-0.00529772 7.9615e-266 0)
(-0.0638874 0.0211932 0)
(-0.0808681 0.0112966 0)
(-0.0921454 0.00537979 0)
(-0.0827944 0.000737625 0)
(-0.0704776 -0.00103627 0)
(-0.0498333 -0.00237029 0)
(-0.0315026 -0.00184331 0)
(-0.013887 -0.0016588 0)
(-0.00189604 0.000218188 0)
(0.00190493 0.000859743 0)
(0.0039213 0.00247943 0)
(0.00324205 -0.0071666 0)
(-0.00219386 0.00655498 0)
(-0.0270706 0.0077644 0)
(-0.0559254 0.0105903 0)
(-0.097963 0.00951571 0)
(-0.136061 -0.00410073 0)
(-0.170997 -0.000391534 0)
(-0.203647 0.00130899 0)
(-0.232085 0.0111374 0)
(-0.260866 0.0566881 0)
(-0.280733 0.0525507 0)
(-0.276004 0.017281 0)
(-0.265392 -0.00390313 0)
(-0.232551 -0.0230859 0)
(-0.194068 -0.0319883 0)
(-0.143621 -0.0377651 0)
(-0.0968728 -0.0338793 0)
(-0.0529181 -0.02914 0)
(-0.0209928 -0.0155353 0)
(-0.00469612 -0.0074206 0)
(0.00406726 0.00356152 0)
(0.00658533 -0.00617185 0)
(-0.0057055 0.0273489 0)
(-0.0506663 0.0523629 0)
(-0.109555 0.0686837 0)
(-0.179643 0.0722326 0)
(-0.251156 0.0693464 0)
(-0.326127 0.0651902 0)
(-0.384696 0.0590607 0)
(-0.44193 0.0550107 0)
(-0.468163 0.0526803 0)
(-0.462933 0.037192 0)
(-0.447823 -0.00296299 0)
(-0.419318 -0.0374277 0)
(-0.368277 -0.0704347 0)
(-0.307505 -0.0890529 0)
(-0.231739 -0.0998416 0)
(-0.160138 -0.0914218 0)
(-0.0916612 -0.0780231 0)
(-0.0409883 -0.0469373 0)
(-0.0109034 -0.024609 0)
(0.00540249 0.00230319 0)
(0.00593077 -0.00827735 0)
(-0.0138342 0.065418 0)
(-0.0854917 0.111676 0)
(-0.168099 0.141707 0)
(-0.263783 0.151453 0)
(-0.358251 0.144884 0)
(-0.449418 0.134579 0)
(-0.526347 0.117867 0)
(-0.588639 0.096627 0)
(-0.624104 0.0752423 0)
(-0.630041 0.0319709 0)
(-0.61032 -0.0273785 0)
(-0.57142 -0.0835582 0)
(-0.503651 -0.135973 0)
(-0.422531 -0.168316 0)
(-0.321687 -0.186535 0)
(-0.225256 -0.173394 0)
(-0.131069 -0.149871 0)
(-0.060932 -0.0954677 0)
(-0.0161581 -0.0551594 0)
(0.00724008 -0.00157336 0)
(6.25725e-165 0.00148269 0)
(-0.0203404 0.118352 0)
(-0.121357 0.205889 0)
(-0.222705 0.245689 0)
(-0.341931 0.261426 0)
(-0.455806 0.253362 0)
(-0.567405 0.232195 0)
(-0.659902 0.197363 0)
(-0.735902 0.152203 0)
(-0.779591 0.0947211 0)
(-0.792071 0.0238289 0)
(-0.773571 -0.0613516 0)
(-0.728543 -0.143345 0)
(-0.64781 -0.219626 0)
(-0.547981 -0.269938 0)
(-0.420473 -0.297903 0)
(-0.297241 -0.280583 0)
(-0.171572 -0.243375 0)
(-0.0801694 -0.160195 0)
(-0.0161982 -0.0935922 0)
(0.0137716 -0.00579059 0)
(-5.10657e-266 0.00513207 0)
(-0.0779559 0.191138 0)
(-0.167827 0.312281 0)
(-0.28814 0.364006 0)
(-0.416867 0.384495 0)
(-0.547385 0.371394 0)
(-0.671762 0.339271 0)
(-0.780102 0.286613 0)
(-0.868832 0.217091 0)
(-0.927381 0.130677 0)
(-0.954786 0.0262171 0)
(-0.943676 -0.0918665 0)
(-0.89974 -0.209062 0)
(-0.809799 -0.318019 0)
(-0.693155 -0.39516 0)
(-0.537269 -0.439542 0)
(-0.383102 -0.421237 0)
(-0.219958 -0.369904 0)
(-0.102263 -0.248965 0)
(-0.0149771 -0.152215 0)
(0.016038 -0.00284685 0)
(-0.0205283 0.082532 0)
(-0.107839 0.282848 0)
(-0.211067 0.416491 0)
(-0.342681 0.49308 0)
(-0.487198 0.520014 0)
(-0.63313 0.506989 0)
(-0.774882 0.464269 0)
(-0.900688 0.393645 0)
(-1.00801 0.299338 0)
(-1.08495 0.180463 0)
(-1.13029 0.0406156 0)
(-1.13247 -0.116676 0)
(-1.09536 -0.27624 0)
(-1.00108 -0.427022 0)
(-0.870466 -0.540988 0)
(-0.68381 -0.609586 0)
(-0.49528 -0.595635 0)
(-0.281904 -0.526416 0)
(-0.135786 -0.362063 0)
(-0.00250315 -0.213624 0)
(5.73294e-266 -0.0040095 0)
(-0.0149241 0.13582 0)
(-0.102222 0.382779 0)
(-0.230568 0.547753 0)
(-0.380518 0.64095 0)
(-0.54308 0.675294 0)
(-0.706639 0.659454 0)
(-0.865807 0.607223 0)
(-1.01166 0.519691 0)
(-1.14018 0.401781 0)
(-1.24097 0.252438 0)
(-1.31061 0.0741259 0)
(-1.33366 -0.127827 0)
(-1.31161 -0.33997 0)
(-1.22047 -0.544966 0)
(-1.08078 -0.71171 0)
(-0.864954 -0.818509 0)
(-0.637048 -0.821453 0)
(-0.367301 -0.735287 0)
(-0.177952 -0.523887 0)
(-0.00258144 -0.297133 0)
(2.31061e-24 -1.25023e-24 0)
(-0.0131606 0.196437 0)
(-0.106053 0.496755 0)
(-0.250935 0.693383 0)
(-0.416044 0.803929 0)
(-0.595556 0.845034 0)
(-0.775456 0.828312 0)
(-0.952598 0.76856 0)
(-1.11889 0.667017 0)
(-1.2707 0.52849 0)
(-1.39821 0.350321 0)
(-1.49624 0.133875 0)
(-1.547 -0.116187 0)
(-1.54829 -0.388079 0)
(-1.46993 -0.659023 0)
(-1.3299 -0.894354 0)
(-1.08981 -1.05612 0)
(-0.822564 -1.08968 0)
(-0.486513 -0.990221 0)
(-0.24243 -0.719579 0)
(-0.00433965 -0.398645 0)
(9.50569e-77 -5.77653e-25 0)
(-0.0116199 0.25572 0)
(-0.106175 0.62223 0)
(-0.262975 0.858601 0)
(-0.439785 0.986247 0)
(-0.632661 1.03528 0)
(-0.826185 1.01658 0)
(-1.01809 0.951018 0)
(-1.20284 0.837461 0)
(-1.37626 0.681307 0)
(-1.5309 0.477286 0)
(-1.65943 0.223171 0)
(-1.74331 -0.0769728 0)
(-1.77624 -0.416531 0)
(-1.72235 -0.765903 0)
(-1.59439 -1.09109 0)
(-1.34165 -1.33138 0)
(-1.03951 -1.42321 0)
(-0.633408 -1.32493 0)
(-0.321697 -1.00072 0)
(-0.00591561 -0.553759 0)
(2.65862e-164 -2.37642e-77 0)
(-0.0121471 0.311031 0)
(-0.111395 0.746428 0)
(-0.278907 1.02487 0)
(-0.464848 1.1715 0)
(-0.666506 1.22991 0)
(-0.868359 1.21187 0)
(-1.06846 1.14424 0)
(-1.26511 1.0238 0)
(-1.45319 0.856155 0)
(-1.62975 0.63264 0)
(-1.78504 0.346782 0)
(-1.90336 0.000141159 0)
(-1.97335 -0.407265 0)
(-1.95693 -0.841832 0)
(-1.8582 -1.27195 0)
(-1.61386 -1.61451 0)
(-1.29427 -1.79315 0)
(-0.827936 -1.71547 0)
(-0.443784 -1.33602 0)
(-0.0721394 -0.732319 0)
(1.68122e-265 0.0124787 0)
(-0.0134142 0.380258 0)
(-0.11453 0.891166 0)
(-0.287819 1.21364 0)
(-0.476517 1.37462 0)
(-0.678778 1.44003 0)
(-0.879953 1.41854 0)
(-1.07752 1.34842 0)
(-1.27471 1.22171 0)
(-1.46504 1.04603 0)
(-1.65179 0.808301 0)
(-1.8236 0.496635 0)
(-1.97051 0.110129 0)
(-2.07788 -0.362737 0)
(-2.10863 -0.883456 0)
(-2.0577 -1.43346 0)
(-1.84925 -1.90178 0)
(-1.53728 -2.20828 0)
(-1.02432 -2.18897 0)
(-0.549111 -1.751 0)
(-0.0714597 -1.01624 0)
(0.0499147 -0.0680224 0)
(-0.0175365 0.434659 0)
(-0.125579 1.01791 0)
(-0.307986 1.38399 0)
(-0.497086 1.55918 0)
(-0.691115 1.63153 0)
(-0.880184 1.60802 0)
(-1.05861 1.53798 0)
(-1.23891 1.40966 0)
(-1.41067 1.2328 0)
(-1.58815 0.990471 0)
(-1.75641 0.665933 0)
(-1.9184 0.254556 0)
(-2.0541 -0.266938 0)
(-2.13816 -0.861537 0)
(-2.15166 -1.52657 0)
(-2.01374 -2.13692 0)
(-1.75516 -2.61201 0)
(-1.21736 -2.7121 0)
(-0.690644 -2.28232 0)
(0.0373336 -1.33788 0)
(2.30737e-231 -0.0124787 0)
(-0.022988 0.526268 0)
(-0.135539 1.18468 0)
(-0.320554 1.58897 0)
(-0.500579 1.75882 0)
(-0.673342 1.82621 0)
(-0.835084 1.78629 0)
(-0.976164 1.70897 0)
(-1.11894 1.57365 0)
(-1.24875 1.39577 0)
(-1.39149 1.15372 0)
(-1.53014 0.826436 0)
(-1.68255 0.407432 0)
(-1.82815 -0.143557 0)
(-1.95807 -0.786755 0)
(-2.04784 -1.55761 0)
(-2.01996 -2.30289 0)
(-1.87749 -3.00428 0)
(-1.41783 -3.27141 0)
(-0.884514 -3.00035 0)
(-0.00365651 -1.74265 0)
(5.6472e-202 4.5044e-184 0)
(-0.0397112 0.586083 0)
(-0.173403 1.30939 0)
(-0.370081 1.74511 0)
(-0.538633 1.90641 0)
(-0.671857 1.96435 0)
(-0.786897 1.90733 0)
(-0.86223 1.82145 0)
(-0.940891 1.68084 0)
(-0.997151 1.50564 0)
(-1.07593 1.27231 0)
(-1.15155 0.957967 0)
(-1.26679 0.554715 0)
(-1.39094 0.0113859 0)
(-1.55522 -0.63819 0)
(-1.70988 -1.4572 0)
(-1.83414 -2.30443 0)
(-1.85131 -3.19877 0)
(-1.58962 -3.71415 0)
(-1.12337 -3.67403 0)
(-0.0107079 -2.25177 0)
(1.80176e-183 1.86404e-185 0)
(-0.058791 0.747257 0)
(-0.211966 1.51935 0)
(-0.406464 1.96353 0)
(-0.546732 2.06192 0)
(-0.620575 2.08152 0)
(-0.667738 1.9773 0)
(-0.655953 1.86712 0)
(-0.647165 1.70923 0)
(-0.606041 1.53243 0)
(-0.593413 1.30923 0)
(-0.577085 1.01693 0)
(-0.619437 0.648832 0)
(-0.686955 0.142854 0)
(-0.842129 -0.464676 0)
(-1.0379 -1.28205 0)
(-1.29764 -2.15814 0)
(-1.53911 -3.25412 0)
(-1.59549 -4.00671 0)
(-1.43671 -4.59738 0)
(-0.459199 -2.91268 0)
(4.36015e-254 -4.5044e-184 0)
(-0.124323 0.842694 0)
(-0.344855 1.64389 0)
(-0.532565 2.07454 0)
(-0.626846 2.11075 0)
(-0.586497 2.08451 0)
(-0.526244 1.93773 0)
(-0.379061 1.80177 0)
(-0.249323 1.62988 0)
(-0.0775375 1.45332 0)
(0.0499402 1.2456 0)
(0.183857 0.985961 0)
(0.232587 0.670289 0)
(0.253855 0.237518 0)
(0.123564 -0.278005 0)
(-0.0588552 -0.993708 0)
(-0.480475 -1.79206 0)
(-0.889946 -2.87492 0)
(-1.57134 -3.81576 0)
(-1.70537 -4.7221 0)
(-2.05982 -3.76473 0)
(-2.53832e-264 -0.213078 0)
(-0.179348 1.23767 0)
(-0.434298 1.93186 0)
(-0.550379 2.26773 0)
(-0.539482 2.11613 0)
(-0.342041 1.99477 0)
(-0.135631 1.7696 0)
(0.168014 1.59684 0)
(0.437277 1.40788 0)
(0.746869 1.23525 0)
(0.996928 1.04955 0)
(1.25031 0.833571 0)
(1.40295 0.583615 0)
(1.52397 0.24834 0)
(1.47016 -0.142538 0)
(1.34575 -0.688635 0)
(0.931355 -1.31034 0)
(0.427561 -2.19353 0)
(-0.461756 -3.14724 0)
(-1.14921 -4.19721 0)
(-1.85365 -4.47295 0)
(-0.852312 -2.2981 0)
(-0.399634 1.42186 0)
(-0.729485 1.9862 0)
(-0.538999 2.17387 0)
(-0.282232 1.88565 0)
(0.243207 1.68179 0)
(0.673591 1.42 0)
(1.19423 1.23101 0)
(1.61974 1.04913 0)
(2.06835 0.895579 0)
(2.42346 0.744995 0)
(2.77209 0.58206 0)
(2.99628 0.405076 0)
(3.19152 0.173536 0)
(3.18365 -0.0841475 0)
(3.128 -0.451064 0)
(2.7264 -0.851355 0)
(2.27735 -1.48149 0)
(1.28064 -2.20823 0)
(0.401744 -3.33337 0)
(-0.730366 -3.9846 0)
(-0.697814 -2.95995 0)
(-0.255065 2.42862 0)
(-0.0966775 2.06589 0)
(0.688801 1.87113 0)
(1.32601 1.32637 0)
(2.12444 1.05963 0)
(2.72921 0.812193 0)
(3.35825 0.657206 0)
(3.84718 0.529861 0)
(4.32643 0.432093 0)
(4.6936 0.345456 0)
(5.04078 0.258947 0)
(5.26178 0.169242 0)
(5.45383 0.0573909 0)
(5.45714 -0.0663235 0)
(5.42603 -0.241157 0)
(5.08225 -0.437817 0)
(4.71165 -0.778247 0)
(3.79586 -1.23877 0)
(2.844 -2.25289 0)
(1.08207 -3.32762 0)
(-0.0443087 -3.80037 0)
(1.6689 1.67119 0)
(2.71027 0.976556 0)
(4.55449 0.749501 0)
(5.39219 0.42346 0)
(6.25327 0.284688 0)
(6.75331 0.175454 0)
(7.22065 0.118479 0)
(7.53196 0.0785393 0)
(7.81959 0.053066 0)
(8.0155 0.033778 0)
(8.19546 0.0168348 0)
(8.28808 0.000768704 0)
(8.36819 -0.0195513 0)
(8.32179 -0.0402571 0)
(8.27275 -0.0761523 0)
(7.9973 -0.110305 0)
(7.74921 -0.200999 0)
(6.99937 -0.294824 0)
(6.26571 -0.627701 0)
(4.04768 -0.999767 0)
(2.0081 -1.82103 0)
)
;

boundaryField
{
    movingWall
    {
        type            fixedValue;
        value           uniform (10 0 0);
    }
    fixedWalls
    {
        type            noSlip;
    }
    frontAndBack
    {
        type            empty;
    }
}


// ************************************************************************* //
