/*--------------------------------*- C++ -*----------------------------------*\
| =========                 |                                                 |
| \\      /  F ield         | OpenFOAM: The Open Source CFD Toolbox           |
|  \\    /   O peration     | Version:  4.1                                   |
|   \\  /    A nd           | Web:      www.OpenFOAM.org                      |
|    \\/     M anipulation  |                                                 |
\*---------------------------------------------------------------------------*/
FoamFile
{
    version     2.0;
    format      ascii;
    class       volVectorField;
    location    "0.1035";
    object      U;
}
// * * * * * * * * * * * * * * * * * * * * * * * * * * * * * * * * * * * * * //

dimensions      [0 1 -1 0 0 0 0];

internalField   nonuniform List<vector> 
441
(
(0.00384717 -0.00491358 0)
(0.0100962 -0.0025411 0)
(-0.000635274 -2.22414e-165 0)
(0.00202541 -3.45335e-266 0)
(-0.00837523 -0.00810185 0)
(-0.00202541 -3.13949e-232 0)
(-1.16207e-202 -5.81529e-203 0)
(-1.45378e-203 -7.63712e-228 0)
(-1.77127e-212 -3.33497e-213 0)
(-0.00632494 9.37272e-266 0)
(-0.0775967 0.0253004 0)
(-0.0972568 0.0131847 0)
(-0.109209 0.00598689 0)
(-0.095593 0.00033218 0)
(-0.0780647 -0.00176473 0)
(-0.0512954 -0.00312777 0)
(-0.0284012 -0.00219876 0)
(-0.00829077 -0.00156605 0)
(0.00362319 0.000857168 0)
(0.00497123 0.00164018 0)
(0.00467711 0.00309371 0)
(0.00401132 -0.00884711 0)
(-0.00063584 0.0069429 0)
(-0.0277725 0.00874392 0)
(-0.0606908 0.0108686 0)
(-0.109974 0.0112406 0)
(-0.156844 -0.00312522 0)
(-0.201091 -0.000121284 0)
(-0.243743 0.00173797 0)
(-0.281551 0.0136712 0)
(-0.319448 0.0691044 0)
(-0.344875 0.0633587 0)
(-0.338353 0.0188704 0)
(-0.321946 -0.00829958 0)
(-0.277194 -0.0322883 0)
(-0.224802 -0.0427524 0)
(-0.159404 -0.0478896 0)
(-0.100619 -0.0406436 0)
(-0.0488597 -0.031754 0)
(-0.0144307 -0.0135887 0)
(-0.000459381 -0.00341103 0)
(0.00509793 0.00678291 0)
(0.00790182 -0.00878824 0)
(-0.00515636 0.0288557 0)
(-0.0557298 0.0586491 0)
(-0.124852 0.0795474 0)
(-0.209732 0.0868343 0)
(-0.297662 0.0868315 0)
(-0.392359 0.0838742 0)
(-0.46971 0.0778518 0)
(-0.545334 0.0727935 0)
(-0.582272 0.0680683 0)
(-0.577645 0.045161 0)
(-0.557918 -0.00843748 0)
(-0.518234 -0.0544729 0)
(-0.449251 -0.0965909 0)
(-0.367291 -0.118567 0)
(-0.268917 -0.127596 0)
(-0.178069 -0.111536 0)
(-0.0956018 -0.088283 0)
(-0.0380642 -0.0464271 0)
(-0.0076844 -0.0183433 0)
(0.00653637 0.00810742 0)
(0.00651979 -0.0119557 0)
(-0.0170473 0.0723972 0)
(-0.101007 0.128366 0)
(-0.200537 0.167407 0)
(-0.318057 0.184416 0)
(-0.436579 0.182364 0)
(-0.553444 0.173736 0)
(-0.654689 0.155675 0)
(-0.737675 0.128822 0)
(-0.786237 0.0986153 0)
(-0.795192 0.0387156 0)
(-0.769416 -0.0417161 0)
(-0.716073 -0.117162 0)
(-0.625397 -0.184466 0)
(-0.516898 -0.222954 0)
(-0.386203 -0.238706 0)
(-0.263156 -0.213406 0)
(-0.147833 -0.17348 0)
(-0.0650963 -0.100608 0)
(-0.0158543 -0.0494146 0)
(0.00812409 0.00602559 0)
(7.14531e-165 0.00162995 0)
(-0.0259932 0.135913 0)
(-0.147413 0.241318 0)
(-0.272196 0.295062 0)
(-0.420663 0.321689 0)
(-0.565126 0.320255 0)
(-0.708804 0.300558 0)
(-0.830468 0.260898 0)
(-0.930987 0.203537 0)
(-0.989901 0.126332 0)
(-1.00668 0.0287487 0)
(-0.981935 -0.0872825 0)
(-0.920362 -0.197723 0)
(-0.813052 -0.296145 0)
(-0.680474 -0.356677 0)
(-0.516041 -0.382288 0)
(-0.358419 -0.348399 0)
(-0.203297 -0.287521 0)
(-0.0925946 -0.176658 0)
(-0.0188836 -0.0924737 0)
(0.0147384 0.00115979 0)
(-5.78971e-266 0.00602278 0)
(-0.0936313 0.224767 0)
(-0.206147 0.372421 0)
(-0.356049 0.442564 0)
(-0.518622 0.477154 0)
(-0.685053 0.471603 0)
(-0.845536 0.439715 0)
(-0.986811 0.378122 0)
(-1.10272 0.289188 0)
(-1.17917 0.173502 0)
(-1.21351 0.0310569 0)
(-1.19722 -0.129105 0)
(-1.13658 -0.285814 0)
(-1.018 -0.426067 0)
(-0.864812 -0.519551 0)
(-0.66575 -0.563366 0)
(-0.469709 -0.525107 0)
(-0.268226 -0.442564 0)
(-0.124071 -0.282984 0)
(-0.0218931 -0.160035 0)
(0.0161388 0.00327154 0)
(-0.0240911 0.0985812 0)
(-0.130584 0.338332 0)
(-0.259873 0.504089 0)
(-0.424515 0.605581 0)
(-0.606569 0.64977 0)
(-0.791765 0.645579 0)
(-0.972765 0.601394 0)
(-1.13414 0.517065 0)
(-1.27113 0.395614 0)
(-1.36828 0.236868 0)
(-1.42293 0.0472787 0)
(-1.42184 -0.164548 0)
(-1.3693 -0.375937 0)
(-1.24639 -0.568934 0)
(-1.07765 -0.707479 0)
(-0.843469 -0.779412 0)
(-0.606769 -0.743642 0)
(-0.3457 -0.635747 0)
(-0.165396 -0.419665 0)
(-0.00860561 -0.234594 0)
(6.0142e-266 -0.00403471 0)
(-0.0178011 0.163227 0)
(-0.124959 0.461732 0)
(-0.283208 0.666856 0)
(-0.468599 0.790018 0)
(-0.670546 0.844557 0)
(-0.874701 0.838046 0)
(-1.07388 0.782359 0)
(-1.25602 0.676333 0)
(-1.41496 0.523747 0)
(-1.53726 0.324725 0)
(-1.61827 0.0850661 0)
(-1.6405 -0.183857 0)
(-1.60596 -0.460737 0)
(-1.48881 -0.720039 0)
(-1.31293 -0.921815 0)
(-1.04883 -1.03861 0)
(-0.76976 -1.02127 0)
(-0.444349 -0.890513 0)
(-0.213987 -0.615394 0)
(-0.00390627 -0.335142 0)
(2.66062e-24 -1.04066e-24 0)
(-0.0157786 0.237524 0)
(-0.128041 0.601782 0)
(-0.30258 0.845981 0)
(-0.502196 0.990927 0)
(-0.719687 1.05441 0)
(-0.938236 1.04717 0)
(-1.15318 0.981695 0)
(-1.35354 0.856898 0)
(-1.53399 0.676556 0)
(-1.68213 0.439505 0)
(-1.79205 0.15111 0)
(-1.84419 -0.177419 0)
(-1.83704 -0.526151 0)
(-1.73821 -0.863356 0)
(-1.56827 -1.14526 0)
(-1.28503 -1.326 0)
(-0.96931 -1.34445 0)
(-0.575317 -1.19715 0)
(-0.285679 -0.852147 0)
(-0.00511384 -0.456827 0)
(1.07955e-76 -6.65154e-25 0)
(-0.0135727 0.30758 0)
(-0.124268 0.750259 0)
(-0.306835 1.04167 0)
(-0.513555 1.20764 0)
(-0.73922 1.28093 0)
(-0.965696 1.27143 0)
(-1.18934 1.19784 0)
(-1.40222 1.05667 0)
(-1.59896 0.85251 0)
(-1.77035 0.582065 0)
(-1.90906 0.247488 0)
(-1.99545 -0.140058 0)
(-2.02448 -0.565986 0)
(-1.95809 -0.991496 0)
(-1.81097 -1.3741 0)
(-1.52662 -1.64377 0)
(-1.18613 -1.72948 0)
(-0.727042 -1.58489 0)
(-0.370348 -1.17984 0)
(-0.00744041 -0.636646 0)
(2.99648e-164 -2.69887e-77 0)
(-0.0133596 0.3718 0)
(-0.123387 0.893237 0)
(-0.308951 1.23284 0)
(-0.516251 1.42094 0)
(-0.741339 1.50474 0)
(-0.966303 1.49517 0)
(-1.18796 1.41704 0)
(-1.40278 1.265 0)
(-1.6051 1.04427 0)
(-1.79119 0.748761 0)
(-1.9522 0.376863 0)
(-2.07247 -0.0623668 0)
(-2.14264 -0.561393 0)
(-2.1231 -1.0778 0)
(-2.01936 -1.57321 0)
(-1.76123 -1.9548 0)
(-1.42134 -2.139 0)
(-0.917344 -2.0216 0)
(-0.495274 -1.55977 0)
(-0.0827004 -0.840883 0)
(1.80105e-265 0.0134404 0)
(-0.0136079 0.445196 0)
(-0.117862 1.04803 0)
(-0.298101 1.43598 0)
(-0.495996 1.6407 0)
(-0.708584 1.7321 0)
(-0.919396 1.71798 0)
(-1.12481 1.63496 0)
(-1.32696 1.47339 0)
(-1.51949 1.24115 0)
(-1.706 0.928511 0)
(-1.87692 0.528947 0)
(-2.02355 0.0494681 0)
(-2.13399 -0.514622 0)
(-2.17074 -1.11693 0)
(-2.12989 -1.7346 0)
(-1.92863 -2.24841 0)
(-1.61973 -2.57201 0)
(-1.0914 -2.52565 0)
(-0.59183 -2.00851 0)
(-0.0767149 -1.15206 0)
(0.0537615 -0.0784623 0)
(-0.0165831 0.498868 0)
(-0.118746 1.17477 0)
(-0.294713 1.60806 0)
(-0.478296 1.82811 0)
(-0.666871 1.92634 0)
(-0.849657 1.90885 0)
(-1.02012 1.82371 0)
(-1.19061 1.65822 0)
(-1.35148 1.42316 0)
(-1.5183 1.1058 0)
(-1.67848 0.695295 0)
(-1.83717 0.195292 0)
(-1.97749 -0.411371 0)
(-2.07477 -1.08095 0)
(-2.11168 -1.80966 0)
(-2.00104 -2.46659 0)
(-1.77137 -2.96934 0)
(-1.24512 -3.05854 0)
(-0.718284 -2.56805 0)
(0.0442071 -1.49385 0)
(2.48535e-231 -0.0134404 0)
(-0.0208243 0.583529 0)
(-0.118017 1.32922 0)
(-0.282398 1.79945 0)
(-0.441219 2.014 0)
(-0.591879 2.10672 0)
(-0.730958 2.0717 0)
(-0.848455 1.97804 0)
(-0.967625 1.80502 0)
(-1.07509 1.56979 0)
(-1.19882 1.25573 0)
(-1.32409 0.847979 0)
(-1.47124 0.348705 0)
(-1.62241 -0.276872 0)
(-1.77043 -0.982972 0)
(-1.8924 -1.80705 0)
(-1.90774 -2.59273 0)
(-1.8157 -3.32603 0)
(-1.39864 -3.59697 0)
(-0.892642 -3.29106 0)
(-0.00286993 -1.90855 0)
(5.84085e-202 4.59187e-184 0)
(-0.0365495 0.63087 0)
(-0.146669 1.4303 0)
(-0.309933 1.92764 0)
(-0.442889 2.13224 0)
(-0.538705 2.21473 0)
(-0.616525 2.16223 0)
(-0.655122 2.06039 0)
(-0.699656 1.88391 0)
(-0.725992 1.65516 0)
(-0.781564 1.35583 0)
(-0.842355 0.969345 0)
(-0.953207 0.496432 0)
(-1.08463 -0.108693 0)
(-1.26966 -0.806698 0)
(-1.45966 -1.66406 0)
(-1.63417 -2.53971 0)
(-1.71379 -3.46157 0)
(-1.51679 -3.99 0)
(-1.10471 -3.93999 0)
(-0.0115274 -2.417 0)
(1.83675e-183 -1.61035e-184 0)
(-0.0550778 0.775033 0)
(-0.17957 1.60693 0)
(-0.331919 2.10533 0)
(-0.426124 2.24428 0)
(-0.451282 2.28772 0)
(-0.450844 2.18902 0)
(-0.393669 2.06567 0)
(-0.34493 1.87692 0)
(-0.271074 1.65378 0)
(-0.235575 1.37374 0)
(-0.207122 1.01985 0)
(-0.249154 0.593608 0)
(-0.327574 0.0381241 0)
(-0.505507 -0.604341 0)
(-0.735628 -1.44553 0)
(-1.04423 -2.33492 0)
(-1.34761 -3.44792 0)
(-1.47916 -4.21254 0)
(-1.38978 -4.81291 0)
(-0.46675 -3.06055 0)
(4.40344e-254 -4.59187e-184 0)
(-0.120965 0.851905 0)
(-0.313316 1.69411 0)
(-0.457046 2.16934 0)
(-0.501782 2.24204 0)
(-0.408067 2.23891 0)
(-0.29597 2.09979 0)
(-0.100075 1.95561 0)
(0.071069 1.76048 0)
(0.275145 1.54759 0)
(0.422947 1.29454 0)
(0.564905 0.985392 0)
(0.608832 0.623063 0)
(0.614734 0.151506 0)
(0.458896 -0.389187 0)
(0.244172 -1.11735 0)
(-0.220876 -1.91673 0)
(-0.681105 -3.00055 0)
(-1.43447 -3.94659 0)
(-1.63552 -4.86124 0)
(-2.07484 -3.88302 0)
(-2.59919e-264 -0.216379 0)
(-0.177713 1.23115 0)
(-0.412461 1.94744 0)
(-0.492125 2.31631 0)
(-0.437297 2.19549 0)
(-0.190213 2.09573 0)
(0.0654803 1.88052 0)
(0.416104 1.70521 0)
(0.725326 1.5018 0)
(1.06582 1.30414 0)
(1.33459 1.08594 0)
(1.59392 0.833645 0)
(1.7393 0.548936 0)
(1.8422 0.184793 0)
(1.7612 -0.224284 0)
(1.60499 -0.776768 0)
(1.15395 -1.39349 0)
(0.611629 -2.26621 0)
(-0.327422 -3.21425 0)
(-1.06927 -4.26341 0)
(-1.83949 -4.54486 0)
(-0.865515 -2.31917 0)
(-0.400707 1.40798 0)
(-0.724642 1.97988 0)
(-0.514037 2.18845 0)
(-0.227506 1.92305 0)
(0.336197 1.73699 0)
(0.807621 1.48531 0)
(1.3698 1.29768 0)
(1.83236 1.10868 0)
(2.3109 0.94038 0)
(2.68521 0.769525 0)
(3.04104 0.583274 0)
(3.25937 0.383614 0)
(3.43765 0.13311 0)
(3.40341 -0.136409 0)
(3.31713 -0.506721 0)
(2.88243 -0.90173 0)
(2.40363 -1.5205 0)
(1.37574 -2.23659 0)
(0.466446 -3.3552 0)
(-0.703376 -4.00855 0)
(-0.701799 -2.96452 0)
(-0.257859 2.4185 0)
(-0.105976 2.05541 0)
(0.681972 1.86947 0)
(1.3321 1.33685 0)
(2.15362 1.08045 0)
(2.78739 0.839552 0)
(3.44863 0.686349 0)
(3.96811 0.556293 0)
(4.47325 0.451798 0)
(4.85788 0.355612 0)
(5.21246 0.258115 0)
(5.4295 0.157848 0)
(5.60761 0.0375671 0)
(5.58867 -0.0909177 0)
(5.53151 -0.265912 0)
(5.16079 -0.458637 0)
(4.76776 -0.791344 0)
(3.83389 -1.24501 0)
(2.8691 -2.25322 0)
(1.09361 -3.33051 0)
(-0.0465954 -3.79862 0)
(1.66668 1.66901 0)
(2.70061 0.974039 0)
(4.53982 0.748078 0)
(5.37924 0.423986 0)
(6.24903 0.286955 0)
(6.76269 0.178775 0)
(7.24631 0.121959 0)
(7.57339 0.0814065 0)
(7.87414 0.0546583 0)
(8.07809 0.0337552 0)
(8.26023 0.0151094 0)
(8.3484 -0.00234015 0)
(8.41888 -0.0235015 0)
(8.3587 -0.0442095 0)
(8.29532 -0.0793124 0)
(8.00634 -0.11197 0)
(7.74952 -0.200781 0)
(6.9951 -0.293053 0)
(6.26182 -0.624742 0)
(4.04557 -0.996976 0)
(2.00481 -1.81748 0)
)
;

boundaryField
{
    movingWall
    {
        type            fixedValue;
        value           uniform (10 0 0);
    }
    fixedWalls
    {
        type            noSlip;
    }
    frontAndBack
    {
        type            empty;
    }
}


// ************************************************************************* //
