/*--------------------------------*- C++ -*----------------------------------*\
| =========                 |                                                 |
| \\      /  F ield         | OpenFOAM: The Open Source CFD Toolbox           |
|  \\    /   O peration     | Version:  4.1                                   |
|   \\  /    A nd           | Web:      www.OpenFOAM.org                      |
|    \\/     M anipulation  |                                                 |
\*---------------------------------------------------------------------------*/
FoamFile
{
    version     2.0;
    format      ascii;
    class       volVectorField;
    location    "0.023";
    object      U;
}
// * * * * * * * * * * * * * * * * * * * * * * * * * * * * * * * * * * * * * //

dimensions      [0 1 -1 0 0 0 0];

internalField   nonuniform List<vector> 
441
(
(0.00331552 -0.00475414 0)
(0.00793375 -0.00288211 0)
(-0.000720689 -2.34792e-165 0)
(0.00153365 -2.3454e-266 0)
(-0.0102526 -0.00613514 0)
(-0.00153365 -2.52293e-232 0)
(-1.09639e-202 -3.67979e-203 0)
(-9.19747e-204 -4.51008e-228 0)
(-1.31957e-212 -1.8636e-213 0)
(-0.0046608 7.11694e-266 0)
(-0.0548866 0.0186444 0)
(-0.0702755 0.0101966 0)
(-0.0812207 0.00507826 0)
(-0.0753036 0.00117649 0)
(-0.0671064 -0.000405714 0)
(-0.051381 -0.00169271 0)
(-0.0365218 -0.00159672 0)
(-0.020316 -0.00177398 0)
(-0.00758626 -0.000415153 0)
(-0.000724526 0.000235601 0)
(0.00321877 0.00207829 0)
(0.0028661 -0.00627175 0)
(-0.00424672 0.00694617 0)
(-0.0297544 0.00762886 0)
(-0.0574949 0.0114495 0)
(-0.0958199 0.0084796 0)
(-0.127868 -0.00569797 0)
(-0.155685 -0.000775358 0)
(-0.180451 0.00097845 0)
(-0.20112 0.0093872 0)
(-0.222592 0.0485314 0)
(-0.237549 0.0453791 0)
(-0.23346 0.0164196 0)
(-0.226703 -0.000434138 0)
(-0.203029 -0.0157962 0)
(-0.175501 -0.0235446 0)
(-0.137161 -0.0298152 0)
(-0.0998046 -0.0292877 0)
(-0.0610573 -0.0282046 0)
(-0.0296456 -0.0188282 0)
(-0.00914844 -0.0117724 0)
(0.00293567 0.000605526 0)
(0.00598486 -0.00402287 0)
(-0.00724908 0.0293329 0)
(-0.0517137 0.0517717 0)
(-0.105994 0.0641522 0)
(-0.166879 0.0632627 0)
(-0.227044 0.0565181 0)
(-0.286935 0.0506265 0)
(-0.329876 0.043893 0)
(-0.371362 0.0404219 0)
(-0.387099 0.0400899 0)
(-0.378405 0.0302658 0)
(-0.364832 0.000354564 0)
(-0.343503 -0.0248175 0)
(-0.306467 -0.0498394 0)
(-0.263043 -0.0655003 0)
(-0.206715 -0.0775553 0)
(-0.151432 -0.076713 0)
(-0.0940307 -0.0722754 0)
(-0.0476292 -0.0513348 0)
(-0.0150523 -0.0326412 0)
(0.00397904 -0.00358113 0)
(0.00608939 -0.00515116 0)
(-0.0120588 0.0661981 0)
(-0.0788838 0.106536 0)
(-0.15185 0.128524 0)
(-0.232661 0.129804 0)
(-0.308907 0.116692 0)
(-0.378858 0.103142 0)
(-0.434332 0.0860187 0)
(-0.4767 0.0681612 0)
(-0.497509 0.0533659 0)
(-0.495934 0.0228207 0)
(-0.477018 -0.0193924 0)
(-0.446811 -0.0589457 0)
(-0.397255 -0.0971339 0)
(-0.339795 -0.123137 0)
(-0.266739 -0.142569 0)
(-0.195306 -0.141513 0)
(-0.120541 -0.133365 0)
(-0.0609216 -0.0971357 0)
(-0.0175105 -0.0646198 0)
(0.0059944 -0.0101428 0)
(6.05102e-165 0.00152235 0)
(-0.0166645 0.113916 0)
(-0.106869 0.190827 0)
(-0.192471 0.216785 0)
(-0.289795 0.21948 0)
(-0.378403 0.201314 0)
(-0.461456 0.175162 0)
(-0.525746 0.141034 0)
(-0.575389 0.103166 0)
(-0.599025 0.0599558 0)
(-0.599419 0.0101375 0)
(-0.579132 -0.0484892 0)
(-0.542858 -0.103941 0)
(-0.483739 -0.156996 0)
(-0.414123 -0.195062 0)
(-0.324439 -0.222557 0)
(-0.237372 -0.221611 0)
(-0.142878 -0.207406 0)
(-0.0707654 -0.15287 0)
(-0.0141147 -0.100177 0)
(0.0122785 -0.0141725 0)
(-5.07361e-266 0.00485289 0)
(-0.0706557 0.177268 0)
(-0.144363 0.280707 0)
(-0.242659 0.313117 0)
(-0.342822 0.315715 0)
(-0.44094 0.289393 0)
(-0.529737 0.251005 0)
(-0.602645 0.200224 0)
(-0.657804 0.142046 0)
(-0.688885 0.0767495 0)
(-0.696918 0.0030714 0)
(-0.678919 -0.0767714 0)
(-0.641239 -0.154196 0)
(-0.574823 -0.227061 0)
(-0.494525 -0.282037 0)
(-0.387894 -0.321119 0)
(-0.283591 -0.322174 0)
(-0.166971 -0.302456 0)
(-0.0799844 -0.224336 0)
(-0.00671152 -0.150481 0)
(0.0158837 -0.0111502 0)
(-0.0194115 0.0755087 0)
(-0.0958546 0.254952 0)
(-0.178994 0.363406 0)
(-0.283341 0.413733 0)
(-0.393384 0.417296 0)
(-0.500319 0.387177 0)
(-0.599165 0.336403 0)
(-0.681508 0.268511 0)
(-0.746311 0.189328 0)
(-0.786345 0.0989608 0)
(-0.802769 0.000576308 0)
(-0.790066 -0.104321 0)
(-0.753864 -0.207217 0)
(-0.682726 -0.304208 0)
(-0.59339 -0.380657 0)
(-0.468289 -0.434535 0)
(-0.345844 -0.440487 0)
(-0.199644 -0.412583 0)
(-0.0998598 -0.310402 0)
(0.0056148 -0.197472 0)
(5.33002e-266 -0.00397094 0)
(-0.0137579 0.122405 0)
(-0.0879858 0.337898 0)
(-0.19245 0.46893 0)
(-0.311006 0.528392 0)
(-0.434282 0.533192 0)
(-0.553221 0.495703 0)
(-0.662804 0.432692 0)
(-0.757103 0.347485 0)
(-0.833454 0.247312 0)
(-0.886325 0.132838 0)
(-0.915204 0.00705575 0)
(-0.912448 -0.126525 0)
(-0.882597 -0.261258 0)
(-0.810936 -0.389157 0)
(-0.714814 -0.495888 0)
(-0.571947 -0.571545 0)
(-0.427317 -0.589287 0)
(-0.249983 -0.55319 0)
(-0.126518 -0.425615 0)
(-0.000798579 -0.258528 0)
(1.77495e-24 -1.76272e-24 0)
(-0.0117381 0.17434 0)
(-0.0904112 0.431949 0)
(-0.209771 0.585272 0)
(-0.34139 0.654095 0)
(-0.478914 0.658685 0)
(-0.610444 0.614582 0)
(-0.73282 0.539818 0)
(-0.840546 0.438461 0)
(-0.931042 0.318538 0)
(-0.999556 0.180364 0)
(-1.04422 0.027202 0)
(-1.05648 -0.137231 0)
(-1.03843 -0.307632 0)
(-0.972011 -0.472706 0)
(-0.873286 -0.617735 0)
(-0.713171 -0.723733 0)
(-0.54358 -0.759146 0)
(-0.3246 -0.716519 0)
(-0.168707 -0.553703 0)
(-0.00312549 -0.329207 0)
(7.22552e-77 -4.43737e-25 0)
(-0.010284 0.225422 0)
(-0.0912482 0.537592 0)
(-0.223327 0.720968 0)
(-0.367315 0.798394 0)
(-0.518432 0.803097 0)
(-0.662875 0.749993 0)
(-0.797949 0.663437 0)
(-0.920189 0.545724 0)
(-1.02614 0.406729 0)
(-1.11333 0.245638 0)
(-1.1779 0.0641982 0)
(-1.21133 -0.133248 0)
(-1.21247 -0.345537 0)
(-1.15957 -0.556331 0)
(-1.06508 -0.754303 0)
(-0.891542 -0.905328 0)
(-0.694101 -0.976499 0)
(-0.424558 -0.935129 0)
(-0.22263 -0.742931 0)
(-0.00501656 -0.438408 0)
(1.99316e-164 -1.80638e-77 0)
(-0.0110655 0.272933 0)
(-0.0992809 0.643349 0)
(-0.245954 0.859463 0)
(-0.403271 0.947307 0)
(-0.567482 0.953025 0)
(-0.724078 0.892568 0)
(-0.8704 0.796501 0)
(-1.00628 0.665686 0)
(-1.12698 0.511589 0)
(-1.23405 0.331666 0)
(-1.3209 0.125733 0)
(-1.38158 -0.102865 0)
(-1.40969 -0.357992 0)
(-1.38183 -0.62065 0)
(-1.30239 -0.883181 0)
(-1.12516 -1.09679 0)
(-0.902586 -1.22163 0)
(-0.577484 -1.19269 0)
(-0.316122 -0.963879 0)
(-0.0583183 -0.5605 0)
(1.18412e-265 0.00955159 0)
(-0.0129312 0.336959 0)
(-0.107918 0.774708 0)
(-0.267829 1.02676 0)
(-0.436379 1.12092 0)
(-0.610617 1.12544 0)
(-0.776397 1.05327 0)
(-0.930393 0.946652 0)
(-1.0769 0.80225 0)
(-1.20941 0.634904 0)
(-1.33487 0.439139 0)
(-1.44413 0.211635 0)
(-1.53529 -0.0454212 0)
(-1.59729 -0.34558 0)
(-1.60569 -0.665772 0)
(-1.55572 -1.01119 0)
(-1.3893 -1.31021 0)
(-1.14902 -1.52392 0)
(-0.759248 -1.53155 0)
(-0.407883 -1.25833 0)
(-0.0551175 -0.768704 0)
(0.0382064 -0.0569224 0)
(-0.0179189 0.38958 0)
(-0.126908 0.895357 0)
(-0.306888 1.18516 0)
(-0.488778 1.28695 0)
(-0.669869 1.29139 0)
(-0.840355 1.20995 0)
(-0.993879 1.09619 0)
(-1.14358 0.943325 0)
(-1.27864 0.76933 0)
(-1.41559 0.56591 0)
(-1.54025 0.326538 0)
(-1.66059 0.0504956 0)
(-1.75735 -0.286062 0)
(-1.81367 -0.661904 0)
(-1.80839 -1.09616 0)
(-1.67793 -1.50492 0)
(-1.44413 -1.84646 0)
(-0.987096 -1.93945 0)
(-0.550745 -1.6611 0)
(0.0334214 -1.01103 0)
(1.86233e-231 -0.00955159 0)
(-0.0245549 0.48472 0)
(-0.147014 1.06683 0)
(-0.34355 1.39253 0)
(-0.533314 1.4851 0)
(-0.713413 1.48018 0)
(-0.879852 1.37764 0)
(-1.02249 1.25176 0)
(-1.16382 1.08697 0)
(-1.28832 0.907409 0)
(-1.42246 0.700403 0)
(-1.5481 0.455871 0)
(-1.68417 0.170964 0)
(-1.80756 -0.19408 0)
(-1.91157 -0.616244 0)
(-1.96659 -1.14869 0)
(-1.90599 -1.67923 0)
(-1.72927 -2.21684 0)
(-1.27486 -2.4397 0)
(-0.770433 -2.27572 0)
(-0.00370323 -1.34844 0)
(4.74721e-202 3.97317e-184 0)
(-0.0424574 0.553871 0)
(-0.195252 1.20822 0)
(-0.418367 1.56731 0)
(-0.615536 1.65109 0)
(-0.779371 1.63596 0)
(-0.926188 1.51528 0)
(-1.03411 1.37945 0)
(-1.14544 1.20743 0)
(-1.23316 1.02782 0)
(-1.3406 0.82561 0)
(-1.43944 0.588472 0)
(-1.56923 0.311219 0)
(-1.69433 -0.0573034 0)
(-1.84147 -0.500528 0)
(-1.95366 -1.09682 0)
(-2.01163 -1.74081 0)
(-1.93734 -2.46627 0)
(-1.59538 -2.90672 0)
(-1.06895 -2.91302 0)
(-0.00710621 -1.80541 0)
(1.58927e-183 2.96976e-184 0)
(-0.0624305 0.73002 0)
(-0.241898 1.44704 0)
(-0.475503 1.82188 0)
(-0.661514 1.84727 0)
(-0.787744 1.79756 0)
(-0.892264 1.63273 0)
(-0.942272 1.47476 0)
(-0.997913 1.28621 0)
(-1.02204 1.10361 0)
(-1.07189 0.907002 0)
(-1.11117 0.683106 0)
(-1.19589 0.426486 0)
(-1.2861 0.0744112 0)
(-1.43606 -0.355671 0)
(-1.59077 -0.984308 0)
(-1.76678 -1.69422 0)
(-1.87993 -2.64213 0)
(-1.78086 -3.31653 0)
(-1.47461 -3.88561 0)
(-0.427868 -2.45853 0)
(3.97969e-254 -3.97317e-184 0)
(-0.127748 0.843535 0)
(-0.375564 1.60791 0)
(-0.607766 1.981 0)
(-0.757276 1.95314 0)
(-0.783282 1.86528 0)
(-0.797424 1.66438 0)
(-0.73226 1.48545 0)
(-0.689006 1.28559 0)
(-0.606175 1.10252 0)
(-0.564464 0.916083 0)
(-0.508206 0.713178 0)
(-0.51957 0.490216 0)
(-0.534924 0.184222 0)
(-0.666984 -0.188741 0)
(-0.814622 -0.760616 0)
(-1.14897 -1.44211 0)
(-1.4282 -2.4302 0)
(-1.90856 -3.31282 0)
(-1.85288 -4.19064 0)
(-1.97971 -3.35093 0)
(-2.3613e-264 -0.201988 0)
(-0.180737 1.25397 0)
(-0.454317 1.9311 0)
(-0.608033 2.22538 0)
(-0.64876 2.02297 0)
(-0.517709 1.85142 0)
(-0.388488 1.58155 0)
(-0.172561 1.37303 0)
(0.00251294 1.1604 0)
(0.213722 0.981045 0)
(0.368074 0.810383 0)
(0.534576 0.636692 0)
(0.619874 0.456645 0)
(0.700454 0.216558 0)
(0.643034 -0.0685582 0)
(0.552226 -0.514279 0)
(0.21457 -1.06489 0)
(-0.176793 -1.9111 0)
(-0.900327 -2.84967 0)
(-1.3974 -3.89851 0)
(-1.88212 -4.18417 0)
(-0.807951 -2.19969 0)
(-0.397648 1.44372 0)
(-0.728908 2.0063 0)
(-0.556382 2.16935 0)
(-0.333399 1.84625 0)
(0.140772 1.60641 0)
(0.506082 1.31214 0)
(0.948009 1.09708 0)
(1.2857 0.897972 0)
(1.64008 0.739062 0)
(1.90206 0.598011 0)
(2.16545 0.462766 0)
(2.32378 0.331647 0)
(2.48055 0.16246 0)
(2.47209 -0.0264462 0)
(2.45256 -0.32961 0)
(2.12495 -0.690002 0)
(1.7703 -1.31224 0)
(0.893218 -2.05685 0)
(0.14377 -3.20488 0)
(-0.836957 -3.86746 0)
(-0.688939 -2.92469 0)
(-0.251366 2.44231 0)
(-0.08044 2.08447 0)
(0.708903 1.88095 0)
(1.33531 1.31928 0)
(2.10555 1.03392 0)
(2.66672 0.769597 0)
(3.23764 0.60149 0)
(3.65837 0.466017 0)
(4.06274 0.366402 0)
(4.35532 0.285429 0)
(4.63502 0.213116 0)
(4.80541 0.145921 0)
(4.97154 0.0632419 0)
(4.98158 -0.0293414 0)
(4.9899 -0.177836 0)
(4.71511 -0.360586 0)
(4.42659 -0.707038 0)
(3.59455 -1.18724 0)
(2.71485 -2.22814 0)
(1.02401 -3.30619 0)
(-0.0410381 -3.79993 0)
(1.67128 1.67366 0)
(2.72346 0.980349 0)
(4.57818 0.752587 0)
(5.41826 0.424083 0)
(6.27101 0.282424 0)
(6.75248 0.170724 0)
(7.19237 0.112095 0)
(7.47039 0.0714944 0)
(7.72173 0.0465299 0)
(7.88279 0.0289488 0)
(8.0335 0.0150127 0)
(8.10802 0.00285639 0)
(8.1847 -0.0129262 0)
(8.15349 -0.0298875 0)
(8.13535 -0.0635386 0)
(7.90402 -0.0988668 0)
(7.69937 -0.194114 0)
(6.98493 -0.294971 0)
(6.26703 -0.635372 0)
(4.05224 -1.01077 0)
(2.01832 -1.83565 0)
)
;

boundaryField
{
    movingWall
    {
        type            fixedValue;
        value           uniform (10 0 0);
    }
    fixedWalls
    {
        type            noSlip;
    }
    frontAndBack
    {
        type            empty;
    }
}


// ************************************************************************* //
