/*--------------------------------*- C++ -*----------------------------------*\
| =========                 |                                                 |
| \\      /  F ield         | OpenFOAM: The Open Source CFD Toolbox           |
|  \\    /   O peration     | Version:  4.1                                   |
|   \\  /    A nd           | Web:      www.OpenFOAM.org                      |
|    \\/     M anipulation  |                                                 |
\*---------------------------------------------------------------------------*/
FoamFile
{
    version     2.0;
    format      ascii;
    class       volVectorField;
    location    "0.0266";
    object      U;
}
// * * * * * * * * * * * * * * * * * * * * * * * * * * * * * * * * * * * * * //

dimensions      [0 1 -1 0 0 0 0];

internalField   nonuniform List<vector> 
441
(
(0.0032887 -0.00466823 0)
(0.00800653 -0.00278596 0)
(-0.000696601 -2.28914e-165 0)
(0.00155802 -2.41874e-266 0)
(-0.00986936 -0.00623262 0)
(-0.00155802 -2.54219e-232 0)
(-1.08764e-202 -3.82102e-203 0)
(-9.55064e-204 -4.71321e-228 0)
(-1.33974e-212 -1.9477e-213 0)
(-0.00472337 7.19993e-266 0)
(-0.0558107 0.0188951 0)
(-0.0712228 0.0102776 0)
(-0.0820313 0.00507563 0)
(-0.0754928 0.00108506 0)
(-0.0666206 -0.000503937 0)
(-0.0501717 -0.00178603 0)
(-0.0348802 -0.0016004 0)
(-0.0186725 -0.00171245 0)
(-0.00630075 -0.000265824 0)
(-0.000204159 0.00036008 0)
(0.00333035 0.00213143 0)
(0.00291697 -0.00641034 0)
(-0.00373481 0.00678405 0)
(-0.0288556 0.00759765 0)
(-0.0566044 0.0111806 0)
(-0.0954103 0.00862639 0)
(-0.128445 -0.00532119 0)
(-0.157426 -0.000695311 0)
(-0.18341 0.00102655 0)
(-0.205215 0.00958774 0)
(-0.227593 0.0493573 0)
(-0.243038 0.0459931 0)
(-0.238606 0.0162167 0)
(-0.231012 -0.00119156 0)
(-0.205745 -0.0170391 0)
(-0.176431 -0.0248422 0)
(-0.136253 -0.0309217 0)
(-0.0976253 -0.0297007 0)
(-0.0584619 -0.0279344 0)
(-0.0274405 -0.0178242 0)
(-0.00815252 -0.0107213 0)
(0.00314479 0.0011894 0)
(0.00604716 -0.00446947 0)
(-0.00683618 0.0285894 0)
(-0.0509837 0.0514322 0)
(-0.105804 0.0645967 0)
(-0.16816 0.0646299 0)
(-0.230181 0.0586279 0)
(-0.292528 0.0529477 0)
(-0.337968 0.0461712 0)
(-0.381771 0.0424056 0)
(-0.398938 0.0415116 0)
(-0.390627 0.0306817 0)
(-0.376509 -0.000747581 0)
(-0.353765 -0.0272262 0)
(-0.31427 -0.0533256 0)
(-0.267981 -0.0691921 0)
(-0.208603 -0.0807859 0)
(-0.150949 -0.0783775 0)
(-0.092233 -0.0722712 0)
(-0.0456734 -0.0495733 0)
(-0.0140945 -0.0305446 0)
(0.00423886 -0.00234717 0)
(0.00598438 -0.00578026 0)
(-0.012334 0.0653645 0)
(-0.0795613 0.106707 0)
(-0.15397 0.130296 0)
(-0.237263 0.13329 0)
(-0.316606 0.121393 0)
(-0.390115 0.108233 0)
(-0.449045 0.0909009 0)
(-0.49447 0.0721764 0)
(-0.517338 0.0559752 0)
(-0.516677 0.0232878 0)
(-0.497245 -0.0215819 0)
(-0.465303 -0.0635607 0)
(-0.412529 -0.10374 0)
(-0.351143 -0.13033 0)
(-0.273656 -0.149145 0)
(-0.19845 -0.145583 0)
(-0.121019 -0.134608 0)
(-0.0602115 -0.095258 0)
(-0.0171465 -0.0618901 0)
(0.00619915 -0.00833458 0)
(6.02866e-165 0.0014961 0)
(-0.0172707 0.113741 0)
(-0.108897 0.192339 0)
(-0.197105 0.221135 0)
(-0.298199 0.226412 0)
(-0.391186 0.210048 0)
(-0.479062 0.184473 0)
(-0.547931 0.149789 0)
(-0.601648 0.110254 0)
(-0.628158 0.0643397 0)
(-0.630112 0.0109669 0)
(-0.609617 -0.0518616 0)
(-0.571532 -0.111276 0)
(-0.50858 -0.167662 0)
(-0.433973 -0.207078 0)
(-0.33822 -0.234046 0)
(-0.245591 -0.229676 0)
(-0.14652 -0.211311 0)
(-0.0717778 -0.151919 0)
(-0.0144916 -0.0976122 0)
(0.0124949 -0.0123931 0)
(-5.01683e-266 0.00484821 0)
(-0.0713282 0.178452 0)
(-0.147731 0.284901 0)
(-0.249753 0.321262 0)
(-0.354984 0.327347 0)
(-0.458738 0.303287 0)
(-0.55358 0.265512 0)
(-0.632229 0.213751 0)
(-0.692614 0.153039 0)
(-0.727697 0.0837763 0)
(-0.738388 0.00491796 0)
(-0.720955 -0.0810108 0)
(-0.681879 -0.164424 0)
(-0.611345 -0.242547 0)
(-0.525126 -0.300256 0)
(-0.410575 -0.339413 0)
(-0.29849 -0.336335 0)
(-0.174752 -0.310992 0)
(-0.0832622 -0.225657 0)
(-0.00834468 -0.149032 0)
(0.015817 -0.00944131 0)
(-0.0193929 0.0760618 0)
(-0.097125 0.258182 0)
(-0.183581 0.371298 0)
(-0.292608 0.426863 0)
(-0.408741 0.434901 0)
(-0.522445 0.407561 0)
(-0.628552 0.357479 0)
(-0.717951 0.288203 0)
(-0.789447 0.205644 0)
(-0.835046 0.109984 0)
(-0.85577 0.00465623 0)
(-0.845073 -0.108553 0)
(-0.808568 -0.220024 0)
(-0.73356 -0.324975 0)
(-0.63765 -0.406467 0)
(-0.502556 -0.461834 0)
(-0.369518 -0.463391 0)
(-0.212504 -0.428227 0)
(-0.105447 -0.31552 0)
(0.00397062 -0.198175 0)
(5.38495e-266 -0.00395424 0)
(-0.0137869 0.123645 0)
(-0.0897133 0.343693 0)
(-0.197982 0.4811 0)
(-0.321859 0.547289 0)
(-0.452016 0.557659 0)
(-0.578673 0.523599 0)
(-0.696677 0.461505 0)
(-0.799456 0.374732 0)
(-0.884271 0.270574 0)
(-0.944793 0.149704 0)
(-0.980334 0.015242 0)
(-0.981896 -0.1291 0)
(-0.953767 -0.275606 0)
(-0.879295 -0.415172 0)
(-0.776462 -0.53062 0)
(-0.621466 -0.610591 0)
(-0.462829 -0.624789 0)
(-0.269567 -0.580028 0)
(-0.134945 -0.438043 0)
(-0.0011382 -0.262834 0)
(1.87261e-24 -1.64588e-24 0)
(-0.0118391 0.17661 0)
(-0.0924077 0.440688 0)
(-0.215797 0.60225 0)
(-0.353099 0.679405 0)
(-0.497994 0.690849 0)
(-0.637984 0.651064 0)
(-0.769849 0.577765 0)
(-0.887566 0.475054 0)
(-0.988574 0.350963 0)
(-1.06732 0.205665 0)
(-1.12171 0.0422924 0)
(-1.14153 -0.135465 0)
(-1.12827 -0.32146 0)
(-1.06115 -0.503084 0)
(-0.956428 -0.662309 0)
(-0.782411 -0.777372 0)
(-0.595157 -0.811887 0)
(-0.354172 -0.759548 0)
(-0.181906 -0.577799 0)
(-0.00333611 -0.338687 0)
(7.66724e-77 -4.68151e-25 0)
(-0.0103975 0.228726 0)
(-0.0932373 0.54931 0)
(-0.229282 0.742814 0)
(-0.378959 0.830311 0)
(-0.537596 0.843351 0)
(-0.690927 0.795787 0)
(-0.836332 0.711691 0)
(-0.969965 0.593418 0)
(-1.08852 0.450714 0)
(-1.18874 0.282412 0)
(-1.26654 0.089688 0)
(-1.31141 -0.123532 0)
(-1.32127 -0.355714 0)
(-1.2708 -0.589161 0)
(-1.17203 -0.808832 0)
(-0.983695 -0.976233 0)
(-0.765181 -1.05157 0)
(-0.467055 -1.00084 0)
(-0.242229 -0.784434 0)
(-0.00492787 -0.456526 0)
(2.12927e-164 -1.91681e-77 0)
(-0.0111682 0.277272 0)
(-0.100993 0.65793 0)
(-0.251206 0.886059 0)
(-0.413793 0.985794 0)
(-0.585189 1.00155 0)
(-0.750611 0.948217 0)
(-0.907602 0.856123 0)
(-1.05579 0.726202 0)
(-1.1907 0.569613 0)
(-1.31321 0.38316 0)
(-1.41645 0.1655 0)
(-1.49232 -0.0810029 0)
(-1.5332 -0.360587 0)
(-1.51143 -0.652989 0)
(-1.43051 -0.946706 0)
(-1.23909 -1.18661 0)
(-0.993865 -1.32394 0)
(-0.634772 -1.28777 0)
(-0.344349 -1.03021 0)
(-0.060218 -0.590257 0)
(1.31854e-265 0.0102855 0)
(-0.0129768 0.342043 0)
(-0.109015 0.791561 0)
(-0.27158 1.05737 0)
(-0.444408 1.16525 0)
(-0.624813 1.18165 0)
(-0.798551 1.11848 0)
(-0.962615 1.01781 0)
(-1.12124 0.876371 0)
(-1.2683 0.708466 0)
(-1.41014 0.507633 0)
(-1.53738 0.268683 0)
(-1.64598 -0.00783684 0)
(-1.72356 -0.336808 0)
(-1.74128 -0.694115 0)
(-1.69312 -1.08121 0)
(-1.51539 -1.41833 0)
(-1.25391 -1.65549 0)
(-0.828946 -1.66118 0)
(-0.443511 -1.35473 0)
(-0.0592267 -0.816194 0)
(0.0411421 -0.0579657 0)
(-0.0178744 0.395045 0)
(-0.127044 0.913641 0)
(-0.308261 1.21867 0)
(-0.492725 1.33585 0)
(-0.678034 1.35401 0)
(-0.854433 1.28358 0)
(-1.01594 1.17795 0)
(-1.17573 1.03043 0)
(-1.32337 0.858212 0)
(-1.47494 0.651659 0)
(-1.61607 0.401687 0)
(-1.7529 0.105273 0)
(-1.86514 -0.263683 0)
(-1.93206 -0.683188 0)
(-1.93177 -1.16893 0)
(-1.79502 -1.62751 0)
(-1.54674 -2.00503 0)
(-1.05903 -2.10458 0)
(-0.591312 -1.79307 0)
(0.0329619 -1.07985 0)
(1.96788e-231 -0.0102855 0)
(-0.0243558 0.489874 0)
(-0.14574 1.08508 0)
(-0.341472 1.42692 0)
(-0.531243 1.53617 0)
(-0.712459 1.54647 0)
(-0.881262 1.45669 0)
(-1.02788 1.34094 0)
(-1.17485 1.18369 0)
(-1.30698 1.0081 0)
(-1.45038 0.799886 0)
(-1.58689 0.545848 0)
(-1.73425 0.240441 0)
(-1.86896 -0.159119 0)
(-1.98202 -0.628997 0)
(-2.04406 -1.21965 0)
(-1.98441 -1.80827 0)
(-1.80486 -2.39316 0)
(-1.33422 -2.63239 0)
(-0.809527 -2.44319 0)
(-0.00390905 -1.43817 0)
(5.01122e-202 4.14057e-184 0)
(-0.0420795 0.557883 0)
(-0.192306 1.22463 0)
(-0.412085 1.60005 0)
(-0.605907 1.70113 0)
(-0.76662 1.70209 0)
(-0.91076 1.59525 0)
(-1.01674 1.47085 0)
(-1.1269 1.30781 0)
(-1.21443 1.13361 0)
(-1.3225 0.931498 0)
(-1.42288 0.685825 0)
(-1.55497 0.388648 0)
(-1.68354 -0.0143444 0)
(-1.83528 -0.505589 0)
(-1.95465 -1.16107 0)
(-2.02123 -1.86511 0)
(-1.95862 -2.64302 0)
(-1.62211 -3.10888 0)
(-1.0971 -3.10341 0)
(-0.00810111 -1.91493 0)
(1.65623e-183 2.57091e-184 0)
(-0.0618637 0.731877 0)
(-0.237267 1.45937 0)
(-0.464862 1.84961 0)
(-0.643794 1.89188 0)
(-0.762063 1.85808 0)
(-0.85805 1.70718 0)
(-0.899188 1.56086 0)
(-0.945691 1.38162 0)
(-0.960491 1.20479 0)
(-1.00093 1.00875 0)
(-1.03107 0.777052 0)
(-1.10768 0.501921 0)
(-1.19215 0.117761 0)
(-1.3406 -0.356265 0)
(-1.50068 -1.03888 0)
(-1.69066 -1.80248 0)
(-1.82826 -2.80035 0)
(-1.75816 -3.50235 0)
(-1.48002 -4.07816 0)
(-0.437282 -2.57823 0)
(4.11109e-254 -4.14057e-184 0)
(-0.127161 0.842435 0)
(-0.370273 1.61429 0)
(-0.594638 2.00076 0)
(-0.734106 1.98823 0)
(-0.747964 1.91503 0)
(-0.748401 1.72705 0)
(-0.668105 1.55896 0)
(-0.608546 1.36764 0)
(-0.508231 1.18973 0)
(-0.448395 1.0036 0)
(-0.373911 0.793538 0)
(-0.368782 0.554144 0)
(-0.370965 0.220423 0)
(-0.496803 -0.189386 0)
(-0.647004 -0.804728 0)
(-0.998004 -1.52741 0)
(-1.30657 -2.55212 0)
(-1.8353 -3.45756 0)
(-1.82545 -4.34517 0)
(-2.0064 -3.46797 0)
(-2.40769e-264 -0.20512 0)
(-0.180478 1.25005 0)
(-0.450511 1.93093 0)
(-0.596759 2.23531 0)
(-0.626818 2.04542 0)
(-0.481883 1.88614 0)
(-0.336321 1.62717 0)
(-0.10166 1.42772 0)
(0.0940472 1.22203 0)
(0.327711 1.04666 0)
(0.505403 0.875873 0)
(0.695201 0.696097 0)
(0.801397 0.502743 0)
(0.898329 0.240973 0)
(0.849094 -0.0721788 0)
(0.756484 -0.549065 0)
(0.403769 -1.12657 0)
(-0.0152749 -1.99162 0)
(-0.783332 -2.9404 0)
(-1.33303 -3.9918 0)
(-1.8776 -4.2718 0)
(-0.820481 -2.23121 0)
(-0.398081 1.43864 0)
(-0.72913 2.00172 0)
(-0.552617 2.17105 0)
(-0.321777 1.85678 0)
(0.164402 1.62593 0)
(0.545069 1.33967 0)
(1.00565 1.13118 0)
(1.36451 0.936869 0)
(1.7423 0.780474 0)
(2.02863 0.638928 0)
(2.31607 0.499106 0)
(2.4955 0.358606 0)
(2.66809 0.174631 0)
(2.66647 -0.0329471 0)
(2.64351 -0.356259 0)
(2.30027 -0.732439 0)
(1.92122 -1.36232 0)
(1.00981 -2.10548 0)
(0.221074 -3.24851 0)
(-0.805168 -3.90639 0)
(-0.690936 -2.93822 0)
(-0.252203 2.43907 0)
(-0.0841993 2.08012 0)
(0.704395 1.87896 0)
(1.33382 1.32165 0)
(2.11142 1.04099 0)
(2.6838 0.78085 0)
(3.2695 0.616012 0)
(3.70765 0.482716 0)
(4.13147 0.383988 0)
(4.44416 0.302304 0)
(4.74322 0.227325 0)
(4.92996 0.155219 0)
(5.10707 0.0653651 0)
(5.12003 -0.0359315 0)
(5.12177 -0.193127 0)
(4.83063 -0.382079 0)
(4.51936 -0.729323 0)
(3.66179 -1.20514 0)
(2.75828 -2.23839 0)
(1.04369 -3.31439 0)
(-0.0412469 -3.80146 0)
(1.67072 1.67305 0)
(2.7203 0.979421 0)
(4.57259 0.751863 0)
(5.41237 0.42399 0)
(6.26755 0.283048 0)
(6.75402 0.171943 0)
(7.20105 0.113713 0)
(7.48772 0.0732895 0)
(7.74858 0.0482581 0)
(7.91914 0.0303508 0)
(8.0784 0.0157789 0)
(8.15922 0.00271306 0)
(8.23876 -0.0142606 0)
(8.20562 -0.032381 0)
(8.18063 -0.0669939 0)
(7.9377 -0.102409 0)
(7.71996 -0.196735 0)
(6.9936 -0.295612 0)
(6.26909 -0.633589 0)
(4.05187 -1.00756 0)
(2.01569 -1.83127 0)
)
;

boundaryField
{
    movingWall
    {
        type            fixedValue;
        value           uniform (10 0 0);
    }
    fixedWalls
    {
        type            noSlip;
    }
    frontAndBack
    {
        type            empty;
    }
}


// ************************************************************************* //
