/*--------------------------------*- C++ -*----------------------------------*\
| =========                 |                                                 |
| \\      /  F ield         | OpenFOAM: The Open Source CFD Toolbox           |
|  \\    /   O peration     | Version:  4.1                                   |
|   \\  /    A nd           | Web:      www.OpenFOAM.org                      |
|    \\/     M anipulation  |                                                 |
\*---------------------------------------------------------------------------*/
FoamFile
{
    version     2.0;
    format      ascii;
    class       volVectorField;
    location    "0.1048";
    object      U;
}
// * * * * * * * * * * * * * * * * * * * * * * * * * * * * * * * * * * * * * //

dimensions      [0 1 -1 0 0 0 0];

internalField   nonuniform List<vector> 
441
(
(0.00385428 -0.00491889 0)
(0.0101168 -0.00254119 0)
(-0.000635296 -2.22504e-165 0)
(0.00202898 -3.46056e-266 0)
(-0.00837639 -0.00811612 0)
(-0.00202898 -3.14425e-232 0)
(-1.1633e-202 -5.82684e-203 0)
(-1.45667e-203 -7.65235e-228 0)
(-1.774e-212 -3.3416e-213 0)
(-0.00633465 9.38672e-266 0)
(-0.0777178 0.0253392 0)
(-0.0973957 0.0132026 0)
(-0.109346 0.00599263 0)
(-0.0956882 0.000329174 0)
(-0.0781123 -0.00177016 0)
(-0.0512912 -0.00313295 0)
(-0.0283612 -0.00220036 0)
(-0.00823381 -0.00156383 0)
(0.00367513 0.000863665 0)
(0.00499926 0.00164751 0)
(0.00468342 0.00309911 0)
(0.00402163 -0.00886964 0)
(-0.000619278 0.00694963 0)
(-0.0277925 0.0087589 0)
(-0.060768 0.0108775 0)
(-0.110142 0.0112604 0)
(-0.15711 -0.00311924 0)
(-0.20145 -0.000119802 0)
(-0.244193 0.00174178 0)
(-0.282077 0.0136936 0)
(-0.320038 0.0692128 0)
(-0.34549 0.0634447 0)
(-0.338925 0.0188701 0)
(-0.322442 -0.00835124 0)
(-0.277568 -0.0323767 0)
(-0.225046 -0.0428479 0)
(-0.159516 -0.0479736 0)
(-0.100632 -0.0406953 0)
(-0.0488115 -0.0317688 0)
(-0.0143675 -0.0135658 0)
(-0.000420247 -0.00337235 0)
(0.00510664 0.00681197 0)
(0.00791889 -0.00882001 0)
(-0.00515493 0.028886 0)
(-0.055812 0.0587422 0)
(-0.125069 0.0796905 0)
(-0.210127 0.0870065 0)
(-0.29824 0.0870163 0)
(-0.393136 0.0840528 0)
(-0.470653 0.0780126 0)
(-0.54642 0.0729273 0)
(-0.583414 0.0681656 0)
(-0.578747 0.0451824 0)
(-0.558934 -0.00853634 0)
(-0.519113 -0.0546642 0)
(-0.449947 -0.0968456 0)
(-0.367789 -0.118833 0)
(-0.269218 -0.127832 0)
(-0.178207 -0.111698 0)
(-0.0956266 -0.0883569 0)
(-0.0380357 -0.0464112 0)
(-0.00765584 -0.0182818 0)
(0.00654554 0.00815997 0)
(0.00652901 -0.0119984 0)
(-0.0170891 0.0725058 0)
(-0.101214 0.128598 0)
(-0.200955 0.167733 0)
(-0.318728 0.184797 0)
(-0.437506 0.182755 0)
(-0.554619 0.174105 0)
(-0.65607 0.15599 0)
(-0.739205 0.129049 0)
(-0.787828 0.0987355 0)
(-0.796747 0.0386738 0)
(-0.770859 -0.0419398 0)
(-0.717343 -0.117534 0)
(-0.626439 -0.184937 0)
(-0.517689 -0.223446 0)
(-0.386737 -0.239151 0)
(-0.263469 -0.213734 0)
(-0.147973 -0.173662 0)
(-0.0651338 -0.100638 0)
(-0.0158533 -0.049357 0)
(0.00813064 0.00609255 0)
(7.1574e-165 0.00163225 0)
(-0.0260626 0.136159 0)
(-0.14774 0.241786 0)
(-0.2728 0.295667 0)
(-0.421592 0.322368 0)
(-0.566364 0.320939 0)
(-0.710337 0.301187 0)
(-0.832234 0.261412 0)
(-0.932915 0.203879 0)
(-0.99189 0.126456 0)
(-1.00863 0.0286222 0)
(-0.983761 -0.0876655 0)
(-0.921994 -0.198316 0)
(-0.814427 -0.29688 0)
(-0.68156 -0.35745 0)
(-0.51682 -0.383004 0)
(-0.358921 -0.348955 0)
(-0.203562 -0.287871 0)
(-0.0927039 -0.176782 0)
(-0.0189094 -0.0924569 0)
(0.014745 0.00121965 0)
(-5.79945e-266 0.00603451 0)
(-0.0938293 0.225211 0)
(-0.206607 0.373182 0)
(-0.356841 0.443494 0)
(-0.519766 0.478167 0)
(-0.686539 0.4726 0)
(-0.847331 0.44061 0)
(-0.988849 0.378833 0)
(-1.10492 0.289641 0)
(-1.18144 0.173642 0)
(-1.21575 0.0308522 0)
(-1.19934 -0.129647 0)
(-1.13851 -0.286637 0)
(-1.01966 -0.427085 0)
(-0.866168 -0.52064 0)
(-0.666763 -0.564399 0)
(-0.470397 -0.525949 0)
(-0.268617 -0.443142 0)
(-0.124254 -0.283253 0)
(-0.021952 -0.160095 0)
(0.0161389 0.00332125 0)
(-0.0241381 0.0987857 0)
(-0.13086 0.339032 0)
(-0.260435 0.505151 0)
(-0.425424 0.606865 0)
(-0.607845 0.65114 0)
(-0.79339 0.646911 0)
(-0.974702 0.602573 0)
(-1.13632 0.517984 0)
(-1.27347 0.396185 0)
(-1.37069 0.237029 0)
(-1.42533 0.0470037 0)
(-1.42413 -0.165244 0)
(-1.37141 -0.376988 0)
(-1.24825 -0.570241 0)
(-1.07921 -0.708902 0)
(-0.844672 -0.780798 0)
(-0.607616 -0.744819 0)
(-0.346193 -0.636605 0)
(-0.165632 -0.42012 0)
(-0.00865542 -0.234761 0)
(6.01631e-266 -0.00403473 0)
(-0.0178364 0.163565 0)
(-0.125216 0.462691 0)
(-0.283779 0.668248 0)
(-0.469524 0.791662 0)
(-0.671832 0.846285 0)
(-0.876324 0.839703 0)
(-1.0758 0.783807 0)
(-1.25816 0.677449 0)
(-1.41725 0.524432 0)
(-1.53962 0.324916 0)
(-1.62062 0.0847393 0)
(-1.64277 -0.18468 0)
(-1.60809 -0.461988 0)
(-1.49073 -0.721612 0)
(-1.31458 -0.923563 0)
(-1.05014 -1.04036 0)
(-0.770718 -1.02282 0)
(-0.444915 -0.891707 0)
(-0.214259 -0.616105 0)
(-0.0039168 -0.335442 0)
(2.66326e-24 -1.03937e-24 0)
(-0.0158079 0.238014 0)
(-0.128272 0.603014 0)
(-0.303105 0.847707 0)
(-0.503045 0.992923 0)
(-0.720862 1.05648 0)
(-0.939707 1.04913 0)
(-1.15491 0.983389 0)
(-1.35545 0.858192 0)
(-1.53602 0.677346 0)
(-1.68422 0.439728 0)
(-1.79414 0.150749 0)
(-1.84623 -0.178337 0)
(-1.83897 -0.527558 0)
(-1.73999 -0.865145 0)
(-1.56986 -1.14729 0)
(-1.28634 -1.32809 0)
(-0.970312 -1.34638 0)
(-0.575935 -1.1987 0)
(-0.285989 -0.853153 0)
(-0.0051195 -0.457275 0)
(1.08048e-76 -6.65816e-25 0)
(-0.0135919 0.308177 0)
(-0.124441 0.751715 0)
(-0.307246 1.04368 0)
(-0.514226 1.20994 0)
(-0.740151 1.28328 0)
(-0.966855 1.27363 0)
(-1.19068 1.19973 0)
(-1.40369 1.0581 0)
(-1.60052 0.853376 0)
(-1.77194 0.582313 0)
(-1.91064 0.247108 0)
(-1.997 -0.141032 0)
(-2.02598 -0.567487 0)
(-1.95951 -0.993421 0)
(-1.81229 -1.37632 0)
(-1.52777 -1.64611 0)
(-1.18706 -1.73172 0)
(-0.727656 -1.58679 0)
(-0.370679 -1.18116 0)
(-0.00745292 -0.637267 0)
(2.99885e-164 -2.7012e-77 0)
(-0.0133694 0.372478 0)
(-0.123487 0.894861 0)
(-0.309198 1.23506 0)
(-0.516663 1.42345 0)
(-0.741913 1.5073 0)
(-0.967012 1.49754 0)
(-1.18877 1.41905 0)
(-1.40364 1.2665 0)
(-1.60599 1.04517 0)
(-1.79206 0.749012 0)
(-1.95305 0.376467 0)
(-2.0733 -0.0633652 0)
(-2.14347 -0.562924 0)
(-2.12392 -1.07977 0)
(-2.0202 -1.5755 0)
(-1.76204 -1.95727 0)
(-1.42208 -2.14145 0)
(-0.91789 -2.02377 0)
(-0.495605 -1.56137 0)
(-0.0827803 -0.841675 0)
(1.80165e-265 0.0134462 0)
(-0.0136069 0.445902 0)
(-0.117869 1.04972 0)
(-0.298142 1.4383 0)
(-0.496082 1.64331 0)
(-0.708712 1.73474 0)
(-0.919547 1.72042 0)
(-1.12496 1.637 0)
(-1.32708 1.47489 0)
(-1.51956 1.24202 0)
(-1.70602 0.928731 0)
(-1.87689 0.528529 0)
(-2.0235 0.0484716 0)
(-2.13397 -0.516121 0)
(-2.17079 -1.11883 0)
(-2.13007 -1.73683 0)
(-1.92892 -2.25085 0)
(-1.62012 -2.57451 0)
(-1.09176 -2.52795 0)
(-0.592078 -2.0103 0)
(-0.0767462 -1.15302 0)
(0.0537849 -0.0785437 0)
(-0.0165713 0.499552 0)
(-0.118656 1.17643 0)
(-0.294528 1.61036 0)
(-0.478022 1.83071 0)
(-0.666508 1.92896 0)
(-0.849199 1.91124 0)
(-1.01955 1.82569 0)
(-1.18994 1.65965 0)
(-1.35069 1.42396 0)
(-1.51741 1.10595 0)
(-1.67753 0.694842 0)
(-1.83621 0.194311 0)
(-1.97658 -0.412793 0)
(-2.07399 -1.08272 0)
(-2.11111 -1.81172 0)
(-2.0007 -2.46885 0)
(-1.77129 -2.97172 0)
(-1.24519 -3.06085 0)
(-0.718413 -2.56997 0)
(0.0442636 -1.49492 0)
(2.48653e-231 -0.0134462 0)
(-0.0208021 0.584134 0)
(-0.11783 1.33074 0)
(-0.281988 1.80159 0)
(-0.440587 2.01645 0)
(-0.591027 2.10918 0)
(-0.729898 2.07394 0)
(-0.847197 1.97987 0)
(-0.966189 1.8063 0)
(-1.07351 1.57047 0)
(-1.19712 1.2558 0)
(-1.32232 0.847487 0)
(-1.46947 0.347752 0)
(-1.62072 -0.278185 0)
(-1.76889 -0.984544 0)
(-1.89111 -1.80883 0)
(-1.90678 -2.59467 0)
(-1.81513 -3.32812 0)
(-1.3984 -3.59907 0)
(-0.892638 -3.29296 0)
(-0.0028633 -1.90966 0)
(5.84184e-202 4.59226e-184 0)
(-0.0365192 0.631348 0)
(-0.146402 1.43158 0)
(-0.309332 1.92949 0)
(-0.441945 2.1344 0)
(-0.537424 2.21692 0)
(-0.614941 2.16422 0)
(-0.65327 2.062 0)
(-0.697588 1.88501 0)
(-0.723763 1.65569 0)
(-0.779235 1.35581 0)
(-0.839988 0.96883 0)
(-0.95087 0.495526 0)
(-1.08239 -0.109879 0)
(-1.26759 -0.808051 0)
(-1.45786 -1.66552 0)
(-1.63272 -2.54125 0)
(-1.71277 -3.46323 0)
(-1.51622 -3.99173 0)
(-1.10453 -3.94168 0)
(-0.0115316 -2.41807 0)
(1.8369e-183 -1.62315e-184 0)
(-0.0550428 0.775344 0)
(-0.179252 1.60788 0)
(-0.33119 2.10679 0)
(-0.424964 2.24604 0)
(-0.449699 2.28954 0)
(-0.44889 2.19068 0)
(-0.391406 2.06702 0)
(-0.342438 1.87782 0)
(-0.268435 1.6542 0)
(-0.232876 1.37367 0)
(-0.204436 1.01935 0)
(-0.246549 0.592786 0)
(-0.325105 0.0370874 0)
(-0.503231 -0.605473 0)
(-0.733599 -1.44669 0)
(-1.04253 -2.33607 0)
(-1.34631 -3.44912 0)
(-1.47836 -4.2138 0)
(-1.38944 -4.81424 0)
(-0.466794 -3.06148 0)
(4.40358e-254 -4.59226e-184 0)
(-0.120933 0.852035 0)
(-0.313002 1.6947 0)
(-0.456297 2.17036 0)
(-0.500569 2.24335 0)
(-0.40639 2.24031 0)
(-0.29389 2.1011 0)
(-0.0976678 1.95668 0)
(0.0737017 1.76121 0)
(0.277903 1.54792 0)
(0.425727 1.29447 0)
(0.567621 0.984973 0)
(0.611414 0.622376 0)
(0.617137 0.15065 0)
(0.46108 -0.390099 0)
(0.24612 -1.11823 0)
(-0.219217 -1.91754 0)
(-0.679767 -3.00131 0)
(-1.43359 -3.94737 0)
(-1.63506 -4.86207 0)
(-2.07492 -3.88375 0)
(-2.59959e-264 -0.216399 0)
(-0.177695 1.23112 0)
(-0.412226 1.94767 0)
(-0.491516 2.31688 0)
(-0.43626 2.19632 0)
(-0.188731 2.09668 0)
(0.0673584 1.88146 0)
(0.418309 1.706 0)
(0.727755 1.50235 0)
(1.06837 1.30441 0)
(1.33715 1.08592 0)
(1.5964 0.833349 0)
(1.74161 0.54843 0)
(1.84431 0.184155 0)
(1.76307 -0.224963 0)
(1.60661 -0.777408 0)
(1.15533 -1.39404 0)
(0.612765 -2.26665 0)
(-0.326591 -3.21464 0)
(-1.06877 -4.26379 0)
(-1.83939 -4.54529 0)
(-0.865597 -2.31929 0)
(-0.400714 1.40787 0)
(-0.724564 1.97988 0)
(-0.513729 2.18867 0)
(-0.226884 1.92348 0)
(0.337186 1.73754 0)
(0.808965 1.4859 0)
(1.37146 1.2982 0)
(1.83425 1.10906 0)
(2.31294 0.940584 0)
(2.68727 0.769535 0)
(3.04305 0.583102 0)
(3.26123 0.383299 0)
(3.4393 0.132703 0)
(3.40482 -0.136844 0)
(3.3183 -0.507125 0)
(2.88338 -0.902057 0)
(2.40438 -1.52073 0)
(1.3763 -2.23675 0)
(0.466832 -3.35532 0)
(-0.703214 -4.00868 0)
(-0.701825 -2.96454 0)
(-0.257885 2.4184 0)
(-0.106048 2.05533 0)
(0.68196 1.86949 0)
(1.33225 1.337 0)
(2.15402 1.08067 0)
(2.78806 0.839812 0)
(3.44957 0.68659 0)
(3.96927 0.556475 0)
(4.47456 0.451896 0)
(4.85925 0.355617 0)
(5.21379 0.258032 0)
(5.43072 0.157698 0)
(5.60866 0.037377 0)
(5.58951 -0.0911153 0)
(5.53215 -0.266085 0)
(5.16124 -0.458765 0)
(4.76808 -0.791412 0)
(3.8341 -1.24503 0)
(2.86924 -2.25321 0)
(1.09367 -3.33053 0)
(-0.0466113 -3.7986 0)
(1.66666 1.66899 0)
(2.70052 0.974016 0)
(4.53969 0.74807 0)
(5.37916 0.423998 0)
(6.24905 0.286981 0)
(6.76286 0.178807 0)
(7.24662 0.121988 0)
(7.57382 0.081425 0)
(7.87465 0.0546626 0)
(8.07863 0.0337453 0)
(8.26074 0.0150874 0)
(8.34883 -0.00236935 0)
(8.41921 -0.0235323 0)
(8.35892 -0.0442358 0)
(8.29543 -0.0793296 0)
(8.00636 -0.111975 0)
(7.7495 -0.200774 0)
(6.99506 -0.293037 0)
(6.26179 -0.624722 0)
(4.04555 -0.996959 0)
(2.00478 -1.81746 0)
)
;

boundaryField
{
    movingWall
    {
        type            fixedValue;
        value           uniform (10 0 0);
    }
    fixedWalls
    {
        type            noSlip;
    }
    frontAndBack
    {
        type            empty;
    }
}


// ************************************************************************* //
