/*--------------------------------*- C++ -*----------------------------------*\
| =========                 |                                                 |
| \\      /  F ield         | OpenFOAM: The Open Source CFD Toolbox           |
|  \\    /   O peration     | Version:  4.1                                   |
|   \\  /    A nd           | Web:      www.OpenFOAM.org                      |
|    \\/     M anipulation  |                                                 |
\*---------------------------------------------------------------------------*/
FoamFile
{
    version     2.0;
    format      ascii;
    class       volVectorField;
    location    "0.0103";
    object      U;
}
// * * * * * * * * * * * * * * * * * * * * * * * * * * * * * * * * * * * * * //

dimensions      [0 1 -1 0 0 0 0];

internalField   nonuniform List<vector> 
441
(
(0.0035182 -0.00547766 0)
(0.00719797 -0.00375587 0)
(-0.00093962 -2.89132e-165 0)
(0.00143155 -1.93383e-266 0)
(-0.0129762 -0.00572715 0)
(-0.00143155 -2.51863e-232 0)
(-1.19707e-202 -3.10187e-203 0)
(-7.75195e-204 -3.72194e-228 0)
(-1.30857e-212 -1.57451e-213 0)
(-0.00471129 7.24289e-266 0)
(-0.0544826 0.0188422 0)
(-0.070814 0.0105394 0)
(-0.0828993 0.0053527 0)
(-0.0793151 0.00158757 0)
(-0.0737484 -5.98309e-05 0)
(-0.0608961 -0.00134009 0)
(-0.0481456 -0.00162609 0)
(-0.0319836 -0.00216257 0)
(-0.0173068 -0.00141292 0)
(-0.00534819 -0.000841653 0)
(0.00235674 0.00146249 0)
(0.00242503 -0.0049632 0)
(-0.00856769 0.00836923 0)
(-0.0370476 0.00760234 0)
(-0.0644492 0.0133586 0)
(-0.100006 0.00782514 0)
(-0.126769 -0.0082066 0)
(-0.149058 -0.00119733 0)
(-0.168642 0.000805991 0)
(-0.184696 0.00910565 0)
(-0.20315 0.0481704 0)
(-0.216587 0.0456288 0)
(-0.213672 0.0182473 0)
(-0.210272 0.00271662 0)
(-0.192878 -0.0110529 0)
(-0.173013 -0.0184204 0)
(-0.143087 -0.024965 0)
(-0.1127 -0.0271673 0)
(-0.0770207 -0.029601 0)
(-0.0443589 -0.0250038 0)
(-0.016677 -0.0196259 0)
(0.00155306 -0.00427908 0)
(0.00569136 -0.000251931 0)
(-0.0101724 0.0352098 0)
(-0.056927 0.05405 0)
(-0.106955 0.0612627 0)
(-0.15814 0.0555849 0)
(-0.207897 0.0457905 0)
(-0.255669 0.0401316 0)
(-0.287076 0.0344162 0)
(-0.318966 0.0329383 0)
(-0.328543 0.0357293 0)
(-0.317262 0.0300648 0)
(-0.305871 0.00535796 0)
(-0.290655 -0.0150114 0)
(-0.264547 -0.0353499 0)
(-0.234563 -0.0492082 0)
(-0.193322 -0.0616648 0)
(-0.151403 -0.0668179 0)
(-0.102622 -0.0706905 0)
(-0.0589509 -0.0607935 0)
(-0.0213456 -0.0469421 0)
(0.00258261 -0.0129241 0)
(0.00706387 -0.000508876 0)
(-0.0097957 0.0726409 0)
(-0.0742412 0.104722 0)
(-0.137192 0.116358 0)
(-0.202251 0.109015 0)
(-0.26089 0.091676 0)
(-0.312498 0.0788271 0)
(-0.351696 0.0646461 0)
(-0.380638 0.0518864 0)
(-0.393036 0.044264 0)
(-0.387847 0.0225456 0)
(-0.372031 -0.00916384 0)
(-0.350465 -0.0388672 0)
(-0.31628 -0.0678424 0)
(-0.277887 -0.0896105 0)
(-0.226808 -0.109056 0)
(-0.17559 -0.117558 0)
(-0.115947 -0.123258 0)
(-0.0643536 -0.105772 0)
(-0.0195721 -0.082386 0)
(0.00522864 -0.0227504 0)
(6.44112e-165 0.00176597 0)
(-0.012845 0.116118 0)
(-0.0949052 0.180645 0)
(-0.16368 0.188202 0)
(-0.238203 0.178498 0)
(-0.302508 0.154758 0)
(-0.361102 0.130141 0)
(-0.404096 0.102031 0)
(-0.436294 0.073869 0)
(-0.448895 0.0437174 0)
(-0.444275 0.00935127 0)
(-0.42746 -0.0315818 0)
(-0.401585 -0.0702588 0)
(-0.361748 -0.107856 0)
(-0.316437 -0.137897 0)
(-0.255886 -0.164209 0)
(-0.196301 -0.176562 0)
(-0.124284 -0.182425 0)
(-0.0658733 -0.155799 0)
(-0.0115994 -0.116995 0)
(0.0119697 -0.0261981 0)
(-5.84166e-266 0.00525213 0)
(-0.0702191 0.172003 0)
(-0.127115 0.253895 0)
(-0.203026 0.261409 0)
(-0.273466 0.247854 0)
(-0.34146 0.215698 0)
(-0.40027 0.180875 0)
(-0.447313 0.140156 0)
(-0.480784 0.0971548 0)
(-0.497473 0.051659 0)
(-0.49773 0.00109555 0)
(-0.481929 -0.052524 0)
(-0.454618 -0.104623 0)
(-0.409988 -0.153917 0)
(-0.358251 -0.195287 0)
(-0.287961 -0.230624 0)
(-0.218847 -0.248521 0)
(-0.133132 -0.255832 0)
(-0.0657292 -0.217201 0)
(0.00300589 -0.162938 0)
(0.0174436 -0.0218665 0)
(-0.0210085 0.0761854 0)
(-0.0935507 0.239442 0)
(-0.157559 0.314381 0)
(-0.234765 0.333021 0)
(-0.310624 0.316639 0)
(-0.382536 0.280617 0)
(-0.446524 0.235607 0)
(-0.498036 0.182087 0)
(-0.535979 0.123915 0)
(-0.556621 0.0606885 0)
(-0.560391 -0.00593279 0)
(-0.54622 -0.0746483 0)
(-0.517911 -0.141604 0)
(-0.469221 -0.204381 0)
(-0.411588 -0.258868 0)
(-0.330662 -0.304155 0)
(-0.252817 -0.32969 0)
(-0.149758 -0.33659 0)
(-0.0785486 -0.289562 0)
(0.0156521 -0.201387 0)
(5.39974e-266 -0.00436089 0)
(-0.0150371 0.122199 0)
(-0.0831739 0.309593 0)
(-0.167104 0.395993 0)
(-0.255899 0.415468 0)
(-0.341637 0.396255 0)
(-0.421642 0.352265 0)
(-0.491656 0.296907 0)
(-0.549747 0.229846 0)
(-0.59282 0.156083 0)
(-0.619356 0.0758301 0)
(-0.628044 -0.00923806 0)
(-0.617072 -0.0956309 0)
(-0.589372 -0.181634 0)
(-0.538093 -0.26143 0)
(-0.474999 -0.333614 0)
(-0.384635 -0.391548 0)
(-0.29606 -0.428326 0)
(-0.179972 -0.434003 0)
(-0.0974732 -0.379078 0)
(0.00110223 -0.249267 0)
(1.37695e-24 -2.47622e-24 0)
(-0.0125103 0.171628 0)
(-0.0842791 0.389685 0)
(-0.182372 0.486179 0)
(-0.282409 0.50614 0)
(-0.380039 0.481734 0)
(-0.469116 0.429654 0)
(-0.547253 0.363326 0)
(-0.612642 0.282703 0)
(-0.662057 0.193457 0)
(-0.695074 0.0957334 0)
(-0.709024 -0.00793086 0)
(-0.702652 -0.113368 0)
(-0.676829 -0.21986 0)
(-0.624755 -0.318962 0)
(-0.557096 -0.410904 0)
(-0.456851 -0.483856 0)
(-0.356147 -0.531727 0)
(-0.220973 -0.537022 0)
(-0.123883 -0.466051 0)
(-0.00229323 -0.302564 0)
(5.42112e-77 -3.44237e-25 0)
(-0.0109397 0.220043 0)
(-0.0848793 0.481161 0)
(-0.195607 0.59542 0)
(-0.307156 0.61418 0)
(-0.416689 0.584041 0)
(-0.515714 0.520096 0)
(-0.60192 0.441211 0)
(-0.675249 0.344898 0)
(-0.731168 0.238913 0)
(-0.771742 0.12266 0)
(-0.792187 -0.00165551 0)
(-0.792605 -0.128443 0)
(-0.77123 -0.259787 0)
(-0.721261 -0.382562 0)
(-0.651088 -0.501722 0)
(-0.541823 -0.595241 0)
(-0.42713 -0.663689 0)
(-0.269561 -0.671205 0)
(-0.153262 -0.595243 0)
(-0.00719744 -0.381685 0)
(1.42193e-164 -1.35528e-77 0)
(-0.0117026 0.264628 0)
(-0.0936199 0.572661 0)
(-0.219708 0.706767 0)
(-0.344708 0.725443 0)
(-0.466661 0.689266 0)
(-0.575688 0.613549 0)
(-0.669135 0.522355 0)
(-0.749706 0.411209 0)
(-0.811159 0.289854 0)
(-0.859491 0.156555 0)
(-0.886865 0.0132284 0)
(-0.896905 -0.134188 0)
(-0.882986 -0.290374 0)
(-0.840556 -0.439007 0)
(-0.771584 -0.588573 0)
(-0.657536 -0.708394 0)
(-0.527893 -0.800401 0)
(-0.347907 -0.813065 0)
(-0.205113 -0.720851 0)
(-0.0587179 -0.46152 0)
(3.94948e-266 0.00565822 0)
(-0.0137094 0.326781 0)
(-0.10375 0.691513 0)
(-0.244911 0.848619 0)
(-0.38267 0.862435 0)
(-0.515506 0.816898 0)
(-0.633176 0.723291 0)
(-0.73183 0.616521 0)
(-0.818141 0.487256 0)
(-0.883598 0.349245 0)
(-0.939269 0.198348 0)
(-0.974167 0.0355488 0)
(-0.996217 -0.13282 0)
(-0.994116 -0.317004 0)
(-0.965096 -0.495358 0)
(-0.904374 -0.686025 0)
(-0.789797 -0.84206 0)
(-0.64568 -0.974386 0)
(-0.427515 -0.999789 0)
(-0.239475 -0.884066 0)
(-0.033583 -0.594652 0)
(0.0226329 -0.0630729 0)
(-0.0188061 0.377953 0)
(-0.124846 0.800945 0)
(-0.289293 0.983064 0)
(-0.443942 0.993029 0)
(-0.587021 0.938312 0)
(-0.711749 0.82772 0)
(-0.810851 0.706685 0)
(-0.899352 0.561903 0)
(-0.964185 0.410845 0)
(-1.02533 0.247036 0)
(-1.06618 0.0704344 0)
(-1.10346 -0.113559 0)
(-1.11716 -0.320629 0)
(-1.11257 -0.527727 0)
(-1.07003 -0.76184 0)
(-0.969661 -0.966681 0)
(-0.81853 -1.15876 0)
(-0.55176 -1.22075 0)
(-0.310548 -1.10886 0)
(0.0452958 -0.72523 0)
(1.31875e-231 -0.00565822 0)
(-0.0256838 0.473605 0)
(-0.148226 0.965382 0)
(-0.334657 1.17199 0)
(-0.503992 1.16177 0)
(-0.653545 1.0883 0)
(-0.781526 0.947956 0)
(-0.87658 0.806417 0)
(-0.963024 0.641039 0)
(-1.02309 0.476041 0)
(-1.08614 0.300542 0)
(-1.13082 0.113039 0)
(-1.18291 -0.0819592 0)
(-1.21647 -0.309942 0)
(-1.24461 -0.543319 0)
(-1.23754 -0.832267 0)
(-1.1753 -1.09654 0)
(-1.04608 -1.3962 0)
(-0.766211 -1.51639 0)
(-0.46383 -1.48001 0)
(-0.000619821 -0.92525 0)
(2.81795e-202 2.57413e-184 0)
(-0.0437578 0.544549 0)
(-0.200884 1.10375 0)
(-0.422468 1.33468 0)
(-0.610987 1.30627 0)
(-0.758295 1.21395 0)
(-0.882036 1.04713 0)
(-0.959161 0.88756 0)
(-1.03389 0.706849 0)
(-1.07763 0.533854 0)
(-1.13575 0.354966 0)
(-1.17671 0.167332 0)
(-1.24308 -0.0262111 0)
(-1.295 -0.258217 0)
(-1.36988 -0.503776 0)
(-1.409 -0.82859 0)
(-1.42735 -1.15543 0)
(-1.34382 -1.561 0)
(-1.10352 -1.80513 0)
(-0.724021 -1.86017 0)
(-0.00133648 -1.20099 0)
(1.02965e-183 1.11249e-184 0)
(-0.0642711 0.726005 0)
(-0.254949 1.34869 0)
(-0.500632 1.59146 0)
(-0.697198 1.49916 0)
(-0.830188 1.36642 0)
(-0.938287 1.14951 0)
(-0.987475 0.962284 0)
(-1.04023 0.759956 0)
(-1.05846 0.579107 0)
(-1.10091 0.400129 0)
(-1.12813 0.218982 0)
(-1.19576 0.0370414 0)
(-1.2571 -0.187387 0)
(-1.36721 -0.428368 0)
(-1.46092 -0.782672 0)
(-1.57121 -1.16112 0)
(-1.6027 -1.73329 0)
(-1.47927 -2.14108 0)
(-1.17056 -2.60419 0)
(-0.344252 -1.67532 0)
(2.65006e-254 -2.57413e-184 0)
(-0.12986 0.848822 0)
(-0.396801 1.52654 0)
(-0.659509 1.77055 0)
(-0.84687 1.62533 0)
(-0.913971 1.45317 0)
(-0.971322 1.19862 0)
(-0.950231 0.989359 0)
(-0.953387 0.775738 0)
(-0.919072 0.594664 0)
(-0.927672 0.425359 0)
(-0.921621 0.262061 0)
(-0.978001 0.106078 0)
(-1.02803 -0.0868983 0)
(-1.1705 -0.293905 0)
(-1.29576 -0.622716 0)
(-1.54939 -1.00543 0)
(-1.69634 -1.64086 0)
(-1.96486 -2.23546 0)
(-1.73966 -2.94585 0)
(-1.66996 -2.4169 0)
(-2.02554e-264 -0.174353 0)
(-0.182545 1.27302 0)
(-0.481532 1.88238 0)
(-0.684474 2.06308 0)
(-0.792884 1.75381 0)
(-0.7423 1.50442 0)
(-0.702415 1.18553 0)
(-0.58242 0.950827 0)
(-0.508928 0.728827 0)
(-0.404055 0.555047 0)
(-0.358315 0.4035 0)
(-0.300584 0.2671 0)
(-0.317096 0.145609 0)
(-0.325752 -0.00180517 0)
(-0.442706 -0.156092 0)
(-0.5507 -0.418797 0)
(-0.830602 -0.749977 0)
(-1.07576 -1.34972 0)
(-1.52676 -2.0666 0)
(-1.68887 -2.98207 0)
(-1.7975 -3.31743 0)
(-0.69741 -1.85623 0)
(-0.395934 1.47727 0)
(-0.743032 1.99893 0)
(-0.622662 2.07477 0)
(-0.483289 1.66601 0)
(-0.118591 1.36333 0)
(0.120986 1.03108 0)
(0.425125 0.797717 0)
(0.618393 0.595303 0)
(0.824387 0.445201 0)
(0.939196 0.323651 0)
(1.05958 0.22078 0)
(1.088 0.136865 0)
(1.13314 0.0373964 0)
(1.05007 -0.0578468 0)
(1.00164 -0.236781 0)
(0.723298 -0.460288 0)
(0.498951 -0.9445 0)
(-0.125775 -1.58597 0)
(-0.533761 -2.66793 0)
(-1.10383 -3.34611 0)
(-0.672455 -2.68182 0)
(-0.244534 2.47299 0)
(-0.062506 2.10335 0)
(0.700117 1.85471 0)
(1.25821 1.24442 0)
(1.92419 0.92332 0)
(2.35936 0.63862 0)
(2.79027 0.462638 0)
(3.06606 0.328424 0)
(3.32555 0.236662 0)
(3.47911 0.169217 0)
(3.6305 0.116208 0)
(3.69005 0.0756808 0)
(3.77089 0.0290971 0)
(3.73328 -0.0161931 0)
(3.7444 -0.106964 0)
(3.5379 -0.229297 0)
(3.38686 -0.530425 0)
(2.76197 -0.99767 0)
(2.13795 -2.05788 0)
(0.74766 -3.13886 0)
(-0.0584708 -3.71239 0)
(1.67942 1.68318 0)
(2.75425 0.989228 0)
(4.61302 0.754957 0)
(5.42719 0.418874 0)
(6.22867 0.271722 0)
(6.64329 0.157445 0)
(7.00867 0.098531 0)
(7.21119 0.0591081 0)
(7.39014 0.0362442 0)
(7.48522 0.0213858 0)
(7.57943 0.0108789 0)
(7.61023 0.00289426 0)
(7.6607 -0.00735858 0)
(7.62663 -0.0181097 0)
(7.63492 -0.0442642 0)
(7.46519 -0.0744635 0)
(7.35188 -0.168097 0)
(6.74752 -0.277107 0)
(6.12654 -0.636358 0)
(3.98863 -1.03113 0)
(2.02611 -1.86953 0)
)
;

boundaryField
{
    movingWall
    {
        type            fixedValue;
        value           uniform (10 0 0);
    }
    fixedWalls
    {
        type            noSlip;
    }
    frontAndBack
    {
        type            empty;
    }
}


// ************************************************************************* //
