/*--------------------------------*- C++ -*----------------------------------*\
| =========                 |                                                 |
| \\      /  F ield         | OpenFOAM: The Open Source CFD Toolbox           |
|  \\    /   O peration     | Version:  4.1                                   |
|   \\  /    A nd           | Web:      www.OpenFOAM.org                      |
|    \\/     M anipulation  |                                                 |
\*---------------------------------------------------------------------------*/
FoamFile
{
    version     2.0;
    format      ascii;
    class       volVectorField;
    location    "0.0505";
    object      U;
}
// * * * * * * * * * * * * * * * * * * * * * * * * * * * * * * * * * * * * * //

dimensions      [0 1 -1 0 0 0 0];

internalField   nonuniform List<vector> 
441
(
(0.00338239 -0.00458838 0)
(0.00864213 -0.00257194 0)
(-0.000643001 -2.1801e-165 0)
(0.00172942 -2.83288e-266 0)
(-0.00875285 -0.00691829 0)
(-0.00172942 -2.74586e-232 0)
(-1.08805e-202 -4.6706e-203 0)
(-1.16748e-203 -5.99686e-228 0)
(-1.5097e-212 -2.55795e-213 0)
(-0.00535545 8.03784e-266 0)
(-0.0646937 0.0214241 0)
(-0.0818616 0.011404 0)
(-0.0932172 0.00541569 0)
(-0.0836397 0.000711604 0)
(-0.0710221 -0.00108421 0)
(-0.049998 -0.0024241 0)
(-0.031369 -0.0018728 0)
(-0.0135776 -0.00166121 0)
(-0.00157022 0.0002527 0)
(0.00208683 0.000904115 0)
(0.00397135 0.00251633 0)
(0.00327528 -0.00723964 0)
(-0.00210194 0.00656134 0)
(-0.0270397 0.00779759 0)
(-0.0560491 0.010577 0)
(-0.0984088 0.00959857 0)
(-0.136946 -0.00402856 0)
(-0.172385 -0.000371416 0)
(-0.205612 0.00133404 0)
(-0.234636 0.0112868 0)
(-0.264023 0.0574235 0)
(-0.284332 0.0532321 0)
(-0.27963 0.017447 0)
(-0.268798 -0.00409607 0)
(-0.235332 -0.0235954 0)
(-0.196053 -0.0326283 0)
(-0.144694 -0.038403 0)
(-0.0971804 -0.0343263 0)
(-0.0527097 -0.0293385 0)
(-0.0205992 -0.0154379 0)
(-0.00443995 -0.00718907 0)
(0.00413655 0.00375767 0)
(0.00664332 -0.00630181 0)
(-0.00565233 0.0273578 0)
(-0.0508068 0.0525788 0)
(-0.11013 0.069138 0)
(-0.180916 0.0729257 0)
(-0.253253 0.070259 0)
(-0.329297 0.0662361 0)
(-0.38898 0.0601891 0)
(-0.447391 0.0561609 0)
(-0.474437 0.0537646 0)
(-0.46948 0.0378973 0)
(-0.454325 -0.00303633 0)
(-0.425352 -0.0382335 0)
(-0.373355 -0.0718797 0)
(-0.311349 -0.0908025 0)
(-0.234176 -0.101576 0)
(-0.161334 -0.0927261 0)
(-0.0919321 -0.0787317 0)
(-0.0407946 -0.0469464 0)
(-0.0106937 -0.0242447 0)
(0.00548378 0.0026606 0)
(0.00594798 -0.00846778 0)
(-0.0139771 0.0656317 0)
(-0.0861482 0.112331 0)
(-0.169533 0.142845 0)
(-0.266296 0.153061 0)
(-0.362036 0.146871 0)
(-0.454668 0.13681 0)
(-0.533102 0.120194 0)
(-0.596812 0.0988018 0)
(-0.633346 0.0770444 0)
(-0.639818 0.0328807 0)
(-0.620067 -0.0277319 0)
(-0.580561 -0.085178 0)
(-0.511539 -0.138684 0)
(-0.428765 -0.171599 0)
(-0.325993 -0.189833 0)
(-0.227785 -0.176006 0)
(-0.132161 -0.151471 0)
(-0.0611683 -0.0958448 0)
(-0.0161195 -0.0548206 0)
(0.00730979 -0.00108411 0)
(6.29273e-165 0.001487 0)
(-0.0206114 0.119032 0)
(-0.122559 0.207392 0)
(-0.22506 0.247987 0)
(-0.345808 0.26446 0)
(-0.461392 0.256995 0)
(-0.57492 0.236193 0)
(-0.669337 0.201398 0)
(-0.747138 0.155828 0)
(-0.792194 0.0974148 0)
(-0.805439 0.0250388 0)
(-0.787006 -0.0620604 0)
(-0.741294 -0.146007 0)
(-0.659055 -0.223984 0)
(-0.557149 -0.275267 0)
(-0.427128 -0.303356 0)
(-0.301484 -0.285097 0)
(-0.17372 -0.246389 0)
(-0.08096 -0.161327 0)
(-0.0163502 -0.0935425 0)
(0.013854 -0.00532874 0)
(-5.13107e-266 0.0051698 0)
(-0.0786687 0.192578 0)
(-0.169694 0.315004 0)
(-0.291554 0.367828 0)
(-0.422171 0.38933 0)
(-0.554824 0.377021 0)
(-0.681529 0.345354 0)
(-0.792202 0.292661 0)
(-0.883106 0.222444 0)
(-0.94339 0.134605 0)
(-0.971897 0.0279633 0)
(-0.961037 -0.0928441 0)
(-0.916444 -0.212871 0)
(-0.824807 -0.324329 0)
(-0.705708 -0.403034 0)
(-0.546704 -0.44779 0)
(-0.389425 -0.428355 0)
(-0.223409 -0.37498 0)
(-0.103761 -0.251324 0)
(-0.0154451 -0.152763 0)
(0.0160541 -0.00240985 0)
(-0.0206792 0.0832514 0)
(-0.10893 0.285382 0)
(-0.213567 0.420689 0)
(-0.347026 0.498801 0)
(-0.493776 0.52706 0)
(-0.642208 0.515069 0)
(-0.78668 0.472912 0)
(-0.915216 0.402172 0)
(-1.02512 0.306864 0)
(-1.10417 0.185988 0)
(-1.15096 0.0431779 0)
(-1.15363 -0.117798 0)
(-1.11597 -0.281251 0)
(-1.01991 -0.435548 0)
(-0.886557 -0.551891 0)
(-0.696235 -0.621299 0)
(-0.503897 -0.606129 0)
(-0.286742 -0.534287 0)
(-0.137962 -0.36616 0)
(-0.00293708 -0.215103 0)
(5.75558e-266 -0.00401351 0)
(-0.015059 0.137108 0)
(-0.103409 0.386575 0)
(-0.233441 0.553723 0)
(-0.385483 0.648846 0)
(-0.550537 0.684852 0)
(-0.716869 0.670292 0)
(-0.879038 0.618747 0)
(-1.02792 0.531039 0)
(-1.15933 0.41183 0)
(-1.26256 0.259923 0)
(-1.33397 0.0778122 0)
(-1.35776 -0.128875 0)
(-1.33535 -0.346109 0)
(-1.24249 -0.555818 0)
(-1.09999 -0.72599 0)
(-0.880159 -0.834278 0)
(-0.647919 -0.836161 0)
(-0.373503 -0.74686 0)
(-0.180771 -0.530632 0)
(-0.00267849 -0.299904 0)
(2.33802e-24 -1.23079e-24 0)
(-0.0132982 0.19845 0)
(-0.10729 0.502019 0)
(-0.253942 0.701341 0)
(-0.421221 0.814217 0)
(-0.603305 0.857323 0)
(-0.786059 0.842144 0)
(-0.966293 0.783215 0)
(-1.13572 0.681449 0)
(-1.29054 0.541333 0)
(-1.42062 0.360032 0)
(-1.52057 0.138944 0)
(-1.57228 -0.116929 0)
(-1.57345 -0.395161 0)
(-1.49363 -0.672101 0)
(-1.35102 -0.912072 0)
(-1.10701 -1.07622 0)
(-0.835321 -1.10917 0)
(-0.494083 -1.00622 0)
(-0.246015 -0.72972 0)
(-0.0044022 -0.403036 0)
(9.61177e-77 -5.84504e-25 0)
(-0.0117368 0.258371 0)
(-0.107289 0.628897 0)
(-0.265736 0.868498 0)
(-0.444569 0.998873 0)
(-0.63985 1.05025 0)
(-0.836042 1.03334 0)
(-1.03083 0.968749 0)
(-1.2185 0.854934 0)
(-1.39471 0.696928 0)
(-1.55175 0.489258 0)
(-1.68212 0.229727 0)
(-1.76699 -0.0772053 0)
(-1.80003 -0.424241 0)
(-1.74512 -0.780806 0)
(-1.61521 -1.11185 0)
(-1.35919 -1.35557 0)
(-1.0531 -1.44756 0)
(-0.641876 -1.34578 0)
(-0.325945 -1.01494 0)
(-0.00602135 -0.56025 0)
(2.68734e-164 -2.40294e-77 0)
(-0.012232 0.314254 0)
(-0.112227 0.754331 0)
(-0.281017 1.03648 0)
(-0.468564 1.1862 0)
(-0.672149 1.24725 0)
(-0.876141 1.23123 0)
(-1.07854 1.16467 0)
(-1.27748 1.04392 0)
(-1.46773 0.874182 0)
(-1.64612 0.646576 0)
(-1.80282 0.354677 0)
(-1.92195 0.00049967 0)
(-1.99222 -0.415232 0)
(-1.97536 -0.857887 0)
(-1.87566 -1.29487 0)
(-1.62931 -1.64189 0)
(-1.30706 -1.8217 0)
(-0.836568 -1.74093 0)
(-0.448533 -1.35445 0)
(-0.0729584 -0.741102 0)
(1.69446e-265 0.012572 0)
(-0.0134439 0.383815 0)
(-0.114888 0.899857 0)
(-0.288835 1.2264 0)
(-0.478432 1.39076 0)
(-0.681817 1.45905 0)
(-0.884245 1.43973 0)
(-1.08314 1.37073 0)
(-1.28158 1.24363 0)
(-1.47302 1.06564 0)
(-1.66066 0.823511 0)
(-1.83312 0.505425 0)
(-1.98044 0.111003 0)
(-2.08814 -0.370565 0)
(-2.11908 -0.89975 0)
(-2.06837 -1.45716 0)
(-1.85961 -1.93069 0)
(-1.54689 -2.23942 0)
(-1.03154 -2.21798 0)
(-0.553407 -1.77298 0)
(-0.0719752 -1.02762 0)
(0.0502881 -0.068801 0)
(-0.0174951 0.438263 0)
(-0.125318 1.0268 0)
(-0.307558 1.39715 0)
(-0.496611 1.5759 0)
(-0.690681 1.65125 0)
(-0.879815 1.62995 0)
(-1.05826 1.56099 0)
(-1.23847 1.43216 0)
(-1.41003 1.25284 0)
(-1.58719 1.00596 0)
(-1.75516 0.674919 0)
(-1.91701 0.255681 0)
(-2.05296 -0.274338 0)
(-2.13773 -0.877152 0)
(-2.15262 -1.54949 0)
(-2.01624 -2.16534 0)
(-1.75926 -2.64364 0)
(-1.22146 -2.74294 0)
(-0.693868 -2.30748 0)
(0.0378082 -1.35141 0)
(2.3234e-231 -0.012572 0)
(-0.022864 0.529526 0)
(-0.134575 1.19298 0)
(-0.318487 1.60153 0)
(-0.497379 1.77497 0)
(-0.668947 1.84534 0)
(-0.829411 1.80758 0)
(-0.969086 1.73123 0)
(-1.11034 1.5953 0)
(-1.23858 1.41489 0)
(-1.37985 1.16837 0)
(-1.5173 0.83483 0)
(-1.66903 0.408459 0)
(-1.81475 -0.150349 0)
(-1.94576 -0.800886 0)
(-2.0378 -1.57829 0)
(-2.01309 -2.32862 0)
(-1.8744 -3.03369 0)
(-1.41771 -3.30134 0)
(-0.886077 -3.02678 0)
(-0.00360539 -1.75749 0)
(5.66864e-202 4.51502e-184 0)
(-0.0395148 0.588615 0)
(-0.171804 1.31634 0)
(-0.366497 1.75605 0)
(-0.53287 1.92082 0)
(-0.663698 1.98161 0)
(-0.776183 1.9266 0)
(-0.848798 1.84156 0)
(-0.92469 1.70029 0)
(-0.978271 1.52267 0)
(-1.0547 1.28517 0)
(-1.12851 0.965136 0)
(-1.24276 0.555341 0)
(-1.36696 0.00526916 0)
(-1.53253 -0.650373 0)
(-1.68989 -1.4746 0)
(-1.81823 -2.32582 0)
(-1.84064 -3.22351 0)
(-1.58428 -3.7403 0)
(-1.12245 -3.69899 0)
(-0.0107988 -2.26699 0)
(1.80601e-183 3.7357e-186 0)
(-0.0585535 0.748744 0)
(-0.209971 1.52427 0)
(-0.401866 1.97194 0)
(-0.539177 2.0735 0)
(-0.60971 2.09573 0)
(-0.653364 1.99333 0)
(-0.637919 1.88391 0)
(-0.625534 1.72546 0)
(-0.581068 1.54656 0)
(-0.565656 1.31976 0)
(-0.547328 1.02259 0)
(-0.58871 0.648983 0)
(-0.656388 0.137469 0)
(-0.812985 -0.474756 0)
(-1.01147 -1.2959 0)
(-1.27541 -2.1745 0)
(-1.52242 -3.27286 0)
(-1.58552 -4.0268 0)
(-1.43296 -4.61824 0)
(-0.45997 -2.92668 0)
(4.36615e-254 -4.51502e-184 0)
(-0.124111 0.843024 0)
(-0.342926 1.64649 0)
(-0.527913 2.07996 0)
(-0.618982 2.11891 0)
(-0.574946 2.09498 0)
(-0.510781 1.94985 0)
(-0.359538 1.81464 0)
(-0.225886 1.64241 0)
(-0.0505443 1.46426 0)
(0.0797763 1.25372 0)
(0.215614 0.990209 0)
(0.265093 0.670159 0)
(0.285967 0.23304 0)
(0.154065 -0.286011 0)
(-0.0309078 -1.00417 0)
(-0.456373 -1.8037 0)
(-0.87058 -2.88736 0)
(-1.55875 -3.82892 0)
(-1.69912 -4.73599 0)
(-2.06144 -3.77624 0)
(-2.54397e-264 -0.213394 0)
(-0.179257 1.23706 0)
(-0.43305 1.93235 0)
(-0.546951 2.27023 0)
(-0.533273 2.12081 0)
(-0.332455 2.00137 0)
(-0.122374 1.77764 0)
(0.185158 1.60565 0)
(0.458192 1.41663 0)
(0.771222 1.24298 0)
(1.02401 1.05533 0)
(1.27919 0.836591 0)
(1.43244 0.583453 0)
(1.5529 0.245 0)
(1.49738 -0.148428 0)
(1.37049 -0.696094 0)
(0.95285 -1.31815 0)
(0.445389 -2.20088 0)
(-0.448774 -3.15422 0)
(-1.14158 -4.20408 0)
(-1.85239 -4.48014 0)
(-0.853576 -2.30029 0)
(-0.399721 1.42087 0)
(-0.729357 1.98546 0)
(-0.537803 2.17433 0)
(-0.279285 1.88763 0)
(0.248617 1.6852 0)
(0.68191 1.42452 0)
(1.20582 1.2362 0)
(1.63464 1.05442 0)
(2.08637 0.90034 0)
(2.44405 0.748593 0)
(2.79442 0.583942 0)
(3.01925 0.404941 0)
(3.214 0.171363 0)
(3.2045 -0.087954 0)
(3.1465 -0.455821 0)
(2.74198 -0.856159 0)
(2.29007 -1.48556 0)
(1.29024 -2.21136 0)
(0.408225 -3.33581 0)
(-0.72767 -3.9871 0)
(-0.698163 -2.96048 0)
(-0.255247 2.42797 0)
(-0.0973822 2.0651 0)
(0.688044 1.87079 0)
(1.32585 1.32678 0)
(2.12562 1.0608 0)
(2.73228 0.813985 0)
(3.36368 0.659373 0)
(3.85514 0.532114 0)
(4.33687 0.434108 0)
(4.70612 0.346924 0)
(5.05474 0.259612 0)
(5.27628 0.16897 0)
(5.4679 0.0562042 0)
(5.46981 -0.0682081 0)
(5.43666 -0.243356 0)
(5.09047 -0.439894 0)
(4.71765 -0.779731 0)
(3.79995 -1.2396 0)
(2.84665 -2.25308 0)
(1.08327 -3.32795 0)
(-0.0445044 -3.80022 0)
(1.66878 1.67106 0)
(2.70965 0.976387 0)
(4.55344 0.749378 0)
(5.3911 0.423452 0)
(6.25259 0.284804 0)
(6.75346 0.175665 0)
(7.22192 0.118737 0)
(7.53448 0.0787913 0)
(7.82333 0.0532565 0)
(8.0202 0.0338625 0)
(8.20075 0.0167805 0)
(8.2934 0.000575042 0)
(8.37303 -0.0198613 0)
(8.32565 -0.0406177 0)
(8.27539 -0.076488 0)
(7.99863 -0.110528 0)
(7.74958 -0.201047 0)
(6.99914 -0.294701 0)
(6.26539 -0.627434 0)
(4.04748 -0.999489 0)
(2.00779 -1.82067 0)
)
;

boundaryField
{
    movingWall
    {
        type            fixedValue;
        value           uniform (10 0 0);
    }
    fixedWalls
    {
        type            noSlip;
    }
    frontAndBack
    {
        type            empty;
    }
}


// ************************************************************************* //
