/*--------------------------------*- C++ -*----------------------------------*\
| =========                 |                                                 |
| \\      /  F ield         | OpenFOAM: The Open Source CFD Toolbox           |
|  \\    /   O peration     | Version:  4.1                                   |
|   \\  /    A nd           | Web:      www.OpenFOAM.org                      |
|    \\/     M anipulation  |                                                 |
\*---------------------------------------------------------------------------*/
FoamFile
{
    version     2.0;
    format      ascii;
    class       volVectorField;
    location    "0.0856";
    object      U;
}
// * * * * * * * * * * * * * * * * * * * * * * * * * * * * * * * * * * * * * //

dimensions      [0 1 -1 0 0 0 0];

internalField   nonuniform List<vector> 
441
(
(0.00372167 -0.00481917 0)
(0.00972709 -0.00253961 0)
(-0.000634903 -2.20776e-165 0)
(0.00195865 -3.31804e-266 0)
(-0.00837423 -0.00783499 0)
(-0.00195865 -3.05048e-232 0)
(-1.14016e-202 -5.59068e-203 0)
(-1.39759e-203 -7.33583e-228 0)
(-1.71846e-212 -3.20125e-213 0)
(-0.0061362 9.10308e-266 0)
(-0.0752082 0.0245459 0)
(-0.0944957 0.0128385 0)
(-0.106444 0.00587634 0)
(-0.0936506 0.00039401 0)
(-0.0770521 -0.00165398 0)
(-0.051308 -0.00302081 0)
(-0.0291316 -0.00216189 0)
(-0.00937215 -0.00160468 0)
(0.00262364 0.00073335 0)
(0.00442808 0.00149837 0)
(0.00455339 0.00298804 0)
(0.00382695 -0.00844416 0)
(-0.000941995 0.00682468 0)
(-0.0274365 0.00848055 0)
(-0.0593306 0.0107223 0)
(-0.10695 0.0108702 0)
(-0.151987 -0.00325502 0)
(-0.194432 -0.000154909 0)
(-0.235297 0.00166268 0)
(-0.27159 0.0132289 0)
(-0.308144 0.0669608 0)
(-0.332978 0.0616262 0)
(-0.327208 0.0188232 0)
(-0.312195 -0.00732898 0)
(-0.26978 -0.0305743 0)
(-0.219921 -0.0408778 0)
(-0.157091 -0.0462233 0)
(-0.100285 -0.0396002 0)
(-0.0497448 -0.0314326 0)
(-0.0156377 -0.0140121 0)
(-0.00121382 -0.00415233 0)
(0.00492812 0.00621961 0)
(0.00759394 -0.00821075 0)
(-0.00519789 0.0283363 0)
(-0.0542921 0.0569955 0)
(-0.120979 0.0769523 0)
(-0.202577 0.0836413 0)
(-0.287074 0.0833211 0)
(-0.377966 0.0804038 0)
(-0.452041 0.0746505 0)
(-0.524756 0.0700531 0)
(-0.560424 0.0659921 0)
(-0.55643 0.0445466 0)
(-0.53822 -0.0066831 0)
(-0.501076 -0.050862 0)
(-0.435588 -0.0916758 0)
(-0.357461 -0.113366 0)
(-0.262959 -0.122944 0)
(-0.175293 -0.108314 0)
(-0.0950745 -0.0867761 0)
(-0.0385996 -0.0466885 0)
(-0.008236 -0.0195165 0)
(0.00635709 0.00709098 0)
(0.00635748 -0.0111725 0)
(-0.0162935 0.0704842 0)
(-0.0972879 0.12422 0)
(-0.192972 0.161459 0)
(-0.305805 0.177332 0)
(-0.419495 0.174919 0)
(-0.531587 0.166558 0)
(-0.628736 0.149376 0)
(-0.708666 0.124107 0)
(-0.755809 0.0959019 0)
(-0.765247 0.0391478 0)
(-0.741457 -0.0376806 0)
(-0.691346 -0.110136 0)
(-0.605048 -0.175396 0)
(-0.501397 -0.213357 0)
(-0.375716 -0.229955 0)
(-0.257012 -0.206927 0)
(-0.145083 -0.169828 0)
(-0.0643649 -0.0999627 0)
(-0.0158763 -0.0505054 0)
(0.00799485 0.00472805 0)
(6.92829e-165 0.00158937 0)
(-0.0247315 0.131522 0)
(-0.141477 0.232872 0)
(-0.261171 0.283989 0)
(-0.403598 0.309026 0)
(-0.542171 0.30721 0)
(-0.68014 0.288283 0)
(-0.797149 0.250592 0)
(-0.894279 0.196364 0)
(-0.951743 0.123295 0)
(-0.969056 0.0306049 0)
(-0.946495 -0.0803206 0)
(-0.888565 -0.186502 0)
(-0.786186 -0.281994 0)
(-0.659212 -0.341612 0)
(-0.500777 -0.368256 0)
(-0.348609 -0.337446 0)
(-0.198115 -0.280581 0)
(-0.0904749 -0.174162 0)
(-0.0183882 -0.0927729 0)
(0.0146063 -2.76639e-06 0)
(-5.61556e-266 0.0058114 0)
(-0.0900459 0.216777 0)
(-0.197745 0.358609 0)
(-0.341502 0.425448 0)
(-0.497461 0.458176 0)
(-0.657319 0.452544 0)
(-0.811757 0.422169 0)
(-0.948105 0.363773 0)
(-1.06056 0.279607 0)
(-1.13543 0.169881 0)
(-1.17009 0.034203 0)
(-1.1559 -0.119221 0)
(-1.09891 -0.270203 0)
(-0.985436 -0.406424 0)
(-0.838232 -0.498334 0)
(-0.64589 -0.543111 0)
(-0.456235 -0.508539 0)
(-0.260585 -0.431178 0)
(-0.120512 -0.277676 0)
(-0.0207483 -0.158849 0)
(0.0161359 0.0022999 0)
(-0.0232456 0.0948807 0)
(-0.125557 0.325641 0)
(-0.249559 0.484687 0)
(-0.407695 0.581818 0)
(-0.58279 0.623973 0)
(-0.761211 0.61998 0)
(-0.936048 0.578197 0)
(-1.09249 0.498418 0)
(-1.22601 0.383428 0)
(-1.3215 0.232561 0)
(-1.37627 0.0515593 0)
(-1.37702 -0.151832 0)
(-1.3278 -0.355965 0)
(-1.20978 -0.543655 0)
(-1.04696 -0.679704 0)
(-0.819802 -0.752215 0)
(-0.590114 -0.72047 0)
(-0.336013 -0.618837 0)
(-0.160786 -0.410703 0)
(-0.00763277 -0.231304 0)
(5.9729e-266 -0.00403398 0)
(-0.0171596 0.157091 0)
(-0.120231 0.44426 0)
(-0.272622 0.641278 0)
(-0.451348 0.759447 0)
(-0.646365 0.811884 0)
(-0.84393 0.806069 0)
(-1.03727 0.753734 0)
(-1.21477 0.653591 0)
(-1.37047 0.509039 0)
(-1.49115 0.319559 0)
(-1.57203 0.0901457 0)
(-1.59567 -0.168791 0)
(-1.56383 -0.436919 0)
(-1.45086 -0.689562 0)
(-1.28023 -0.887642 0)
(-1.02285 -1.00423 0)
(-0.750817 -0.990702 0)
(-0.433177 -0.866981 0)
(-0.208638 -0.601398 0)
(-0.00369993 -0.329261 0)
(2.60859e-24 -1.06677e-24 0)
(-0.0152389 0.228579 0)
(-0.123732 0.579201 0)
(-0.292735 0.814126 0)
(-0.486201 0.953639 0)
(-0.697395 1.01516 0)
(-0.9101 1.0092 0)
(-1.11997 0.948063 0)
(-1.3164 0.830414 0)
(-1.49415 0.659519 0)
(-1.64092 0.43345 0)
(-1.75064 0.156665 0)
(-1.80372 -0.160598 0)
(-1.79842 -0.49932 0)
(-1.70263 -0.82862 0)
(-1.53664 -1.10553 0)
(-1.25891 -1.28497 0)
(-0.94939 -1.30648 0)
(-0.563041 -1.16651 0)
(-0.279555 -0.83233 0)
(-0.00500214 -0.448013 0)
(1.06113e-76 -6.52147e-25 0)
(-0.0132112 0.296618 0)
(-0.120993 0.723471 0)
(-0.299034 1.00444 0)
(-0.500759 1.16465 0)
(-0.721368 1.23615 0)
(-0.943284 1.22855 0)
(-1.16312 1.16023 0)
(-1.3732 1.0273 0)
(-1.56815 0.833724 0)
(-1.73874 0.575314 0)
(-1.87736 0.253276 0)
(-1.96432 -0.122202 0)
(-1.99427 -0.537314 0)
(-1.92945 -0.954033 0)
(-1.78439 -1.33049 0)
(-1.50352 -1.59759 0)
(-1.16737 -1.68506 0)
(-0.714765 -1.54739 0)
(-0.363762 -1.15373 0)
(-0.00719624 -0.624409 0)
(2.94957e-164 -2.65283e-77 0)
(-0.0131679 0.359288 0)
(-0.121464 0.863246 0)
(-0.304162 1.19152 0)
(-0.508245 1.37365 0)
(-0.73012 1.45592 0)
(-0.952336 1.44886 0)
(-1.17191 1.37682 0)
(-1.38546 1.23393 0)
(-1.58725 1.02462 0)
(-1.77338 0.741794 0)
(-1.93469 0.382858 0)
(-2.05531 -0.044087 0)
(-2.12556 -0.532121 0)
(-2.10602 -1.03945 0)
(-2.00213 -1.52801 0)
(-1.74473 -1.90589 0)
(-1.40638 -2.09024 0)
(-0.906339 -1.97863 0)
(-0.488644 -1.52805 0)
(-0.0811281 -0.82524 0)
(1.78861e-265 0.0133227 0)
(-0.0136191 0.432135 0)
(-0.117654 1.01664 0)
(-0.297184 1.39268 0)
(-0.494133 1.59128 0)
(-0.705814 1.68137 0)
(-0.916066 1.67027 0)
(-1.12142 1.59398 0)
(-1.32406 1.44219 0)
(-1.51748 1.22182 0)
(-1.70504 0.922054 0)
(-1.87678 0.535324 0)
(-2.02373 0.0677 0)
(-2.13359 -0.485956 0)
(-2.16892 -1.07967 0)
(-2.12576 -1.69053 0)
(-1.92231 -2.19995 0)
(-1.61169 -2.52218 0)
(-1.08411 -2.47969 0)
(-0.586795 -1.97302 0)
(-0.0760802 -1.13302 0)
(0.0532908 -0.0768648 0)
(-0.0167993 0.48617 0)
(-0.120393 1.14386 0)
(-0.298074 1.56509 0)
(-0.483265 1.77896 0)
(-0.673501 1.87604 0)
(-0.858084 1.8619 0)
(-1.03059 1.78389 0)
(-1.2033 1.62848 0)
(-1.36637 1.40538 0)
(-1.53512 1.10064 0)
(-1.69659 0.702358 0)
(-1.85561 0.213237 0)
(-1.9949 -0.384188 0)
(-2.08972 -1.0464 0)
(-2.12261 -1.76909 0)
(-2.00723 -2.42167 0)
(-1.77254 -2.92169 0)
(-1.24348 -3.01251 0)
(-0.715588 -2.52965 0)
(0.0431041 -1.47259 0)
(2.46179e-231 -0.0133227 0)
(-0.0212405 0.572302 0)
(-0.121504 1.30097 0)
(-0.290042 1.75946 0)
(-0.453057 1.96784 0)
(-0.607936 2.0594 0)
(-0.751071 2.02779 0)
(-0.872498 1.94126 0)
(-0.995269 1.77817 0)
(-1.10586 1.55452 0)
(-1.23196 1.25241 0)
(-1.35862 0.855886 0)
(-1.50591 0.366152 0)
(-1.6557 -0.251787 0)
(-1.8006 -0.952282 0)
(-1.91757 -1.77187 0)
(-1.92638 -2.55413 0)
(-1.82684 -3.28424 0)
(-1.40313 -3.55486 0)
(-0.892608 -3.25303 0)
(-0.00299946 -1.8865 0)
(5.82038e-202 4.58377e-184 0)
(-0.0371234 0.622024 0)
(-0.151693 1.40661 0)
(-0.321253 1.89296 0)
(-0.460707 2.09147 0)
(-0.563014 2.17265 0)
(-0.646804 2.12322 0)
(-0.690786 2.02804 0)
(-0.739785 1.86082 0)
(-0.769563 1.64279 0)
(-0.82734 1.35435 0)
(-0.889074 0.97786 0)
(-0.999487 0.513056 0)
(-1.12907 -0.0860821 0)
(-1.31063 -0.780325 0)
(-1.49544 -1.63511 0)
(-1.66287 -2.50891 0)
(-1.73389 -3.42825 0)
(-1.52783 -3.95524 0)
(-1.1081 -3.90613 0)
(-0.011441 -2.39559 0)
(1.83351e-183 -1.35693e-184 0)
(-0.0557401 0.769326 0)
(-0.18555 1.58943 0)
(-0.345662 2.07806 0)
(-0.448048 2.21108 0)
(-0.481371 2.25282 0)
(-0.488246 2.15642 0)
(-0.43734 2.03869 0)
(-0.393371 1.85792 0)
(-0.322731 1.6441 0)
(-0.288763 1.3735 0)
(-0.260327 1.02819 0)
(-0.300951 0.608703 0)
(-0.376799 0.0578501 0)
(-0.550955 -0.582342 0)
(-0.776146 -1.42264 0)
(-1.07815 -2.31202 0)
(-1.37341 -3.42386 0)
(-1.49505 -4.18725 0)
(-1.39654 -4.78621 0)
(-0.465863 -3.04185 0)
(4.40029e-254 -4.58377e-184 0)
(-0.121575 0.849603 0)
(-0.319211 1.68348 0)
(-0.471078 2.15053 0)
(-0.524626 2.21759 0)
(-0.43984 2.21226 0)
(-0.335654 2.07434 0)
(-0.146371 1.93427 0)
(0.0200392 1.74535 0)
(0.221288 1.53992 0)
(0.368278 1.29455 0)
(0.511141 0.992459 0)
(0.557476 0.635663 0)
(0.566774 0.167743 0)
(0.415191 -0.371519 0)
(0.205137 -1.0999 0)
(-0.254147 -1.9006 0)
(-0.707927 -2.98522 0)
(-1.4522 -3.93093 0)
(-1.64479 -4.84449 0)
(-2.07318 -3.86842 0)
(-2.59133e-264 -0.215965 0)
(-0.178044 1.23184 0)
(-0.416787 1.94333 0)
(-0.503418 2.30594 0)
(-0.456622 2.18005 0)
(-0.218046 2.07767 0)
(0.0299366 1.86248 0)
(0.374026 1.68957 0)
(0.678581 1.49036 0)
(1.01637 1.29806 0)
(1.28455 1.08556 0)
(1.54516 0.838618 0)
(1.69342 0.55819 0)
(1.80025 0.196855 0)
(1.72388 -0.211194 0)
(1.57237 -0.764233 0)
(1.12626 -1.38271 0)
(0.588799 -2.25748 0)
(-0.344118 -3.20649 0)
(-1.07932 -4.25574 0)
(-1.84137 -4.53621 0)
(-0.86386 -2.31674 0)
(-0.40056 1.41026 0)
(-0.725983 1.9802 0)
(-0.519587 2.18461 0)
(-0.238852 1.9152 0)
(0.317922 1.7266 0)
(0.782541 1.47418 0)
(1.33854 1.28755 0)
(1.79635 1.10093 0)
(2.27188 0.935947 0)
(2.64517 0.768793 0)
(3.0019 0.586112 0)
(3.22284 0.389364 0)
(3.40494 0.140786 0)
(3.3753 -0.128035 0)
(3.29369 -0.49882 0)
(2.86353 -0.895256 0)
(2.38849 -1.51594 0)
(1.36437 -2.23351 0)
(0.45866 -3.35289 0)
(-0.706634 -4.00579 0)
(-0.701262 -2.96407 0)
(-0.257359 2.42034 0)
(-0.104561 2.05701 0)
(0.682405 1.86917 0)
(1.32962 1.3343 0)
(2.14657 1.07626 0)
(2.77514 0.834648 0)
(3.43117 0.681699 0)
(3.94632 0.552658 0)
(4.44842 0.449712 0)
(4.83172 0.355295 0)
(5.18667 0.259504 0)
(5.40569 0.160606 0)
(5.58696 0.0411662 0)
(5.57192 -0.0871009 0)
(5.51873 -0.262509 0)
(5.15169 -0.456083 0)
(4.76144 -0.789966 0)
(3.82964 -1.2445 0)
(2.86625 -2.25338 0)
(1.09227 -3.33024 0)
(-0.0462809 -3.79888 0)
(1.66712 1.66944 0)
(2.70236 0.974479 0)
(4.54222 0.748258 0)
(5.38095 0.42379 0)
(6.2488 0.286471 0)
(6.75986 0.178166 0)
(7.24071 0.121404 0)
(7.56543 0.0810317 0)
(7.86456 0.0545469 0)
(8.06793 0.0339189 0)
(8.25046 0.0155127 0)
(8.33996 -0.00178604 0)
(8.41235 -0.0229036 0)
(8.35441 -0.043688 0)
(8.29308 -0.0789622 0)
(8.0058 -0.111848 0)
(7.74993 -0.200904 0)
(6.99588 -0.293342 0)
(6.2624 -0.625142 0)
(4.04585 -0.99732 0)
(2.00523 -1.81791 0)
)
;

boundaryField
{
    movingWall
    {
        type            fixedValue;
        value           uniform (10 0 0);
    }
    fixedWalls
    {
        type            noSlip;
    }
    frontAndBack
    {
        type            empty;
    }
}


// ************************************************************************* //
