/*--------------------------------*- C++ -*----------------------------------*\
| =========                 |                                                 |
| \\      /  F ield         | OpenFOAM: The Open Source CFD Toolbox           |
|  \\    /   O peration     | Version:  4.1                                   |
|   \\  /    A nd           | Web:      www.OpenFOAM.org                      |
|    \\/     M anipulation  |                                                 |
\*---------------------------------------------------------------------------*/
FoamFile
{
    version     2.0;
    format      ascii;
    class       volVectorField;
    location    "0.1025";
    object      U;
}
// * * * * * * * * * * * * * * * * * * * * * * * * * * * * * * * * * * * * * //

dimensions      [0 1 -1 0 0 0 0];

internalField   nonuniform List<vector> 
441
(
(0.00384153 -0.00490935 0)
(0.0100798 -0.00254102 0)
(-0.000635256 -2.22343e-165 0)
(0.00202255 -3.4476e-266 0)
(-0.00837438 -0.00809045 0)
(-0.00202255 -3.13569e-232 0)
(-1.1611e-202 -5.80603e-203 0)
(-1.45146e-203 -7.62491e-228 0)
(-1.76908e-212 -3.32964e-213 0)
(-0.00631716 9.36152e-266 0)
(-0.0774995 0.0252693 0)
(-0.0971453 0.0131704 0)
(-0.109098 0.0059823 0)
(-0.0955164 0.000334599 0)
(-0.0780263 -0.00176036 0)
(-0.0512985 -0.0031236 0)
(-0.0284331 -0.00219746 0)
(-0.00833629 -0.00156781 0)
(0.00358165 0.000851975 0)
(0.00494879 0.00163431 0)
(0.00467205 0.00308938 0)
(0.00400312 -0.0088292 0)
(-0.000649036 0.00693755 0)
(-0.0277567 0.00873203 0)
(-0.0606294 0.0108615 0)
(-0.10984 0.0112248 0)
(-0.156632 -0.00313006 0)
(-0.200804 -0.000122489 0)
(-0.243383 0.00173491 0)
(-0.281131 0.0136532 0)
(-0.318976 0.0690174 0)
(-0.344382 0.0632896 0)
(-0.337895 0.0188705 0)
(-0.321548 -0.00825832 0)
(-0.276894 -0.0322175 0)
(-0.224606 -0.0426758 0)
(-0.159313 -0.0478222 0)
(-0.100609 -0.0406021 0)
(-0.048898 -0.031742 0)
(-0.0144813 -0.013607 0)
(-0.000490689 -0.00344197 0)
(0.00509095 0.00675966 0)
(0.00788824 -0.00876294 0)
(-0.00515756 0.0288316 0)
(-0.0556646 0.0585751 0)
(-0.12468 0.0794335 0)
(-0.209417 0.086697 0)
(-0.297201 0.0866838 0)
(-0.39174 0.0837311 0)
(-0.468958 0.0777227 0)
(-0.544466 0.0726859 0)
(-0.581358 0.0679898 0)
(-0.576764 0.0451432 0)
(-0.557105 -0.00835887 0)
(-0.51753 -0.0543201 0)
(-0.448693 -0.096387 0)
(-0.366891 -0.118354 0)
(-0.268676 -0.127407 0)
(-0.177957 -0.111406 0)
(-0.0955817 -0.0882235 0)
(-0.0380868 -0.0464396 0)
(-0.00770725 -0.0183925 0)
(0.00652903 0.00806537 0)
(0.00651247 -0.0119216 0)
(-0.017014 0.0723109 0)
(-0.100842 0.128182 0)
(-0.200204 0.167147 0)
(-0.317522 0.184112 0)
(-0.43584 0.182051 0)
(-0.552507 0.17344 0)
(-0.653587 0.155422 0)
(-0.736453 0.128639 0)
(-0.784964 0.0985177 0)
(-0.793948 0.0387478 0)
(-0.768261 -0.041538 0)
(-0.715056 -0.116865 0)
(-0.624563 -0.18409 0)
(-0.516264 -0.22256 0)
(-0.385775 -0.238349 0)
(-0.262906 -0.213144 0)
(-0.147721 -0.173333 0)
(-0.0650663 -0.100583 0)
(-0.0158551 -0.0494606 0)
(0.00811884 0.00597201 0)
(7.13569e-165 0.00162812 0)
(-0.0259379 0.135718 0)
(-0.147152 0.240945 0)
(-0.271714 0.294581 0)
(-0.419923 0.321147 0)
(-0.564138 0.319707 0)
(-0.707581 0.300054 0)
(-0.829058 0.260486 0)
(-0.929446 0.203262 0)
(-0.98831 0.126231 0)
(-1.00512 0.028848 0)
(-0.980473 -0.0869774 0)
(-0.919055 -0.19725 0)
(-0.811951 -0.295558 0)
(-0.679604 -0.356057 0)
(-0.515416 -0.381715 0)
(-0.358017 -0.347954 0)
(-0.203084 -0.28724 0)
(-0.0925071 -0.176558 0)
(-0.0188629 -0.0924871 0)
(0.014733 0.00111188 0)
(-5.78195e-266 0.00601345 0)
(-0.0934739 0.224414 0)
(-0.20578 0.371816 0)
(-0.355418 0.441823 0)
(-0.517711 0.476345 0)
(-0.683867 0.470807 0)
(-0.844103 0.438997 0)
(-0.985182 0.377551 0)
(-1.10096 0.288823 0)
(-1.17736 0.173386 0)
(-1.21172 0.031218 0)
(-1.19552 -0.128674 0)
(-1.13504 -0.285156 0)
(-1.01667 -0.425252 0)
(-0.863726 -0.518679 0)
(-0.664939 -0.562538 0)
(-0.469158 -0.524432 0)
(-0.267913 -0.442102 0)
(-0.123925 -0.282769 0)
(-0.0218459 -0.159987 0)
(0.0161388 0.00323173 0)
(-0.0240538 0.0984184 0)
(-0.130364 0.337774 0)
(-0.259426 0.503243 0)
(-0.42379 0.604557 0)
(-0.605552 0.648675 0)
(-0.790467 0.644513 0)
(-0.971217 0.600449 0)
(-1.1324 0.516326 0)
(-1.26926 0.395153 0)
(-1.36635 0.236735 0)
(-1.42102 0.0474952 0)
(-1.42001 -0.163994 0)
(-1.3676 -0.375097 0)
(-1.2449 -0.567887 0)
(-1.0764 -0.706339 0)
(-0.842506 -0.778302 0)
(-0.60609 -0.742698 0)
(-0.345304 -0.635059 0)
(-0.165208 -0.4193 0)
(-0.00856572 -0.23446 0)
(6.01252e-266 -0.00403469 0)
(-0.0177731 0.162958 0)
(-0.124754 0.460969 0)
(-0.282753 0.665746 0)
(-0.467862 0.788707 0)
(-0.669519 0.843177 0)
(-0.873404 0.83672 0)
(-1.07235 0.781198 0)
(-1.25431 0.675436 0)
(-1.41312 0.523194 0)
(-1.53537 0.324567 0)
(-1.61638 0.0853235 0)
(-1.63867 -0.183201 0)
(-1.60425 -0.459737 0)
(-1.48727 -0.71878 0)
(-1.31161 -0.920416 0)
(-1.04778 -1.03721 0)
(-0.768992 -1.02002 0)
(-0.443895 -0.889557 0)
(-0.213769 -0.614824 0)
(-0.00389783 -0.334902 0)
(2.6585e-24 -1.0417e-24 0)
(-0.0157553 0.237134 0)
(-0.127856 0.6008 0)
(-0.30216 0.844605 0)
(-0.501518 0.989335 0)
(-0.718749 1.05276 0)
(-0.93706 1.0456 0)
(-1.15181 0.980337 0)
(-1.35201 0.855858 0)
(-1.53236 0.675918 0)
(-1.68046 0.43932 0)
(-1.79038 0.151394 0)
(-1.84256 -0.176688 0)
(-1.83548 -0.525027 0)
(-1.73678 -0.861924 0)
(-1.567 -1.14363 0)
(-1.28398 -1.32433 0)
(-0.968507 -1.34291 0)
(-0.574821 -1.19591 0)
(-0.285431 -0.851342 0)
(-0.00510931 -0.456468 0)
(1.0788e-76 -6.64624e-25 0)
(-0.0135574 0.307104 0)
(-0.12413 0.7491 0)
(-0.306506 1.04007 0)
(-0.513018 1.20582 0)
(-0.738477 1.27905 0)
(-0.964769 1.26966 0)
(-1.18826 1.19633 0)
(-1.40104 1.05552 0)
(-1.59772 0.85181 0)
(-1.76908 0.58186 0)
(-1.90779 0.247787 0)
(-1.99421 -0.139281 0)
(-2.02328 -0.564786 0)
(-1.95695 -0.989955 0)
(-1.80991 -1.37232 0)
(-1.5257 -1.6419 0)
(-1.18537 -1.72768 0)
(-0.726549 -1.58338 0)
(-0.370083 -1.17878 0)
(-0.0074304 -0.636149 0)
(2.99459e-164 -2.697e-77 0)
(-0.0133517 0.37126 0)
(-0.123308 0.891944 0)
(-0.308753 1.23107 0)
(-0.515921 1.41894 0)
(-0.740879 1.5027 0)
(-0.965735 1.49327 0)
(-1.18731 1.41543 0)
(-1.40208 1.26379 0)
(-1.6044 1.04354 0)
(-1.79049 0.748553 0)
(-1.95151 0.377175 0)
(-2.0718 -0.0615714 0)
(-2.14198 -0.56017 0)
(-2.12243 -1.07623 0)
(-2.01869 -1.57137 0)
(-1.76058 -1.95282 0)
(-1.42074 -2.13703 0)
(-0.916905 -2.01987 0)
(-0.495008 -1.55849 0)
(-0.0826364 -0.840249 0)
(1.80057e-265 0.0134357 0)
(-0.0136087 0.444634 0)
(-0.117856 1.04668 0)
(-0.298068 1.43413 0)
(-0.495927 1.63861 0)
(-0.708481 1.72998 0)
(-0.919273 1.71603 0)
(-1.12469 1.63332 0)
(-1.32686 1.47218 0)
(-1.51943 1.24044 0)
(-1.70599 0.928328 0)
(-1.87694 0.529276 0)
(-2.02359 0.0502619 0)
(-2.134 -0.513424 0)
(-2.17069 -1.1154 0)
(-2.12975 -1.73281 0)
(-1.92839 -2.24645 0)
(-1.61942 -2.57 0)
(-1.09112 -2.52379 0)
(-0.59163 -2.00708 0)
(-0.0766896 -1.15129 0)
(0.0537428 -0.078397 0)
(-0.0165925 0.498323 0)
(-0.118818 1.17344 0)
(-0.294861 1.60623 0)
(-0.478513 1.82603 0)
(-0.667161 1.92425 0)
(-0.850022 1.90693 0)
(-1.02057 1.82212 0)
(-1.19115 1.65707 0)
(-1.35211 1.42252 0)
(-1.519 1.10567 0)
(-1.67924 0.695651 0)
(-1.83794 0.196073 0)
(-1.97822 -0.410235 0)
(-2.0754 -1.07953 0)
(-2.11215 -1.80802 0)
(-2.0013 -2.46478 0)
(-1.77143 -2.96742 0)
(-1.24507 -3.05669 0)
(-0.71818 -2.5665 0)
(0.0441619 -1.49299 0)
(2.4844e-231 -0.0134357 0)
(-0.020842 0.583047 0)
(-0.118166 1.328 0)
(-0.282724 1.79775 0)
(-0.441723 2.01205 0)
(-0.59256 2.10475 0)
(-0.731805 2.06991 0)
(-0.849461 1.97658 0)
(-0.968773 1.80398 0)
(-1.07637 1.56925 0)
(-1.20018 1.25567 0)
(-1.3255 0.848367 0)
(-1.47266 0.349464 0)
(-1.62377 -0.275823 0)
(-1.77166 -0.981714 0)
(-1.89342 -1.80563 0)
(-1.9085 -2.59118 0)
(-1.81616 -3.32436 0)
(-1.39882 -3.59528 0)
(-0.892645 -3.28954 0)
(-0.00287525 -1.90766 0)
(5.84005e-202 4.59156e-184 0)
(-0.0365737 0.630489 0)
(-0.146882 1.42928 0)
(-0.310413 1.92615 0)
(-0.443642 2.13052 0)
(-0.539727 2.21298 0)
(-0.617791 2.16063 0)
(-0.656603 2.0591 0)
(-0.701311 1.88302 0)
(-0.727778 1.65472 0)
(-0.783431 1.35584 0)
(-0.844252 0.969753 0)
(-0.955081 0.497154 0)
(-1.08643 -0.107746 0)
(-1.27131 -0.805615 0)
(-1.4611 -1.66288 0)
(-1.63533 -2.53847 0)
(-1.7146 -3.46023 0)
(-1.51723 -3.98861 0)
(-1.10485 -3.93863 0)
(-0.011524 -2.41615 0)
(1.83663e-183 -1.60009e-184 0)
(-0.0551057 0.774785 0)
(-0.179824 1.60618 0)
(-0.332502 2.10416 0)
(-0.42705 2.24287 0)
(-0.452546 2.28626 0)
(-0.452406 2.18768 0)
(-0.39548 2.06459 0)
(-0.346925 1.87619 0)
(-0.273187 1.65345 0)
(-0.237738 1.37379 0)
(-0.209276 1.02024 0)
(-0.251243 0.594263 0)
(-0.329555 0.0389523 0)
(-0.507333 -0.603435 0)
(-0.737255 -1.4446 0)
(-1.04559 -2.334 0)
(-1.34864 -3.44696 0)
(-1.4798 -4.21153 0)
(-1.39006 -4.81184 0)
(-0.466715 -3.0598 0)
(4.40332e-254 -4.59156e-184 0)
(-0.120991 0.851801 0)
(-0.313568 1.69365 0)
(-0.457643 2.16853 0)
(-0.50275 2.241 0)
(-0.409407 2.23779 0)
(-0.297633 2.09874 0)
(-0.102001 1.95475 0)
(0.0689624 1.75989 0)
(0.272938 1.54732 0)
(0.420721 1.29459 0)
(0.562727 0.985723 0)
(0.606761 0.62361 0)
(0.612807 0.152189 0)
(0.457143 -0.388457 0)
(0.242609 -1.11664 0)
(-0.222208 -1.91608 0)
(-0.682179 -2.99993 0)
(-1.43518 -3.94597 0)
(-1.63589 -4.86058 0)
(-2.07478 -3.88244 0)
(-2.59888e-264 -0.216362 0)
(-0.177727 1.23117 0)
(-0.412647 1.94725 0)
(-0.492611 2.31585 0)
(-0.438123 2.19483 0)
(-0.191395 2.09496 0)
(0.0639807 1.87977 0)
(0.414342 1.70457 0)
(0.723384 1.50135 0)
(1.06378 1.30392 0)
(1.33254 1.08596 0)
(1.59194 0.83388 0)
(1.73744 0.549339 0)
(1.84051 0.185302 0)
(1.75971 -0.223742 0)
(1.60368 -0.776256 0)
(1.15284 -1.39306 0)
(0.610717 -2.26586 0)
(-0.328089 -3.21394 0)
(-1.06967 -4.26311 0)
(-1.83956 -4.54451 0)
(-0.865449 -2.31907 0)
(-0.400701 1.40808 0)
(-0.724703 1.97989 0)
(-0.514282 2.18827 0)
(-0.228 1.92271 0)
(0.335409 1.73654 0)
(0.806549 1.48485 0)
(1.36848 1.29726 0)
(1.83084 1.10837 0)
(2.30928 0.940215 0)
(2.68355 0.769515 0)
(3.03944 0.58341 0)
(3.25789 0.383866 0)
(3.43633 0.133435 0)
(3.40228 -0.136062 0)
(3.31619 -0.506397 0)
(2.88168 -0.901469 0)
(2.40303 -1.52032 0)
(1.37529 -2.23647 0)
(0.466136 -3.35511 0)
(-0.703506 -4.00844 0)
(-0.701777 -2.9645 0)
(-0.257838 2.41858 0)
(-0.105919 2.05547 0)
(0.681983 1.86945 0)
(1.33198 1.33674 0)
(2.15331 1.08026 0)
(2.78685 0.839344 0)
(3.44788 0.686157 0)
(3.96719 0.556147 0)
(4.4722 0.451719 0)
(4.85679 0.355608 0)
(5.21139 0.25818 0)
(5.42852 0.157968 0)
(5.60677 0.037719 0)
(5.58799 -0.0907597 0)
(5.531 -0.265773 0)
(5.16043 -0.458534 0)
(4.76751 -0.79129 0)
(3.83373 -1.24499 0)
(2.86899 -2.25322 0)
(1.09355 -3.3305 0)
(-0.0465827 -3.79863 0)
(1.6667 1.66903 0)
(2.70068 0.974057 0)
(4.53992 0.748085 0)
(5.37931 0.423977 0)
(6.24901 0.286933 0)
(6.76256 0.178749 0)
(7.24607 0.121936 0)
(7.57305 0.0813916 0)
(7.87374 0.0546548 0)
(8.07767 0.0337631 0)
(8.25983 0.015127 0)
(8.34805 -0.00231683 0)
(8.41862 -0.0234769 0)
(8.35853 -0.0441884 0)
(8.29524 -0.0792986 0)
(8.00632 -0.111965 0)
(7.74954 -0.200786 0)
(6.99513 -0.293065 0)
(6.26185 -0.624759 0)
(4.04558 -0.99699 0)
(2.00482 -1.8175 0)
)
;

boundaryField
{
    movingWall
    {
        type            fixedValue;
        value           uniform (10 0 0);
    }
    fixedWalls
    {
        type            noSlip;
    }
    frontAndBack
    {
        type            empty;
    }
}


// ************************************************************************* //
