/*--------------------------------*- C++ -*----------------------------------*\
| =========                 |                                                 |
| \\      /  F ield         | OpenFOAM: The Open Source CFD Toolbox           |
|  \\    /   O peration     | Version:  4.1                                   |
|   \\  /    A nd           | Web:      www.OpenFOAM.org                      |
|    \\/     M anipulation  |                                                 |
\*---------------------------------------------------------------------------*/
FoamFile
{
    version     2.0;
    format      ascii;
    class       volVectorField;
    location    "0.0597";
    object      U;
}
// * * * * * * * * * * * * * * * * * * * * * * * * * * * * * * * * * * * * * //

dimensions      [0 1 -1 0 0 0 0];

internalField   nonuniform List<vector> 
441
(
(0.00346987 -0.00463919 0)
(0.0089417 -0.00255179 0)
(-0.000637956 -2.18076e-165 0)
(0.00179779 -2.98204e-266 0)
(-0.00856877 -0.00719175 0)
(-0.00179779 -2.83602e-232 0)
(-1.09907e-202 -4.97031e-203 0)
(-1.24242e-203 -6.44926e-228 0)
(-1.57644e-212 -2.78218e-213 0)
(-0.00561126 8.37906e-266 0)
(-0.0682326 0.0224471 0)
(-0.0861924 0.0118773 0)
(-0.0978473 0.00557086 0)
(-0.0872531 0.000599279 0)
(-0.0733116 -0.00128913 0)
(-0.0506517 -0.00264797 0)
(-0.0307531 -0.00199222 0)
(-0.012223 -0.00166201 0)
(-0.000163072 0.000406052 0)
(0.0028788 0.00110081 0)
(0.00417977 0.00267779 0)
(0.00343098 -0.00757992 0)
(-0.0017182 0.00661198 0)
(-0.027009 0.00796798 0)
(-0.0567807 0.0105567 0)
(-0.100645 0.0099779 0)
(-0.141161 -0.00373743 0)
(-0.178831 -0.000289238 0)
(-0.214589 0.00144381 0)
(-0.246139 0.0119406 0)
(-0.278117 0.0606475 0)
(-0.300241 0.0561774 0)
(-0.295527 0.0181007 0)
(-0.283602 -0.00501225 0)
(-0.247324 -0.0258581 0)
(-0.204551 -0.0354191 0)
(-0.149258 -0.0411396 0)
(-0.0984769 -0.0362294 0)
(-0.0518178 -0.0301617 0)
(-0.0189329 -0.0150124 0)
(-0.00334317 -0.00618361 0)
(0.00442112 0.00460064 0)
(0.0069149 -0.00687932 0)
(-0.00545424 0.0275024 0)
(-0.0516047 0.0536916 0)
(-0.112986 0.0713036 0)
(-0.186961 0.0760984 0)
(-0.263011 0.0743349 0)
(-0.343804 0.0708433 0)
(-0.408327 0.0650957 0)
(-0.471774 0.0610928 0)
(-0.502181 0.0583382 0)
(-0.498146 0.0407469 0)
(-0.482543 -0.00361685 0)
(-0.451304 -0.0419682 0)
(-0.395032 -0.0782856 0)
(-0.32765 -0.0984131 0)
(-0.244482 -0.109009 0)
(-0.166403 -0.098277 0)
(-0.0931174 -0.0817118 0)
(-0.0400317 -0.0469826 0)
(-0.00982818 -0.0226818 0)
(0.00580787 0.00418286 0)
(0.00604471 -0.00930578 0)
(-0.01464 0.0667948 0)
(-0.0892604 0.115527 0)
(-0.176227 0.148161 0)
(-0.277855 0.160356 0)
(-0.379242 0.155703 0)
(-0.478264 0.146581 0)
(-0.563145 0.130233 0)
(-0.632784 0.108004 0)
(-0.67362 0.0844659 0)
(-0.681965 0.0362943 0)
(-0.661658 -0.0298241 0)
(-0.619186 -0.0926501 0)
(-0.544603 -0.15064 0)
(-0.454731 -0.185776 0)
(-0.34388 -0.203858 0)
(-0.238309 -0.187029 0)
(-0.136766 -0.158169 0)
(-0.0622411 -0.0974475 0)
(-0.0159955 -0.053395 0)
(0.00757716 0.000956344 0)
(6.466e-165 0.00151118 0)
(-0.0218392 0.122374 0)
(-0.128088 0.21452 0)
(-0.235785 0.258546 0)
(-0.363293 0.278094 0)
(-0.486333 0.273029 0)
(-0.608127 0.253557 0)
(-0.710599 0.218614 0)
(-0.795743 0.17093 0)
(-0.846094 0.108184 0)
(-0.86192 0.0292045 0)
(-0.843128 -0.0661559 0)
(-0.793985 -0.15826 0)
(-0.705118 -0.243074 0)
(-0.594459 -0.29805 0)
(-0.454145 -0.326281 0)
(-0.318735 -0.303912 0)
(-0.182542 -0.258868 0)
(-0.0842954 -0.166065 0)
(-0.0170224 -0.0933514 0)
(0.0141597 -0.00342914 0)
(-5.25654e-266 0.00534997 0)
(-0.0819773 0.199391 0)
(-0.178145 0.327623 0)
(-0.306846 0.385138 0)
(-0.445676 0.410817 0)
(-0.587466 0.401588 0)
(-0.723925 0.37146 0)
(-0.844127 0.318098 0)
(-0.943608 0.244327 0)
(-1.01037 0.149882 0)
(-1.04253 0.0336138 0)
(-1.0318 -0.0987563 0)
(-0.98375 -0.230402 0)
(-0.884735 -0.351729 0)
(-0.755504 -0.436273 0)
(-0.584042 -0.481973 0)
(-0.414492 -0.457571 0)
(-0.237203 -0.395684 0)
(-0.10985 -0.261027 0)
(-0.0173539 -0.155032 0)
(0.0161024 -0.000667296 0)
(-0.0213999 0.086609 0)
(-0.113907 0.297102 0)
(-0.224715 0.439778 0)
(-0.366174 0.524351 0)
(-0.522439 0.557981 0)
(-0.681335 0.549917 0)
(-0.836921 0.509488 0)
(-0.976279 0.437432 0)
(-1.09601 0.336984 0)
(-1.18267 0.20687 0)
(-1.23411 0.0511255 0)
(-1.2376 -0.125242 0)
(-1.19676 -0.304333 0)
(-1.09305 -0.47221 0)
(-0.948677 -0.597268 0)
(-0.744114 -0.669071 0)
(-0.537167 -0.648477 0)
(-0.305566 -0.565861 0)
(-0.146541 -0.382719 0)
(-0.00467063 -0.221103 0)
(5.84101e-266 -0.00402559 0)
(-0.0156818 0.143024 0)
(-0.108682 0.403835 0)
(-0.24601 0.580485 0)
(-0.406977 0.683657 0)
(-0.58244 0.726269 0)
(-0.760098 0.716399 0)
(-0.934175 0.666751 0)
(-1.09468 0.577087 0)
(-1.23669 0.451138 0)
(-1.34832 0.287434 0)
(-1.42521 0.0889383 0)
(-1.45056 -0.13718 0)
(-1.42565 -0.374452 0)
(-1.32552 -0.601969 0)
(-1.17205 -0.784497 0)
(-0.937141 -0.897485 0)
(-0.688789 -0.89445 0)
(-0.396987 -0.792463 0)
(-0.191578 -0.557357 0)
(-0.00306151 -0.310927 0)
(2.44289e-24 -1.16131e-24 0)
(-0.0139098 0.207575 0)
(-0.11266 0.525644 0)
(-0.266838 0.73657 0)
(-0.443187 0.859026 0)
(-0.635767 0.909888 0)
(-0.829854 0.900137 0)
(-1.02195 0.843235 0)
(-1.20292 0.738848 0)
(-1.36828 0.590406 0)
(-1.50682 0.394762 0)
(-1.61253 0.153926 0)
(-1.66634 -0.12535 0)
(-1.66593 -0.42798 0)
(-1.58005 -0.727072 0)
(-1.42783 -0.98348 0)
(-1.16963 -1.15538 0)
(-0.881986 -1.185 0)
(-0.522004 -1.06814 0)
(-0.259402 -0.769148 0)
(-0.0046387 -0.420195 0)
(1.00089e-76 -6.10722e-25 0)
(-0.0122356 0.270225 0)
(-0.111992 0.658453 0)
(-0.277292 0.911802 0)
(-0.464377 1.05321 0)
(-0.669195 1.11343 0)
(-0.875615 1.10258 0)
(-1.08101 1.04009 0)
(-1.2789 0.923006 0)
(-1.46437 0.755206 0)
(-1.6288 0.530944 0)
(-1.76433 0.248726 0)
(-1.85141 -0.0849933 0)
(-1.88389 -0.460155 0)
(-1.82491 -0.842696 0)
(-1.68816 -1.19412 0)
(-1.42093 -1.44914 0)
(-1.10139 -1.54055 0)
(-0.672276 -1.42505 0)
(-0.341436 -1.0692 0)
(-0.00645242 -0.585163 0)
(2.79324e-164 -2.50222e-77 0)
(-0.0125774 0.32849 0)
(-0.115614 0.788987 0)
(-0.289551 1.08674 0)
(-0.483409 1.24873 0)
(-0.694325 1.31949 0)
(-0.906113 1.30998 0)
(-1.11646 1.24545 0)
(-1.32282 1.12073 0)
(-1.5196 0.939876 0)
(-1.70303 0.693838 0)
(-1.86323 0.377053 0)
(-1.98402 -0.00625286 0)
(-2.05461 -0.452585 0)
(-2.03621 -0.923782 0)
(-1.93372 -1.38422 0)
(-1.6813 -1.74588 0)
(-1.35081 -1.9288 0)
(-0.866642 -1.83604 0)
(-0.46542 -1.42356 0)
(-0.0761152 -0.774291 0)
(1.73808e-265 0.0128964 0)
(-0.0135453 0.39936 0)
(-0.11619 0.937598 0)
(-0.292569 1.28112 0)
(-0.485419 1.4587 0)
(-0.6927 1.5373 0)
(-0.899198 1.52466 0)
(-1.10201 1.45742 0)
(-1.30376 1.32565 0)
(-1.49774 1.1355 0)
(-1.68693 0.873762 0)
(-1.86032 0.529662 0)
(-2.00811 0.105263 0)
(-2.11664 -0.407565 0)
(-2.14864 -0.965924 0)
(-2.09975 -1.54809 0)
(-1.89146 -2.03863 0)
(-1.57776 -2.35419 0)
(-1.05553 -2.32451 0)
(-0.568101 -1.85401 0)
(-0.0737592 -1.06991 0)
(0.0515855 -0.0718597 0)
(-0.0172961 0.453874 0)
(-0.123995 1.06508 0)
(-0.305189 1.45308 0)
(-0.493556 1.64556 0)
(-0.687109 1.73145 0)
(-0.875591 1.71669 0)
(-1.05297 1.64901 0)
(-1.23151 1.51484 0)
(-1.40089 1.32269 0)
(-1.5756 1.05578 0)
(-1.7415 0.698808 0)
(-1.90226 0.250358 0)
(-2.03916 -0.309608 0)
(-2.12717 -0.94003 0)
(-2.14822 -1.63628 0)
(-2.01891 -2.26975 0)
(-1.76944 -2.75837 0)
(-1.23343 -2.85444 0)
(-0.704209 -2.39884 0)
(0.0397475 -1.40086 0)
(2.3809e-231 -0.0128964 0)
(-0.0223286 0.543567 0)
(-0.130362 1.22855 0)
(-0.309384 1.65453 0)
(-0.483211 1.84171 0)
(-0.649393 1.92246 0)
(-0.804103 1.89084 0)
(-0.9375 1.81525 0)
(-1.07209 1.67356 0)
(-1.19367 1.48024 0)
(-1.32887 1.21424 0)
(-1.46167 0.856091 0)
(-1.61102 0.40278 0)
(-1.75763 -0.182928 0)
(-1.89341 -0.857473 0)
(-1.99469 -1.65565 0)
(-1.98264 -2.42179 0)
(-1.85893 -3.13869 0)
(-1.41443 -3.40785 0)
(-0.89025 -3.12129 0)
(-0.00338891 -1.81092 0)
(5.73881e-202 4.54842e-184 0)
(-0.0386926 0.599541 0)
(-0.165034 1.34606 0)
(-0.351291 1.8021 0)
(-0.508481 1.98009 0)
(-0.629324 2.05077 0)
(-0.731363 2.0014 0)
(-0.793099 1.91676 0)
(-0.858235 1.76978 0)
(-0.901762 1.57993 0)
(-0.969746 1.32445 0)
(-1.0375 0.982203 0)
(-1.14896 0.548756 0)
(-1.27422 -0.024104 0)
(-1.4454 -0.69903 0)
(-1.61333 -1.53919 0)
(-1.75718 -2.40235 0)
(-1.79917 -3.31055 0)
(-1.56291 -3.83196 0)
(-1.11781 -3.78685 0)
(-0.0110961 -2.32103 0)
(1.81937e-183 -5.19955e-185 0)
(-0.0575721 0.755294 0)
(-0.201626 1.54546 0)
(-0.38265 2.00741 0)
(-0.507765 2.12113 0)
(-0.564893 2.15251 0)
(-0.594697 2.05536 0)
(-0.565219 1.9464 0)
(-0.539552 1.78303 0)
(-0.483286 1.59355 0)
(-0.45864 1.35131 0)
(-0.434298 1.03519 0)
(-0.473564 0.641798 0)
(-0.543122 0.111782 0)
(-0.705907 -0.514982 0)
(-0.914851 -1.34702 0)
(-1.1943 -2.23244 0)
(-1.46136 -3.33788 0)
(-1.54874 -4.09621 0)
(-1.41863 -4.69057 0)
(-0.462575 -2.97574 0)
(4.38397e-254 -4.54842e-184 0)
(-0.123234 0.844763 0)
(-0.334862 1.65802 0)
(-0.508517 2.10307 0)
(-0.58644 2.15264 0)
(-0.527625 2.13697 0)
(-0.448241 1.99682 0)
(-0.281718 1.8626 0)
(-0.133968 1.68688 0)
(0.0535113 1.50059 0)
(0.19279 1.27789 0)
(0.333861 0.999317 0)
(0.384253 0.663518 0)
(0.402117 0.211907 0)
(0.263255 -0.317906 0)
(0.0684573 -1.04274 0)
(-0.370979 -1.84468 0)
(-0.801951 -2.92997 0)
(-1.51399 -3.87369 0)
(-1.67659 -4.78344 0)
(-2.06678 -3.81602 0)
(-2.56392e-264 -0.214494 0)
(-0.178865 1.23482 0)
(-0.427719 1.93507 0)
(-0.532464 2.2813 0)
(-0.507343 2.1405 0)
(-0.292972 2.02815 0)
(-0.0686016 1.8091 0)
(0.253519 1.63874 0)
(0.540072 1.44792 0)
(0.86474 1.26891 0)
(1.12599 1.07275 0)
(1.38584 0.843173 0)
(1.53937 0.578503 0)
(1.65612 0.229401 0)
(1.59328 -0.171808 0)
(1.45682 -0.723512 0)
(1.02744 -1.34551 0)
(0.507157 -2.22578 0)
(-0.403747 -3.17757 0)
(-1.11494 -4.22711 0)
(-1.84782 -4.50466 0)
(-0.857976 -2.30762 0)
(-0.400053 1.41698 0)
(-0.728579 1.98292 0)
(-0.532344 2.17687 0)
(-0.266448 1.89629 0)
(0.271504 1.69926 0)
(0.716273 1.44247 0)
(1.25262 1.25595 0)
(1.69349 1.07365 0)
(2.15599 0.916585 0)
(2.52179 0.759686 0)
(2.87691 0.588231 0)
(3.10231 0.401855 0)
(3.29372 0.161395 0)
(3.27723 -0.102933 0)
(3.21015 -0.473189 0)
(2.7951 -0.872841 0)
(2.33327 -1.49913 0)
(1.3228 -2.22155 0)
(0.430299 -3.34373 0)
(-0.718476 -3.99544 0)
(-0.699436 -2.96217 0)
(-0.255986 2.42532 0)
(-0.100109 2.06202 0)
(0.685396 1.86971 0)
(1.32598 1.32883 0)
(2.13139 1.06582 0)
(2.74573 0.821232 0)
(3.38629 0.66775 0)
(3.88718 0.54041 0)
(4.37768 0.441072 0)
(4.75378 0.351482 0)
(5.10652 0.260985 0)
(5.3287 0.166923 0)
(5.51756 0.0510798 0)
(5.51356 -0.0754361 0)
(5.47267 -0.251241 0)
(5.11786 -0.446964 0)
(4.73746 -0.78451 0)
(3.81341 -1.24209 0)
(2.85546 -2.25347 0)
(1.08728 -3.32903 0)
(-0.0452257 -3.79969 0)
(1.66824 1.67053 0)
(2.70711 0.975708 0)
(4.54931 0.74892 0)
(5.38701 0.42348 0)
(6.25041 0.285318 0)
(6.7547 0.176528 0)
(7.22763 0.119736 0)
(7.54491 0.0797124 0)
(7.83811 0.0538871 0)
(8.03815 0.0340553 0)
(8.22027 0.016448 0)
(8.31245 -0.000242566 0)
(8.38981 -0.0210397 0)
(8.33851 -0.0419015 0)
(8.2838 -0.0776084 0)
(8.00252 -0.111207 0)
(7.75031 -0.20111 0)
(6.99805 -0.294203 0)
(6.26421 -0.626483 0)
(4.04678 -0.998543 0)
(2.0067 -1.81946 0)
)
;

boundaryField
{
    movingWall
    {
        type            fixedValue;
        value           uniform (10 0 0);
    }
    fixedWalls
    {
        type            noSlip;
    }
    frontAndBack
    {
        type            empty;
    }
}


// ************************************************************************* //
