/*--------------------------------*- C++ -*----------------------------------*\
| =========                 |                                                 |
| \\      /  F ield         | OpenFOAM: The Open Source CFD Toolbox           |
|  \\    /   O peration     | Version:  4.1                                   |
|   \\  /    A nd           | Web:      www.OpenFOAM.org                      |
|    \\/     M anipulation  |                                                 |
\*---------------------------------------------------------------------------*/
FoamFile
{
    version     2.0;
    format      ascii;
    class       volVectorField;
    location    "0.106";
    object      U;
}
// * * * * * * * * * * * * * * * * * * * * * * * * * * * * * * * * * * * * * //

dimensions      [0 1 -1 0 0 0 0];

internalField   nonuniform List<vector> 
441
(
(0.00386061 -0.00492362 0)
(0.0101351 -0.00254126 0)
(-0.000635315 -2.22583e-165 0)
(0.00203214 -3.46694e-266 0)
(-0.0083775 -0.00812878 0)
(-0.00203214 -3.14846e-232 0)
(-1.1644e-202 -5.83705e-203 0)
(-1.45922e-203 -7.66578e-228 0)
(-1.77642e-212 -3.34744e-213 0)
(-0.00634322 9.39909e-266 0)
(-0.0778246 0.0253734 0)
(-0.0975182 0.0132184 0)
(-0.109468 0.0059977 0)
(-0.0957718 0.000326532 0)
(-0.078154 -0.00177495 0)
(-0.0512872 -0.0031375 0)
(-0.0283257 -0.00220175 0)
(-0.00818337 -0.00156185 0)
(0.00372106 0.000869415 0)
(0.00502403 0.00165399 0)
(0.004689 0.00310388 0)
(0.00403081 -0.00888969 0)
(-0.000604569 0.00695563 0)
(-0.0278104 0.00877224 0)
(-0.0608368 0.0108856 0)
(-0.110291 0.0112779 0)
(-0.157346 -0.00311401 0)
(-0.201769 -0.000118513 0)
(-0.244592 0.00174514 0)
(-0.282542 0.0137135 0)
(-0.32056 0.0693084 0)
(-0.346034 0.0635205 0)
(-0.339429 0.0188696 0)
(-0.32288 -0.008397 0)
(-0.277898 -0.0324549 0)
(-0.22526 -0.0429322 0)
(-0.159615 -0.0480476 0)
(-0.100643 -0.0407409 0)
(-0.0487688 -0.0317817 0)
(-0.0143116 -0.0135455 0)
(-0.000385637 -0.00333813 0)
(0.00511434 0.00683764 0)
(0.00793407 -0.00884827 0)
(-0.00515371 0.028913 0)
(-0.0558852 0.0588251 0)
(-0.125262 0.0798177 0)
(-0.210478 0.0871591 0)
(-0.298754 0.0871799 0)
(-0.393825 0.0842106 0)
(-0.471488 0.0781543 0)
(-0.547382 0.0730449 0)
(-0.584425 0.0682507 0)
(-0.57972 0.0452005 0)
(-0.559831 -0.00862432 0)
(-0.51989 -0.0548336 0)
(-0.450562 -0.0970708 0)
(-0.368229 -0.119068 0)
(-0.269483 -0.12804 0)
(-0.178329 -0.11184 0)
(-0.0956483 -0.088422 0)
(-0.0380106 -0.046397 0)
(-0.00763058 -0.0182273 0)
(0.00655364 0.00820644 0)
(0.00653722 -0.0120364 0)
(-0.0171264 0.0726026 0)
(-0.101398 0.128804 0)
(-0.201327 0.168023 0)
(-0.319324 0.185135 0)
(-0.438329 0.183102 0)
(-0.55566 0.17443 0)
(-0.657294 0.156268 0)
(-0.740559 0.129249 0)
(-0.789235 0.0988402 0)
(-0.798122 0.0386354 0)
(-0.772135 -0.0421387 0)
(-0.718465 -0.117864 0)
(-0.627358 -0.185353 0)
(-0.518388 -0.223881 0)
(-0.387209 -0.239545 0)
(-0.263746 -0.214023 0)
(-0.148097 -0.173823 0)
(-0.0651669 -0.100664 0)
(-0.0158524 -0.049306 0)
(0.00813642 0.00615173 0)
(7.16817e-165 0.00163431 0)
(-0.0261243 0.136378 0)
(-0.148031 0.242202 0)
(-0.273337 0.296204 0)
(-0.422416 0.32297 0)
(-0.567463 0.321545 0)
(-0.711696 0.301743 0)
(-0.833797 0.261864 0)
(-0.934622 0.204179 0)
(-0.993649 0.126563 0)
(-1.01035 0.0285081 0)
(-0.985375 -0.0880057 0)
(-0.923435 -0.198842 0)
(-0.815642 -0.297529 0)
(-0.68252 -0.358134 0)
(-0.517509 -0.383636 0)
(-0.359364 -0.349446 0)
(-0.203797 -0.28818 0)
(-0.0928005 -0.176892 0)
(-0.0189322 -0.0924418 0)
(0.0147509 0.00127256 0)
(-5.80813e-266 0.00604495 0)
(-0.0940052 0.225606 0)
(-0.207016 0.373859 0)
(-0.357545 0.444319 0)
(-0.520781 0.479065 0)
(-0.687858 0.473481 0)
(-0.848921 0.441401 0)
(-0.990655 0.379459 0)
(-1.10687 0.290037 0)
(-1.18345 0.173763 0)
(-1.21773 0.0306682 0)
(-1.20121 -0.130128 0)
(-1.14021 -0.287366 0)
(-1.02113 -0.427985 0)
(-0.867365 -0.521602 0)
(-0.667658 -0.565311 0)
(-0.471004 -0.526692 0)
(-0.268963 -0.443651 0)
(-0.124416 -0.28349 0)
(-0.0220041 -0.160147 0)
(0.016139 0.00336517 0)
(-0.0241798 0.0989676 0)
(-0.131105 0.339655 0)
(-0.260933 0.506095 0)
(-0.426231 0.608004 0)
(-0.608977 0.652354 0)
(-0.794832 0.64809 0)
(-0.976417 0.603614 0)
(-1.13825 0.518793 0)
(-1.27555 0.396685 0)
(-1.37282 0.237167 0)
(-1.42744 0.0467568 0)
(-1.42615 -0.165861 0)
(-1.37327 -0.377919 0)
(-1.2499 -0.571397 0)
(-1.08059 -0.710159 0)
(-0.845733 -0.782022 0)
(-0.608364 -0.745859 0)
(-0.346629 -0.637363 0)
(-0.16584 -0.420522 0)
(-0.00869942 -0.234909 0)
(6.01817e-266 -0.00403475 0)
(-0.0178677 0.163865 0)
(-0.125444 0.463543 0)
(-0.284286 0.669485 0)
(-0.470344 0.79312 0)
(-0.672972 0.847815 0)
(-0.877763 0.841168 0)
(-1.07749 0.785084 0)
(-1.26006 0.678431 0)
(-1.41927 0.525032 0)
(-1.54171 0.325079 0)
(-1.6227 0.0844457 0)
(-1.64478 -0.18541 0)
(-1.60997 -0.463096 0)
(-1.49242 -0.723003 0)
(-1.31604 -0.925107 0)
(-1.0513 -1.0419 0)
(-0.771564 -1.02419 0)
(-0.445415 -0.892761 0)
(-0.214499 -0.616733 0)
(-0.0039261 -0.335706 0)
(2.6656e-24 -1.03824e-24 0)
(-0.0158338 0.238449 0)
(-0.128477 0.60411 0)
(-0.303572 0.849239 0)
(-0.503798 0.994693 0)
(-0.721903 1.05831 0)
(-0.94101 1.05086 0)
(-1.15643 0.984883 0)
(-1.35714 0.859329 0)
(-1.53782 0.678037 0)
(-1.68607 0.439919 0)
(-1.79599 0.150425 0)
(-1.84802 -0.179152 0)
(-1.84068 -0.528803 0)
(-1.74157 -0.866726 0)
(-1.57126 -1.14908 0)
(-1.2875 -1.32993 0)
(-0.971196 -1.34808 0)
(-0.576481 -1.20007 0)
(-0.286262 -0.854041 0)
(-0.00512449 -0.457671 0)
(1.0813e-76 -6.66399e-25 0)
(-0.0136089 0.308707 0)
(-0.124595 0.753008 0)
(-0.307611 1.04546 0)
(-0.514821 1.21197 0)
(-0.740974 1.28536 0)
(-0.96788 1.27557 0)
(-1.19187 1.20139 0)
(-1.405 1.05935 0)
(-1.60189 0.854134 0)
(-1.77334 0.582525 0)
(-1.91203 0.246766 0)
(-1.99836 -0.141898 0)
(-2.0273 -0.568815 0)
(-1.96076 -0.995122 0)
(-1.81345 -1.37828 0)
(-1.52878 -1.64817 0)
(-1.18789 -1.7337 0)
(-0.728198 -1.58846 0)
(-0.370971 -1.18232 0)
(-0.00746397 -0.637815 0)
(3.00094e-164 -2.70325e-77 0)
(-0.0133781 0.373081 0)
(-0.123575 0.896302 0)
(-0.309417 1.23704 0)
(-0.517028 1.42568 0)
(-0.742421 1.50955 0)
(-0.967639 1.49964 0)
(-1.18948 1.42082 0)
(-1.4044 1.26782 0)
(-1.60676 1.04596 0)
(-1.79282 0.749226 0)
(-1.9538 0.37611 0)
(-2.07403 -0.0642518 0)
(-2.1442 -0.564278 0)
(-2.12465 -1.0815 0)
(-2.02094 -1.57753 0)
(-1.76275 -1.95944 0)
(-1.42273 -2.14362 0)
(-0.918372 -2.02568 0)
(-0.495896 -1.56278 0)
(-0.0828509 -0.842373 0)
(1.80218e-265 0.0134514 0)
(-0.013606 0.446528 0)
(-0.117876 1.05122 0)
(-0.298177 1.44036 0)
(-0.496158 1.64563 0)
(-0.708824 1.73708 0)
(-0.91968 1.72257 0)
(-1.12509 1.6388 0)
(-1.32718 1.47621 0)
(-1.51962 1.24279 0)
(-1.70602 0.928917 0)
(-1.87686 0.528153 0)
(-2.02346 0.0475865 0)
(-2.13396 -0.517447 0)
(-2.17084 -1.12052 0)
(-2.13022 -1.7388 0)
(-1.92918 -2.253 0)
(-1.62046 -2.57672 0)
(-1.09207 -2.52999 0)
(-0.592297 -2.01187 0)
(-0.0767739 -1.15387 0)
(0.0538054 -0.0786156 0)
(-0.0165608 0.50016 0)
(-0.118576 1.17791 0)
(-0.294364 1.6124 0)
(-0.47778 1.83301 0)
(-0.666186 1.93128 0)
(-0.848793 1.91335 0)
(-1.01905 1.82743 0)
(-1.18934 1.6609 0)
(-1.35 1.42466 0)
(-1.51663 1.10608 0)
(-1.67669 0.694435 0)
(-1.83536 0.19344 0)
(-1.97578 -0.414051 0)
(-2.0733 -1.08428 0)
(-2.1106 -1.81353 0)
(-2.00041 -2.47084 0)
(-1.77122 -2.97383 0)
(-1.24526 -3.06288 0)
(-0.718527 -2.57167 0)
(0.0443135 -1.49586 0)
(2.48757e-231 -0.0134514 0)
(-0.0207825 0.584671 0)
(-0.117664 1.33209 0)
(-0.281625 1.80349 0)
(-0.440027 2.01861 0)
(-0.590272 2.11136 0)
(-0.728959 2.07592 0)
(-0.846084 1.98148 0)
(-0.964919 1.80743 0)
(-1.0721 1.57105 0)
(-1.19562 1.25585 0)
(-1.32076 0.847046 0)
(-1.46791 0.346905 0)
(-1.61922 -0.279348 0)
(-1.76754 -0.985932 0)
(-1.88998 -1.8104 0)
(-1.90594 -2.59638 0)
(-1.81462 -3.32996 0)
(-1.39819 -3.60092 0)
(-0.892634 -3.29464 0)
(-0.00285743 -1.91063 0)
(5.84272e-202 4.5926e-184 0)
(-0.0364924 0.631773 0)
(-0.146165 1.43272 0)
(-0.308798 1.93114 0)
(-0.441109 2.13631 0)
(-0.53629 2.21886 0)
(-0.613539 2.16598 0)
(-0.651633 2.06341 0)
(-0.695761 1.88597 0)
(-0.721793 1.65616 0)
(-0.777178 1.35578 0)
(-0.837899 0.968368 0)
(-0.948807 0.494721 0)
(-1.08042 -0.110929 0)
(-1.26577 -0.809247 0)
(-1.45627 -1.66681 0)
(-1.63144 -2.54262 0)
(-1.71187 -3.46469 0)
(-1.51573 -3.99325 0)
(-1.10438 -3.94317 0)
(-0.0115353 -2.41902 0)
(1.83704e-183 -1.63445e-184 0)
(-0.0550119 0.775621 0)
(-0.178971 1.60873 0)
(-0.330543 2.10809 0)
(-0.423937 2.24761 0)
(-0.448297 2.29116 0)
(-0.447161 2.19216 0)
(-0.389403 2.0682 0)
(-0.340236 1.87862 0)
(-0.266105 1.65456 0)
(-0.230492 1.37361 0)
(-0.202065 1.01891 0)
(-0.244251 0.592055 0)
(-0.322928 0.0361692 0)
(-0.501224 -0.606474 0)
(-0.731811 -1.44771 0)
(-1.04103 -2.33708 0)
(-1.34517 -3.45017 0)
(-1.47765 -4.2149 0)
(-1.38914 -4.81541 0)
(-0.466833 -3.06231 0)
(4.40371e-254 -4.5926e-184 0)
(-0.120904 0.852152 0)
(-0.312722 1.69521 0)
(-0.455634 2.17127 0)
(-0.499493 2.24451 0)
(-0.404904 2.24155 0)
(-0.292048 2.10226 0)
(-0.0955373 1.95763 0)
(0.0760295 1.76184 0)
(0.280339 1.54821 0)
(0.428181 1.29441 0)
(0.570019 0.9846 0)
(0.613692 0.621765 0)
(0.619257 0.149892 0)
(0.463006 -0.390907 0)
(0.247838 -1.11902 0)
(-0.217753 -1.91825 0)
(-0.678586 -3.00198 0)
(-1.43281 -3.94806 0)
(-1.63465 -4.86281 0)
(-2.075 -3.88439 0)
(-2.59993e-264 -0.216417 0)
(-0.177679 1.23109 0)
(-0.412018 1.94788 0)
(-0.490976 2.31738 0)
(-0.435341 2.19706 0)
(-0.187416 2.09753 0)
(0.0690227 1.88229 0)
(0.420261 1.7067 0)
(0.729904 1.50284 0)
(1.07062 1.30465 0)
(1.33941 1.08589 0)
(1.59858 0.833083 0)
(1.74365 0.54798 0)
(1.84617 0.18359 0)
(1.76472 -0.225563 0)
(1.60805 -0.777974 0)
(1.15654 -1.39452 0)
(0.613767 -2.26703 0)
(-0.325858 -3.21497 0)
(-1.06833 -4.26412 0)
(-1.83931 -4.54566 0)
(-0.86567 -2.3194 0)
(-0.40072 1.40776 0)
(-0.724495 1.97987 0)
(-0.513455 2.18886 0)
(-0.226332 1.92386 0)
(0.338065 1.73804 0)
(0.810157 1.48642 0)
(1.37293 1.29866 0)
(1.83592 1.1094 0)
(2.31473 0.940762 0)
(2.6891 0.769542 0)
(3.04482 0.582948 0)
(3.26287 0.383018 0)
(3.44076 0.132342 0)
(3.40607 -0.137229 0)
(3.31933 -0.507482 0)
(2.8842 -0.902346 0)
(2.40504 -1.52093 0)
(1.3768 -2.23688 0)
(0.467172 -3.35542 0)
(-0.703072 -4.0088 0)
(-0.701849 -2.96456 0)
(-0.257909 2.41831 0)
(-0.106111 2.05526 0)
(0.68195 1.86951 0)
(1.33238 1.33713 0)
(2.15437 1.08088 0)
(2.78866 0.840042 0)
(3.45041 0.686803 0)
(3.97031 0.556636 0)
(4.47572 0.451981 0)
(4.86045 0.35562 0)
(5.21497 0.257958 0)
(5.43179 0.157564 0)
(5.60959 0.0372084 0)
(5.59025 -0.0912902 0)
(5.53271 -0.266238 0)
(5.16164 -0.458878 0)
(4.76835 -0.791471 0)
(3.83429 -1.24505 0)
(2.86937 -2.2532 0)
(1.09373 -3.33054 0)
(-0.0466252 -3.79859 0)
(1.66663 1.66897 0)
(2.70043 0.973995 0)
(4.53958 0.748062 0)
(5.37909 0.424008 0)
(6.24907 0.287005 0)
(6.763 0.178836 0)
(7.2469 0.122013 0)
(7.5742 0.0814413 0)
(7.8751 0.0546664 0)
(8.0791 0.0337363 0)
(8.26118 0.0150678 0)
(8.34921 -0.00239523 0)
(8.4195 -0.0235595 0)
(8.35911 -0.044259 0)
(8.29553 -0.0793447 0)
(8.00638 -0.11198 0)
(7.74948 -0.200768 0)
(6.99502 -0.293024 0)
(6.26177 -0.624704 0)
(4.04554 -0.996944 0)
(2.00477 -1.81744 0)
)
;

boundaryField
{
    movingWall
    {
        type            fixedValue;
        value           uniform (10 0 0);
    }
    fixedWalls
    {
        type            noSlip;
    }
    frontAndBack
    {
        type            empty;
    }
}


// ************************************************************************* //
