/*--------------------------------*- C++ -*----------------------------------*\
| =========                 |                                                 |
| \\      /  F ield         | OpenFOAM: The Open Source CFD Toolbox           |
|  \\    /   O peration     | Version:  4.1                                   |
|   \\  /    A nd           | Web:      www.OpenFOAM.org                      |
|    \\/     M anipulation  |                                                 |
\*---------------------------------------------------------------------------*/
FoamFile
{
    version     2.0;
    format      ascii;
    class       volVectorField;
    location    "0.0681";
    object      U;
}
// * * * * * * * * * * * * * * * * * * * * * * * * * * * * * * * * * * * * * //

dimensions      [0 1 -1 0 0 0 0];

internalField   nonuniform List<vector> 
441
(
(0.00355526 -0.00469695 0)
(0.0092169 -0.00254313 0)
(-0.000635787 -2.18764e-165 0)
(0.00185718 -3.10818e-266 0)
(-0.00846125 -0.00742926 0)
(-0.00185718 -2.91505e-232 0)
(-1.11196e-202 -5.21327e-203 0)
(-1.30318e-203 -6.80559e-228 0)
(-1.63144e-212 -2.9547e-213 0)
(-0.00581785 8.65966e-266 0)
(-0.0710318 0.0232732 0)
(-0.0895661 0.0122564 0)
(-0.101389 0.00569202 0)
(-0.0899475 0.000513371 0)
(-0.0749485 -0.00144266 0)
(-0.0510304 -0.00280883 0)
(-0.0301816 -0.00207149 0)
(-0.01112 -0.00164881 0)
(0.00094396 0.00053242 0)
(0.00349971 0.00125847 0)
(0.004334 0.00280348 0)
(0.00357117 -0.0078856 0)
(-0.00141809 0.00667733 0)
(-0.0270957 0.0081384 0)
(-0.0575962 0.0105852 0)
(-0.102808 0.0103072 0)
(-0.145012 -0.00352886 0)
(-0.184521 -0.000230317 0)
(-0.222305 0.00153122 0)
(-0.255803 0.0124572 0)
(-0.289719 0.0631892 0)
(-0.31309 0.0584291 0)
(-0.308142 0.0184915 0)
(-0.295145 -0.0058521 0)
(-0.256515 -0.0277034 0)
(-0.210941 -0.0376131 0)
(-0.152601 -0.0432268 0)
(-0.0993427 -0.0376448 0)
(-0.051059 -0.0307319 0)
(-0.0176317 -0.0146458 0)
(-0.0024913 -0.00538329 0)
(0.00463002 0.00525277 0)
(0.00715785 -0.00736875 0)
(-0.00532979 0.0277372 0)
(-0.0524695 0.054801 0)
(-0.115727 0.0732944 0)
(-0.192484 0.0788635 0)
(-0.271691 0.0777462 0)
(-0.356381 0.0745824 0)
(-0.424728 0.0689514 0)
(-0.492012 0.0648331 0)
(-0.524779 0.0616641 0)
(-0.521077 0.0426039 0)
(-0.504734 -0.00450056 0)
(-0.47138 -0.0452605 0)
(-0.411562 -0.08351 0)
(-0.339918 -0.1044 0)
(-0.252156 -0.114696 0)
(-0.17014 -0.102442 0)
(-0.0939766 -0.0838745 0)
(-0.0394655 -0.0469392 0)
(-0.00918163 -0.021441 0)
(0.00603758 0.00535378 0)
(0.00614729 -0.0100031 0)
(-0.0152305 0.0680073 0)
(-0.0920956 0.118538 0)
(-0.182215 0.152923 0)
(-0.287997 0.166632 0)
(-0.394065 0.163036 0)
(-0.498212 0.154439 0)
(-0.588072 0.138023 0)
(-0.662072 0.114835 0)
(-0.705808 0.0896308 0)
(-0.715026 0.0381297 0)
(-0.693723 -0.0323141 0)
(-0.64849 -0.0991675 0)
(-0.569359 -0.160324 0)
(-0.473969 -0.196842 0)
(-0.357056 -0.214515 0)
(-0.246059 -0.195261 0)
(-0.140199 -0.163071 0)
(-0.0630964 -0.0985721 0)
(-0.0159337 -0.0522694 0)
(0.00775671 0.00248973 0)
(6.62777e-165 0.00153682 0)
(-0.022897 0.125536 0)
(-0.132937 0.221012 0)
(-0.245067 0.267796 0)
(-0.378202 0.28965 0)
(-0.507261 0.286179 0)
(-0.635509 0.267334 0)
(-0.744001 0.231756 0)
(-0.83434 0.181881 0)
(-0.888069 0.115304 0)
(-0.905052 0.0309355 0)
(-0.885222 -0.0707895 0)
(-0.832872 -0.168859 0)
(-0.738689 -0.258381 0)
(-0.621402 -0.315615 0)
(-0.473583 -0.343489 0)
(-0.331171 -0.31781 0)
(-0.188983 -0.267956 0)
(-0.0868112 -0.169497 0)
(-0.0175616 -0.0931655 0)
(0.014356 -0.00202534 0)
(-5.37932e-266 0.0055139 0)
(-0.0848953 0.205561 0)
(-0.185371 0.338788 0)
(-0.319748 0.399996 0)
(-0.465193 0.428716 0)
(-0.614133 0.421405 0)
(-0.757935 0.391802 0)
(-0.884983 0.337106 0)
(-0.990243 0.259762 0)
(-1.06094 0.159566 0)
(-1.09477 0.0355764 0)
(-1.08318 -0.105512 0)
(-1.03184 -0.245448 0)
(-0.927038 -0.373404 0)
(-0.790378 -0.461487 0)
(-0.61013 -0.507205 0)
(-0.43206 -0.478803 0)
(-0.246984 -0.410566 0)
(-0.114261 -0.268022 0)
(-0.0187502 -0.156654 0)
(0.0161225 0.00057127 0)
(-0.0220556 0.089589 0)
(-0.118189 0.30742 0)
(-0.234029 0.45624 0)
(-0.381919 0.545833 0)
(-0.545612 0.583248 0)
(-0.712415 0.577497 0)
(-0.876052 0.537398 0)
(-1.02284 0.463153 0)
(-1.14887 0.357616 0)
(-1.23991 0.219583 0)
(-1.29345 0.053662 0)
(-1.29638 -0.134042 0)
(-1.25244 -0.324 0)
(-1.14289 -0.500771 0)
(-0.990741 -0.631056 0)
(-0.776499 -0.703664 0)
(-0.559761 -0.678678 0)
(-0.318486 -0.588184 0)
(-0.152533 -0.394492 0)
(-0.00590555 -0.225385 0)
(5.89765e-266 -0.00403063 0)
(-0.016223 0.148164 0)
(-0.113045 0.41868 0)
(-0.256203 0.603088 0)
(-0.424151 0.712364 0)
(-0.607489 0.759465 0)
(-0.793394 0.752146 0)
(-0.975732 0.70255 0)
(-1.14383 0.609803 0)
(-1.29227 0.477247 0)
(-1.40848 0.303579 0)
(-1.48779 0.0924599 0)
(-1.51298 -0.14761 0)
(-1.48549 -0.398432 0)
(-1.38 -0.63732 0)
(-1.21912 -0.827186 0)
(-0.974387 -0.942303 0)
(-0.715653 -0.935163 0)
(-0.412579 -0.824085 0)
(-0.198871 -0.575996 0)
(-0.00332987 -0.318658 0)
(2.51367e-24 -1.11871e-24 0)
(-0.014414 0.21535 0)
(-0.116949 0.545573 0)
(-0.276978 0.765775 0)
(-0.460199 0.895302 0)
(-0.660445 0.951208 0)
(-0.862442 0.944156 0)
(-1.06237 0.88694 0)
(-1.25046 0.778539 0)
(-1.42183 0.622011 0)
(-1.56466 0.414451 0)
(-1.67279 0.15874 0)
(-1.72679 -0.136899 0)
(-1.72455 -0.45557 0)
(-1.63441 -0.768447 0)
(-1.47605 -1.0345 0)
(-1.20909 -1.21031 0)
(-0.911637 -1.23684 0)
(-0.539952 -1.11022 0)
(-0.268149 -0.796092 0)
(-0.00479549 -0.432007 0)
(1.02696e-76 -6.28418e-25 0)
(-0.0126222 0.280127 0)
(-0.115589 0.682943 0)
(-0.286037 0.947088 0)
(-0.479145 1.09642 0)
(-0.690637 1.16215 0)
(-0.903838 1.15403 0)
(-1.11582 1.09081 0)
(-1.31956 0.968812 0)
(-1.50985 0.791601 0)
(-1.67767 0.553796 0)
(-1.81516 0.254887 0)
(-1.90259 -0.0970584 0)
(-1.93412 -0.490191 0)
(-1.87248 -0.888476 0)
(-1.7318 -1.25168 0)
(-1.45818 -1.51267 0)
(-1.13093 -1.60278 0)
(-0.69116 -1.47783 0)
(-0.351262 -1.10555 0)
(-0.00676257 -0.601969 0)
(2.8615e-164 -2.5674e-77 0)
(-0.0128251 0.340178 0)
(-0.118056 0.817251 0)
(-0.295663 1.12705 0)
(-0.493881 1.29765 0)
(-0.709613 1.37421 0)
(-0.926181 1.36731 0)
(-1.14099 1.30155 0)
(-1.35109 1.17106 0)
(-1.55073 0.979683 0)
(-1.73598 0.71888 0)
(-1.89715 0.38421 0)
(-2.01813 -0.0183846 0)
(-2.08859 -0.483712 0)
(-2.06946 -0.971736 0)
(-1.96594 -1.44547 0)
(-1.7108 -1.81499 0)
(-1.37629 -1.99896 0)
(-0.884613 -1.89809 0)
(-0.475795 -1.46889 0)
(-0.0782562 -0.796279 0)
(1.76204e-265 0.0130896 0)
(-0.0135942 0.411924 0)
(-0.116941 0.967951 0)
(-0.294813 1.32441 0)
(-0.489611 1.51107 0)
(-0.699067 1.5956 0)
(-0.90758 1.58534 0)
(-1.112 1.51633 0)
(-1.3147 1.37806 0)
(-1.50899 1.1766 0)
(-1.69794 0.899439 0)
(-1.87091 0.537052 0)
(-2.01843 0.0933152 0)
(-2.12744 -0.438357 0)
(-2.1606 -1.0134 0)
(-2.11378 -1.60927 0)
(-1.90705 -2.10892 0)
(-1.59411 -2.42784 0)
(-1.06891 -2.39262 0)
(-0.576667 -1.90609 0)
(-0.0748153 -1.09738 0)
(0.0523586 -0.0739784 0)
(-0.0171162 0.466345 0)
(-0.122729 1.09553 0)
(-0.302755 1.49682 0)
(-0.490121 1.6986 0)
(-0.68265 1.79036 0)
(-0.869875 1.77766 0)
(-1.04558 1.70769 0)
(-1.22199 1.56648 0)
(-1.38895 1.36261 0)
(-1.56125 1.08023 0)
(-1.72527 0.70538 0)
(-1.88519 0.238532 0)
(-2.02294 -0.338968 0)
(-2.11361 -0.984652 0)
(-2.13946 -1.69372 0)
(-2.0158 -2.33647 0)
(-1.77232 -2.83056 0)
(-1.23881 -2.92439 0)
(-0.709688 -2.45653 0)
(0.041146 -1.43235 0)
(2.41674e-231 -0.0130896 0)
(-0.0219046 0.554705 0)
(-0.126958 1.25665 0)
(-0.301974 1.69567 0)
(-0.471645 1.89207 0)
(-0.633424 1.97851 0)
(-0.783518 1.94863 0)
(-0.912015 1.87042 0)
(-1.04162 1.7215 0)
(-1.15842 1.51661 0)
(-1.28951 1.23575 0)
(-1.41941 0.860891 0)
(-1.56757 0.390952 0)
(-1.71527 -0.210064 0)
(-1.85474 -0.897353 0)
(-1.96263 -1.70618 0)
(-1.95943 -2.48032 0)
(-1.84605 -3.20354 0)
(-1.41031 -3.47342 0)
(-0.891767 -3.17986 0)
(-0.00322804 -1.84436 0)
(5.7773e-202 4.56565e-184 0)
(-0.0380669 0.608234 0)
(-0.159784 1.36954 0)
(-0.33948 1.83774 0)
(-0.489621 2.0246 0)
(-0.602965 2.10073 0)
(-0.697421 2.05291 0)
(-0.751561 1.96563 0)
(-0.80955 1.81174 0)
(-0.846761 1.61109 0)
(-0.909825 1.34201 0)
(-0.974434 0.984815 0)
(-1.08495 0.53697 0)
(-1.21171 -0.0485383 0)
(-1.38715 -0.733233 0)
(-1.56231 -1.58101 0)
(-1.71641 -2.44974 0)
(-1.7711 -3.36336 0)
(-1.548 -3.88736 0)
(-1.11392 -3.8403 0)
(-0.011259 -2.35427 0)
(1.82626e-183 -8.83773e-185 0)
(-0.0568364 0.760638 0)
(-0.195252 1.56238 0)
(-0.367981 2.035 0)
(-0.483963 2.15698 0)
(-0.531332 2.19353 0)
(-0.55146 2.09802 0)
(-0.512636 1.98689 0)
(-0.478649 1.81757 0)
(-0.41552 1.61878 0)
(-0.386062 1.36486 0)
(-0.359174 1.03603 0)
(-0.398371 0.630641 0)
(-0.470193 0.0905136 0)
(-0.637664 -0.543271 0)
(-0.853628 -1.37999 0)
(-1.14301 -2.26794 0)
(-1.4226 -3.3767 0)
(-1.52518 -4.13743 0)
(-1.40909 -4.73376 0)
(-0.464081 -3.00542 0)
(4.39236e-254 -4.56565e-184 0)
(-0.122572 0.846453 0)
(-0.328682 1.66759 0)
(-0.493705 2.12138 0)
(-0.561834 2.17831 0)
(-0.492357 2.16756 0)
(-0.402477 2.02934 0)
(-0.22597 1.89385 0)
(-0.0696361 1.7137 0)
(0.124587 1.52014 0)
(0.268132 1.28818 0)
(0.410895 0.999416 0)
(0.460299 0.654024 0)
(0.474987 0.194503 0)
(0.330885 -0.34036 0)
(0.129503 -1.06761 0)
(-0.318722 -1.86965 0)
(-0.759922 -2.95505 0)
(-1.48643 -3.8998 0)
(-1.66251 -4.81123 0)
(-2.06976 -3.8397 0)
(-2.57615e-264 -0.215156 0)
(-0.17855 1.23344 0)
(-0.423497 1.93787 0)
(-0.521154 2.29053 0)
(-0.487407 2.15587 0)
(-0.26318 2.04802 0)
(-0.0288943 1.83124 0)
(0.302797 1.66064 0)
(0.597587 1.46713 0)
(0.928679 1.28315 0)
(1.19385 1.0804 0)
(1.45497 0.843381 0)
(1.60704 0.571586 0)
(1.72008 0.216603 0)
(1.6517 -0.188262 0)
(1.50879 -0.741188 0)
(1.07203 -1.36212 0)
(0.544019 -2.24023 0)
(-0.37684 -3.19088 0)
(-1.09892 -4.24028 0)
(-1.84497 -4.51902 0)
(-0.860623 -2.31182 0)
(-0.400274 1.41421 0)
(-0.727722 1.98151 0)
(-0.527649 2.17949 0)
(-0.255989 1.90342 0)
(0.289479 1.71002 0)
(0.742424 1.4554 0)
(1.28716 1.26935 0)
(1.73559 1.08577 0)
(2.20427 0.925811 0)
(2.57407 0.764831 0)
(2.93072 0.588625 0)
(3.15498 0.397615 0)
(3.34296 0.153294 0)
(3.32114 -0.113417 0)
(3.24789 -0.484323 0)
(2.8262 -0.882873 0)
(2.35844 -1.50686 0)
(1.34176 -2.22715 0)
(0.44321 -3.34804 0)
(-0.71309 -4.00021 0)
(-0.700241 -2.96308 0)
(-0.256536 2.42333 0)
(-0.10199 2.0599 0)
(0.68389 1.86926 0)
(1.32689 1.33075 0)
(2.13676 1.06982 0)
(2.75679 0.826607 0)
(3.40379 0.67357 0)
(3.91086 0.545765 0)
(4.40666 0.445122 0)
(4.78637 0.353622 0)
(5.14069 0.260895 0)
(5.36212 0.164678 0)
(5.5482 0.0471179 0)
(5.53974 -0.0803602 0)
(5.49362 -0.256184 0)
(5.13343 -0.4511 0)
(4.74858 -0.78709 0)
(3.82095 -1.2433 0)
(2.86045 -2.25352 0)
(1.08958 -3.32961 0)
(-0.0456881 -3.79934 0)
(1.66781 1.67011 0)
(2.70522 0.975211 0)
(4.54638 0.748626 0)
(5.38434 0.423564 0)
(6.24938 0.28575 0)
(6.75632 0.177179 0)
(7.23247 0.120432 0)
(7.55293 0.0802973 0)
(7.8488 0.0542222 0)
(8.05052 0.0340654 0)
(8.23313 0.0161111 0)
(8.32445 -0.000863234 0)
(8.39989 -0.0218327 0)
(8.34583 -0.0426947 0)
(8.28824 -0.0782394 0)
(8.00427 -0.111536 0)
(7.75034 -0.20106 0)
(6.99718 -0.293846 0)
(6.26344 -0.625892 0)
(4.04637 -0.997989 0)
(2.00604 -1.81875 0)
)
;

boundaryField
{
    movingWall
    {
        type            fixedValue;
        value           uniform (10 0 0);
    }
    fixedWalls
    {
        type            noSlip;
    }
    frontAndBack
    {
        type            empty;
    }
}


// ************************************************************************* //
