/*--------------------------------*- C++ -*----------------------------------*\
| =========                 |                                                 |
| \\      /  F ield         | OpenFOAM: The Open Source CFD Toolbox           |
|  \\    /   O peration     | Version:  4.1                                   |
|   \\  /    A nd           | Web:      www.OpenFOAM.org                      |
|    \\/     M anipulation  |                                                 |
\*---------------------------------------------------------------------------*/
FoamFile
{
    version     2.0;
    format      ascii;
    class       volVectorField;
    location    "0.0456";
    object      U;
}
// * * * * * * * * * * * * * * * * * * * * * * * * * * * * * * * * * * * * * //

dimensions      [0 1 -1 0 0 0 0];

internalField   nonuniform List<vector> 
441
(
(0.00334182 -0.00457085 0)
(0.00849002 -0.00258964 0)
(-0.000647431 -2.18462e-165 0)
(0.00169302 -2.75132e-266 0)
(-0.008884 -0.00677266 0)
(-0.00169302 -2.69864e-232 0)
(-1.08396e-202 -4.50294e-203 0)
(-1.12556e-203 -5.74009e-228 0)
(-1.47307e-212 -2.42989e-213 0)
(-0.00521381 7.8508e-266 0)
(-0.0627126 0.0208576 0)
(-0.0794196 0.0111404 0)
(-0.0905795 0.00532723 0)
(-0.0815588 0.000775974 0)
(-0.0696811 -0.000965785 0)
(-0.0495954 -0.00229039 0)
(-0.0317031 -0.00179958 0)
(-0.0143453 -0.00165444 0)
(-0.00237803 0.000167577 0)
(0.00163872 0.000795383 0)
(0.00384644 0.00242593 0)
(0.00319462 -0.00706187 0)
(-0.00233382 0.00654987 0)
(-0.0271354 0.00771954 0)
(-0.0557761 0.0106163 0)
(-0.0973525 0.00939598 0)
(-0.134812 -0.00421171 0)
(-0.16901 -0.000422133 0)
(-0.200814 0.00127229 0)
(-0.228388 0.0109192 0)
(-0.256277 0.0556165 0)
(-0.275491 0.0515552 0)
(-0.270712 0.0170347 0)
(-0.26041 -0.00362548 0)
(-0.228483 -0.0223419 0)
(-0.191162 -0.0310512 0)
(-0.142059 -0.0368271 0)
(-0.0964378 -0.033224 0)
(-0.0532415 -0.0288495 0)
(-0.0215857 -0.0156839 0)
(-0.00507629 -0.00776303 0)
(0.0039625 0.0032722 0)
(0.00650274 -0.0059805 0)
(-0.00579042 0.027355 0)
(-0.0504906 0.0520722 0)
(-0.108762 0.0680411 0)
(-0.177841 0.0712301 0)
(-0.248153 0.0680122 0)
(-0.321551 0.063656 0)
(-0.37848 0.0574022 0)
(-0.433976 0.0533177 0)
(-0.458998 0.0510817 0)
(-0.453341 0.0361438 0)
(-0.438271 -0.00287394 0)
(-0.41043 -0.0362634 0)
(-0.360786 -0.0683228 0)
(-0.301828 -0.0864853 0)
(-0.228145 -0.0972862 0)
(-0.158385 -0.0895029 0)
(-0.0912827 -0.0769826 0)
(-0.0412959 -0.0469375 0)
(-0.0112213 -0.0251542 0)
(0.00527761 0.00177224 0)
(0.00590924 -0.00799604 0)
(-0.013629 0.0651422 0)
(-0.0845614 0.110763 0)
(-0.166051 0.140079 0)
(-0.260164 0.149118 0)
(-0.352767 0.141974 0)
(-0.441773 0.1313 0)
(-0.516475 0.114436 0)
(-0.576654 0.0934084 0)
(-0.610504 0.0725606 0)
(-0.615601 0.0305879 0)
(-0.595874 -0.0269091 0)
(-0.557823 -0.081218 0)
(-0.491884 -0.132002 0)
(-0.41321 -0.163478 0)
(-0.315248 -0.181651 0)
(-0.221483 -0.169526 0)
(-0.129457 -0.147502 0)
(-0.060601 -0.0949299 0)
(-0.0162238 -0.055676 0)
(0.00713101 -0.00230886 0)
(6.20806e-165 0.00147731 0)
(-0.0199466 0.11741 0)
(-0.119626 0.203759 0)
(-0.219297 0.242375 0)
(-0.33629 0.257003 0)
(-0.447643 0.248027 0)
(-0.556382 0.226298 0)
(-0.646011 0.191386 0)
(-0.719293 0.146801 0)
(-0.760886 0.0906617 0)
(-0.772139 0.0219333 0)
(-0.753446 -0.0604195 0)
(-0.709357 -0.139506 0)
(-0.630828 -0.213227 0)
(-0.534094 -0.262047 0)
(-0.41038 -0.289779 0)
(-0.290813 -0.273846 0)
(-0.168337 -0.238872 0)
(-0.0789959 -0.158529 0)
(-0.0159773 -0.0936835 0)
(0.0136408 -0.00649 0)
(-5.07361e-266 0.00507907 0)
(-0.0769371 0.189096 0)
(-0.165118 0.308375 0)
(-0.283164 0.358455 0)
(-0.409094 0.377412 0)
(-0.536437 0.363099 0)
(-0.657326 0.330257 0)
(-0.762145 0.277597 0)
(-0.847546 0.209043 0)
(-0.903385 0.124678 0)
(-0.928993 0.0234075 0)
(-0.917361 -0.09064 0)
(-0.874284 -0.203583 0)
(-0.786825 -0.308726 0)
(-0.673876 -0.383431 0)
(-0.522758 -0.427159 0)
(-0.373381 -0.410516 0)
(-0.214676 -0.362243 0)
(-0.0999882 -0.245434 0)
(-0.0142655 -0.151404 0)
(0.0160104 -0.00351918 0)
(-0.0203163 0.0815069 0)
(-0.106266 0.279215 0)
(-0.207418 0.410413 0)
(-0.336304 0.484721 0)
(-0.477493 0.50964 0)
(-0.619673 0.495016 0)
(-0.757306 0.451386 0)
(-0.878934 0.380839 0)
(-0.982243 0.287911 0)
(-1.05581 0.171906 0)
(-1.09874 0.0363989 0)
(-1.09997 -0.115399 0)
(-1.0635 -0.269066 0)
(-0.971843 -0.414421 0)
(-0.845387 -0.524636 0)
(-0.664416 -0.591854 0)
(-0.481837 -0.579676 0)
(-0.274384 -0.514419 0)
(-0.132426 -0.355853 0)
(-0.00183631 -0.21139 0)
(5.69715e-266 -0.00400261 0)
(-0.0147316 0.133972 0)
(-0.10049 0.377294 0)
(-0.226342 0.539052 0)
(-0.373175 0.629349 0)
(-0.531992 0.661147 0)
(-0.691348 0.643301 0)
(-0.845913 0.589925 0)
(-0.987045 0.502498 0)
(-1.11098 0.386351 0)
(-1.2078 0.240674 0)
(-1.27446 0.0679456 0)
(-1.29607 -0.126894 0)
(-1.27434 -0.331235 0)
(-1.18571 -0.528864 0)
(-1.05036 -0.69013 0)
(-0.840855 -0.794417 0)
(-0.619833 -0.798856 0)
(-0.357514 -0.717456 0)
(-0.173531 -0.513534 0)
(-0.00243148 -0.292888 0)
(2.26756e-24 -1.2819e-24 0)
(-0.0129605 0.193529 0)
(-0.10423 0.4891 0)
(-0.246476 0.68172 0)
(-0.408326 0.788732 0)
(-0.583934 0.826743 0)
(-0.75945 0.807565 0)
(-0.931774 0.746388 0)
(-1.0931 0.644938 0)
(-1.24003 0.508528 0)
(-1.36324 0.334826 0)
(-1.45792 0.125236 0)
(-1.50687 -0.116016 0)
(-1.50807 -0.37808 0)
(-1.43187 -0.639529 0)
(-1.29586 -0.867357 0)
(-1.06209 -1.0251 0)
(-0.802051 -1.05942 0)
(-0.474389 -0.965311 0)
(-0.236725 -0.70383 0)
(-0.00424083 -0.391846 0)
(9.33696e-77 -5.66889e-25 0)
(-0.011447 0.251866 0)
(-0.104514 0.612483 0)
(-0.258837 0.844024 0)
(-0.432574 0.967499 0)
(-0.621753 1.01288 0)
(-0.811111 0.991252 0)
(-0.998432 0.923961 0)
(-1.17845 0.810448 0)
(-1.3472 0.656719 0)
(-1.49769 0.457896 0)
(-1.62293 0.211826 0)
(-1.70488 -0.0779272 0)
(-1.73735 -0.405749 0)
(-1.68497 -0.743581 0)
(-1.56016 -1.05918 0)
(-1.31285 -1.29367 0)
(-1.01727 -1.38501 0)
(-0.619634 -1.29212 0)
(-0.314845 -0.978411 0)
(-0.0057563 -0.543595 0)
(2.61257e-164 -2.33424e-77 0)
(-0.0120186 0.306319 0)
(-0.110133 0.734816 0)
(-0.275694 1.00769 0)
(-0.459158 1.14956 0)
(-0.657794 1.20378 0)
(-0.856223 1.1824 0)
(-1.05256 1.11278 0)
(-1.24535 0.992345 0)
(-1.42966 0.827412 0)
(-1.6029 0.609731 0)
(-1.75552 0.332907 0)
(-1.87217 -0.00207543 0)
(-1.94147 -0.396248 0)
(-1.92571 -0.817661 0)
(-1.82866 -1.2364 0)
(-1.58786 -1.57142 0)
(-1.27293 -1.74789 0)
(-0.813661 -1.675 0)
(-0.436017 -1.30678 0)
(-0.0708599 -0.718436 0)
(1.65868e-265 0.012324 0)
(-0.013366 0.37503 0)
(-0.113961 0.878337 0)
(-0.28621 1.19465 0)
(-0.473467 1.35039 0)
(-0.673889 1.4112 0)
(-0.872956 1.38605 0)
(-1.06823 1.31376 0)
(-1.26312 1.18708 0)
(-1.45127 1.01436 0)
(-1.6362 0.782926 0)
(-1.80656 0.480937 0)
(-1.9525 0.106808 0)
(-2.05917 -0.352046 0)
(-2.08966 -0.858809 0)
(-2.03859 -1.39641 0)
(-1.83099 -1.85582 0)
(-1.52068 -2.15841 0)
(-1.01204 -2.1424 0)
(-0.541931 -1.71578 0)
(-0.0706036 -0.998073 0)
(0.0492959 -0.0668203 0)
(-0.0175941 0.429341 0)
(-0.125931 1.00474 0)
(-0.308527 1.36433 0)
(-0.497609 1.53397 0)
(-0.691436 1.60147 0)
(-0.880216 1.57415 0)
(-1.05835 1.50192 0)
(-1.23848 1.37374 0)
(-1.41021 1.20005 0)
(-1.58783 0.96426 0)
(-1.75625 0.649596 0)
(-1.91828 0.25064 0)
(-2.05351 -0.256957 0)
(-2.13652 -0.837823 0)
(-2.14802 -1.49042 0)
(-2.00801 -2.09134 0)
(-1.74728 -2.56086 0)
(-1.20998 -2.66209 0)
(-0.685073 -2.24164 0)
(0.0366196 -1.31607 0)
(2.28125e-231 -0.012324 0)
(-0.0231712 0.521447 0)
(-0.136953 1.17234 0)
(-0.323575 1.57015 0)
(-0.505238 1.73437 0)
(-0.679711 1.79688 0)
(-0.843268 1.75321 0)
(-0.986334 1.67383 0)
(-1.13127 1.5388 0)
(-1.26332 1.36417 0)
(-1.40823 1.1286 0)
(-1.54865 0.810866 0)
(-1.70211 0.403609 0)
(-1.84758 -0.134486 0)
(-1.97591 -0.765234 0)
(-2.06224 -1.52479 0)
(-2.02957 -2.26126 0)
(-1.88131 -2.95626 0)
(-1.41728 -3.22244 0)
(-0.881585 -2.9572 0)
(-0.00373136 -1.71854 0)
(5.61051e-202 4.48582e-184 0)
(-0.0400057 0.582342 0)
(-0.175788 1.29906 0)
(-0.375425 1.72867 0)
(-0.547233 1.88453 0)
(-0.684051 1.93778 0)
(-0.802948 1.87723 0)
(-0.88242 1.7895 0)
(-0.965345 1.64928 0)
(-1.02579 1.47724 0)
(-1.10834 1.24996 0)
(-1.18693 0.944372 0)
(-1.30391 0.551627 0)
(-1.42817 0.0195253 0)
(-1.59057 -0.619612 0)
(-1.74107 -1.42942 0)
(-1.85894 -2.26954 0)
(-1.8678 -3.15802 0)
(-1.59769 -3.67098 0)
(-1.12448 -3.63293 0)
(-0.0105524 -2.22682 0)
(1.79433e-183 4.2313e-185 0)
(-0.05915 0.74508 0)
(-0.214968 1.51205 0)
(-0.413382 1.95089 0)
(-0.558127 2.0443 0)
(-0.637019 2.05961 0)
(-0.689596 1.95219 0)
(-0.68353 1.84034 0)
(-0.680456 1.68278 0)
(-0.644751 1.50873 0)
(-0.636766 1.29076 0)
(-0.623919 1.00598 0)
(-0.668149 0.646755 0)
(-0.735718 0.150055 0)
(-0.88885 -0.44929 0)
(-1.08041 -1.25989 0)
(-1.33344 -2.13129 0)
(-1.56593 -3.22299 0)
(-1.61144 -3.97322 0)
(-1.44256 -4.5627 0)
(-0.457898 -2.88952 0)
(4.34937e-254 -4.48582e-184 0)
(-0.124644 0.842263 0)
(-0.34776 1.6401 0)
(-0.539584 2.06645 0)
(-0.638752 2.09836 0)
(-0.604074 2.06836 0)
(-0.549915 1.91874 0)
(-0.409156 1.78122 0)
(-0.285732 1.60942 0)
(-0.119826 1.43494 0)
(0.00278246 1.23132 0)
(0.133216 0.977644 0)
(0.180313 0.669036 0)
(0.201831 0.243569 0)
(0.0738546 -0.265761 0)
(-0.104589 -0.976913 0)
(-0.520003 -1.77286 0)
(-0.921706 -2.8541 0)
(-1.59192 -3.79363 0)
(-1.7155 -4.69877 0)
(-2.05704 -3.74555 0)
(-2.52905e-264 -0.212554 0)
(-0.179482 1.23867 0)
(-0.436159 1.93125 0)
(-0.555525 2.26406 0)
(-0.54886 2.10907 0)
(-0.356616 1.98462 0)
(-0.155943 1.75702 0)
(0.141532 1.58281 0)
(0.404681 1.39364 0)
(0.708548 1.22229 0)
(0.953884 1.03941 0)
(1.20395 0.82768 0)
(1.35516 0.582851 0)
(1.47668 0.252906 0)
(1.42532 -0.133494 0)
(1.30478 -0.676637 0)
(0.895642 -1.29742 0)
(0.397911 -2.18114 0)
(-0.483339 -3.13538 0)
(-1.16187 -4.18555 0)
(-1.85571 -4.46086 0)
(-0.850215 -2.29438 0)
(-0.399495 1.42339 0)
(-0.729633 1.98741 0)
(-0.540725 2.17328 0)
(-0.286598 1.88272 0)
(0.23507 1.67661 0)
(0.660933 1.41297 0)
(1.1764 1.22279 0)
(1.59656 1.04056 0)
(2.03999 0.887648 0)
(2.39071 0.738737 0)
(2.73617 0.578437 0)
(2.95891 0.404692 0)
(3.15457 0.176559 0)
(3.14905 -0.0782616 0)
(3.09709 -0.443372 0)
(2.70022 -0.843368 0)
(2.25592 -1.47458 0)
(1.26448 -2.20284 0)
(0.390847 -3.32914 0)
(-0.734897 -3.98036 0)
(-0.697248 -2.95901 0)
(-0.254787 2.42962 0)
(-0.0955722 2.06714 0)
(0.690039 1.87171 0)
(1.32638 1.3258 0)
(2.1228 1.05787 0)
(2.72465 0.809432 0)
(3.35 0.653796 0)
(3.83489 0.526235 0)
(4.31007 0.428755 0)
(4.67371 0.342908 0)
(5.01831 0.257638 0)
(5.23816 0.169439 0)
(5.43062 0.0591214 0)
(5.43599 -0.063361 0)
(5.40808 -0.237563 0)
(5.06825 -0.434326 0)
(4.70138 -0.775678 0)
(3.78886 -1.2373 0)
(2.83948 -2.25251 0)
(1.08003 -3.32703 0)
(-0.0439958 -3.80059 0)
(1.66909 1.67138 0)
(2.71122 0.976818 0)
(4.55612 0.749698 0)
(5.39393 0.423482 0)
(6.25439 0.284519 0)
(6.75319 0.175132 0)
(7.21877 0.118075 0)
(7.5281 0.0781327 0)
(7.81375 0.0527449 0)
(8.00803 0.0336166 0)
(8.18694 0.0168928 0)
(8.27935 0.0010562 0)
(8.3601 -0.0190617 0)
(8.31523 -0.0396665 0)
(8.26815 -0.0755836 0)
(7.99487 -0.10991 0)
(7.74846 -0.200891 0)
(6.99969 -0.295009 0)
(6.26622 -0.628139 0)
(4.04802 -1.00024 0)
(2.00862 -1.82163 0)
)
;

boundaryField
{
    movingWall
    {
        type            fixedValue;
        value           uniform (10 0 0);
    }
    fixedWalls
    {
        type            noSlip;
    }
    frontAndBack
    {
        type            empty;
    }
}


// ************************************************************************* //
