/*--------------------------------*- C++ -*----------------------------------*\
| =========                 |                                                 |
| \\      /  F ield         | OpenFOAM: The Open Source CFD Toolbox           |
|  \\    /   O peration     | Version:  4.1                                   |
|   \\  /    A nd           | Web:      www.OpenFOAM.org                      |
|    \\/     M anipulation  |                                                 |
\*---------------------------------------------------------------------------*/
FoamFile
{
    version     2.0;
    format      ascii;
    class       volVectorField;
    location    "0.1087";
    object      U;
}
// * * * * * * * * * * * * * * * * * * * * * * * * * * * * * * * * * * * * * //

dimensions      [0 1 -1 0 0 0 0];

internalField   nonuniform List<vector> 
441
(
(0.00387408 -0.00493367 0)
(0.010174 -0.00254141 0)
(-0.000635353 -2.22751e-165 0)
(0.00203882 -3.4804e-266 0)
(-0.00838007 -0.00815549 0)
(-0.00203882 -3.15736e-232 0)
(-1.16671e-202 -5.85849e-203 0)
(-1.46459e-203 -7.69392e-228 0)
(-1.78151e-212 -3.35964e-213 0)
(-0.00636123 9.42512e-266 0)
(-0.0780486 0.0254454 0)
(-0.0977747 0.0132515 0)
(-0.109722 0.00600836 0)
(-0.0959465 0.000321019 0)
(-0.0782405 -0.00178494 0)
(-0.0512779 -0.003147 0)
(-0.0282504 -0.00220461 0)
(-0.00807701 -0.00155763 0)
(0.00381775 0.000881532 0)
(0.00507614 0.00166762 0)
(0.00470071 0.0031139 0)
(0.00405033 -0.0089323 0)
(-0.000573416 0.00696839 0)
(-0.0278486 0.00880065 0)
(-0.0609831 0.0109027 0)
(-0.110608 0.011315 0)
(-0.157845 -0.00310318 0)
(-0.202443 -0.000115864 0)
(-0.245434 0.0017522 0)
(-0.283522 0.013755 0)
(-0.321658 0.0695089 0)
(-0.347177 0.0636788 0)
(-0.34049 0.018868 0)
(-0.323799 -0.00849353 0)
(-0.27859 -0.0326192 0)
(-0.22571 -0.0431091 0)
(-0.159822 -0.0482028 0)
(-0.100665 -0.0408361 0)
(-0.0486783 -0.0318085 0)
(-0.0141936 -0.0135025 0)
(-0.00031279 -0.00326605 0)
(0.00513052 0.00689165 0)
(0.00796629 -0.00890819 0)
(-0.00515129 0.0289707 0)
(-0.0560411 0.0590012 0)
(-0.125672 0.0800873 0)
(-0.211223 0.0874818 0)
(-0.299841 0.0875244 0)
(-0.395281 0.084542 0)
(-0.473251 0.0784511 0)
(-0.549408 0.0732903 0)
(-0.586553 0.0684274 0)
(-0.581768 0.0452363 0)
(-0.561717 -0.00881111 0)
(-0.521521 -0.0551908 0)
(-0.451852 -0.0975443 0)
(-0.369152 -0.119562 0)
(-0.270038 -0.128477 0)
(-0.178585 -0.112139 0)
(-0.0956935 -0.0885579 0)
(-0.0379574 -0.0463666 0)
(-0.00757742 -0.0181124 0)
(0.00657067 0.00830419 0)
(0.0065547 -0.012117 0)
(-0.0172054 0.0728085 0)
(-0.101788 0.129241 0)
(-0.202115 0.168638 0)
(-0.320587 0.185849 0)
(-0.44007 0.183832 0)
(-0.557862 0.175115 0)
(-0.659877 0.156849 0)
(-0.743414 0.129664 0)
(-0.7922 0.0990558 0)
(-0.801016 0.0385503 0)
(-0.774817 -0.0425601 0)
(-0.720824 -0.118558 0)
(-0.629291 -0.186228 0)
(-0.519856 -0.224795 0)
(-0.3882 -0.24037 0)
(-0.264326 -0.214628 0)
(-0.148357 -0.174161 0)
(-0.0652364 -0.100718 0)
(-0.0158505 -0.0491983 0)
(0.00814857 0.00627624 0)
(7.19102e-165 0.00163867 0)
(-0.0262552 0.136843 0)
(-0.148649 0.243085 0)
(-0.274475 0.29734 0)
(-0.424162 0.324241 0)
(-0.569788 0.322821 0)
(-0.714566 0.302909 0)
(-0.837097 0.26281 0)
(-0.93822 0.204802 0)
(-0.997355 0.126781 0)
(-1.01398 0.0282613 0)
(-0.988769 -0.0887262 0)
(-0.926466 -0.199949 0)
(-0.818194 -0.298895 0)
(-0.684536 -0.359569 0)
(-0.518956 -0.384962 0)
(-0.360295 -0.350475 0)
(-0.20429 -0.288829 0)
(-0.0930037 -0.177122 0)
(-0.0189802 -0.0924099 0)
(0.0147632 0.00138384 0)
(-5.82655e-266 0.00606711 0)
(-0.0943786 0.226443 0)
(-0.207882 0.375293 0)
(-0.359035 0.446066 0)
(-0.522928 0.480962 0)
(-0.690644 0.475337 0)
(-0.852279 0.443061 0)
(-0.994463 0.380769 0)
(-1.11097 0.29086 0)
(-1.18768 0.174006 0)
(-1.2219 0.0302717 0)
(-1.20515 -0.131147 0)
(-1.14379 -0.288903 0)
(-1.02421 -0.429878 0)
(-0.86988 -0.523623 0)
(-0.669538 -0.567227 0)
(-0.472281 -0.528252 0)
(-0.269689 -0.44472 0)
(-0.124756 -0.283987 0)
(-0.0221136 -0.160257 0)
(0.0161392 0.00345747 0)
(-0.0242684 0.0993534 0)
(-0.131625 0.340975 0)
(-0.261989 0.508094 0)
(-0.427939 0.610415 0)
(-0.611369 0.654917 0)
(-0.797875 0.65057 0)
(-0.980037 0.605797 0)
(-1.14232 0.520484 0)
(-1.27991 0.397724 0)
(-1.3773 0.237442 0)
(-1.43189 0.0462255 0)
(-1.4304 -0.167168 0)
(-1.37719 -0.379881 0)
(-1.25335 -0.573829 0)
(-1.08348 -0.712801 0)
(-0.847963 -0.784592 0)
(-0.609935 -0.748041 0)
(-0.347545 -0.638954 0)
(-0.166278 -0.421366 0)
(-0.00879192 -0.23522 0)
(6.02208e-266 -0.0040348 0)
(-0.0179341 0.164501 0)
(-0.125927 0.465349 0)
(-0.285358 0.672105 0)
(-0.472078 0.796202 0)
(-0.675381 0.851043 0)
(-0.880799 0.84425 0)
(-1.08107 0.787764 0)
(-1.26405 0.680481 0)
(-1.42353 0.526277 0)
(-1.54609 0.325405 0)
(-1.62707 0.0838139 0)
(-1.64899 -0.186956 0)
(-1.61392 -0.46543 0)
(-1.49597 -0.725928 0)
(-1.3191 -0.92835 0)
(-1.05374 -1.04514 0)
(-0.77334 -1.02706 0)
(-0.446465 -0.894973 0)
(-0.215003 -0.618052 0)
(-0.00394566 -0.336262 0)
(2.6705e-24 -1.03586e-24 0)
(-0.0158888 0.239371 0)
(-0.128911 0.60643 0)
(-0.304557 0.852483 0)
(-0.505388 0.998433 0)
(-0.7241 1.06217 0)
(-0.943756 1.0545 0)
(-1.15964 0.988015 0)
(-1.36069 0.861704 0)
(-1.5416 0.67947 0)
(-1.68995 0.440301 0)
(-1.79986 0.149726 0)
(-1.85179 -0.180877 0)
(-1.84427 -0.531427 0)
(-1.74487 -0.870051 0)
(-1.5742 -1.15284 0)
(-1.28993 -1.33379 0)
(-0.97305 -1.35164 0)
(-0.577627 -1.20295 0)
(-0.286835 -0.855904 0)
(-0.00513497 -0.458503 0)
(1.08303e-76 -6.67626e-25 0)
(-0.0136448 0.30983 0)
(-0.124919 0.755746 0)
(-0.30838 1.04923 0)
(-0.516075 1.21626 0)
(-0.742711 1.28974 0)
(-0.97004 1.27967 0)
(-1.19437 1.20488 0)
(-1.40774 1.06197 0)
(-1.60477 0.855704 0)
(-1.77627 0.582948 0)
(-1.91496 0.246029 0)
(-2.00122 -0.143729 0)
(-2.03007 -0.571614 0)
(-1.96338 -0.998699 0)
(-1.81589 -1.38239 0)
(-1.53091 -1.6525 0)
(-1.18962 -1.73786 0)
(-0.729334 -1.59197 0)
(-0.371583 -1.18477 0)
(-0.00748721 -0.638966 0)
(3.00532e-164 -2.70757e-77 0)
(-0.0133965 0.374356 0)
(-0.12376 0.899353 0)
(-0.309879 1.2412 0)
(-0.517797 1.43038 0)
(-0.74349 1.51431 0)
(-0.968957 1.50404 0)
(-1.19098 1.42453 0)
(-1.406 1.27058 0)
(-1.60839 1.04759 0)
(-1.79443 0.74965 0)
(-1.95536 0.375341 0)
(-2.07555 -0.0661289 0)
(-2.14571 -0.567132 0)
(-2.12617 -1.08516 0)
(-2.02249 -1.58178 0)
(-1.76424 -1.96402 0)
(-1.42409 -2.14817 0)
(-0.91938 -2.02969 0)
(-0.496508 -1.56575 0)
(-0.0829991 -0.84384 0)
(1.80328e-265 0.0134621 0)
(-0.0136039 0.447854 0)
(-0.117889 1.05441 0)
(-0.298251 1.44471 0)
(-0.496315 1.65053 0)
(-0.709059 1.74201 0)
(-0.919958 1.7271 0)
(-1.12536 1.64257 0)
(-1.32739 1.47896 0)
(-1.51974 1.24437 0)
(-1.70604 0.929283 0)
(-1.87679 0.527341 0)
(-2.02336 0.0457122 0)
(-2.13391 -0.520241 0)
(-2.17093 -1.12406 0)
(-2.13054 -1.74294 0)
(-1.92971 -2.25752 0)
(-1.62117 -2.58135 0)
(-1.09273 -2.53426 0)
(-0.592755 -2.01518 0)
(-0.0768318 -1.15565 0)
(0.0538485 -0.0787667 0)
(-0.0165386 0.501445 0)
(-0.118405 1.18104 0)
(-0.294016 1.61671 0)
(-0.477266 1.83787 0)
(-0.665505 1.93616 0)
(-0.847935 1.9178 0)
(-1.018 1.83108 0)
(-1.18807 1.66351 0)
(-1.34853 1.42609 0)
(-1.51498 1.10632 0)
(-1.67493 0.693559 0)
(-1.83357 0.191594 0)
(-1.97409 -0.416702 0)
(-2.07184 -1.08756 0)
(-2.10952 -1.81733 0)
(-1.99978 -2.47501 0)
(-1.77108 -2.97824 0)
(-1.24538 -3.06715 0)
(-0.718764 -2.57524 0)
(0.0444185 -1.49784 0)
(2.48975e-231 -0.0134621 0)
(-0.020741 0.585807 0)
(-0.117314 1.33494 0)
(-0.280858 1.8075 0)
(-0.438845 2.02318 0)
(-0.588679 2.11595 0)
(-0.72698 2.08007 0)
(-0.84374 1.98484 0)
(-0.962248 1.80977 0)
(-1.06916 1.57226 0)
(-1.19246 1.25592 0)
(-1.31749 0.846099 0)
(-1.46464 0.345113 0)
(-1.61608 -0.281798 0)
(-1.76469 -0.988852 0)
(-1.8876 -1.81369 0)
(-1.90418 -2.59996 0)
(-1.81356 -3.33382 0)
(-1.39775 -3.60481 0)
(-0.892623 -3.29816 0)
(-0.0028451 -1.91268 0)
(5.84455e-202 4.59331e-184 0)
(-0.0364357 0.632672 0)
(-0.145665 1.43512 0)
(-0.307673 1.93463 0)
(-0.439345 2.14035 0)
(-0.533899 2.22295 0)
(-0.610586 2.16967 0)
(-0.648186 2.06637 0)
(-0.691918 1.88798 0)
(-0.717654 1.65711 0)
(-0.772859 1.35571 0)
(-0.833514 0.96738 0)
(-0.944481 0.493016 0)
(-1.07627 -0.113143 0)
(-1.26196 -0.811762 0)
(-1.45293 -1.66953 0)
(-1.62876 -2.54547 0)
(-1.70999 -3.46776 0)
(-1.51469 -3.99645 0)
(-1.10405 -3.94629 0)
(-0.0115431 -2.421 0)
(1.83732e-183 -1.65816e-184 0)
(-0.0549465 0.776208 0)
(-0.178376 1.61051 0)
(-0.329177 2.11085 0)
(-0.421768 2.25091 0)
(-0.445341 2.29456 0)
(-0.443517 2.19526 0)
(-0.385187 2.07068 0)
(-0.335603 1.88028 0)
(-0.261207 1.6553 0)
(-0.225488 1.37345 0)
(-0.197091 1.01796 0)
(-0.239431 0.590509 0)
(-0.318362 0.0342323 0)
(-0.497016 -0.60858 0)
(-0.728062 -1.44987 0)
(-1.03789 -2.33921 0)
(-1.34278 -3.45239 0)
(-1.47618 -4.21722 0)
(-1.38851 -4.81786 0)
(-0.466914 -3.06403 0)
(4.40397e-254 -4.59331e-184 0)
(-0.120843 0.8524 0)
(-0.312132 1.69632 0)
(-0.454231 2.17319 0)
(-0.497222 2.24696 0)
(-0.401766 2.24417 0)
(-0.288164 2.1047 0)
(-0.0910492 1.9596 0)
(0.0809283 1.76318 0)
(0.285461 1.5488 0)
(0.433336 1.29426 0)
(0.575053 0.9838 0)
(0.618472 0.620472 0)
(0.6237 0.148292 0)
(0.467043 -0.392606 0)
(0.251438 -1.12067 0)
(-0.214687 -1.91976 0)
(-0.676113 -3.00339 0)
(-1.43117 -3.94949 0)
(-1.63379 -4.86434 0)
(-2.07515 -3.88573 0)
(-2.60066e-264 -0.216456 0)
(-0.177645 1.23104 0)
(-0.411576 1.94833 0)
(-0.489831 2.31846 0)
(-0.433395 2.19863 0)
(-0.184638 2.09932 0)
(0.0725369 1.88403 0)
(0.424379 1.70816 0)
(0.734431 1.50387 0)
(1.07536 1.30513 0)
(1.34416 1.08582 0)
(1.60318 0.832516 0)
(1.74795 0.547026 0)
(1.85007 0.182396 0)
(1.76817 -0.226828 0)
(1.61105 -0.779163 0)
(1.15909 -1.39552 0)
(0.615865 -2.26784 0)
(-0.324323 -3.21568 0)
(-1.0674 -4.26482 0)
(-1.83913 -4.54645 0)
(-0.865822 -2.31962 0)
(-0.400733 1.40754 0)
(-0.724347 1.97987 0)
(-0.512871 2.18928 0)
(-0.22516 1.92468 0)
(0.339927 1.73908 0)
(0.81268 1.48751 0)
(1.37604 1.29962 0)
(1.83946 1.11011 0)
(2.31852 0.941132 0)
(2.69295 0.769549 0)
(3.04854 0.582618 0)
(3.26632 0.382422 0)
(3.44382 0.13158 0)
(3.40868 -0.13804 0)
(3.3215 -0.508233 0)
(2.88594 -0.902951 0)
(2.40643 -1.52135 0)
(1.37784 -2.23716 0)
(0.467885 -3.35562 0)
(-0.702773 -4.00905 0)
(-0.701899 -2.9646 0)
(-0.257958 2.41813 0)
(-0.106243 2.05511 0)
(0.681931 1.86956 0)
(1.33267 1.3374 0)
(2.15513 1.0813 0)
(2.78993 0.84053 0)
(3.45218 0.687252 0)
(3.97248 0.556973 0)
(4.47817 0.452159 0)
(4.863 0.355623 0)
(5.21745 0.257799 0)
(5.43406 0.15728 0)
(5.61153 0.0368525 0)
(5.59182 -0.0916585 0)
(5.53389 -0.26656 0)
(5.16247 -0.459115 0)
(4.76893 -0.791596 0)
(3.83467 -1.24509 0)
(2.86962 -2.25318 0)
(1.09385 -3.33056 0)
(-0.0466546 -3.79857 0)
(1.66659 1.66892 0)
(2.70026 0.973952 0)
(4.53935 0.748047 0)
(5.37894 0.424031 0)
(6.24912 0.287055 0)
(6.76332 0.178897 0)
(7.24749 0.122066 0)
(7.57501 0.0814753 0)
(7.87606 0.0546738 0)
(8.0801 0.0337171 0)
(8.26213 0.0150263 0)
(8.35001 -0.00244986 0)
(8.42011 -0.0236168 0)
(8.3595 -0.0443077 0)
(8.29573 -0.0793764 0)
(8.00642 -0.11199 0)
(7.74943 -0.200755 0)
(6.99495 -0.292996 0)
(6.26171 -0.624666 0)
(4.04551 -0.996912 0)
(2.00473 -1.8174 0)
)
;

boundaryField
{
    movingWall
    {
        type            fixedValue;
        value           uniform (10 0 0);
    }
    fixedWalls
    {
        type            noSlip;
    }
    frontAndBack
    {
        type            empty;
    }
}


// ************************************************************************* //
