/*--------------------------------*- C++ -*----------------------------------*\
| =========                 |                                                 |
| \\      /  F ield         | OpenFOAM: The Open Source CFD Toolbox           |
|  \\    /   O peration     | Version:  4.1                                   |
|   \\  /    A nd           | Web:      www.OpenFOAM.org                      |
|    \\/     M anipulation  |                                                 |
\*---------------------------------------------------------------------------*/
FoamFile
{
    version     2.0;
    format      ascii;
    class       volVectorField;
    location    "0.0171";
    object      U;
}
// * * * * * * * * * * * * * * * * * * * * * * * * * * * * * * * * * * * * * //

dimensions      [0 1 -1 0 0 0 0];

internalField   nonuniform List<vector> 
441
(
(0.00339951 -0.00499384 0)
(0.00777689 -0.00314444 0)
(-0.000786409 -2.51156e-165 0)
(0.00149284 -2.20075e-266 0)
(-0.0111792 -0.00597193 0)
(-0.00149284 -2.50645e-232 0)
(-1.12457e-202 -3.4316e-203 0)
(-8.57677e-204 -4.16406e-228 0)
(-1.29735e-212 -1.73123e-213 0)
(-0.00461045 7.05848e-266 0)
(-0.0539609 0.0184419 0)
(-0.0695594 0.0101896 0)
(-0.0809171 0.00514385 0)
(-0.0761142 0.00135897 0)
(-0.0691377 -0.000228854 0)
(-0.0547052 -0.00152366 0)
(-0.0406557 -0.00160325 0)
(-0.0243606 -0.00192507 0)
(-0.0107729 -0.000768295 0)
(-0.00207849 -8.697e-05 0)
(0.00296926 0.0019346 0)
(0.00275411 -0.00594222 0)
(-0.00555466 0.00739663 0)
(-0.032126 0.00770778 0)
(-0.0599414 0.0121169 0)
(-0.0973882 0.00822281 0)
(-0.127506 -0.00656992 0)
(-0.153135 -0.000942172 0)
(-0.175727 0.000899118 0)
(-0.194441 0.00914341 0)
(-0.214529 0.0477132 0)
(-0.228827 0.0449259 0)
(-0.22542 0.0170779 0)
(-0.220235 0.00101887 0)
(-0.199422 -0.0135665 0)
(-0.17518 -0.0212183 0)
(-0.140262 -0.0277941 0)
(-0.105378 -0.0285936 0)
(-0.0673564 -0.0289564 0)
(-0.0349814 -0.0212257 0)
(-0.0116268 -0.0144039 0)
(0.00247582 -0.000862991 0)
(0.00589008 -0.00292315 0)
(-0.00825558 0.0313038 0)
(-0.0536849 0.0528017 0)
(-0.1069 0.0634313 0)
(-0.164708 0.0606119 0)
(-0.221176 0.0524536 0)
(-0.276394 0.0463641 0)
(-0.314705 0.0398985 0)
(-0.352154 0.0371609 0)
(-0.365418 0.0380541 0)
(-0.355968 0.030054 0)
(-0.343472 0.00262983 0)
(-0.324808 -0.0203657 0)
(-0.292377 -0.0434654 0)
(-0.254393 -0.0586719 0)
(-0.203914 -0.071434 0)
(-0.15332 -0.0735711 0)
(-0.0984623 -0.0726012 0)
(-0.0522594 -0.0555265 0)
(-0.0173251 -0.0377947 0)
(0.0034565 -0.00660265 0)
(0.00639563 -0.00368522 0)
(-0.0114377 0.0685506 0)
(-0.0776963 0.106564 0)
(-0.14764 0.125001 0)
(-0.223239 0.122754 0)
(-0.293196 0.107447 0)
(-0.356198 0.0935685 0)
(-0.405197 0.0772436 0)
(-0.44205 0.0612968 0)
(-0.459309 0.0493521 0)
(-0.45624 0.0226482 0)
(-0.438538 -0.0149413 0)
(-0.411807 -0.0502605 0)
(-0.368475 -0.0847828 0)
(-0.318589 -0.109567 0)
(-0.254049 -0.129919 0)
(-0.189949 -0.133647 0)
(-0.120238 -0.131304 0)
(-0.0627962 -0.101759 0)
(-0.0183558 -0.0713387 0)
(0.00565198 -0.0144178 0)
(6.16282e-165 0.00159891 0)
(-0.0153933 0.115008 0)
(-0.102953 0.188245 0)
(-0.183049 0.207862 0)
(-0.272499 0.205349 0)
(-0.352216 0.184064 0)
(-0.425864 0.157516 0)
(-0.481586 0.125119 0)
(-0.523926 0.0908523 0)
(-0.542703 0.0529155 0)
(-0.540708 0.00961393 0)
(-0.521442 -0.0414723 0)
(-0.489108 -0.0898445 0)
(-0.437633 -0.136744 0)
(-0.377681 -0.172211 0)
(-0.299505 -0.200481 0)
(-0.222881 -0.206159 0)
(-0.136682 -0.200398 0)
(-0.0692297 -0.155971 0)
(-0.0132641 -0.106797 0)
(0.0120218 -0.0183297 0)
(-5.27649e-266 0.00493558 0)
(-0.0700202 0.175772 0)
(-0.138131 0.272578 0)
(-0.228714 0.296238 0)
(-0.318322 0.291909 0)
(-0.405129 0.26188 0)
(-0.482207 0.22343 0)
(-0.544509 0.175597 0)
(-0.590423 0.122964 0)
(-0.614926 0.0655201 0)
(-0.61902 0.00147321 0)
(-0.601123 -0.0672961 0)
(-0.567061 -0.133994 0)
(-0.509135 -0.197289 0)
(-0.440267 -0.247372 0)
(-0.348331 -0.28636 0)
(-0.258054 -0.295673 0)
(-0.153765 -0.287285 0)
(-0.0743528 -0.223743 0)
(-0.00317046 -0.155333 0)
(0.016273 -0.0149527 0)
(-0.0197423 0.0752094 0)
(-0.094332 0.249688 0)
(-0.170824 0.347621 0)
(-0.265596 0.38655 0)
(-0.363185 0.38136 0)
(-0.456717 0.346949 0)
(-0.541698 0.296465 0)
(-0.611198 0.2328 0)
(-0.664359 0.161181 0)
(-0.695384 0.0814505 0)
(-0.705408 -0.00384097 0)
(-0.690793 -0.0935143 0)
(-0.656747 -0.181101 0)
(-0.594045 -0.263907 0)
(-0.517373 -0.331787 0)
(-0.410455 -0.383534 0)
(-0.306484 -0.398814 0)
(-0.178503 -0.385452 0)
(-0.0906517 -0.303993 0)
(0.00922299 -0.198752 0)
(5.28938e-266 -0.00406826 0)
(-0.0139668 0.121326 0)
(-0.0855455 0.327897 0)
(-0.182678 0.444625 0)
(-0.290563 0.489525 0)
(-0.399986 0.483578 0)
(-0.503858 0.440979 0)
(-0.597551 0.378426 0)
(-0.676607 0.298424 0)
(-0.738385 0.20755 0)
(-0.778922 0.106252 0)
(-0.797694 -0.00292826 0)
(-0.78951 -0.11672 0)
(-0.758731 -0.230574 0)
(-0.694024 -0.338112 0)
(-0.610846 -0.430507 0)
(-0.489748 -0.499819 0)
(-0.369044 -0.526254 0)
(-0.218427 -0.507485 0)
(-0.113088 -0.407693 0)
(-9.08176e-05 -0.253916 0)
(1.601e-24 -2.01575e-24 0)
(-0.0117761 0.171871 0)
(-0.0874669 0.416672 0)
(-0.199183 0.551564 0)
(-0.319489 0.602424 0)
(-0.442281 0.5939 0)
(-0.557382 0.543462 0)
(-0.661951 0.468788 0)
(-0.751786 0.373002 0)
(-0.824194 0.263473 0)
(-0.876054 0.140477 0)
(-0.905498 0.00716911 0)
(-0.907031 -0.132692 0)
(-0.882889 -0.275635 0)
(-0.819913 -0.412319 0)
(-0.732721 -0.534334 0)
(-0.597366 -0.626655 0)
(-0.45778 -0.667073 0)
(-0.276184 -0.643999 0)
(-0.14731 -0.516971 0)
(-0.0027653 -0.316414 0)
(6.42869e-77 -4.0025e-25 0)
(-0.0102777 0.221501 0)
(-0.0882471 0.516977 0)
(-0.212765 0.677785 0)
(-0.345329 0.733552 0)
(-0.481306 0.722408 0)
(-0.608362 0.661129 0)
(-0.723901 0.573533 0)
(-0.825539 0.460784 0)
(-0.909491 0.332235 0)
(-0.97489 0.187281 0)
(-1.01787 0.0281934 0)
(-1.03344 -0.140147 0)
(-1.02111 -0.31767 0)
(-0.965607 -0.490072 0)
(-0.878994 -0.652859 0)
(-0.731694 -0.778282 0)
(-0.570657 -0.846354 0)
(-0.351457 -0.824099 0)
(-0.18931 -0.677578 0)
(-0.0056295 -0.411247 0)
(1.74216e-164 -1.60717e-77 0)
(-0.0110529 0.267508 0)
(-0.0966356 0.617508 0)
(-0.236317 0.806837 0)
(-0.38268 0.869126 0)
(-0.531976 0.855791 0)
(-0.670809 0.784615 0)
(-0.796381 0.685399 0)
(-0.909295 0.55773 0)
(-1.00423 0.41276 0)
(-1.08424 0.248513 0)
(-1.14257 0.0661906 0)
(-1.1772 -0.129521 0)
(-1.18271 -0.342283 0)
(-1.14387 -0.554765 0)
(-1.0658 -0.765958 0)
(-0.913803 -0.936474 0)
(-0.732022 -1.04308 0)
(-0.471137 -1.02897 0)
(-0.264184 -0.854133 0)
(-0.0566313 -0.51312 0)
(8.81869e-266 0.00798297 0)
(-0.0129831 0.330456 0)
(-0.106081 0.744505 0)
(-0.260202 0.965728 0)
(-0.419073 1.03032 0)
(-0.579552 1.01219 0)
(-0.728226 0.926033 0)
(-0.861355 0.81315 0)
(-0.983699 0.668751 0)
(-1.08793 0.507673 0)
(-1.18226 0.325381 0)
(-1.25721 0.121057 0)
(-1.31482 -0.100775 0)
(-1.34529 -0.351485 0)
(-1.3333 -0.608853 0)
(-1.27618 -0.883542 0)
(-1.12995 -1.11636 0)
(-0.931218 -1.28917 0)
(-0.614757 -1.30014 0)
(-0.334599 -1.08952 0)
(-0.0463694 -0.68711 0)
(0.0319319 -0.0573119 0)
(-0.0180598 0.382397 0)
(-0.12633 0.861834 0)
(-0.302502 1.11711 0)
(-0.477081 1.18538 0)
(-0.646981 1.16336 0)
(-0.802729 1.06413 0)
(-0.937348 0.940146 0)
(-1.06418 0.783074 0)
(-1.17146 0.611177 0)
(-1.27671 0.417502 0)
(-1.36525 0.19916 0)
(-1.44856 -0.0410323 0)
(-1.50853 -0.322475 0)
(-1.53732 -0.623336 0)
(-1.51618 -0.966393 0)
(-1.39748 -1.28221 0)
(-1.19775 -1.5534 0)
(-0.81572 -1.62956 0)
(-0.456305 -1.41573 0)
(0.0365771 -0.883021 0)
(1.64084e-231 -0.00798297 0)
(-0.0248867 0.477842 0)
(-0.148436 1.03217 0)
(-0.344268 1.32048 0)
(-0.53068 1.37612 0)
(-0.704224 1.34113 0)
(-0.860915 1.21692 0)
(-0.989863 1.07663 0)
(-1.11368 0.903013 0)
(-1.21597 0.720849 0)
(-1.32397 0.519052 0)
(-1.41892 0.292254 0)
(-1.52241 0.0420406 0)
(-1.61172 -0.264445 0)
(-1.68736 -0.602511 0)
(-1.72097 -1.02577 0)
(-1.66028 -1.43896 0)
(-1.50046 -1.87373 0)
(-1.10349 -2.05393 0)
(-0.665469 -1.93943 0)
(-0.0028353 -1.16881 0)
(4.08716e-202 3.5283e-184 0)
(-0.0430239 0.548416 0)
(-0.19932 1.17508 0)
(-0.426091 1.49517 0)
(-0.625818 1.53962 0)
(-0.790433 1.49162 0)
(-0.935953 1.34603 0)
(-1.03977 1.19222 0)
(-1.1443 1.0075 0)
(-1.222 0.821334 0)
(-1.31677 0.62047 0)
(-1.39973 0.39782 0)
(-1.51158 0.153145 0)
(-1.61614 -0.156422 0)
(-1.74305 -0.511732 0)
(-1.8346 -0.98952 0)
(-1.87922 -1.50118 0)
(-1.79571 -2.10061 0)
(-1.47145 -2.4711 0)
(-0.973223 -2.49872 0)
(-0.00485885 -1.56839 0)
(1.41132e-183 3.16974e-184 0)
(-0.0633539 0.727775 0)
(-0.249389 1.4196 0)
(-0.492278 1.75605 0)
(-0.688767 1.74168 0)
(-0.825814 1.65802 0)
(-0.940909 1.46664 0)
(-1.00053 1.28874 0)
(-1.06506 1.08546 0)
(-1.09716 0.894349 0)
(-1.15449 0.697083 0)
(-1.20023 0.485595 0)
(-1.28997 0.258947 0)
(-1.38178 -0.037064 0)
(-1.52829 -0.383235 0)
(-1.66991 -0.896448 0)
(-1.82293 -1.47722 0)
(-1.89762 -2.29246 0)
(-1.7616 -2.88417 0)
(-1.42014 -3.42839 0)
(-0.402642 -2.17827 0)
(3.59799e-254 -3.5283e-184 0)
(-0.128812 0.846349 0)
(-0.385476 1.59053 0)
(-0.632422 1.9284 0)
(-0.800808 1.86279 0)
(-0.848855 1.7421 0)
(-0.88703 1.51514 0)
(-0.847316 1.31649 0)
(-0.830856 1.1023 0)
(-0.776351 0.911206 0)
(-0.764195 0.724553 0)
(-0.738347 0.53357 0)
(-0.778469 0.338236 0)
(-0.818664 0.0824243 0)
(-0.964715 -0.217385 0)
(-1.11114 -0.691075 0)
(-1.41645 -1.26506 0)
(-1.63987 -2.14359 0)
(-2.0236 -2.94958 0)
(-1.87816 -3.79149 0)
(-1.89905 -3.05264 0)
(-2.24983e-264 -0.193789 0)
(-0.181354 1.26252 0)
(-0.46317 1.92718 0)
(-0.633892 2.193 0)
(-0.698778 1.95823 0)
(-0.598147 1.75785 0)
(-0.503781 1.4649 0)
(-0.326575 1.23917 0)
(-0.193354 1.01469 0)
(-0.027131 0.829528 0)
(0.0803021 0.6602 0)
(0.19895 0.497998 0)
(0.239129 0.342064 0)
(0.280709 0.143036 0)
(0.198195 -0.084706 0)
(0.101684 -0.458073 0)
(-0.211221 -0.934566 0)
(-0.5446 -1.71469 0)
(-1.16527 -2.60681 0)
(-1.5369 -3.63624 0)
(-1.87984 -3.93991 0)
(-0.775158 -2.1075 0)
(-0.396786 1.45579 0)
(-0.729932 2.01399 0)
(-0.569274 2.15766 0)
(-0.367995 1.81039 0)
(0.0748797 1.5484 0)
(0.401785 1.23648 0)
(0.798944 1.00862 0)
(1.08732 0.801468 0)
(1.38853 0.639495 0)
(1.59576 0.50103 0)
(1.80462 0.375664 0)
(1.91325 0.26314 0)
(2.02903 0.123631 0)
(1.99644 -0.0255427 0)
(1.9738 -0.280807 0)
(1.67271 -0.596534 0)
(1.37085 -1.18661 0)
(0.579338 -1.92035 0)
(-0.0644301 -3.07031 0)
(-0.921609 -3.74475 0)
(-0.684468 -2.87525 0)
(-0.249287 2.45092 0)
(-0.0720717 2.09422 0)
(0.716288 1.88233 0)
(1.33095 1.30802 0)
(2.07811 1.01061 0)
(2.6073 0.736842 0)
(3.13877 0.562343 0)
(3.51521 0.42345 0)
(3.87211 0.323296 0)
(4.11671 0.244895 0)
(4.35054 0.178685 0)
(4.48112 0.121789 0)
(4.61798 0.054074 0)
(4.61501 -0.0192906 0)
(4.63132 -0.146372 0)
(4.38874 -0.310443 0)
(4.15296 -0.648599 0)
(3.38767 -1.13425 0)
(2.57771 -2.19143 0)
(0.960447 -3.27525 0)
(-0.0429252 -3.78887 0)
(1.67298 1.67556 0)
(2.73191 0.982827 0)
(4.59155 0.75412 0)
(5.42983 0.423744 0)
(6.27334 0.280241 0)
(6.73939 0.167231 0)
(7.15931 0.107906 0)
(7.41478 0.0671623 0)
(7.64253 0.0425616 0)
(7.78076 0.0258101 0)
(7.91115 0.0132373 0)
(7.97011 0.00293676 0)
(8.03836 -0.0103643 0)
(8.00872 -0.0247152 0)
(8.00361 -0.0557446 0)
(7.79774 -0.090041 0)
(7.62568 -0.186363 0)
(6.9448 -0.291501 0)
(6.2498 -0.638366 0)
(4.04733 -1.01867 0)
(2.02379 -1.84713 0)
)
;

boundaryField
{
    movingWall
    {
        type            fixedValue;
        value           uniform (10 0 0);
    }
    fixedWalls
    {
        type            noSlip;
    }
    frontAndBack
    {
        type            empty;
    }
}


// ************************************************************************* //
