/*--------------------------------*- C++ -*----------------------------------*\
| =========                 |                                                 |
| \\      /  F ield         | OpenFOAM: The Open Source CFD Toolbox           |
|  \\    /   O peration     | Version:  4.1                                   |
|   \\  /    A nd           | Web:      www.OpenFOAM.org                      |
|    \\/     M anipulation  |                                                 |
\*---------------------------------------------------------------------------*/
FoamFile
{
    version     2.0;
    format      ascii;
    class       volVectorField;
    location    "0.107711";
    object      U;
}
// * * * * * * * * * * * * * * * * * * * * * * * * * * * * * * * * * * * * * //

dimensions      [0 1 -1 0 0 0 0];

internalField   nonuniform List<vector> 
441
(
(0.000841601 -0.000812569 0)
(0.000203679 9.4494e-05 0)
(-0.00450326 0.000945789 0)
(-0.0121229 0.00163868 0)
(-0.0219171 0.00198303 0)
(-0.0324852 0.00209737 0)
(-0.0429421 0.00199225 0)
(-0.0523172 0.00172767 0)
(-0.0599048 0.00131816 0)
(-0.0650439 0.000790701 0)
(-0.067257 0.000168348 0)
(-0.0662164 -0.000509109 0)
(-0.0618635 -0.00118358 0)
(-0.054417 -0.00178269 0)
(-0.0445019 -0.00221229 0)
(-0.0330308 -0.00239645 0)
(-0.0213708 -0.00223945 0)
(-0.0108488 -0.0017484 0)
(-0.00314456 -0.000870787 0)
(0.0010029 8.7883e-05 0)
(0.000986207 0.000941826 0)
(7.0974e-06 -0.000260398 0)
(-0.00591488 0.0059105 0)
(-0.0204862 0.0121494 0)
(-0.0410091 0.0170262 0)
(-0.065924 0.0196799 0)
(-0.0923246 0.0203268 0)
(-0.118118 0.0191182 0)
(-0.141076 0.0163472 0)
(-0.159469 0.0122337 0)
(-0.171757 0.00704151 0)
(-0.176838 0.00107806 0)
(-0.17403 -0.00524406 0)
(-0.163278 -0.0113929 0)
(-0.145184 -0.016738 0)
(-0.12121 -0.0205811 0)
(-0.0934667 -0.0223042 0)
(-0.0649306 -0.0213928 0)
(-0.0385359 -0.0178019 0)
(-0.0177692 -0.0117327 0)
(-0.00422076 -0.00476559 0)
(0.000320165 0.00108442 0)
(-0.000915433 0.00444713 0)
(-0.0131042 0.0206288 0)
(-0.0377415 0.0355451 0)
(-0.0701541 0.0467438 0)
(-0.108117 0.0527589 0)
(-0.147633 0.0538206 0)
(-0.185804 0.0502639 0)
(-0.21954 0.0427037 0)
(-0.246413 0.0317228 0)
(-0.264283 0.0180199 0)
(-0.27163 0.0024341 0)
(-0.267536 -0.0139559 0)
(-0.251942 -0.0298089 0)
(-0.225686 -0.0435715 0)
(-0.19076 -0.0535816 0)
(-0.150034 -0.0583608 0)
(-0.107553 -0.0567785 0)
(-0.0673395 -0.0486933 0)
(-0.0342814 -0.0347653 0)
(-0.0107623 -0.018053 0)
(-0.000441996 -0.00243857 0)
(-0.00181616 0.0128668 0)
(-0.0202395 0.0432193 0)
(-0.0546848 0.0690624 0)
(-0.098215 0.0875983 0)
(-0.147928 0.0971606 0)
(-0.19888 0.0981193 0)
(-0.24762 0.0910831 0)
(-0.290466 0.0770526 0)
(-0.324536 0.0570562 0)
(-0.347284 0.0323241 0)
(-0.35689 0.004344 0)
(-0.352224 -0.0250039 0)
(-0.333141 -0.0534113 0)
(-0.300533 -0.0782197 0)
(-0.256645 -0.0965995 0)
(-0.204787 -0.105993 0)
(-0.149785 -0.104453 0)
(-0.0965304 -0.0915685 0)
(-0.0513299 -0.0683495 0)
(-0.0175333 -0.0391407 0)
(-0.00118729 -0.00936715 0)
(-0.00255881 0.0249938 0)
(-0.0267537 0.0738711 0)
(-0.0705026 0.112978 0)
(-0.124522 0.139805 0)
(-0.185189 0.15296 0)
(-0.246654 0.153181 0)
(-0.305044 0.141502 0)
(-0.356246 0.119392 0)
(-0.397082 0.0883938 0)
(-0.424716 0.0503242 0)
(-0.43707 0.00737987 0)
(-0.432765 -0.0376861 0)
(-0.411447 -0.0815009 0)
(-0.373855 -0.120156 0)
(-0.322247 -0.149453 0)
(-0.260134 -0.165481 0)
(-0.192978 -0.165165 0)
(-0.126527 -0.14749 0)
(-0.0687341 -0.113551 0)
(-0.0242032 -0.0687352 0)
(-0.00180362 -0.019831 0)
(-0.00322783 0.0403081 0)
(-0.0327576 0.111731 0)
(-0.0852306 0.166257 0)
(-0.149089 0.20217 0)
(-0.219993 0.218849 0)
(-0.291241 0.217699 0)
(-0.358641 0.200382 0)
(-0.417779 0.168928 0)
(-0.465302 0.125434 0)
(-0.498168 0.0722983 0)
(-0.514062 0.0124015 0)
(-0.511298 -0.0506566 0)
(-0.489163 -0.112434 0)
(-0.448025 -0.167698 0)
(-0.389893 -0.210699 0)
(-0.318231 -0.235849 0)
(-0.238993 -0.238503 0)
(-0.15879 -0.216519 0)
(-0.0874942 -0.170623 0)
(-0.0313094 -0.106952 0)
(-0.00242939 -0.0336778 0)
(-0.00382829 0.0586381 0)
(-0.0382962 0.156452 0)
(-0.0988968 0.228485 0)
(-0.171904 0.274266 0)
(-0.252293 0.29442 0)
(-0.332592 0.291342 0)
(-0.408394 0.267554 0)
(-0.475112 0.225745 0)
(-0.529336 0.168591 0)
(-0.567903 0.0990214 0)
(-0.588287 0.0205115 0)
(-0.588439 -0.0625925 0)
(-0.567147 -0.144852 0)
(-0.524179 -0.219687 0)
(-0.460996 -0.279638 0)
(-0.380705 -0.317053 0)
(-0.289516 -0.325138 0)
(-0.194839 -0.299878 0)
(-0.108732 -0.240973 0)
(-0.0394109 -0.154902 0)
(-0.00314146 -0.0513465 0)
(-0.00440016 0.0797321 0)
(-0.0434662 0.207477 0)
(-0.111568 0.298904 0)
(-0.192901 0.355199 0)
(-0.2818 0.378731 0)
(-0.370145 0.373232 0)
(-0.453438 0.342342 0)
(-0.527088 0.28951 0)
(-0.587769 0.217998 0)
(-0.632327 0.131166 0)
(-0.658083 0.0329296 0)
(-0.662625 -0.0718114 0)
(-0.644127 -0.176795 0)
(-0.601536 -0.274177 0)
(-0.535418 -0.35469 0)
(-0.448105 -0.408231 0)
(-0.345657 -0.425161 0)
(-0.236037 -0.398565 0)
(-0.133641 -0.326144 0)
(-0.0491779 -0.214021 0)
(-0.00406618 -0.0734909 0)
(-0.00495271 0.103404 0)
(-0.0483272 0.264307 0)
(-0.123268 0.376746 0)
(-0.211914 0.443975 0)
(-0.30799 0.470665 0)
(-0.402889 0.462255 0)
(-0.49219 0.423799 0)
(-0.571515 0.35961 0)
(-0.637823 0.273527 0)
(-0.688156 0.169209 0)
(-0.719823 0.050795 0)
(-0.730119 -0.0765394 0)
(-0.716561 -0.206001 0)
(-0.677101 -0.328698 0)
(-0.611037 -0.433608 0)
(-0.519405 -0.507852 0)
(-0.407455 -0.538205 0)
(-0.283185 -0.513521 0)
(-0.163219 -0.428071 0)
(-0.0612523 -0.28635 0)
(-0.00531854 -0.101181 0)
(-0.00553671 0.129609 0)
(-0.0530116 0.326558 0)
(-0.134077 0.461202 0)
(-0.228739 0.539329 0)
(-0.330122 0.568618 0)
(-0.429348 0.556637 0)
(-0.522284 0.510216 0)
(-0.605069 0.434633 0)
(-0.675204 0.334304 0)
(-0.730208 0.213022 0)
(-0.767606 0.0748818 0)
(-0.784595 -0.0750292 0)
(-0.778107 -0.229815 0)
(-0.745027 -0.379942 0)
(-0.683038 -0.512918 0)
(-0.591283 -0.612971 0)
(-0.473274 -0.662629 0)
(-0.336137 -0.644899 0)
(-0.198134 -0.548606 0)
(-0.0762885 -0.374351 0)
(-0.00706426 -0.135906 0)
(-0.00620657 0.158151 0)
(-0.0578063 0.393546 0)
(-0.144324 0.550978 0)
(-0.24339 0.63927 0)
(-0.3475 0.670063 0)
(-0.447827 0.653533 0)
(-0.54081 0.598726 0)
(-0.623509 0.511991 0)
(-0.694298 0.398325 0)
(-0.751549 0.261479 0)
(-0.793341 0.105212 0)
(-0.817107 -0.0659047 0)
(-0.819428 -0.245432 0)
(-0.796229 -0.423817 0)
(-0.743342 -0.587708 0)
(-0.657451 -0.718686 0)
(-0.539147 -0.794691 0)
(-0.393322 -0.791139 0)
(-0.23849 -0.688747 0)
(-0.0949304 -0.480434 0)
(-0.00950396 -0.179399 0)
(-0.00717351 0.189658 0)
(-0.0633148 0.465524 0)
(-0.154642 0.64536 0)
(-0.256033 0.74182 0)
(-0.359314 0.771974 0)
(-0.456225 0.749183 0)
(-0.544134 0.685258 0)
(-0.62155 0.587708 0)
(-0.688104 0.462125 0)
(-0.743481 0.312036 0)
(-0.786732 0.140576 0)
(-0.816015 -0.0486641 0)
(-0.827984 -0.250364 0)
(-0.817968 -0.455795 0)
(-0.779945 -0.651758 0)
(-0.707771 -0.817974 0)
(-0.597788 -0.928089 0)
(-0.450909 -0.948392 0)
(-0.283365 -0.84834 0)
(-0.117773 -0.607204 0)
(-0.012976 -0.234217 0)
(-0.00870201 0.224055 0)
(-0.0707476 0.541501 0)
(-0.166519 0.742005 0)
(-0.267614 0.843024 0)
(-0.365181 0.869188 0)
(-0.452456 0.837648 0)
(-0.528224 0.763602 0)
(-0.59316 0.655745 0)
(-0.648562 0.520263 0)
(-0.695934 0.360297 0)
(-0.735755 0.178113 0)
(-0.767489 -0.0240953 0)
(-0.788468 -0.242806 0)
(-0.794102 -0.471107 0)
(-0.776871 -0.697356 0)
(-0.727868 -0.900879 0)
(-0.637942 -1.05233 0)
(-0.502117 -1.10813 0)
(-0.330371 -1.02343 0)
(-0.145348 -0.755264 0)
(-0.0179206 -0.302585 0)
(-0.0115935 0.264801 0)
(-0.0819697 0.624312 0)
(-0.181511 0.841251 0)
(-0.278447 0.940045 0)
(-0.363392 0.956472 0)
(-0.432679 0.912084 0)
(-0.487087 0.826134 0)
(-0.530342 0.708334 0)
(-0.565758 0.565382 0)
(-0.597111 0.399829 0)
(-0.626676 0.212874 0)
(-0.655792 0.00499298 0)
(-0.683158 -0.222682 0)
(-0.705248 -0.466074 0)
(-0.713882 -0.716806 0)
(-0.69821 -0.955989 0)
(-0.642832 -1.15395 0)
(-0.53537 -1.25804 0)
(-0.374122 -1.20728 0)
(-0.177651 -0.925191 0)
(-0.0251565 -0.389081 0)
(-0.0168509 0.311534 0)
(-0.100623 0.710779 0)
(-0.202874 0.93685 0)
(-0.289719 1.02376 0)
(-0.351782 1.02318 0)
(-0.391555 0.961328 0)
(-0.412563 0.861904 0)
(-0.422742 0.735174 0)
(-0.427601 0.588091 0)
(-0.433469 0.422405 0)
(-0.444507 0.238151 0)
(-0.464268 0.0340015 0)
(-0.493369 -0.191589 0)
(-0.530481 -0.438114 0)
(-0.56807 -0.702121 0)
(-0.595214 -0.969197 0)
(-0.590522 -1.21344 0)
(-0.534003 -1.37642 0)
(-0.405639 -1.38225 0)
(-0.214098 -1.10886 0)
(-0.0356623 -0.494763 0)
(-0.0269331 0.378512 0)
(-0.129544 0.811461 0)
(-0.228772 1.03173 0)
(-0.294408 1.08941 0)
(-0.318272 1.06011 0)
(-0.31359 0.974055 0)
(-0.287094 0.859132 0)
(-0.252003 0.724941 0)
(-0.21574 0.577938 0)
(-0.187034 0.418618 0)
(-0.171526 0.245714 0)
(-0.174828 0.056187 0)
(-0.199591 -0.154078 0)
(-0.247612 -0.388346 0)
(-0.313563 -0.649252 0)
(-0.389548 -0.929614 0)
(-0.450272 -1.2127 0)
(-0.470808 -1.44061 0)
(-0.406482 -1.52916 0)
(-0.249927 -1.30054 0)
(-0.0510941 -0.629699 0)
(-0.0451108 0.457254 0)
(-0.176316 0.906947 0)
(-0.25786 1.10067 0)
(-0.281492 1.11096 0)
(-0.242323 1.04368 0)
(-0.17259 0.930765 0)
(-0.0818959 0.802362 0)
(0.0105578 0.665695 0)
(0.0966883 0.525591 0)
(0.16635 0.380869 0)
(0.213607 0.228955 0)
(0.231709 0.0655442 0)
(0.21661 -0.115264 0)
(0.163154 -0.319682 0)
(0.0732673 -0.556086 0)
(-0.0520366 -0.826047 0)
(-0.187757 -1.12708 0)
(-0.311541 -1.41138 0)
(-0.349882 -1.60006 0)
(-0.276442 -1.4609 0)
(-0.0724559 -0.781604 0)
(-0.0738422 0.602963 0)
(-0.22326 1.02523 0)
(-0.244295 1.14714 0)
(-0.188516 1.07593 0)
(-0.0549791 0.956934 0)
(0.0989336 0.815629 0)
(0.264377 0.679018 0)
(0.417961 0.548407 0)
(0.553709 0.424811 0)
(0.662145 0.304605 0)
(0.738891 0.183784 0)
(0.777649 0.0573075 0)
(0.774352 -0.0813842 0)
(0.721403 -0.239873 0)
(0.617344 -0.430298 0)
(0.453325 -0.662388 0)
(0.248053 -0.951049 0)
(0.007173 -1.26988 0)
(-0.172945 -1.56801 0)
(-0.255815 -1.57562 0)
(-0.0971101 -0.979221 0)
(-0.113444 0.725033 0)
(-0.25263 1.05137 0)
(-0.114541 1.06597 0)
(0.0820493 0.913437 0)
(0.34956 0.758053 0)
(0.600412 0.610188 0)
(0.838405 0.485464 0)
(1.04185 0.378146 0)
(1.21211 0.284608 0)
(1.34382 0.199435 0)
(1.43645 0.117938 0)
(1.48604 0.0354266 0)
(1.49003 -0.0536727 0)
(1.44002 -0.155961 0)
(1.3325 -0.282988 0)
(1.14844 -0.447752 0)
(0.896284 -0.676715 0)
(0.546949 -0.971186 0)
(0.202164 -1.32862 0)
(-0.130171 -1.49777 0)
(-0.105383 -1.11027 0)
(-0.0424235 1.02213 0)
(0.0571332 1.02233 0)
(0.49047 0.84818 0)
(0.851284 0.610965 0)
(1.22142 0.4467 0)
(1.51818 0.325086 0)
(1.77225 0.238845 0)
(1.97326 0.174571 0)
(2.13237 0.124363 0)
(2.25011 0.0825093 0)
(2.33009 0.044905 0)
(2.37138 0.00832219 0)
(2.37364 -0.0305592 0)
(2.32999 -0.0758377 0)
(2.23758 -0.13497 0)
(2.07348 -0.218981 0)
(1.83825 -0.355083 0)
(1.46507 -0.567621 0)
(1.01727 -0.921657 0)
(0.371867 -1.25309 0)
(0.0358777 -1.27775 0)
(0.845215 0.576336 0)
(1.31631 0.399718 0)
(2.0623 0.261957 0)
(2.45485 0.15522 0)
(2.77685 0.09309 0)
(2.98412 0.056832 0)
(3.13921 0.0350592 0)
(3.2476 0.0218672 0)
(3.32605 0.0130856 0)
(3.37907 0.0068319 0)
(3.41158 0.00177123 0)
(3.42438 -0.00291677 0)
(3.4183 -0.00788936 0)
(3.38931 -0.0142518 0)
(3.33596 -0.0234284 0)
(3.23951 -0.039084 0)
(3.09734 -0.0680588 0)
(2.82734 -0.122202 0)
(2.45461 -0.231272 0)
(1.63351 -0.388072 0)
(0.92422 -0.587294 0)
)
;

boundaryField
{
    movingWall
    {
        type            fixedValue;
        value           uniform (4 0 0);
    }
    fixedWalls
    {
        type            noSlip;
    }
    frontAndBack
    {
        type            empty;
    }
}


// ************************************************************************* //
