/*--------------------------------*- C++ -*----------------------------------*\
| =========                 |                                                 |
| \\      /  F ield         | OpenFOAM: The Open Source CFD Toolbox           |
|  \\    /   O peration     | Version:  4.1                                   |
|   \\  /    A nd           | Web:      www.OpenFOAM.org                      |
|    \\/     M anipulation  |                                                 |
\*---------------------------------------------------------------------------*/
FoamFile
{
    version     2.0;
    format      ascii;
    class       volVectorField;
    location    "0.0408";
    object      U;
}
// * * * * * * * * * * * * * * * * * * * * * * * * * * * * * * * * * * * * * //

dimensions      [0 1 -1 0 0 0 0];

internalField   nonuniform List<vector> 
441
(
(0.00330882 -0.00456378 0)
(0.00834951 -0.00261425 0)
(-0.000653594 -2.19415e-165 0)
(0.00165787 -2.67068e-266 0)
(-0.00904207 -0.00663208 0)
(-0.00165787 -2.65408e-232 0)
(-1.08134e-202 -4.33606e-203 0)
(-1.08384e-203 -5.48419e-228 0)
(-1.43742e-212 -2.30347e-213 0)
(-0.00507665 7.66999e-266 0)
(-0.0607884 0.0203089 0)
(-0.0770545 0.0108859 0)
(-0.0880255 0.00524174 0)
(-0.0795598 0.00084111 0)
(-0.0684114 -0.000848828 0)
(-0.0492555 -0.00215657 0)
(-0.032086 -0.00172844 0)
(-0.0151427 -0.00164756 0)
(-0.00320115 8.14191e-05 0)
(0.00119767 0.000690248 0)
(0.0037185 0.00233997 0)
(0.00311871 -0.00689241 0)
(-0.00258818 0.0065553 0)
(-0.0273098 0.00765579 0)
(-0.0556279 0.010681 0)
(-0.0964601 0.00919942 0)
(-0.132855 -0.00441551 0)
(-0.165812 -0.000476962 0)
(-0.196195 0.00121101 0)
(-0.222323 0.0105594 0)
(-0.248734 0.0538628 0)
(-0.266865 0.0499294 0)
(-0.262008 0.0166422 0)
(-0.252225 -0.00315597 0)
(-0.221826 -0.0210993 0)
(-0.186445 -0.0294951 0)
(-0.139588 -0.0352711 0)
(-0.0958377 -0.032156 0)
(-0.0538818 -0.0283914 0)
(-0.0226433 -0.0159685 0)
(-0.00572749 -0.00835101 0)
(0.00377883 0.00278578 0)
(0.00637138 -0.00565382 0)
(-0.00595655 0.0274282 0)
(-0.0502918 0.0516642 0)
(-0.107584 0.0670283 0)
(-0.174999 0.0695791 0)
(-0.24331 0.065775 0)
(-0.314063 0.0610781 0)
(-0.368227 0.0546227 0)
(-0.420801 0.0504944 0)
(-0.443783 0.0484343 0)
(-0.437374 0.0344187 0)
(-0.422353 -0.00271077 0)
(-0.395599 -0.0343157 0)
(-0.348292 -0.0647912 0)
(-0.292381 -0.0822013 0)
(-0.22222 -0.0930238 0)
(-0.155564 -0.0863394 0)
(-0.0907668 -0.0753008 0)
(-0.0419062 -0.0470249 0)
(-0.0117873 -0.0261187 0)
(0.00505265 0.000864723 0)
(0.00588515 -0.00751397 0)
(-0.0132958 0.0647986 0)
(-0.0830943 0.10937 0)
(-0.162761 0.137454 0)
(-0.25426 0.145247 0)
(-0.343726 0.137087 0)
(-0.429075 0.125775 0)
(-0.499997 0.108658 0)
(-0.55657 0.0879978 0)
(-0.587645 0.0680619 0)
(-0.591236 0.0282561 0)
(-0.571417 -0.0261466 0)
(-0.534719 -0.0773219 0)
(-0.471841 -0.125347 0)
(-0.397306 -0.155354 0)
(-0.304287 -0.173429 0)
(-0.215105 -0.163057 0)
(-0.126795 -0.143579 0)
(-0.0601212 -0.0941522 0)
(-0.0163629 -0.0566327 0)
(0.00692932 -0.00359273 0)
(6.13449e-165 0.00147129 0)
(-0.0192936 0.115998 0)
(-0.11681 0.200399 0)
(-0.213692 0.236953 0)
(-0.32693 0.249626 0)
(-0.434002 0.239037 0)
(-0.537857 0.216324 0)
(-0.622561 0.181259 0)
(-0.691135 0.137628 0)
(-0.72903 0.0837244 0)
(-0.738002 0.0186061 0)
(-0.718792 -0.0589954 0)
(-0.676121 -0.133156 0)
(-0.601267 -0.202475 0)
(-0.509821 -0.248693 0)
(-0.392726 -0.27595 0)
(-0.279594 -0.262399 0)
(-0.162749 -0.231252 0)
(-0.0770214 -0.155838 0)
(-0.0156145 -0.0939397 0)
(0.0133932 -0.00772579 0)
(-5.02773e-266 0.00499752 0)
(-0.0753092 0.185884 0)
(-0.160659 0.302064 0)
(-0.274891 0.349269 0)
(-0.396052 0.365514 0)
(-0.517949 0.349041 0)
(-0.632808 0.314912 0)
(-0.731487 0.262187 0)
(-0.810994 0.195199 0)
(-0.86192 0.114216 0)
(-0.884087 0.0182632 0)
(-0.871195 -0.0889574 0)
(-0.82927 -0.194603 0)
(-0.745929 -0.293063 0)
(-0.639367 -0.3634 0)
(-0.496724 -0.405812 0)
(-0.355952 -0.391991 0)
(-0.205267 -0.349004 0)
(-0.095989 -0.239472 0)
(-0.0130015 -0.150094 0)
(0.0159535 -0.00473715 0)
(-0.0199901 0.0798796 0)
(-0.103717 0.273368 0)
(-0.201359 0.400425 0)
(-0.325599 0.470746 0)
(-0.461057 0.492083 0)
(-0.596721 0.474591 0)
(-0.72713 0.429278 0)
(-0.84133 0.358715 0)
(-0.937355 0.26795 0)
(-1.0046 0.15663 0)
(-1.04277 0.0283655 0)
(-1.04172 -0.114067 0)
(-1.00588 -0.257461 0)
(-0.91851 -0.393117 0)
(-0.799357 -0.496427 0)
(-0.628717 -0.560857 0)
(-0.457099 -0.551621 0)
(-0.260623 -0.493276 0)
(-0.126342 -0.34507 0)
(-0.000631054 -0.207547 0)
(5.62971e-266 -0.00398837 0)
(-0.0144268 0.131 0)
(-0.0976267 0.368338 0)
(-0.219244 0.524603 0)
(-0.360722 0.609793 0)
(-0.51302 0.637029 0)
(-0.664975 0.615529 0)
(-0.811313 0.55995 0)
(-0.943856 0.472405 0)
(-1.05921 0.358915 0)
(-1.14833 0.21915 0)
(-1.20884 0.0557497 0)
(-1.22703 -0.126843 0)
(-1.2051 -0.317362 0)
(-1.12058 -0.501538 0)
(-0.992987 -0.652467 0)
(-0.795266 -0.751643 0)
(-0.587295 -0.758393 0)
(-0.339113 -0.685397 0)
(-0.165307 -0.49508 0)
(-0.00215854 -0.285355 0)
(2.18695e-24 -1.34498e-24 0)
(-0.0126336 0.1888 0)
(-0.10117 0.476476 0)
(-0.238898 0.662189 0)
(-0.395082 0.762923 0)
(-0.563797 0.795316 0)
(-0.731447 0.771566 0)
(-0.894952 0.707519 0)
(-1.04695 0.605704 0)
(-1.18442 0.472325 0)
(-1.29894 0.305737 0)
(-1.38641 0.107631 0)
(-1.43093 -0.118268 0)
(-1.43102 -0.362591 0)
(-1.35826 -0.606306 0)
(-1.22967 -0.819621 0)
(-1.00807 -0.969103 0)
(-0.762171 -1.0042 0)
(-0.450968 -0.919628 0)
(-0.225823 -0.675104 0)
(-0.00405446 -0.379506 0)
(9.01406e-77 -5.46737e-25 0)
(-0.0111566 0.245536 0)
(-0.101676 0.59627 0)
(-0.251696 0.819425 0)
(-0.420004 0.935414 0)
(-0.602521 0.974047 0)
(-0.78421 0.946844 0)
(-0.962867 0.875895 0)
(-1.13363 0.761626 0)
(-1.29291 0.611167 0)
(-1.43459 0.420522 0)
(-1.55234 0.187994 0)
(-1.62936 -0.0833885 0)
(-1.65993 -0.389586 0)
(-1.60988 -0.705341 0)
(-1.49113 -1.00195 0)
(-1.25481 -1.22438 0)
(-0.972702 -1.31395 0)
(-0.592262 -1.23075 0)
(-0.30142 -0.936856 0)
(-0.00548397 -0.524746 0)
(2.52309e-164 -2.25352e-77 0)
(-0.0117958 0.298513 0)
(-0.107925 0.715353 0)
(-0.270017 0.978467 0)
(-0.44899 1.1117 0)
(-0.64201 1.15808 0)
(-0.833892 1.13013 0)
(-1.02278 1.05606 0)
(-1.20759 0.934457 0)
(-1.38371 0.772967 0)
(-1.54932 0.564385 0)
(-1.69536 0.30289 0)
(-1.80748 -0.0111386 0)
(-1.87446 -0.380386 0)
(-1.85961 -0.776014 0)
(-1.76614 -1.1717 0)
(-1.53317 -1.49078 0)
(-1.22856 -1.66203 0)
(-0.784413 -1.59782 0)
(-0.420397 -1.25118 0)
(-0.0684972 -0.692223 0)
(1.61024e-265 0.0120053 0)
(-0.0132744 0.3663 0)
(-0.112896 0.856675 0)
(-0.283188 1.16212 0)
(-0.467681 1.30823 0)
(-0.664462 1.36025 0)
(-0.859176 1.32769 0)
(-1.04945 1.25031 0)
(-1.23903 1.12214 0)
(-1.42178 0.953014 0)
(-1.60174 0.731369 0)
(-1.76778 0.445969 0)
(-1.9106 0.0944844 0)
(-2.01515 -0.337381 0)
(-2.04504 -0.816092 0)
(-1.99432 -1.32791 0)
(-1.78965 -1.76827 0)
(-1.48418 -2.06199 0)
(-0.985734 -2.05188 0)
(-0.526933 -1.6475 0)
(-0.0688345 -0.963116 0)
(0.048021 -0.0646528 0)
(-0.0176819 0.420398 0)
(-0.126433 0.982358 0)
(-0.309175 1.33041 0)
(-0.497942 1.48972 0)
(-0.690985 1.54779 0)
(-0.878631 1.51255 0)
(-1.05539 1.43491 0)
(-1.23412 1.30514 0)
(-1.40452 1.13523 0)
(-1.58106 0.909625 0)
(-1.74854 0.612095 0)
(-1.90973 0.236271 0)
(-2.04362 -0.243953 0)
(-2.12479 -0.796514 0)
(-2.13318 -1.42264 0)
(-1.99042 -2.00294 0)
(-1.72707 -2.46013 0)
(-1.19259 -2.56315 0)
(-0.672762 -2.16145 0)
(0.0354027 -1.27334 0)
(2.22894e-231 -0.0120053 0)
(-0.0234795 0.513303 0)
(-0.139309 1.15125 0)
(-0.328565 1.53746 0)
(-0.51286 1.69112 0)
(-0.690002 1.74401 0)
(-0.856318 1.69233 0)
(-1.00234 1.60759 0)
(-1.15046 1.4711 0)
(-1.28584 1.30036 0)
(-1.43401 1.07494 0)
(-1.57717 0.773997 0)
(-1.73233 0.388976 0)
(-1.87758 -0.123189 0)
(-2.00325 -0.727621 0)
(-2.08367 -1.46246 0)
(-2.04273 -2.17919 0)
(-1.88437 -2.86002 0)
(-1.41328 -3.1238 0)
(-0.874281 -2.87066 0)
(-0.00385067 -1.67051 0)
(5.53055e-202 4.44388e-184 0)
(-0.0405145 0.576028 0)
(-0.17988 1.28134 0)
(-0.384579 1.69997 0)
(-0.561974 1.84555 0)
(-0.704981 1.88947 0)
(-0.830563 1.82128 0)
(-0.917269 1.72855 0)
(-1.00776 1.58712 0)
(-1.0758 1.41889 0)
(-1.16538 1.20119 0)
(-1.24977 0.911146 0)
(-1.37046 0.538557 0)
(-1.49551 0.0294352 0)
(-1.65494 -0.587088 0)
(-1.79801 -1.37614 0)
(-1.90403 -2.19974 0)
(-1.89721 -3.07495 0)
(-1.61137 -3.5825 0)
(-1.12527 -3.54902 0)
(-0.0102144 -2.17631 0)
(1.77755e-183 8.72994e-185 0)
(-0.0597803 0.741478 0)
(-0.220197 1.4996 0)
(-0.425441 1.92879 0)
(-0.57807 2.01279 0)
(-0.665958 2.01954 0)
(-0.72833 1.90516 0)
(-0.732797 1.78881 0)
(-0.740506 1.63015 0)
(-0.715347 1.45944 0)
(-0.716796 1.24981 0)
(-0.711481 0.97846 0)
(-0.760358 0.636411 0)
(-0.829061 0.158936 0)
(-0.9791 -0.422307 0)
(-1.16301 -1.21706 0)
(-1.40319 -2.07694 0)
(-1.61803 -3.15853 0)
(-1.6421 -3.90343 0)
(-1.45325 -4.49065 0)
(-0.455118 -2.84189 0)
(4.32389e-254 -4.44388e-184 0)
(-0.125209 0.84172 0)
(-0.352846 1.63378 0)
(-0.551911 2.05237 0)
(-0.659798 2.0762 0)
(-0.635393 2.03876 0)
(-0.592495 1.88306 0)
(-0.463877 1.74153 0)
(-0.352742 1.56852 0)
(-0.198716 1.39648 0)
(-0.0864774 1.1994 0)
(0.0359147 0.956435 0)
(0.078402 0.661552 0)
(0.0990589 0.251304 0)
(-0.0254184 -0.244168 0)
(-0.196636 -0.944289 0)
(-0.599903 -1.73365 0)
(-0.985921 -2.81034 0)
(-1.63334 -3.74673 0)
(-1.73557 -4.64945 0)
(-2.05091 -3.70549 0)
(-2.51014e-264 -0.211466 0)
(-0.179712 1.24062 0)
(-0.439374 1.93052 0)
(-0.564514 2.25786 0)
(-0.565423 2.09654 0)
(-0.382656 1.96608 0)
(-0.192674 1.73344 0)
(0.0930121 1.55574 0)
(0.344105 1.36521 0)
(0.636227 1.19524 0)
(0.871305 1.01682 0)
(1.1135 0.812707 0)
(1.26036 0.577832 0)
(1.38143 0.258988 0)
(1.33382 -0.117374 0)
(1.22036 -0.65319 0)
(0.821566 -1.27084 0)
(0.336281 -2.15476 0)
(-0.528163 -3.10976 0)
(-1.188 -4.16039 0)
(-1.8598 -4.43521 0)
(-0.845866 -2.28633 0)
(-0.399233 1.42623 0)
(-0.729763 1.98983 0)
(-0.543546 2.17252 0)
(-0.294088 1.87766 0)
(0.220741 1.66724 0)
(0.638198 1.39988 0)
(1.14379 1.20702 0)
(1.55344 1.02355 0)
(1.98629 0.871225 0)
(2.32753 0.724937 0)
(2.66553 0.56935 0)
(2.88407 0.401882 0)
(3.07924 0.180828 0)
(3.07736 -0.0675867 0)
(3.0322 -0.428172 0)
(2.64474 -0.826761 0)
(2.21032 -1.45963 0)
(1.23004 -2.1909 0)
(0.367709 -3.3197 0)
(-0.744507 -3.97117 0)
(-0.696135 -2.95688 0)
(-0.254282 2.43143 0)
(-0.0934899 2.0695 0)
(0.692509 1.87294 0)
(1.32741 1.32493 0)
(2.12028 1.05475 0)
(2.71678 0.804346 0)
(3.33516 0.647309 0)
(3.81216 0.519098 0)
(4.27914 0.421891 0)
(4.63528 0.337308 0)
(4.97396 0.254274 0)
(5.19053 0.169009 0)
(5.38285 0.0618937 0)
(5.39156 -0.0578001 0)
(5.3697 -0.230319 0)
(5.03785 -0.426927 0)
(4.67887 -0.769954 0)
(3.77347 -1.23384 0)
(2.82958 -2.25145 0)
(1.07559 -3.3257 0)
(-0.0433949 -3.80101 0)
(1.66943 1.67171 0)
(2.71295 0.9773 0)
(4.55917 0.75008 0)
(5.39726 0.42355 0)
(6.25669 0.284231 0)
(6.75325 0.174548 0)
(7.21557 0.117311 0)
(7.52106 0.0773305 0)
(7.80275 0.0520699 0)
(7.99356 0.0332198 0)
(8.16999 0.0169106 0)
(8.26153 0.0015388 0)
(8.34314 -0.0181336 0)
(8.30101 -0.0384739 0)
(8.2578 -0.0743673 0)
(7.98906 -0.109006 0)
(7.74632 -0.200564 0)
(7.00004 -0.295324 0)
(6.26717 -0.629027 0)
(4.04872 -1.00124 0)
(2.0097 -1.82293 0)
)
;

boundaryField
{
    movingWall
    {
        type            fixedValue;
        value           uniform (10 0 0);
    }
    fixedWalls
    {
        type            noSlip;
    }
    frontAndBack
    {
        type            empty;
    }
}


// ************************************************************************* //
