/*--------------------------------*- C++ -*----------------------------------*\
| =========                 |                                                 |
| \\      /  F ield         | OpenFOAM: The Open Source CFD Toolbox           |
|  \\    /   O peration     | Version:  4.1                                   |
|   \\  /    A nd           | Web:      www.OpenFOAM.org                      |
|    \\/     M anipulation  |                                                 |
\*---------------------------------------------------------------------------*/
FoamFile
{
    version     2.0;
    format      ascii;
    class       volVectorField;
    location    "0.0557";
    object      U;
}
// * * * * * * * * * * * * * * * * * * * * * * * * * * * * * * * * * * * * * //

dimensions      [0 1 -1 0 0 0 0];

internalField   nonuniform List<vector> 
441
(
(0.00343053 -0.00461488 0)
(0.00881006 -0.00255886 0)
(-0.000639725 -2.17932e-165 0)
(0.00176824 -2.91813e-266 0)
(-0.00863969 -0.00707354 0)
(-0.00176824 -2.79689e-232 0)
(-1.09378e-202 -4.84329e-203 0)
(-1.21066e-203 -6.25896e-228 0)
(-1.54799e-212 -2.68836e-213 0)
(-0.0055028 8.23368e-266 0)
(-0.0667403 0.0220134 0)
(-0.0843736 0.0116773 0)
(-0.0959128 0.00550589 0)
(-0.0857535 0.000646268 0)
(-0.0723717 -0.00120398 0)
(-0.0503954 -0.00255619 0)
(-0.0310235 -0.0019442 0)
(-0.0127968 -0.00166388 0)
(-0.000753655 0.000340743 0)
(0.00254601 0.0010175 0)
(0.00409397 0.00260995 0)
(0.00336302 -0.00743163 0)
(-0.00187771 0.00658633 0)
(-0.0270027 0.00789087 0)
(-0.0564345 0.010558 0)
(-0.0996427 0.00981401 0)
(-0.139309 -0.00385597 0)
(-0.17603 -0.000322815 0)
(-0.210718 0.00139747 0)
(-0.241211 0.0116651 0)
(-0.272113 0.0592891 0)
(-0.293499 0.0549466 0)
(-0.288823 0.0178436 0)
(-0.27739 -0.00460882 0)
(-0.242315 -0.0248963 0)
(-0.201019 -0.0342452 0)
(-0.147372 -0.0399988 0)
(-0.0979503 -0.0354408 0)
(-0.0521968 -0.0298267 0)
(-0.0196282 -0.0151945 0)
(-0.00380153 -0.00660702 0)
(0.00430452 0.0042483 0)
(0.00679646 -0.00663257 0)
(-0.00553169 0.0274214 0)
(-0.0512317 0.0531878 0)
(-0.111711 0.0703512 0)
(-0.184307 0.0747269 0)
(-0.258764 0.0725936 0)
(-0.337539 0.0688906 0)
(-0.400026 0.0630327 0)
(-0.461374 0.0590375 0)
(-0.490408 0.0564522 0)
(-0.486046 0.0396034 0)
(-0.47069 -0.00330971 0)
(-0.440456 -0.040344 0)
(-0.386009 -0.0755641 0)
(-0.32089 -0.0952135 0)
(-0.240219 -0.105909 0)
(-0.164309 -0.0959739 0)
(-0.0926257 -0.0804858 0)
(-0.0403417 -0.0469746 0)
(-0.0101844 -0.0233379 0)
(0.00567683 0.00354854 0)
(0.00599974 -0.00894956 0)
(-0.0143517 0.0662588 0)
(-0.0878956 0.114109 0)
(-0.173309 0.145843 0)
(-0.272849 0.157215 0)
(-0.371831 0.151939 0)
(-0.468157 0.142452 0)
(-0.550344 0.126029 0)
(-0.61754 0.104194 0)
(-0.656644 0.0814441 0)
(-0.664299 0.0349862 0)
(-0.644317 -0.0288159 0)
(-0.603161 -0.0894103 0)
(-0.530943 -0.145572 0)
(-0.44404 -0.179834 0)
(-0.336527 -0.198028 0)
(-0.233981 -0.182468 0)
(-0.134862 -0.155413 0)
(-0.0617851 -0.0967904 0)
(-0.0160401 -0.0539903 0)
(0.0074711 0.00011372 0)
(6.38923e-165 0.00149994 0)
(-0.0213109 0.120888 0)
(-0.125694 0.211394 0)
(-0.231161 0.253975 0)
(-0.355789 0.272251 0)
(-0.47568 0.266221 0)
(-0.594016 0.246249 0)
(-0.693158 0.211442 0)
(-0.775314 0.164725 0)
(-0.823573 0.103866 0)
(-0.838465 0.0276963 0)
(-0.819955 -0.06421 0)
(-0.772345 -0.152957 0)
(-0.686281 -0.23501 0)
(-0.57925 -0.288544 0)
(-0.443146 -0.316798 0)
(-0.311707 -0.296166 0)
(-0.178931 -0.253752 0)
(-0.0829138 -0.16412 0)
(-0.0167378 -0.0934331 0)
(0.0140404 -0.00420873 0)
(-5.19997e-266 0.00527086 0)
(-0.0805406 0.196408 0)
(-0.174514 0.322142 0)
(-0.300304 0.377694 0)
(-0.435671 0.401658 0)
(-0.57364 0.391211 0)
(-0.706065 0.360537 0)
(-0.822378 0.307576 0)
(-0.918426 0.235419 0)
(-0.982676 0.143842 0)
(-1.01352 0.0316489 0)
(-1.00292 -0.0959204 0)
(-0.95643 -0.222826 0)
(-0.860515 -0.340205 0)
(-0.735439 -0.422485 0)
(-0.569012 -0.467922 0)
(-0.404392 -0.445622 0)
(-0.231623 -0.387246 0)
(-0.107367 -0.257063 0)
(-0.0165736 -0.154106 0)
(0.0160858 -0.00137229 0)
(-0.0210834 0.0851478 0)
(-0.111763 0.292018 0)
(-0.21996 0.431556 0)
(-0.358047 0.513434 0)
(-0.510338 0.54488 0)
(-0.664906 0.535286 0)
(-0.815953 0.494288 0)
(-0.950962 0.422965 0)
(-1.06683 0.324848 0)
(-1.15059 0.19873 0)
(-1.20038 0.04843 0)
(-1.20376 -0.121597 0)
(-1.16439 -0.294368 0)
(-1.06387 -0.456867 0)
(-0.92396 -0.57857 0)
(-0.725076 -0.649575 0)
(-0.523922 -0.631285 0)
(-0.298044 -0.553081 0)
(-0.143091 -0.375999 0)
(-0.0039687 -0.218665 0)
(5.80734e-266 -0.00402146 0)
(-0.0154124 0.140467 0)
(-0.106438 0.396404 0)
(-0.240697 0.569034 0)
(-0.397936 0.668874 0)
(-0.569095 0.708829 0)
(-0.742123 0.69717 0)
(-0.911407 0.646955 0)
(-1.06732 0.558366 0)
(-1.20524 0.435473 0)
(-1.31374 0.276856 0)
(-1.38871 0.0852128 0)
(-1.4137 -0.13297 0)
(-1.38999 -0.362226 0)
(-1.29286 -0.582762 0)
(-1.14377 -0.760564 0)
(-0.914776 -0.871893 0)
(-0.67272 -0.870977 0)
(-0.38772 -0.774148 0)
(-0.187288 -0.546599 0)
(-0.00290734 -0.306481 0)
(2.40127e-24 -1.18796e-24 0)
(-0.0136497 0.203656 0)
(-0.1104 0.515535 0)
(-0.26144 0.721585 0)
(-0.434037 0.840109 0)
(-0.622327 0.887893 0)
(-0.811847 0.87612 0)
(-0.999249 0.818685 0)
(-1.17575 0.715735 0)
(-1.33714 0.571071 0)
(-1.4726 0.381586 0)
(-1.57634 0.14895 0)
(-1.62959 -0.120858 0)
(-1.63 -0.41383 0)
(-1.54659 -0.704328 0)
(-1.39812 -0.954492 0)
(-1.1454 -1.12359 0)
(-0.863872 -1.15472 0)
(-0.511121 -1.04347 0)
(-0.254153 -0.753407 0)
(-0.00454543 -0.413327 0)
(9.85291e-77 -6.00318e-25 0)
(-0.0120275 0.265166 0)
(-0.110039 0.645879 0)
(-0.272512 0.893483 0)
(-0.456226 1.0304 0)
(-0.6572 1.08716 0)
(-0.85957 1.07412 0)
(-1.06086 1.01116 0)
(-1.25489 0.895864 0)
(-1.43698 0.732506 0)
(-1.59882 0.515335 0)
(-1.73265 0.242465 0)
(-1.81912 -0.0805218 0)
(-1.85199 -0.44467 0)
(-1.79463 -0.81724 0)
(-1.66046 -1.16098 0)
(-1.39742 -1.41188 0)
(-1.08291 -1.50372 0)
(-0.66058 -1.39372 0)
(-0.335429 -1.04771 0)
(-0.00627679 -0.575271 0)
(2.75194e-164 -2.46323e-77 0)
(-0.0124368 0.322448 0)
(-0.114234 0.774318 0)
(-0.286082 1.06559 0)
(-0.477407 1.22263 0)
(-0.68543 1.28964 0)
(-0.894212 1.27783 0)
(-1.10158 1.21296 0)
(-1.30526 1.0904 0)
(-1.49979 0.914577 0)
(-1.68158 0.676373 0)
(-1.84072 0.36976 0)
(-1.96109 -0.00199089 0)
(-2.03167 -0.436473 0)
(-2.01383 -0.896833 0)
(-1.91227 -1.3485 0)
(-1.66195 -1.7048 0)
(-1.33438 -1.88673 0)
(-0.855239 -1.79875 0)
(-0.45895 -1.39641 0)
(-0.0748593 -0.761206 0)
(1.72202e-265 0.0127735 0)
(-0.0135081 0.392796 0)
(-0.115692 0.921696 0)
(-0.291128 1.2582 0)
(-0.48273 1.43048 0)
(-0.68855 1.50515 0)
(-0.89358 1.49023 0)
(-1.09505 1.42283 0)
(-1.29577 1.29357 0)
(-1.48907 1.1089 0)
(-1.67796 0.855444 0)
(-1.85125 0.521891 0)
(-1.99901 0.109269 0)
(-2.10726 -0.391586 0)
(-2.13876 -0.938997 0)
(-2.08896 -1.512 0)
(-1.8802 -1.99632 0)
(-1.56655 -2.30947 0)
(-1.04666 -2.28306 0)
(-0.562581 -1.82243 0)
(-0.073085 -1.05336 0)
(0.0510941 -0.0706326 0)
(-0.0173836 0.447308 0)
(-0.124588 1.04901 0)
(-0.306283 1.42974 0)
(-0.495025 1.61675 0)
(-0.688919 1.69867 0)
(-0.877833 1.68174 0)
(-1.05585 1.61414 0)
(-1.23529 1.48278 0)
(-1.40577 1.29637 0)
(-1.58166 1.03788 0)
(-1.74852 0.691344 0)
(-1.90977 0.254268 0)
(-2.04628 -0.294354 0)
(-2.1329 -0.914547 0)
(-2.15135 -1.60206 0)
(-2.01903 -2.22913 0)
(-1.76635 -2.714 0)
(-1.22932 -2.81139 0)
(-0.700456 -2.36348 0)
(0.0389566 -1.38166 0)
(2.35876e-231 -0.0127735 0)
(-0.0225533 0.537675 0)
(-0.132141 1.21366 0)
(-0.313239 1.63248 0)
(-0.489222 1.8142 0)
(-0.6577 1.89107 0)
(-0.814854 1.85746 0)
(-0.950902 1.78217 0)
(-1.08827 1.64344 0)
(-1.21259 1.45586 0)
(-1.35024 1.198 0)
(-1.48487 0.849705 0)
(-1.6351 0.406803 0)
(-1.78126 -0.168823 0)
(-1.91504 -0.8346 0)
(-2.01257 -1.6253 0)
(-1.9954 -2.38579 0)
(-1.86568 -3.09839 0)
(-1.4162 -3.36703 0)
(-0.888905 -3.08497 0)
(-0.00347838 -1.79031 0)
(5.71304e-202 4.53643e-184 0)
(-0.039033 0.594952 0)
(-0.167853 1.33362 0)
(-0.357627 1.78296 0)
(-0.518629 1.95571 0)
(-0.643592 2.02269 0)
(-0.749899 1.9715 0)
(-0.816026 1.88727 0)
(-0.885437 1.74319 0)
(-0.932888 1.55875 0)
(-1.00409 1.31076 0)
(-1.07406 0.977365 0)
(-1.18643 0.553007 0)
(-1.31111 -0.0113888 0)
(-1.47995 -0.679385 0)
(-1.64364 -1.51395 0)
(-1.78137 -2.37295 0)
(-1.81569 -3.27737 0)
(-1.57153 -3.79708 0)
(-1.11984 -3.75334 0)
(-0.010987 -2.30033 0)
(1.81457e-183 -3.01381e-185 0)
(-0.0579761 0.75252 0)
(-0.205081 1.53656 0)
(-0.390605 1.99265 0)
(-0.520737 2.10154 0)
(-0.583329 2.12946 0)
(-0.618706 2.03059 0)
(-0.594788 1.92194 0)
(-0.57428 1.76106 0)
(-0.522488 1.57626 0)
(-0.501221 1.34044 0)
(-0.478947 1.03187 0)
(-0.518754 0.64606 0)
(-0.587338 0.122876 0)
(-0.747542 -0.498743 0)
(-0.952332 -1.32708 0)
(-1.22574 -2.21028 0)
(-1.48506 -3.31325 0)
(-1.56307 -4.06999 0)
(-1.4243 -4.66318 0)
(-0.461601 -2.95708 0)
(4.37777e-254 -4.53643e-184 0)
(-0.123596 0.843976 0)
(-0.338202 1.65311 0)
(-0.516542 2.09339 0)
(-0.599859 2.13872 0)
(-0.547043 2.11989 0)
(-0.473747 1.97803 0)
(-0.31323 1.84381 0)
(-0.170895 1.66989 0)
(0.0120602 1.48722 0)
(0.148156 1.26959 0)
(0.287548 0.997025 0)
(0.337935 0.66727 0)
(0.357259 0.221006 0)
(0.221293 -0.305033 0)
(0.0303939 -1.02771 0)
(-0.403638 -1.82905 0)
(-0.828203 -2.91393 0)
(-1.53114 -3.8569 0)
(-1.68528 -4.76561 0)
(-2.06481 -3.80098 0)
(-2.55629e-264 -0.214076 0)
(-0.17903 1.23568 0)
(-0.429951 1.93381 0)
(-0.5385 2.27659 0)
(-0.518088 2.13231 0)
(-0.309229 2.0172 0)
(-0.0905804 1.79646 0)
(0.225806 1.62571 0)
(0.507173 1.43591 0)
(0.827517 1.25931 0)
(1.08579 1.06672 0)
(1.34419 0.841483 0)
(1.49799 0.581258 0)
(1.61648 0.236099 0)
(1.55669 -0.162381 0)
(1.42403 -0.71283 0)
(0.999185 -1.3351 0)
(0.483776 -2.21646 0)
(-0.420799 -3.16889 0)
(-1.12506 -4.21853 0)
(-1.84958 -4.49545 0)
(-0.856306 -2.30489 0)
(-0.399922 1.41855 0)
(-0.728949 1.98388 0)
(-0.534696 2.1757 0)
(-0.271873 1.89262 0)
(0.261957 1.69345 0)
(0.702094 1.4352 0)
(1.23351 1.24811 0)
(1.66972 1.06621 0)
(2.12817 0.910508 0)
(2.49107 0.755784 0)
(2.84466 0.58707 0)
(3.07017 0.403552 0)
(3.26317 0.165652 0)
(3.2496 -0.0969118 0)
(3.18613 -0.466442 0)
(2.77515 -0.866515 0)
(2.31708 -1.49409 0)
(1.31059 -2.21781 0)
(0.422011 -3.34083 0)
(-0.72193 -3.99233 0)
(-0.698943 -2.96156 0)
(-0.255683 2.42641 0)
(-0.0990196 2.06325 0)
(0.686395 1.87009 0)
(1.32578 1.32792 0)
(2.12883 1.06371 0)
(2.74003 0.818269 0)
(3.37692 0.6644 0)
(3.87411 0.537174 0)
(4.36126 0.438447 0)
(4.73486 0.349872 0)
(5.08622 0.260658 0)
(5.3084 0.167922 0)
(5.49856 0.0532215 0)
(5.49701 -0.0725622 0)
(5.45918 -0.248204 0)
(5.10769 -0.44431 0)
(4.73014 -0.782768 0)
(3.80844 -1.24122 0)
(2.8522 -2.25337 0)
(1.08579 -3.32864 0)
(-0.0449448 -3.7999 0)
(1.66846 1.67075 0)
(2.70815 0.975984 0)
(4.55098 0.749099 0)
(5.38862 0.423457 0)
(6.2512 0.285099 0)
(6.75407 0.176173 0)
(7.22519 0.119336 0)
(7.5406 0.0793547 0)
(7.83212 0.0536557 0)
(8.03101 0.0340038 0)
(8.21262 0.0166037 0)
(8.30511 9.63836e-05 0)
(8.38345 -0.0205731 0)
(8.33373 -0.0414091 0)
(8.28075 -0.0771928 0)
(8.00118 -0.110968 0)
(7.75013 -0.201106 0)
(6.99851 -0.294406 0)
(6.26468 -0.626848 0)
(4.04705 -0.998898 0)
(2.00711 -1.81991 0)
)
;

boundaryField
{
    movingWall
    {
        type            fixedValue;
        value           uniform (10 0 0);
    }
    fixedWalls
    {
        type            noSlip;
    }
    frontAndBack
    {
        type            empty;
    }
}


// ************************************************************************* //
