/*--------------------------------*- C++ -*----------------------------------*\
| =========                 |                                                 |
| \\      /  F ield         | OpenFOAM: The Open Source CFD Toolbox           |
|  \\    /   O peration     | Version:  4.1                                   |
|   \\  /    A nd           | Web:      www.OpenFOAM.org                      |
|    \\/     M anipulation  |                                                 |
\*---------------------------------------------------------------------------*/
FoamFile
{
    version     2.0;
    format      ascii;
    class       volVectorField;
    location    "0.0821";
    object      U;
}
// * * * * * * * * * * * * * * * * * * * * * * * * * * * * * * * * * * * * * //

dimensions      [0 1 -1 0 0 0 0];

internalField   nonuniform List<vector> 
441
(
(0.00369118 -0.0047963 0)
(0.0096356 -0.00253953 0)
(-0.000634882 -2.20378e-165 0)
(0.00194127 -3.2825e-266 0)
(-0.00838111 -0.00776549 0)
(-0.00194127 -3.02727e-232 0)
(-1.13485e-202 -5.52926e-203 0)
(-1.38222e-203 -7.25159e-228 0)
(-1.70416e-212 -3.16301e-213 0)
(-0.00608455 9.03016e-266 0)
(-0.074543 0.0243394 0)
(-0.0937191 0.012744 0)
(-0.105658 0.00584635 0)
(-0.0930869 0.00041212 0)
(-0.0767452 -0.00162184 0)
(-0.0512884 -0.00298925 0)
(-0.0293169 -0.00214974 0)
(-0.00966113 -0.00161369 0)
(0.00235175 0.000700155 0)
(0.00427912 0.00145962 0)
(0.00451893 0.00295874 0)
(0.00378129 -0.00834435 0)
(-0.00102176 0.00679652 0)
(-0.0273625 0.00841709 0)
(-0.059004 0.0106913 0)
(-0.106201 0.0107737 0)
(-0.150757 -0.00329502 0)
(-0.192716 -0.000165658 0)
(-0.233087 0.0016417 0)
(-0.268946 0.0131059 0)
(-0.305103 0.066362 0)
(-0.329739 0.061131 0)
(-0.324141 0.0187915 0)
(-0.309485 -0.00707509 0)
(-0.267697 -0.0301068 0)
(-0.218531 -0.0403575 0)
(-0.156415 -0.0457541 0)
(-0.100165 -0.0393006 0)
(-0.049972 -0.031333 0)
(-0.0159631 -0.0141213 0)
(-0.00141963 -0.00435288 0)
(0.0048811 0.00606491 0)
(0.00751685 -0.00806439 0)
(-0.00521406 0.0282169 0)
(-0.0539488 0.0565923 0)
(-0.120026 0.0763015 0)
(-0.200783 0.0828168 0)
(-0.284382 0.0823876 0)
(-0.37425 0.0794555 0)
(-0.447411 0.0737497 0)
(-0.519288 0.0692558 0)
(-0.55455 0.06536 0)
(-0.550671 0.0443095 0)
(-0.532823 -0.00626122 0)
(-0.496338 -0.0499104 0)
(-0.431788 -0.090341 0)
(-0.354709 -0.11193 0)
(-0.261278 -0.121643 0)
(-0.174501 -0.107402 0)
(-0.0949148 -0.0863382 0)
(-0.038742 -0.0467451 0)
(-0.00838707 -0.0198319 0)
(0.00630717 0.00681254 0)
(0.00631836 -0.0109718 0)
(-0.0161052 0.0700232 0)
(-0.0963621 0.123195 0)
(-0.191072 0.159956 0)
(-0.302695 0.175496 0)
(-0.415106 0.172936 0)
(-0.525902 0.164592 0)
(-0.6219 0.147594 0)
(-0.700935 0.122713 0)
(-0.747613 0.0950295 0)
(-0.757106 0.039134 0)
(-0.733795 -0.0366845 0)
(-0.684525 -0.10828 0)
(-0.599407 -0.172934 0)
(-0.497083 -0.210712 0)
(-0.372791 -0.227517 0)
(-0.255297 -0.205106 0)
(-0.144317 -0.168788 0)
(-0.0641628 -0.0997641 0)
(-0.0158835 -0.0507966 0)
(0.00795839 0.00437141 0)
(6.87445e-165 0.00157959 0)
(-0.024412 0.13044 0)
(-0.13998 0.230762 0)
(-0.25837 0.281167 0)
(-0.399222 0.305726 0)
(-0.536221 0.30372 0)
(-0.672624 0.284905 0)
(-0.78831 0.247658 0)
(-0.884434 0.194218 0)
(-0.941407 0.122247 0)
(-0.958776 0.0309029 0)
(-0.936743 -0.0785814 0)
(-0.879767 -0.183531 0)
(-0.778724 -0.278149 0)
(-0.653292 -0.337459 0)
(-0.496524 -0.364351 0)
(-0.345878 -0.334377 0)
(-0.196679 -0.278624 0)
(-0.0898919 -0.173449 0)
(-0.0182538 -0.092846 0)
(0.0145686 -0.000323361 0)
(-5.57269e-266 0.0057586 0)
(-0.0891424 0.214784 0)
(-0.195603 0.355125 0)
(-0.337767 0.421055 0)
(-0.491976 0.4532 0)
(-0.650057 0.447418 0)
(-0.802813 0.417313 0)
(-0.937744 0.359661 0)
(-1.04916 0.276709 0)
(-1.12349 0.168577 0)
(-1.15813 0.0347724 0)
(-1.14446 -0.116738 0)
(-1.08842 -0.266056 0)
(-0.976347 -0.401074 0)
(-0.830801 -0.492475 0)
(-0.640338 -0.537469 0)
(-0.452475 -0.503901 0)
(-0.258459 -0.427979 0)
(-0.119527 -0.276182 0)
(-0.0204323 -0.158513 0)
(0.0161347 0.00202951 0)
(-0.0230344 0.0939501 0)
(-0.124279 0.322443 0)
(-0.246905 0.479748 0)
(-0.40333 0.57567 0)
(-0.576558 0.617159 0)
(-0.753123 0.613049 0)
(-0.926222 0.571734 0)
(-1.08123 0.493036 0)
(-1.21369 0.379707 0)
(-1.30861 0.230964 0)
(-1.36331 0.0523566 0)
(-1.3645 -0.148624 0)
(-1.31617 -0.35064 0)
(-1.19949 -0.536748 0)
(-1.03832 -0.672011 0)
(-0.813145 -0.744623 0)
(-0.585438 -0.713975 0)
(-0.333301 -0.614088 0)
(-0.159501 -0.408189 0)
(-0.00736231 -0.230384 0)
(5.96132e-266 -0.00403366 0)
(-0.0169968 0.155536 0)
(-0.119009 0.43982 0)
(-0.269861 0.634714 0)
(-0.446814 0.75148 0)
(-0.63995 0.803195 0)
(-0.835685 0.797353 0)
(-1.02735 0.745706 0)
(-1.20348 0.646979 0)
(-1.35818 0.504511 0)
(-1.4783 0.317623 0)
(-1.55906 0.0910853 0)
(-1.58302 -0.16498 0)
(-1.55191 -0.430545 0)
(-1.4401 -0.681201 0)
(-1.27096 -0.878143 0)
(-1.01548 -0.994601 0)
(-0.745459 -0.982115 0)
(-0.430026 -0.860362 0)
(-0.207135 -0.59747 0)
(-0.00364233 -0.327616 0)
(2.59397e-24 -1.07439e-24 0)
(-0.0150991 0.226296 0)
(-0.122602 0.573419 0)
(-0.290131 0.805892 0)
(-0.48194 0.943855 0)
(-0.691402 1.00466 0)
(-0.90246 0.998781 0)
(-1.11085 0.938568 0)
(-1.3061 0.822662 0)
(-1.48299 0.654237 0)
(-1.62929 0.431173 0)
(-1.73886 0.157667 0)
(-1.79216 -0.156337 0)
(-1.78737 -0.492113 0)
(-1.69243 -0.819053 0)
(-1.52757 -1.09445 0)
(-1.25144 -1.27344 0)
(-0.943707 -1.29577 0)
(-0.559549 -1.15787 0)
(-0.27782 -0.826753 0)
(-0.00497058 -0.445541 0)
(1.05592e-76 -6.48493e-25 0)
(-0.0131148 0.2938 0)
(-0.120115 0.716564 0)
(-0.296934 0.994753 0)
(-0.497292 1.1533 0)
(-0.716488 1.22409 0)
(-0.937097 1.21672 0)
(-1.1558 1.14954 0)
(-1.36502 1.01865 0)
(-1.55937 0.827858 0)
(-1.72965 0.572761 0)
(-1.86819 0.254288 0)
(-1.95527 -0.117679 0)
(-1.98548 -0.52959 0)
(-1.92112 -0.943676 0)
(-1.77667 -1.31828 0)
(-1.49683 -1.58456 0)
(-1.16196 -1.67249 0)
(-0.711241 -1.53678 0)
(-0.361882 -1.14636 0)
(-0.00712837 -0.620963 0)
(2.93623e-164 -2.6398e-77 0)
(-0.0131146 0.356049 0)
(-0.120931 0.855467 0)
(-0.302835 1.18072 0)
(-0.506017 1.3611 0)
(-0.726972 1.4427 0)
(-0.948377 1.43601 0)
(-1.1673 1.36534 0)
(-1.38043 1.22472 0)
(-1.582 1.01843 0)
(-1.76808 0.739119 0)
(-1.92943 0.383889 0)
(-2.05014 -0.039457 0)
(-2.12042 -0.524217 0)
(-2.10089 -1.02881 0)
(-1.997 -1.5153 0)
(-1.73985 -1.89204 0)
(-1.40201 -2.07639 0)
(-0.903145 -1.96642 0)
(-0.486734 -1.51906 0)
(-0.0806861 -0.820818 0)
(1.78488e-265 0.0132885 0)
(-0.013619 0.428735 0)
(-0.117572 1.00846 0)
(-0.296878 1.38131 0)
(-0.493534 1.57811 0)
(-0.704925 1.66758 0)
(-0.914975 1.65698 0)
(-1.12027 1.58222 0)
(-1.323 1.43288 0)
(-1.51662 1.21568 0)
(-1.70445 0.919487 0)
(-1.87641 0.536445 0)
(-2.02344 0.0723168 0)
(-2.13315 -0.478206 0)
(-2.16811 -1.06931 0)
(-2.12434 -1.67809 0)
(-1.92031 -2.18616 0)
(-1.60925 -2.50796 0)
(-1.08194 -2.46657 0)
(-0.585322 -1.96291 0)
(-0.0758952 -1.12761 0)
(0.053154 -0.0764178 0)
(-0.0168545 0.482852 0)
(-0.120808 1.13577 0)
(-0.298915 1.55377 0)
(-0.484507 1.76583 0)
(-0.675164 1.86233 0)
(-0.860216 1.84878 0)
(-1.03327 1.77242 0)
(-1.20658 1.61956 0)
(-1.37028 1.39965 0)
(-1.53957 1.09843 0)
(-1.70143 0.703678 0)
(-1.86056 0.217786 0)
(-1.99959 -0.376836 0)
(-2.09373 -1.03678 0)
(-2.1255 -1.75761 0)
(-2.00881 -2.40884 0)
(-1.77272 -2.90804 0)
(-1.24292 -2.99931 0)
(-0.71477 -2.51867 0)
(0.0427976 -1.46652 0)
(2.45505e-231 -0.0132885 0)
(-0.0213506 0.569365 0)
(-0.122419 1.29357 0)
(-0.292045 1.7489 0)
(-0.456171 1.95549 0)
(-0.612183 2.0465 0)
(-0.756436 2.0155 0)
(-0.87897 1.93064 0)
(-1.00278 1.77007 0)
(-1.11429 1.54953 0)
(-1.24111 1.25075 0)
(-1.36821 0.857473 0)
(-1.51558 0.370586 0)
(-1.665 -0.245007 0)
(-1.80904 -0.943733 0)
(-1.92461 -1.76189 0)
(-1.93156 -2.54307 0)
(-1.8299 -3.27222 0)
(-1.40433 -3.54274 0)
(-0.892551 -3.24211 0)
(-0.0030354 -1.88019 0)
(5.81428e-202 4.58129e-184 0)
(-0.0372772 0.619716 0)
(-0.153026 1.40042 0)
(-0.324257 1.88382 0)
(-0.465455 2.08057 0)
(-0.569534 2.16117 0)
(-0.654992 2.11231 0)
(-0.700518 2.0187 0)
(-0.750838 1.85384 0)
(-0.781668 1.63868 0)
(-0.840153 1.35327 0)
(-0.90223 0.979673 0)
(-1.01258 0.517297 0)
(-1.14167 -0.0799789 0)
(-1.32227 -0.772991 0)
(-1.5056 -1.6269 0)
(-1.67102 -2.50008 0)
(-1.73957 -3.41863 0)
(-1.53094 -3.94519 0)
(-1.10903 -3.89637 0)
(-0.0114153 -2.38944 0)
(1.83251e-183 -1.28506e-184 0)
(-0.0559179 0.767854 0)
(-0.187141 1.58488 0)
(-0.34932 2.07091 0)
(-0.453909 2.20224 0)
(-0.489467 2.24334 0)
(-0.498396 2.14733 0)
(-0.449303 2.03092 0)
(-0.406768 1.85218 0)
(-0.33715 1.64084 0)
(-0.303729 1.37287 0)
(-0.275399 1.03003 0)
(-0.315701 0.612565 0)
(-0.390867 0.0631645 0)
(-0.563973 -0.576243 0)
(-0.78776 -1.41616 0)
(-1.08787 -2.30545 0)
(-1.3808 -3.4169 0)
(-1.49959 -4.17992 0)
(-1.39845 -4.77848 0)
(-0.465603 -3.03645 0)
(4.39927e-254 -4.58129e-184 0)
(-0.121738 0.849038 0)
(-0.320771 1.68076 0)
(-0.474797 2.14563 0)
(-0.530712 2.21113 0)
(-0.448364 2.20506 0)
(-0.346394 2.0673 0)
(-0.159023 1.92816 0)
(0.00595342 1.74081 0)
(0.206276 1.53736 0)
(0.352904 1.29412 0)
(0.495905 0.994038 0)
(0.54283 0.638887 0)
(0.55303 0.172105 0)
(0.402625 -0.366639 0)
(0.193893 -1.09498 0)
(-0.263736 -1.89598 0)
(-0.715654 -2.98078 0)
(-1.45729 -3.92637 0)
(-1.64744 -4.83962 0)
(-2.07269 -3.86418 0)
(-2.58907e-264 -0.215845 0)
(-0.178129 1.23206 0)
(-0.417912 1.94234 0)
(-0.506373 2.3033 0)
(-0.461713 2.17602 0)
(-0.225441 2.07285 0)
(0.0204016 1.85754 0)
(0.362619 1.68515 0)
(0.665774 1.48697 0)
(1.00268 1.29608 0)
(1.27057 1.08514 0)
(1.53141 0.839717 0)
(1.68038 0.560549 0)
(1.78825 0.200083 0)
(1.71314 -0.207591 0)
(1.56296 -0.760713 0)
(1.11826 -1.37963 0)
(0.582193 -2.25495 0)
(-0.348947 -3.20422 0)
(-1.08222 -4.25349 0)
(-1.84191 -4.53369 0)
(-0.863381 -2.31602 0)
(-0.400517 1.41089 0)
(-0.726305 1.98035 0)
(-0.520986 2.18367 0)
(-0.241766 1.91319 0)
(0.313162 1.72386 0)
(0.775924 1.47117 0)
(1.33019 1.28472 0)
(1.78662 1.09868 0)
(2.2612 0.934557 0)
(2.63409 0.768403 0)
(2.99095 0.586723 0)
(3.21253 0.390823 0)
(3.39562 0.142835 0)
(3.36724 -0.125735 0)
(3.28692 -0.496604 0)
(2.85804 -0.893409 0)
(2.38409 -1.51462 0)
(1.36106 -2.2326 0)
(0.456396 -3.3522 0)
(-0.707581 -4.00498 0)
(-0.701109 -2.96393 0)
(-0.257225 2.42083 0)
(-0.104163 2.05745 0)
(0.682583 1.86914 0)
(1.32906 1.33367 0)
(2.14482 1.07517 0)
(2.772 0.833338 0)
(3.42661 0.68042 0)
(3.94053 0.551619 0)
(4.44172 0.44907 0)
(4.82456 0.355128 0)
(5.17952 0.259813 0)
(5.39902 0.161313 0)
(5.58111 0.0421322 0)
(5.56713 -0.0860477 0)
(5.51504 -0.261549 0)
(5.14903 -0.455348 0)
(4.75958 -0.789558 0)
(3.82839 -1.24434 0)
(2.86541 -2.25341 0)
(1.09188 -3.33015 0)
(-0.0461913 -3.79895 0)
(1.66724 1.66956 0)
(2.70283 0.974597 0)
(4.54288 0.748312 0)
(5.38145 0.423745 0)
(6.24882 0.286348 0)
(6.75919 0.178004 0)
(7.23928 0.121251 0)
(7.56335 0.0809227 0)
(7.86201 0.0545068 0)
(8.06516 0.0339539 0)
(8.24776 0.0156161 0)
(8.33759 -0.00163685 0)
(8.41049 -0.0227375 0)
(8.35316 -0.0435392 0)
(8.2924 -0.0788587 0)
(8.00562 -0.111809 0)
(7.75002 -0.200934 0)
(6.99609 -0.293422 0)
(6.26256 -0.625256 0)
(4.04593 -0.997419 0)
(2.00535 -1.81803 0)
)
;

boundaryField
{
    movingWall
    {
        type            fixedValue;
        value           uniform (10 0 0);
    }
    fixedWalls
    {
        type            noSlip;
    }
    frontAndBack
    {
        type            empty;
    }
}


// ************************************************************************* //
