/*--------------------------------*- C++ -*----------------------------------*\
| =========                 |                                                 |
| \\      /  F ield         | OpenFOAM: The Open Source CFD Toolbox           |
|  \\    /   O peration     | Version:  4.1                                   |
|   \\  /    A nd           | Web:      www.OpenFOAM.org                      |
|    \\/     M anipulation  |                                                 |
\*---------------------------------------------------------------------------*/
FoamFile
{
    version     2.0;
    format      ascii;
    class       volVectorField;
    location    "0.1012";
    object      U;
}
// * * * * * * * * * * * * * * * * * * * * * * * * * * * * * * * * * * * * * //

dimensions      [0 1 -1 0 0 0 0];

internalField   nonuniform List<vector> 
441
(
(0.00383396 -0.00490368 0)
(0.0100579 -0.00254092 0)
(-0.000635231 -2.22246e-165 0)
(0.00201871 -3.43984e-266 0)
(-0.00837334 -0.00807508 0)
(-0.00201871 -3.13057e-232 0)
(-1.15978e-202 -5.7935e-203 0)
(-1.44833e-203 -7.60835e-228 0)
(-1.76611e-212 -3.3224e-213 0)
(-0.00630664 9.34636e-266 0)
(-0.0773679 0.0252272 0)
(-0.0969941 0.0131511 0)
(-0.108948 0.00597609 0)
(-0.0954124 0.000337889 0)
(-0.0779738 -0.00175441 0)
(-0.0513024 -0.00311792 0)
(-0.028476 -0.00219567 0)
(-0.00839774 -0.00157017 0)
(0.00352549 0.00084496 0)
(0.00491844 0.00162638 0)
(0.0046652 0.00308352 0)
(0.00399211 -0.00880515 0)
(-0.000666802 0.00693037 0)
(-0.0277355 0.00871608 0)
(-0.0605471 0.0108521 0)
(-0.10966 0.0112034 0)
(-0.156347 -0.00313668 0)
(-0.200418 -0.000124144 0)
(-0.242898 0.00173076 0)
(-0.280564 0.0136288 0)
(-0.318338 0.0688995 0)
(-0.343716 0.0631958 0)
(-0.337275 0.0188703 0)
(-0.32101 -0.00820264 0)
(-0.276487 -0.0321216 0)
(-0.224341 -0.0425722 0)
(-0.15919 -0.0477309 0)
(-0.100594 -0.0405457 0)
(-0.0489496 -0.0317256 0)
(-0.0145496 -0.0136316 0)
(-0.000533017 -0.00348376 0)
(0.00508151 0.0067282 0)
(0.00786999 -0.00872893 0)
(-0.00515924 0.0287995 0)
(-0.0555772 0.0584758 0)
(-0.124448 0.0792802 0)
(-0.208994 0.086512 0)
(-0.296581 0.0864843 0)
(-0.390905 0.0835375 0)
(-0.467943 0.0775477 0)
(-0.543295 0.0725395 0)
(-0.580124 0.0678826 0)
(-0.575573 0.0451181 0)
(-0.556005 -0.0082533 0)
(-0.516577 -0.0541138 0)
(-0.447937 -0.0961113 0)
(-0.36635 -0.118065 0)
(-0.26835 -0.12715 0)
(-0.177806 -0.11123 0)
(-0.0955544 -0.0881427 0)
(-0.0381174 -0.0464562 0)
(-0.00773815 -0.018459 0)
(0.00651909 0.0080085 0)
(0.00650265 -0.0118758 0)
(-0.0169692 0.0721952 0)
(-0.100621 0.127935 0)
(-0.199757 0.166797 0)
(-0.316803 0.183702 0)
(-0.434845 0.181628 0)
(-0.551244 0.17304 0)
(-0.652099 0.155079 0)
(-0.734803 0.12839 0)
(-0.783245 0.0983838 0)
(-0.792266 0.0387895 0)
(-0.766698 -0.0412985 0)
(-0.71368 -0.116464 0)
(-0.623434 -0.18358 0)
(-0.515406 -0.222026 0)
(-0.385195 -0.237866 0)
(-0.262566 -0.212788 0)
(-0.147569 -0.173134 0)
(-0.0650257 -0.10055 0)
(-0.0158562 -0.0495227 0)
(0.00811173 0.00589953 0)
(7.12276e-165 0.00162566 0)
(-0.0258636 0.135455 0)
(-0.146802 0.240444 0)
(-0.271067 0.293933 0)
(-0.418927 0.320417 0)
(-0.562808 0.318968 0)
(-0.705932 0.299372 0)
(-0.827156 0.259926 0)
(-0.927364 0.202886 0)
(-0.98616 0.12609 0)
(-1.00301 0.0289794 0)
(-0.978496 -0.0865669 0)
(-0.917287 -0.19661 0)
(-0.81046 -0.294764 0)
(-0.678426 -0.355219 0)
(-0.514571 -0.380939 0)
(-0.357473 -0.34735 0)
(-0.202796 -0.286859 0)
(-0.0923887 -0.176422 0)
(-0.018835 -0.0925051 0)
(0.0147258 0.00104706 0)
(-5.77155e-266 0.0060009 0)
(-0.0932621 0.22394 0)
(-0.205287 0.371001 0)
(-0.354569 0.440825 0)
(-0.516483 0.475255 0)
(-0.682268 0.46973 0)
(-0.84217 0.438024 0)
(-0.982982 0.376775 0)
(-1.09858 0.288326 0)
(-1.1749 0.173226 0)
(-1.2093 0.031432 0)
(-1.19322 -0.128093 0)
(-1.13295 -0.284267 0)
(-1.01486 -0.424151 0)
(-0.862256 -0.5175 0)
(-0.663841 -0.561418 0)
(-0.468412 -0.523518 0)
(-0.267489 -0.441475 0)
(-0.123727 -0.282477 0)
(-0.0217821 -0.159922 0)
(0.0161386 0.00317785 0)
(-0.0240036 0.0981996 0)
(-0.130069 0.337025 0)
(-0.258825 0.502105 0)
(-0.422814 0.603178 0)
(-0.604181 0.647199 0)
(-0.788717 0.643072 0)
(-0.969129 0.599169 0)
(-1.13005 0.515322 0)
(-1.26673 0.394524 0)
(-1.36374 0.23655 0)
(-1.41843 0.0477831 0)
(-1.41753 -0.163248 0)
(-1.36531 -0.373962 0)
(-1.24288 -0.566472 0)
(-1.07471 -0.704796 0)
(-0.841201 -0.776798 0)
(-0.605171 -0.74142 0)
(-0.344769 -0.634127 0)
(-0.164952 -0.418806 0)
(-0.00851174 -0.234278 0)
(6.01024e-266 -0.00403466 0)
(-0.0177354 0.162597 0)
(-0.124479 0.459942 0)
(-0.28214 0.664253 0)
(-0.466868 0.78694 0)
(-0.668135 0.841315 0)
(-0.871654 0.834927 0)
(-1.07028 0.779624 0)
(-1.252 0.674217 0)
(-1.41064 0.522438 0)
(-1.53282 0.324347 0)
(-1.61383 0.0856657 0)
(-1.63621 -0.182319 0)
(-1.60194 -0.458386 0)
(-1.48519 -0.717077 0)
(-1.30981 -0.918521 0)
(-1.04635 -1.03531 0)
(-0.767951 -1.01834 0)
(-0.44328 -0.888261 0)
(-0.213474 -0.614052 0)
(-0.00388641 -0.334577 0)
(2.65563e-24 -1.0431e-24 0)
(-0.0157239 0.23661 0)
(-0.127607 0.599478 0)
(-0.301595 0.842753 0)
(-0.500604 0.987188 0)
(-0.717483 1.05053 0)
(-0.935472 1.04348 0)
(-1.14995 0.978495 0)
(-1.34994 0.854444 0)
(-1.53016 0.675047 0)
(-1.67819 0.439062 0)
(-1.78811 0.151771 0)
(-1.84035 -0.175703 0)
(-1.83338 -0.523508 0)
(-1.73484 -0.859987 0)
(-1.56528 -1.14144 0)
(-1.28256 -1.32207 0)
(-0.967418 -1.34082 0)
(-0.574149 -1.19422 0)
(-0.285095 -0.85025 0)
(-0.00510317 -0.455981 0)
(1.07779e-76 -6.63907e-25 0)
(-0.0135367 0.306464 0)
(-0.123943 0.747538 0)
(-0.306063 1.03791 0)
(-0.512294 1.20335 0)
(-0.737472 1.27652 0)
(-0.963516 1.26727 0)
(-1.1868 1.19428 0)
(-1.39944 1.05396 0)
(-1.59603 0.850853 0)
(-1.76736 0.581573 0)
(-1.90607 0.248184 0)
(-1.99253 -0.138236 0)
(-2.02165 -0.563165 0)
(-1.9554 -0.98787 0)
(-1.80847 -1.36991 0)
(-1.52445 -1.63936 0)
(-1.18436 -1.72524 0)
(-0.725881 -1.58132 0)
(-0.369723 -1.17734 0)
(-0.00741684 -0.635475 0)
(2.99202e-164 -2.69447e-77 0)
(-0.013341 0.370532 0)
(-0.1232 0.890202 0)
(-0.308485 1.22869 0)
(-0.515475 1.41623 0)
(-0.740257 1.49995 0)
(-0.964966 1.4907 0)
(-1.18643 1.41324 0)
(-1.40115 1.26214 0)
(-1.60344 1.04255 0)
(-1.78954 0.748262 0)
(-1.95058 0.377588 0)
(-2.07089 -0.0605006 0)
(-2.14108 -0.558516 0)
(-2.12153 -1.07409 0)
(-2.01777 -1.56888 0)
(-1.7597 -1.95014 0)
(-1.41994 -2.13436 0)
(-0.916311 -2.01752 0)
(-0.494648 -1.55675 0)
(-0.0825497 -0.839389 0)
(1.79991e-265 0.0134293 0)
(-0.0136097 0.443877 0)
(-0.117847 1.04486 0)
(-0.298023 1.43163 0)
(-0.495833 1.63579 0)
(-0.70834 1.72713 0)
(-0.919106 1.71339 0)
(-1.12452 1.6311 0)
(-1.32673 1.47053 0)
(-1.51935 1.23947 0)
(-1.70597 0.928069 0)
(-1.87697 0.529713 0)
(-2.02363 0.0513305 0)
(-2.13402 -0.511806 0)
(-2.17062 -1.11333 0)
(-2.12955 -1.73039 0)
(-1.92807 -2.2438 0)
(-1.619 -2.56728 0)
(-1.09073 -2.52128 0)
(-0.59136 -2.00514 0)
(-0.0766554 -1.15025 0)
(0.0537174 -0.0783087 0)
(-0.0166051 0.497588 0)
(-0.118915 1.17165 0)
(-0.295059 1.60376 0)
(-0.478806 1.82323 0)
(-0.66755 1.92142 0)
(-0.850515 1.90433 0)
(-1.02117 1.81996 0)
(-1.19188 1.65551 0)
(-1.35296 1.42163 0)
(-1.51996 1.10548 0)
(-1.68026 0.696125 0)
(-1.83899 0.197125 0)
(-1.9792 -0.4087 0)
(-2.07624 -1.07762 0)
(-2.11277 -1.80579 0)
(-2.00166 -2.46233 0)
(-1.77151 -2.96483 0)
(-1.24499 -3.05419 0)
(-0.718039 -2.56441 0)
(0.0441006 -1.49183 0)
(2.48312e-231 -0.0134293 0)
(-0.0208658 0.582398 0)
(-0.118367 1.32637 0)
(-0.283165 1.79545 0)
(-0.442403 2.00942 0)
(-0.593478 2.10209 0)
(-0.732949 2.06748 0)
(-0.85082 1.97459 0)
(-0.970326 1.80258 0)
(-1.07808 1.5685 0)
(-1.20203 1.25558 0)
(-1.32742 0.848884 0)
(-1.47458 0.350485 0)
(-1.62561 -0.274405 0)
(-1.77332 -0.980011 0)
(-1.89481 -1.8037 0)
(-1.90953 -2.58908 0)
(-1.81678 -3.32209 0)
(-1.39908 -3.59299 0)
(-0.892649 -3.28747 0)
(-0.00288244 -1.90646 0)
(5.83896e-202 4.59114e-184 0)
(-0.0366064 0.629976 0)
(-0.14717 1.42791 0)
(-0.311061 1.92416 0)
(-0.444659 2.12819 0)
(-0.541108 2.21061 0)
(-0.619501 2.15847 0)
(-0.658605 2.05735 0)
(-0.70355 1.88181 0)
(-0.730196 1.65412 0)
(-0.785958 1.35584 0)
(-0.846822 0.970297 0)
(-0.95762 0.498126 0)
(-1.08886 -0.106466 0)
(-1.27355 -0.804149 0)
(-1.46306 -1.66129 0)
(-1.6369 -2.5368 0)
(-1.7157 -3.45843 0)
(-1.51784 -3.98672 0)
(-1.10504 -3.9368 0)
(-0.0115195 -2.41498 0)
(1.83646e-183 -1.58619e-184 0)
(-0.0551433 0.774451 0)
(-0.180166 1.60516 0)
(-0.333287 2.10258 0)
(-0.428299 2.24097 0)
(-0.454253 2.28429 0)
(-0.454516 2.18587 0)
(-0.397929 2.06313 0)
(-0.349623 1.87519 0)
(-0.276047 1.65298 0)
(-0.240668 1.37385 0)
(-0.212194 1.02077 0)
(-0.254074 0.595144 0)
(-0.332239 0.0400704 0)
(-0.509809 -0.602209 0)
(-0.739461 -1.44334 0)
(-1.04744 -2.33275 0)
(-1.35005 -3.44565 0)
(-1.48066 -4.21016 0)
(-1.39043 -4.8104 0)
(-0.466667 -3.05879 0)
(4.40317e-254 -4.59114e-184 0)
(-0.121026 0.851662 0)
(-0.313906 1.69302 0)
(-0.458447 2.16744 0)
(-0.504056 2.2396 0)
(-0.411214 2.23628 0)
(-0.299877 2.09732 0)
(-0.104602 1.95359 0)
(0.0661137 1.7591 0)
(0.26995 1.54695 0)
(0.417706 1.29464 0)
(0.559777 0.986165 0)
(0.603954 0.624346 0)
(0.610194 0.153112 0)
(0.454767 -0.38747 0)
(0.240489 -1.11567 0)
(-0.224014 -1.9152 0)
(-0.683636 -2.9991 0)
(-1.43615 -3.94512 0)
(-1.6364 -4.85967 0)
(-2.07469 -3.88165 0)
(-2.59845e-264 -0.21634 0)
(-0.177747 1.23121 0)
(-0.412899 1.947 0)
(-0.493264 2.31524 0)
(-0.439236 2.19393 0)
(-0.19299 2.09393 0)
(0.0619574 1.87876 0)
(0.411963 1.70371 0)
(0.72076 1.50074 0)
(1.06103 1.30362 0)
(1.32977 1.08598 0)
(1.58925 0.834193 0)
(1.73492 0.549881 0)
(1.83822 0.185989 0)
(1.75768 -0.223009 0)
(1.60191 -0.775563 0)
(1.15134 -1.39247 0)
(0.60948 -2.26539 0)
(-0.328993 -3.21353 0)
(-1.07022 -4.26269 0)
(-1.83966 -4.54405 0)
(-0.865359 -2.31894 0)
(-0.400693 1.40821 0)
(-0.724785 1.9799 0)
(-0.514611 2.18804 0)
(-0.228665 1.92225 0)
(0.334348 1.73594 0)
(0.805106 1.48422 0)
(1.36669 1.2967 0)
(1.8288 1.10795 0)
(2.30709 0.93999 0)
(2.68132 0.769499 0)
(3.03727 0.583591 0)
(3.25587 0.384204 0)
(3.43454 0.133873 0)
(3.40074 -0.135592 0)
(3.31492 -0.50596 0)
(2.88066 -0.901114 0)
(2.40221 -1.52008 0)
(1.37467 -2.23631 0)
(0.465715 -3.35499 0)
(-0.703682 -4.00829 0)
(-0.701748 -2.96448 0)
(-0.257809 2.41868 0)
(-0.105841 2.05556 0)
(0.681998 1.86942 0)
(1.33182 1.33659 0)
(2.15288 1.08002 0)
(2.78613 0.839064 0)
(3.44686 0.685897 0)
(3.96594 0.555949 0)
(4.47079 0.451611 0)
(4.85532 0.3556 0)
(5.20995 0.258268 0)
(5.4272 0.15813 0)
(5.60564 0.0379238 0)
(5.58708 -0.0905461 0)
(5.5303 -0.265585 0)
(5.15994 -0.458395 0)
(4.76718 -0.791216 0)
(3.8335 -1.24496 0)
(2.86884 -2.25323 0)
(1.09348 -3.33049 0)
(-0.0465655 -3.79864 0)
(1.66673 1.66905 0)
(2.70078 0.974082 0)
(4.54005 0.748095 0)
(5.3794 0.423965 0)
(6.24898 0.286905 0)
(6.76239 0.178714 0)
(7.24574 0.121905 0)
(7.57259 0.0813715 0)
(7.87319 0.0546498 0)
(8.07709 0.0337736 0)
(8.25928 0.0151505 0)
(8.34758 -0.00228536 0)
(8.41826 -0.0234436 0)
(8.3583 -0.0441598 0)
(8.29512 -0.0792799 0)
(8.00629 -0.111959 0)
(7.74957 -0.200793 0)
(6.99518 -0.293081 0)
(6.26188 -0.624781 0)
(4.04559 -0.997009 0)
(2.00485 -1.81752 0)
)
;

boundaryField
{
    movingWall
    {
        type            fixedValue;
        value           uniform (10 0 0);
    }
    fixedWalls
    {
        type            noSlip;
    }
    frontAndBack
    {
        type            empty;
    }
}


// ************************************************************************* //
