/*--------------------------------*- C++ -*----------------------------------*\
| =========                 |                                                 |
| \\      /  F ield         | OpenFOAM: The Open Source CFD Toolbox           |
|  \\    /   O peration     | Version:  4.1                                   |
|   \\  /    A nd           | Web:      www.OpenFOAM.org                      |
|    \\/     M anipulation  |                                                 |
\*---------------------------------------------------------------------------*/
FoamFile
{
    version     2.0;
    format      ascii;
    class       volVectorField;
    location    "0.0883";
    object      U;
}
// * * * * * * * * * * * * * * * * * * * * * * * * * * * * * * * * * * * * * //

dimensions      [0 1 -1 0 0 0 0];

internalField   nonuniform List<vector> 
441
(
(0.00374394 -0.00483592 0)
(0.00979341 -0.00253979 0)
(-0.000634946 -2.21069e-165 0)
(0.00197104 -3.34327e-266 0)
(-0.00837123 -0.00788451 0)
(-0.00197104 -3.067e-232 0)
(-1.14406e-202 -5.63367e-203 0)
(-1.40834e-203 -7.39432e-228 0)
(-1.72851e-212 -3.22759e-213 0)
(-0.00617234 9.15433e-266 0)
(-0.0756707 0.0246904 0)
(-0.0950335 0.0129047 0)
(-0.106986 0.00589737 0)
(-0.0940366 0.000381647 0)
(-0.0772591 -0.00167598 0)
(-0.0513158 -0.00304227 0)
(-0.0289984 -0.00216985 0)
(-0.0091684 -0.00159797 0)
(0.00281407 0.000756734 0)
(0.0045321 0.00152548 0)
(0.0045773 0.00300841 0)
(0.00386003 -0.00851648 0)
(-0.000885328 0.00684544 0)
(-0.0274928 0.00852705 0)
(-0.0595704 0.0107463 0)
(-0.107494 0.0109389 0)
(-0.152872 -0.00322816 0)
(-0.195659 -0.000147771 0)
(-0.236869 0.00167726 0)
(-0.273461 0.0133145 0)
(-0.310285 0.0673766 0)
(-0.335248 0.0619671 0)
(-0.329349 0.0188404 0)
(-0.31408 -0.0075097 0)
(-0.271222 -0.0309018 0)
(-0.220878 -0.0412398 0)
(-0.157553 -0.0465479 0)
(-0.100362 -0.0398061 0)
(-0.0495822 -0.0314993 0)
(-0.0154091 -0.013934 0)
(-0.00106986 -0.00401158 0)
(0.00496082 0.00632757 0)
(0.00764959 -0.00831588 0)
(-0.00518782 0.0284256 0)
(-0.0545446 0.0572897 0)
(-0.121672 0.0774223 0)
(-0.203872 0.0842305 0)
(-0.289008 0.0839812 0)
(-0.380621 0.0810678 0)
(-0.455331 0.0752746 0)
(-0.528621 0.0705988 0)
(-0.564558 0.0664178 0)
(-0.560469 0.0446945 0)
(-0.541991 -0.00699347 0)
(-0.504377 -0.0515372 0)
(-0.438228 -0.0926121 0)
(-0.359368 -0.114366 0)
(-0.26412 -0.123846 0)
(-0.175838 -0.108944 0)
(-0.0951822 -0.0870757 0)
(-0.0384991 -0.0466451 0)
(-0.00813052 -0.0192947 0)
(0.00639172 0.00728545 0)
(0.00638615 -0.0113161 0)
(-0.0164296 0.0708221 0)
(-0.0979577 0.124964 0)
(-0.194342 0.162541 0)
(-0.30804 0.178642 0)
(-0.422634 0.17632 0)
(-0.535636 0.167933 0)
(-0.633582 0.150609 0)
(-0.714123 0.125055 0)
(-0.761571 0.0964787 0)
(-0.770951 0.0391231 0)
(-0.746808 -0.0384058 0)
(-0.696098 -0.111451 0)
(-0.608971 -0.177123 0)
(-0.504392 -0.215201 0)
(-0.377745 -0.231648 0)
(-0.258202 -0.208188 0)
(-0.145615 -0.170544 0)
(-0.0645057 -0.100096 0)
(-0.0158716 -0.0503001 0)
(0.00802001 0.00497678 0)
(6.9673e-165 0.00159654 0)
(-0.0249612 0.132308 0)
(-0.142555 0.234397 0)
(-0.263182 0.286014 0)
(-0.40673 0.311375 0)
(-0.546413 0.309671 0)
(-0.685476 0.290641 0)
(-0.803396 0.252615 0)
(-0.90121 0.197818 0)
(-0.958993 0.123972 0)
(-0.976243 0.0303416 0)
(-0.953294 -0.0815806 0)
(-0.894686 -0.188606 0)
(-0.79137 -0.284689 0)
(-0.66332 -0.344507 0)
(-0.503727 -0.370968 0)
(-0.350503 -0.339572 0)
(-0.199114 -0.281933 0)
(-0.0908814 -0.174652 0)
(-0.0184823 -0.0927196 0)
(0.0146322 0.000220519 0)
(-5.64672e-266 0.00584955 0)
(-0.0906965 0.218218 0)
(-0.19928 0.361117 0)
(-0.344173 0.428592 0)
(-0.50137 0.46171 0)
(-0.662475 0.456152 0)
(-0.818081 0.425551 0)
(-0.955402 0.366602 0)
(-1.06856 0.281563 0)
(-1.14378 0.170712 0)
(-1.17842 0.0337281 0)
(-1.16386 -0.121016 0)
(-1.10618 -0.273136 0)
(-0.991736 -0.41017 0)
(-0.843379 -0.502415 0)
(-0.649736 -0.547027 0)
(-0.458842 -0.511753 0)
(-0.26206 -0.433391 0)
(-0.121197 -0.278709 0)
(-0.0209683 -0.159081 0)
(0.0161366 0.00248754 0)
(-0.0233982 0.0955514 0)
(-0.126474 0.327944 0)
(-0.251455 0.488231 0)
(-0.410803 0.586204 0)
(-0.587211 0.628798 0)
(-0.76693 0.624845 0)
(-0.942967 0.582686 0)
(-1.10039 0.50211 0)
(-1.23463 0.38593 0)
(-1.33048 0.233568 0)
(-1.38527 0.0509029 0)
(-1.38569 -0.154147 0)
(-1.33585 -0.359725 0)
(-1.21689 -0.548486 0)
(-1.05292 -0.685054 0)
(-0.824401 -0.757479 0)
(-0.593347 -0.724966 0)
(-0.33789 -0.622122 0)
(-0.161677 -0.412443 0)
(-0.00782053 -0.231942 0)
(5.98091e-266 -0.00403416 0)
(-0.0172765 0.158208 0)
(-0.121102 0.447447 0)
(-0.274584 0.645972 0)
(-0.454561 0.765114 0)
(-0.650895 0.818021 0)
(-0.849732 0.81217 0)
(-1.04422 0.759296 0)
(-1.22266 0.658112 0)
(-1.37902 0.512073 0)
(-1.50006 0.320775 0)
(-1.58101 0.0893691 0)
(-1.6044 -0.171538 0)
(-1.57205 -0.441413 0)
(-1.45827 -0.695398 0)
(-1.28662 -0.894238 0)
(-1.02792 -1.01089 0)
(-0.754511 -0.996641 0)
(-0.435352 -0.871556 0)
(-0.209677 -0.604116 0)
(-0.00373985 -0.330401 0)
(2.61869e-24 -1.06158e-24 0)
(-0.0153385 0.230214 0)
(-0.124534 0.583338 0)
(-0.294575 0.819999 0)
(-0.489205 0.96058 0)
(-0.701605 1.02257 0)
(-0.915448 1.01647 0)
(-1.12633 0.954624 0)
(-1.32355 0.8357 0)
(-1.50187 0.663048 0)
(-1.64895 0.434877 0)
(-1.75874 0.155826 0)
(-1.81166 -0.163667 0)
(-1.80601 -0.504392 0)
(-1.70962 -0.835287 0)
(-1.54285 -1.11322 0)
(-1.26404 -1.29294 0)
(-0.953294 -1.31387 0)
(-0.565443 -1.17248 0)
(-0.280751 -0.836183 0)
(-0.00502391 -0.449724 0)
(1.06472e-76 -6.54673e-25 0)
(-0.0132791 0.298632 0)
(-0.12161 0.728401 0)
(-0.300509 1.01133 0)
(-0.503187 1.17268 0)
(-0.724773 1.24463 0)
(-0.947586 1.23679 0)
(-1.16818 1.16759 0)
(-1.37885 1.03319 0)
(-1.57418 0.837631 0)
(-1.74496 0.57691 0)
(-1.88362 0.252416 0)
(-1.97048 -0.125461 0)
(-2.00026 -0.542743 0)
(-1.93513 -0.96124 0)
(-1.78965 -1.33895 0)
(-1.50809 -1.60658 0)
(-1.17107 -1.69373 0)
(-0.717181 -1.55471 0)
(-0.365054 -1.15882 0)
(-0.00724335 -0.626789 0)
(2.95875e-164 -2.66181e-77 0)
(-0.0132049 0.361596 0)
(-0.121834 0.868785 0)
(-0.305083 1.1992 0)
(-0.509789 1.38251 0)
(-0.732294 1.46519 0)
(-0.955061 1.45779 0)
(-1.17506 1.38472 0)
(-1.38889 1.24018 0)
(-1.59081 1.02873 0)
(-1.77696 0.743457 0)
(-1.93822 0.381973 0)
(-2.05879 -0.0474222 0)
(-2.12903 -0.537671 0)
(-2.10947 -1.04684 0)
(-2.00559 -1.5368 0)
(-1.74803 -1.91544 0)
(-1.40936 -2.09978 0)
(-0.908519 -1.98704 0)
(-0.489951 -1.53425 0)
(-0.0814336 -0.82829 0)
(1.79113e-265 0.013346 0)
(-0.0136183 0.434552 0)
(-0.117704 1.02245 0)
(-0.297382 1.40074 0)
(-0.494527 1.60057 0)
(-0.706398 1.69102 0)
(-0.916775 1.67949 0)
(-1.12216 1.60206 0)
(-1.32473 1.44849 0)
(-1.51799 1.22589 0)
(-1.70535 0.923633 0)
(-1.87694 0.534373 0)
(-2.02383 0.0643743 0)
(-2.1338 -0.491395 0)
(-2.16939 -1.08686 0)
(-2.12667 -1.69911 0)
(-1.92363 -2.20943 0)
(-1.61333 -2.53195 0)
(-1.08557 -2.4887 0)
(-0.587797 -1.97997 0)
(-0.0762062 -1.13674 0)
(0.0533841 -0.0771744 0)
(-0.0167598 0.488526 0)
(-0.120094 1.14959 0)
(-0.297466 1.57311 0)
(-0.482366 1.78821 0)
(-0.672298 1.88563 0)
(-0.856546 1.87099 0)
(-1.02866 1.79175 0)
(-1.20094 1.63451 0)
(-1.36359 1.40915 0)
(-1.53196 1.10197 0)
(-1.69318 0.701272 0)
(-1.85212 0.209962 0)
(-1.99161 -0.389345 0)
(-2.0869 -1.05307 0)
(-2.12056 -1.77701 0)
(-2.00609 -2.43048 0)
(-1.77237 -2.93106 0)
(-1.24384 -3.02156 0)
(-0.716137 -2.53719 0)
(0.0433169 -1.47675 0)
(2.46642e-231 -0.013346 0)
(-0.0211627 0.574386 0)
(-0.120856 1.30622 0)
(-0.28862 1.76692 0)
(-0.45085 1.97653 0)
(-0.60493 2.06842 0)
(-0.747286 2.03629 0)
(-0.867947 1.94853 0)
(-0.990005 1.78362 0)
(-1.09997 1.5578 0)
(-1.22558 1.25337 0)
(-1.35195 0.854623 0)
(-1.49921 0.362964 0)
(-1.64925 -0.256544 0)
(-1.79475 -0.95821 0)
(-1.9127 -1.77874 0)
(-1.92277 -2.56171 0)
(-1.8247 -3.29248 0)
(-1.40228 -3.56315 0)
(-0.892635 -3.26052 0)
(-0.00297449 -1.89083 0)
(5.8245e-202 4.58543e-184 0)
(-0.0370152 0.623662 0)
(-0.150752 1.41101 0)
(-0.319131 1.89943 0)
(-0.457359 2.09914 0)
(-0.558428 2.18066 0)
(-0.641061 2.13077 0)
(-0.683981 2.03443 0)
(-0.732083 1.86552 0)
(-0.761156 1.64547 0)
(-0.818466 1.35492 0)
(-0.879984 0.976455 0)
(-0.990459 0.510012 0)
(-1.12038 -0.0903657 0)
(-1.30262 -0.785413 0)
(-1.48844 -1.64076 0)
(-1.65726 -2.51497 0)
(-1.72996 -3.43482 0)
(-1.52569 -3.9621 0)
(-1.10745 -3.91281 0)
(-0.0114584 -2.39981 0)
(1.83417e-183 -1.40642e-184 0)
(-0.0556151 0.770375 0)
(-0.184429 1.59266 0)
(-0.343082 2.08313 0)
(-0.443922 2.21731 0)
(-0.475683 2.25945 0)
(-0.481138 2.16271 0)
(-0.428992 2.04401 0)
(-0.384054 1.86178 0)
(-0.312739 1.64621 0)
(-0.278423 1.37379 0)
(-0.249941 1.02679 0)
(-0.290807 0.605934 0)
(-0.367138 0.054118 0)
(-0.542024 -0.586578 0)
(-0.768179 -1.4271 0)
(-1.07148 -2.31652 0)
(-1.36834 -3.42862 0)
(-1.49193 -4.19226 0)
(-1.39522 -4.79149 0)
(-0.466039 -3.04554 0)
(4.40096e-254 -4.58543e-184 0)
(-0.121461 0.850013 0)
(-0.318109 1.68542 0)
(-0.468451 2.154 0)
(-0.520337 2.22216 0)
(-0.433848 2.21731 0)
(-0.328128 2.07924 0)
(-0.137537 1.93846 0)
(0.0298387 1.74841 0)
(0.231693 1.54158 0)
(0.378899 1.29474 0)
(0.521636 0.991261 0)
(0.567541 0.633353 0)
(0.576201 0.164677 0)
(0.423799 -0.374913 0)
(0.212833 -1.10329 0)
(-0.247584 -1.90376 0)
(-0.702639 -2.98825 0)
(-1.4487 -3.93404 0)
(-1.64297 -4.84782 0)
(-2.07351 -3.87131 0)
(-2.59288e-264 -0.216047 0)
(-0.177983 1.23169 0)
(-0.415988 1.94406 0)
(-0.501323 2.30783 0)
(-0.45302 2.18292 0)
(-0.21283 2.08107 0)
(0.0366388 1.86593 0)
(0.382013 1.69262 0)
(0.687514 1.49265 0)
(1.02588 1.29935 0)
(1.29424 1.08577 0)
(1.55465 0.837781 0)
(1.70239 0.556498 0)
(1.80849 0.194582 0)
(1.73123 -0.213702 0)
(1.57881 -0.766665 0)
(1.13173 -1.38482 0)
(0.593312 -2.2592 0)
(-0.340818 -3.20803 0)
(-1.07733 -4.25727 0)
(-1.841 -4.53793 0)
(-0.864187 -2.31722 0)
(-0.400589 1.40983 0)
(-0.725748 1.98011 0)
(-0.518581 2.18529 0)
(-0.236771 1.91664 0)
(0.321304 1.72853 0)
(0.78722 1.47629 0)
(1.34442 1.2895 0)
(1.80318 1.10246 0)
(2.27933 0.936871 0)
(2.65287 0.769015 0)
(3.00947 0.585642 0)
(3.22995 0.388316 0)
(3.41134 0.139343 0)
(3.38082 -0.129637 0)
(3.29831 -0.500351 0)
(2.86727 -0.896524 0)
(2.39149 -1.51685 0)
(1.36662 -2.23413 0)
(0.460203 -3.35335 0)
(-0.705988 -4.00634 0)
(-0.701368 -2.96416 0)
(-0.257453 2.41999 0)
(-0.104836 2.0567 0)
(0.682295 1.86921 0)
(1.33003 1.33476 0)
(2.14783 1.07703 0)
(2.77738 0.83557 0)
(3.43441 0.68259 0)
(3.95041 0.553372 0)
(4.45312 0.450141 0)
(4.83671 0.35539 0)
(5.19162 0.259269 0)
(5.4103 0.1601 0)
(5.59099 0.0404873 0)
(5.57521 -0.0878332 0)
(5.52126 -0.26317 0)
(5.1535 -0.456586 0)
(4.7627 -0.790243 0)
(3.83049 -1.24461 0)
(2.86682 -2.25335 0)
(1.09254 -3.33029 0)
(-0.0463424 -3.79883 0)
(1.66704 1.66936 0)
(2.70203 0.974396 0)
(4.54176 0.748222 0)
(5.3806 0.423823 0)
(6.24881 0.28656 0)
(6.76036 0.17828 0)
(7.24173 0.121511 0)
(7.56691 0.0811061 0)
(7.86636 0.0545724 0)
(8.06986 0.0338919 0)
(8.25234 0.0154387 0)
(8.34159 -0.00189077 0)
(8.41363 -0.0230188 0)
(8.35526 -0.0437901 0)
(8.29353 -0.0790324 0)
(8.00592 -0.111874 0)
(7.74986 -0.200882 0)
(6.99574 -0.293287 0)
(6.26229 -0.625064 0)
(4.04579 -0.997252 0)
(2.00514 -1.81783 0)
)
;

boundaryField
{
    movingWall
    {
        type            fixedValue;
        value           uniform (10 0 0);
    }
    fixedWalls
    {
        type            noSlip;
    }
    frontAndBack
    {
        type            empty;
    }
}


// ************************************************************************* //
