/*--------------------------------*- C++ -*----------------------------------*\
| =========                 |                                                 |
| \\      /  F ield         | OpenFOAM: The Open Source CFD Toolbox           |
|  \\    /   O peration     | Version:  4.1                                   |
|   \\  /    A nd           | Web:      www.OpenFOAM.org                      |
|    \\/     M anipulation  |                                                 |
\*---------------------------------------------------------------------------*/
FoamFile
{
    version     2.0;
    format      ascii;
    class       volVectorField;
    location    "0.072";
    object      U;
}
// * * * * * * * * * * * * * * * * * * * * * * * * * * * * * * * * * * * * * //

dimensions      [0 1 -1 0 0 0 0];

internalField   nonuniform List<vector> 
441
(
(0.00359471 -0.00472514 0)
(0.0093405 -0.00254117 0)
(-0.000635293 -2.1919e-165 0)
(0.00188279 -3.16174e-266 0)
(-0.00842828 -0.00753167 0)
(-0.00188279 -2.94921e-232 0)
(-1.11839e-202 -5.31292e-203 0)
(-1.32811e-203 -6.94847e-228 0)
(-1.65422e-212 -3.02245e-213 0)
(-0.00590217 8.77574e-266 0)
(-0.0721553 0.0236103 0)
(-0.0909048 0.0124106 0)
(-0.102777 0.00574088 0)
(-0.0909819 0.000480036 0)
(-0.0755553 -0.00150171 0)
(-0.0511404 -0.00286914 0)
(-0.0299243 -0.00209912 0)
(-0.0106639 -0.00163984 0)
(0.00139076 0.000584847 0)
(0.00374848 0.00132234 0)
(0.00439396 0.00285338 0)
(0.00363349 -0.00802157 0)
(-0.00129478 0.00671051 0)
(-0.0271602 0.00821846 0)
(-0.0579943 0.0106095 0)
(-0.103801 0.0104493 0)
(-0.146725 -0.00345031 0)
(-0.186999 -0.000208346 0)
(-0.225605 0.0015665 0)
(-0.259871 0.0126646 0)
(-0.294529 0.0642065 0)
(-0.318344 0.0593094 0)
(-0.313233 0.0186114 0)
(-0.299745 -0.00622229 0)
(-0.260131 -0.0284611 0)
(-0.213419 -0.0384916 0)
(-0.153867 -0.0440457 0)
(-0.0996391 -0.0381888 0)
(-0.0507299 -0.0309381 0)
(-0.0171045 -0.0144868 0)
(-0.00214993 -0.00505777 0)
(0.00471126 0.0055126 0)
(0.00726503 -0.00757929 0)
(-0.00528756 0.0278656 0)
(-0.0528884 0.0553189 0)
(-0.116983 0.074186 0)
(-0.194948 0.0800619 0)
(-0.275501 0.0791824 0)
(-0.36181 0.0761179 0)
(-0.431695 0.070493 0)
(-0.500478 0.0662846 0)
(-0.534104 0.0629092 0)
(-0.530421 0.0432299 0)
(-0.513669 -0.00498098 0)
(-0.479374 -0.0466823 0)
(-0.41808 -0.0856591 0)
(-0.344711 -0.106804 0)
(-0.255129 -0.116938 0)
(-0.171572 -0.104058 0)
(-0.0942942 -0.0846919 0)
(-0.0392377 -0.0468954 0)
(-0.00892676 -0.0209345 0)
(0.00612546 0.00582013 0)
(0.00619621 -0.010299 0)
(-0.0154913 0.068584 0)
(-0.0933606 0.119905 0)
(-0.184859 0.155026 0)
(-0.292421 0.169331 0)
(-0.400453 0.166107 0)
(-0.506695 0.157648 0)
(-0.598532 0.141112 0)
(-0.674198 0.117446 0)
(-0.718962 0.0914976 0)
(-0.72837 0.0386164 0)
(-0.706519 -0.0335546 0)
(-0.660065 -0.101963 0)
(-0.579057 -0.164296 0)
(-0.481456 -0.201272 0)
(-0.362164 -0.21871 0)
(-0.249061 -0.198462 0)
(-0.141535 -0.164947 0)
(-0.0634382 -0.0989801 0)
(-0.015915 -0.0518078 0)
(0.00782343 0.00309411 0)
(6.70061e-165 0.00154905 0)
(-0.0233545 0.126974 0)
(-0.135053 0.223907 0)
(-0.249086 0.271826 0)
(-0.384595 0.294572 0)
(-0.516136 0.291646 0)
(-0.64698 0.272914 0)
(-0.757815 0.236918 0)
(-0.850092 0.186006 0)
(-0.904979 0.117776 0)
(-0.922212 0.031201 0)
(-0.901785 -0.0730348 0)
(-0.848028 -0.173377 0)
(-0.751678 -0.264623 0)
(-0.631775 -0.322609 0)
(-0.481052 -0.35023 0)
(-0.335955 -0.323197 0)
(-0.191478 -0.271444 0)
(-0.0878016 -0.1708 0)
(-0.0177806 -0.0930747 0)
(0.0144272 -0.00147651 0)
(-5.43579e-266 0.00558672 0)
(-0.0861708 0.208303 0)
(-0.188476 0.343686 0)
(-0.325246 0.406391 0)
(-0.473423 0.436261 0)
(-0.625255 0.42956 0)
(-0.771944 0.399953 0)
(-0.901593 0.344478 0)
(-1.00895 0.265482 0)
(-1.08096 0.162834 0)
(-1.11519 0.0357188 0)
(-1.10305 -0.108765 0)
(-1.05027 -0.251819 0)
(-0.943153 -0.382176 0)
(-0.803612 -0.471445 0)
(-0.620022 -0.517014 0)
(-0.438736 -0.48698 0)
(-0.250724 -0.41626 0)
(-0.115968 -0.270694 0)
(-0.0192937 -0.157267 0)
(0.0161276 0.00104611 0)
(-0.0223469 0.0908961 0)
(-0.120034 0.31193 0)
(-0.237973 0.463353 0)
(-0.388519 0.554963 0)
(-0.555221 0.593773 0)
(-0.725152 0.588717 0)
(-0.891881 0.548443 0)
(-1.04142 0.472992 0)
(-1.16967 0.365137 0)
(-1.26213 0.22377 0)
(-1.3162 0.0537793 0)
(-1.31869 -0.13828 0)
(-1.27339 -0.332272 0)
(-1.16155 -0.512228 0)
(-1.00644 -0.644275 0)
(-0.788588 -0.716992 0)
(-0.568218 -0.690215 0)
(-0.323351 -0.596671 0)
(-0.154811 -0.398976 0)
(-0.00637957 -0.227019 0)
(5.91867e-266 -0.00403191 0)
(-0.016457 0.15039 0)
(-0.114879 0.42508 0)
(-0.260436 0.612731 0)
(-0.431218 0.724419 0)
(-0.617684 0.773131 0)
(-0.806779 0.766511 0)
(-0.992209 0.716531 0)
(-1.16304 0.622136 0)
(-1.31367 0.486607 0)
(-1.43132 0.308793 0)
(-1.51126 0.0926916 0)
(-1.53617 -0.152664 0)
(-1.50755 -0.408448 0)
(-1.4 -0.651364 0)
(-1.23638 -0.843715 0)
(-0.988057 -0.959399 0)
(-0.725548 -0.950571 0)
(-0.418355 -0.836009 0)
(-0.201595 -0.583044 0)
(-0.00343199 -0.321591 0)
(2.54013e-24 -1.10364e-24 0)
(-0.0146252 0.218679 0)
(-0.118712 0.554065 0)
(-0.281106 0.778092 0)
(-0.467062 0.910366 0)
(-0.670286 0.968022 0)
(-0.875267 0.961631 0)
(-1.07805 0.903784 0)
(-1.26861 0.793286 0)
(-1.44195 0.633159 0)
(-1.58609 0.420702 0)
(-1.69483 0.159199 0)
(-1.7487 -0.142552 0)
(-1.74566 -0.467015 0)
(-1.65393 -0.784725 0)
(-1.49337 -1.05404 0)
(-1.22331 -1.23105 0)
(-0.922374 -1.25627 0)
(-0.546492 -1.12595 0)
(-0.271363 -0.806193 0)
(-0.0048535 -0.436455 0)
(1.03657e-76 -6.35033e-25 0)
(-0.0127779 0.284315 0)
(-0.117026 0.693264 0)
(-0.289511 0.961815 0)
(-0.484959 1.11418 0)
(-0.698978 1.18175 0)
(-0.91466 1.17421 0)
(-1.12895 1.1101 0)
(-1.33463 0.985586 0)
(-1.52642 0.804237 0)
(-1.6952 0.560932 0)
(-1.83316 0.255611 0)
(-1.92054 -0.103044 0)
(-1.95166 -0.502576 0)
(-1.88909 -0.906317 0)
(-1.74708 -1.2735 0)
(-1.47131 -1.5364 0)
(-1.14142 -1.62587 0)
(-0.697921 -1.49737 0)
(-0.354818 -1.11905 0)
(-0.00688166 -0.608238 0)
(2.88642e-164 -2.59142e-77 0)
(-0.0129197 0.345071 0)
(-0.118993 0.829051 0)
(-0.298003 1.14372 0)
(-0.497858 1.31756 0)
(-0.715343 1.39601 0)
(-0.933576 1.38956 0)
(-1.14985 1.32263 0)
(-1.36109 1.18924 0)
(-1.5615 0.99329 0)
(-1.74715 0.726561 0)
(-1.90847 0.385108 0)
(-2.0294 -0.0244884 0)
(-2.0998 -0.496483 0)
(-2.08048 -0.990263 0)
(-1.97676 -1.46846 0)
(-1.72084 -1.84055 0)
(-1.38511 -2.02472 0)
(-0.890918 -1.92084 0)
(-0.479489 -1.48557 0)
(-0.079057 -0.804412 0)
(1.77003e-265 0.0131574 0)
(-0.0136066 0.417135 0)
(-0.11718 0.980518 0)
(-0.295559 1.34217 0)
(-0.491015 1.53221 0)
(-0.701174 1.61861 0)
(-0.91028 1.60865 0)
(-1.11509 1.53823 0)
(-1.31792 1.39675 0)
(-1.51209 1.19043 0)
(-1.70074 0.907144 0)
(-1.87342 0.537904 0)
(-2.02079 0.0872403 0)
(-2.13001 -0.450948 0)
(-2.16371 -1.03161 0)
(-2.11782 -1.63202 0)
(-1.91188 -2.13466 0)
(-1.59946 -2.45463 0)
(-1.07343 -2.41735 0)
(-0.579632 -1.92507 0)
(-0.0751839 -1.10745 0)
(0.0526294 -0.0747786 0)
(-0.0170373 0.471482 0)
(-0.122159 1.10806 0)
(-0.301629 1.51465 0)
(-0.488489 1.71987 0)
(-0.680485 1.81346 0)
(-0.867077 1.80089 0)
(-1.04199 1.72929 0)
(-1.21744 1.58468 0)
(-1.38336 1.37583 0)
(-1.55468 1.08736 0)
(-1.71799 0.705876 0)
(-1.87762 0.232519 0)
(-2.01574 -0.350948 0)
(-2.10751 -1.00167 0)
(-2.13527 -1.71492 0)
(-2.01385 -2.36069 0)
(-1.77275 -2.85658 0)
(-1.24037 -2.94956 0)
(-0.711482 -2.47737 0)
(0.0416835 -1.44378 0)
(2.42961e-231 -0.0131574 0)
(-0.0217312 0.559276 0)
(-0.125548 1.26817 0)
(-0.298895 1.71237 0)
(-0.466841 1.91217 0)
(-0.626809 2.00037 0)
(-0.775042 1.97053 0)
(-0.901608 1.89058 0)
(-1.0293 1.73823 0)
(-1.14432 1.52846 0)
(-1.27395 1.2418 0)
(-1.40286 0.860779 0)
(-1.55069 0.385017 0)
(-1.69891 -0.221124 0)
(-1.83985 -0.912518 0)
(-1.95024 -1.72472 0)
(-1.95039 -2.5014 0)
(-1.84088 -3.2267 0)
(-1.40847 -3.49681 0)
(-0.892122 -3.20082 0)
(-0.00316558 -1.85639 0)
(5.79019e-202 4.57121e-184 0)
(-0.0378165 0.61181 0)
(-0.157658 1.37917 0)
(-0.334693 1.8522 0)
(-0.482004 2.04235 0)
(-0.592384 2.12018 0)
(-0.683914 2.07238 0)
(-0.735202 1.98342 0)
(-0.790597 1.82629 0)
(-0.825601 1.6211 0)
(-0.887031 1.34673 0)
(-0.950682 0.984044 0)
(-1.06104 0.531191 0)
(-1.1885 -0.0584907 0)
(-1.36561 -0.746231 0)
(-1.54347 -1.5963 0)
(-1.70134 -2.46669 0)
(-1.76066 -3.38207 0)
(-1.54239 -3.90695 0)
(-1.11235 -3.85926 0)
(-0.0113135 -2.36613 0)
(1.82848e-183 -1.01728e-184 0)
(-0.0565442 0.762866 0)
(-0.192691 1.56937 0)
(-0.362087 2.04624 0)
(-0.474443 2.1713 0)
(-0.518009 2.20953 0)
(-0.534467 2.11416 0)
(-0.49221 2.00164 0)
(-0.45529 1.82953 0)
(-0.389862 1.62682 0)
(-0.35892 1.36836 0)
(-0.331391 1.03484 0)
(-0.370821 0.625291 0)
(-0.443663 0.0818584 0)
(-0.612961 -0.554037 0)
(-0.831523 -1.39203 0)
(-1.1245 -2.28059 0)
(-1.40859 -3.39035 0)
(-1.51662 -4.15188 0)
(-1.40556 -4.74895 0)
(-0.464602 -3.01593 0)
(4.39491e-254 -4.57121e-184 0)
(-0.122308 0.847217 0)
(-0.326191 1.67163 0)
(-0.487744 2.12892 0)
(-0.551987 2.18865 0)
(-0.478364 2.17956 0)
(-0.384519 2.04171 0)
(-0.20437 1.9053 0)
(-0.0450522 1.72303 0)
(0.151368 1.5264 0)
(0.296135 1.2908 0)
(0.439167 0.998272 0)
(0.487904 0.649529 0)
(0.501207 0.187421 0)
(0.355063 -0.348924 0)
(0.151244 -1.07671 0)
(-0.300142 -1.87853 0)
(-0.744969 -2.96381 0)
(-1.4766 -3.90887 0)
(-1.65744 -4.82092 0)
(-2.07077 -3.84802 0)
(-2.58051e-264 -0.21539 0)
(-0.17842 1.23296 0)
(-0.42176 1.93917 0)
(-0.516536 2.29444 0)
(-0.479338 2.16216 0)
(-0.251251 2.0559 0)
(-0.0131942 1.83975 0)
(0.322008 1.66876 0)
(0.619675 1.4739 0)
(0.952859 1.2878 0)
(1.21913 1.08242 0)
(1.48035 0.842623 0)
(1.63156 0.568313 0)
(1.743 0.211389 0)
(1.67245 -0.19455 0)
(1.52714 -0.747669 0)
(1.08772 -1.36802 0)
(0.556981 -2.24525 0)
(-0.367373 -3.19546 0)
(-1.09326 -4.24481 0)
(-1.84394 -4.52403 0)
(-0.861558 -2.31326 0)
(-0.400355 1.41313 0)
(-0.727314 1.98107 0)
(-0.52563 2.18071 0)
(-0.25161 1.90642 0)
(0.296854 1.71436 0)
(0.752965 1.46046 0)
(1.30084 1.27439 0)
(1.75198 1.09012 0)
(2.22273 0.928898 0)
(2.59373 0.766274 0)
(2.95062 0.588272 0)
(3.17415 0.395606 0)
(3.36063 0.149996 0)
(3.33671 -0.117422 0)
(3.26114 -0.488399 0)
(2.83705 -0.886428 0)
(2.3672 -1.50952 0)
(1.34835 -2.22904 0)
(0.447708 -3.34949 0)
(-0.711212 -4.00185 0)
(-0.700532 -2.96337 0)
(-0.256755 2.42254 0)
(-0.102702 2.0591 0)
(0.683405 1.86917 0)
(1.32746 1.33162 0)
(2.13915 1.07148 0)
(2.76146 0.828744 0)
(3.41092 0.675795 0)
(3.92027 0.54772 0)
(4.41791 0.4465 0)
(4.79878 0.354227 0)
(5.15344 0.260653 0)
(5.37436 0.163665 0)
(5.55922 0.0455337 0)
(5.54899 -0.082219 0)
(5.50092 -0.257974 0)
(5.13878 -0.452545 0)
(4.75237 -0.78795 0)
(3.82352 -1.24368 0)
(2.86216 -2.2535 0)
(1.09037 -3.3298 0)
(-0.0458562 -3.79921 0)
(1.66763 1.66994 0)
(2.70446 0.975015 0)
(4.54525 0.748519 0)
(5.38337 0.423612 0)
(6.24911 0.285933 0)
(6.75713 0.177439 0)
(7.23455 0.120698 0)
(7.55619 0.0805081 0)
(7.85301 0.0543276 0)
(8.05526 0.0340435 0)
(8.23793 0.0159615 0)
(8.32882 -0.00110979 0)
(8.40346 -0.0221298 0)
(8.34835 -0.0429787 0)
(8.28971 -0.0784538 0)
(8.00478 -0.111637 0)
(7.75027 -0.201026 0)
(6.99684 -0.293708 0)
(6.26315 -0.625679 0)
(4.04622 -0.997795 0)
(2.0058 -1.81851 0)
)
;

boundaryField
{
    movingWall
    {
        type            fixedValue;
        value           uniform (10 0 0);
    }
    fixedWalls
    {
        type            noSlip;
    }
    frontAndBack
    {
        type            empty;
    }
}


// ************************************************************************* //
