/*--------------------------------*- C++ -*----------------------------------*\
| =========                 |                                                 |
| \\      /  F ield         | OpenFOAM: The Open Source CFD Toolbox           |
|  \\    /   O peration     | Version:  4.1                                   |
|   \\  /    A nd           | Web:      www.OpenFOAM.org                      |
|    \\/     M anipulation  |                                                 |
\*---------------------------------------------------------------------------*/
FoamFile
{
    version     2.0;
    format      ascii;
    class       volVectorField;
    location    "0.0260774";
    object      U;
}
// * * * * * * * * * * * * * * * * * * * * * * * * * * * * * * * * * * * * * //

dimensions      [0 1 -1 0 0 0 0];

internalField   nonuniform List<vector> 
441
(
(0.000537588 -0.000514606 0)
(-0.000350201 0.000222461 0)
(-0.00435857 0.000858373 0)
(-0.0103986 0.00134094 0)
(-0.0178628 0.00154889 0)
(-0.0256842 0.00158468 0)
(-0.0332443 0.0014653 0)
(-0.0398914 0.00124315 0)
(-0.0451992 0.000933772 0)
(-0.0487802 0.000558372 0)
(-0.0503692 0.000130016 0)
(-0.0497742 -0.000331328 0)
(-0.046946 -0.000796454 0)
(-0.0419728 -0.00122745 0)
(-0.0351858 -0.00156696 0)
(-0.0270887 -0.00176407 0)
(-0.0185408 -0.00173847 0)
(-0.0104163 -0.00147368 0)
(-0.00401438 -0.000887639 0)
(-2.20743e-05 -0.000165485 0)
(0.000630055 0.000594432 0)
(-0.000134925 0.000305661 0)
(-0.00519166 0.00523817 0)
(-0.0166982 0.00980786 0)
(-0.0322991 0.0131282 0)
(-0.0507252 0.0147097 0)
(-0.0698013 0.0148213 0)
(-0.0880845 0.0136582 0)
(-0.104105 0.0114977 0)
(-0.116817 0.00853236 0)
(-0.125317 0.00495001 0)
(-0.128982 0.000927491 0)
(-0.127403 -0.00332038 0)
(-0.120505 -0.00751711 0)
(-0.108552 -0.0113162 0)
(-0.0923274 -0.0142899 0)
(-0.0730176 -0.0160059 0)
(-0.052492 -0.0160117 0)
(-0.0326924 -0.0141009 0)
(-0.0162655 -0.0101511 0)
(-0.00465428 -0.00502401 0)
(1.16585e-05 4.41937e-05 0)
(-0.00079826 0.00425728 0)
(-0.0103394 0.0168171 0)
(-0.0289761 0.0275919 0)
(-0.0529138 0.0351345 0)
(-0.0803879 0.0386712 0)
(-0.10845 0.0386246 0)
(-0.135123 0.0354432 0)
(-0.158391 0.0297239 0)
(-0.176793 0.0219582 0)
(-0.189075 0.0126261 0)
(-0.194367 0.00220663 0)
(-0.192107 -0.00873512 0)
(-0.182189 -0.0194941 0)
(-0.16498 -0.0292048 0)
(-0.141544 -0.0368409 0)
(-0.113506 -0.041359 0)
(-0.083407 -0.0417557 0)
(-0.0539019 -0.0375321 0)
(-0.0286352 -0.0285818 0)
(-0.00966307 -0.0164894 0)
(-0.000589691 -0.00352491 0)
(-0.00140073 0.0107427 0)
(-0.0151907 0.0337922 0)
(-0.0405468 0.0522964 0)
(-0.0720877 0.0647182 0)
(-0.107567 0.070281 0)
(-0.143367 0.069671 0)
(-0.177147 0.0636719 0)
(-0.206513 0.05326 0)
(-0.229737 0.0392848 0)
(-0.245319 0.0225748 0)
(-0.252207 0.00397146 0)
(-0.249693 -0.0155407 0)
(-0.237593 -0.0347427 0)
(-0.216272 -0.0521406 0)
(-0.186926 -0.0659777 0)
(-0.151435 -0.0744462 0)
(-0.112842 -0.0758401 0)
(-0.0743769 -0.0692259 0)
(-0.040674 -0.0544021 0)
(-0.0144746 -0.033504 0)
(-0.00112057 -0.00954373 0)
(-0.00187859 0.0197139 0)
(-0.0196008 0.0562579 0)
(-0.0514136 0.0841172 0)
(-0.0902691 0.102077 0)
(-0.133398 0.109673 0)
(-0.176509 0.108031 0)
(-0.216974 0.0983954 0)
(-0.252107 0.0821924 0)
(-0.279998 0.0606805 0)
(-0.298968 0.0350675 0)
(-0.307795 0.00658433 0)
(-0.305597 -0.0233323 0)
(-0.292032 -0.052896 0)
(-0.267336 -0.079894 0)
(-0.232697 -0.101703 0)
(-0.190114 -0.115559 0)
(-0.143071 -0.118831 0)
(-0.0953799 -0.109908 0)
(-0.0528523 -0.0882816 0)
(-0.0191131 -0.0564559 0)
(-0.00153208 -0.0180269 0)
(-0.00232904 0.0308511 0)
(-0.0239098 0.0837832 0)
(-0.0621915 0.122594 0)
(-0.108403 0.146705 0)
(-0.159213 0.156288 0)
(-0.209647 0.153143 0)
(-0.256825 0.139135 0)
(-0.297833 0.116223 0)
(-0.330646 0.0861083 0)
(-0.353439 0.0503705 0)
(-0.364828 0.0106062 0)
(-0.363702 -0.0313207 0)
(-0.349457 -0.0730568 0)
(-0.32206 -0.111616 0)
(-0.28252 -0.143379 0)
(-0.232813 -0.164393 0)
(-0.176803 -0.170784 0)
(-0.118943 -0.159891 0)
(-0.066483 -0.130566 0)
(-0.0242131 -0.0854871 0)
(-0.00195607 -0.0288462 0)
(-0.00278828 0.0442399 0)
(-0.0284075 0.116602 0)
(-0.0734879 0.16807 0)
(-0.127409 0.198992 0)
(-0.186237 0.210526 0)
(-0.244292 0.205409 0)
(-0.298484 0.186326 0)
(-0.345735 0.155859 0)
(-0.383963 0.116182 0)
(-0.411245 0.0692097 0)
(-0.426029 0.0168395 0)
(-0.42693 -0.0387117 0)
(-0.412963 -0.0945719 0)
(-0.383654 -0.146959 0)
(-0.339628 -0.191125 0)
(-0.282635 -0.221633 0)
(-0.216809 -0.232937 0)
(-0.147275 -0.220771 0)
(-0.0830387 -0.182866 0)
(-0.030441 -0.121799 0)
(-0.00247427 -0.0424621 0)
(-0.0033188 0.0600423 0)
(-0.0334056 0.155069 0)
(-0.0858938 0.220962 0)
(-0.14809 0.259323 0)
(-0.215398 0.272709 0)
(-0.281428 0.26511 0)
(-0.342944 0.240275 0)
(-0.396791 0.201513 0)
(-0.44092 0.151484 0)
(-0.473382 0.0923738 0)
(-0.492484 0.0262622 0)
(-0.496535 -0.0444192 0)
(-0.484063 -0.1164 0)
(-0.453963 -0.185141 0)
(-0.406207 -0.244667 0)
(-0.342025 -0.287726 0)
(-0.265581 -0.306543 0)
(-0.182594 -0.294456 0)
(-0.104127 -0.247331 0)
(-0.0385786 -0.167153 0)
(-0.00321024 -0.0596229 0)
(-0.0039573 0.0785771 0)
(-0.0391608 0.199798 0)
(-0.0998854 0.281938 0)
(-0.171014 0.328249 0)
(-0.247208 0.343245 0)
(-0.321388 0.332547 0)
(-0.390265 0.301268 0)
(-0.450754 0.253551 0)
(-0.500973 0.192564 0)
(-0.539073 0.120656 0)
(-0.563297 0.0399292 0)
(-0.571674 -0.0471821 0)
(-0.562169 -0.137221 0)
(-0.532871 -0.225025 0)
(-0.482777 -0.30338 0)
(-0.412188 -0.362895 0)
(-0.32485 -0.392915 0)
(-0.226794 -0.383284 0)
(-0.131308 -0.326881 0)
(-0.049442 -0.224129 0)
(-0.00428723 -0.0815403 0)
(-0.00477379 0.100408 0)
(-0.0459328 0.251722 0)
(-0.115823 0.351871 0)
(-0.196435 0.406328 0)
(-0.281575 0.422353 0)
(-0.363558 0.40767 0)
(-0.439185 0.36914 0)
(-0.505664 0.311863 0)
(-0.561469 0.23953 0)
(-0.605058 0.154524 0)
(-0.634764 0.0587558 0)
(-0.648455 -0.0456255 0)
(-0.643541 -0.155303 0)
(-0.617189 -0.264775 0)
(-0.567085 -0.365742 0)
(-0.492092 -0.446457 0)
(-0.394816 -0.492726 0)
(-0.28099 -0.489463 0)
(-0.165928 -0.424894 0)
(-0.0639119 -0.296067 0)
(-0.00588491 -0.109957 0)
(-0.00582974 0.125988 0)
(-0.0540181 0.311532 0)
(-0.134027 0.431226 0)
(-0.224344 0.49348 0)
(-0.317792 0.509443 0)
(-0.406279 0.4895 0)
(-0.486913 0.442751 0)
(-0.557528 0.375376 0)
(-0.617218 0.291607 0)
(-0.665048 0.193716 0)
(-0.699695 0.0831791 0)
(-0.719112 -0.0384933 0)
(-0.720299 -0.168571 0)
(-0.699528 -0.301683 0)
(-0.652899 -0.428859 0)
(-0.577294 -0.536037 0)
(-0.473158 -0.604999 0)
(-0.344855 -0.614041 0)
(-0.208836 -0.544417 0)
(-0.0829029 -0.386605 0)
(-0.00822655 -0.146979 0)
(-0.00731969 0.156566 0)
(-0.0638459 0.38077 0)
(-0.1547 0.520932 0)
(-0.254207 0.589538 0)
(-0.354091 0.603352 0)
(-0.446276 0.576116 0)
(-0.528482 0.519779 0)
(-0.599638 0.441705 0)
(-0.659782 0.346697 0)
(-0.708977 0.236752 0)
(-0.746597 0.112662 0)
(-0.771075 -0.0250983 0)
(-0.779331 -0.174939 0)
(-0.767006 -0.332298 0)
(-0.728519 -0.48831 0)
(-0.658352 -0.627086 0)
(-0.553525 -0.72638 0)
(-0.415483 -0.756186 0)
(-0.259775 -0.68785 0)
(-0.107299 -0.499977 0)
(-0.0116849 -0.195699 0)
(-0.00945713 0.192533 0)
(-0.0762054 0.459394 0)
(-0.178341 0.619872 0)
(-0.285381 0.691925 0)
(-0.38791 0.700385 0)
(-0.478752 0.663082 0)
(-0.556686 0.595501 0)
(-0.622411 0.506226 0)
(-0.677281 0.40065 0)
(-0.72282 0.280343 0)
(-0.759503 0.145195 0)
(-0.786767 -0.00571579 0)
(-0.801977 -0.17253 0)
(-0.800713 -0.35233 0)
(-0.775956 -0.537523 0)
(-0.719719 -0.711511 0)
(-0.62428 -0.848906 0)
(-0.486284 -0.910279 0)
(-0.316752 -0.853966 0)
(-0.137885 -0.638675 0)
(-0.0167414 -0.259013 0)
(-0.0129513 0.237529 0)
(-0.0922592 0.550595 0)
(-0.204913 0.728895 0)
(-0.315643 0.79846 0)
(-0.414066 0.796099 0)
(-0.495521 0.744444 0)
(-0.560408 0.663248 0)
(-0.612062 0.562168 0)
(-0.653481 0.447106 0)
(-0.688091 0.319022 0)
(-0.717816 0.176732 0)
(-0.743651 0.0176347 0)
(-0.764057 -0.160665 0)
(-0.775467 -0.357796 0)
(-0.770136 -0.568945 0)
(-0.738243 -0.778667 0)
(-0.666366 -0.960633 0)
(-0.544647 -1.06623 0)
(-0.374207 -1.03857 0)
(-0.174804 -0.805328 0)
(-0.0242728 -0.342349 0)
(-0.0186631 0.290895 0)
(-0.114668 0.650616 0)
(-0.235508 0.841143 0)
(-0.342779 0.899537 0)
(-0.425789 0.879549 0)
(-0.485528 0.80894 0)
(-0.524783 0.712163 0)
(-0.550685 0.59949 0)
(-0.568049 0.477102 0)
(-0.582477 0.345155 0)
(-0.597443 0.20133 0)
(-0.61586 0.041298 0)
(-0.637868 -0.13983 0)
(-0.661887 -0.344903 0)
(-0.680673 -0.573428 0)
(-0.684254 -0.813577 0)
(-0.653446 -1.0418 0)
(-0.5713 -1.20296 0)
(-0.422102 -1.22548 0)
(-0.217347 -0.993447 0)
(-0.0352976 -0.447612 0)
(-0.0288851 0.366035 0)
(-0.145162 0.76841 0)
(-0.265913 0.957764 0)
(-0.356073 0.988752 0)
(-0.40603 0.940156 0)
(-0.427152 0.844183 0)
(-0.425114 0.729723 0)
(-0.411917 0.606441 0)
(-0.393897 0.480059 0)
(-0.378667 0.349516 0)
(-0.370856 0.211275 0)
(-0.375196 0.0594428 0)
(-0.393709 -0.113204 0)
(-0.427836 -0.312911 0)
(-0.472431 -0.544667 0)
(-0.520355 -0.802951 0)
(-0.548398 -1.07218 0)
(-0.534701 -1.29651 0)
(-0.439729 -1.39546 0)
(-0.260181 -1.19827 0)
(-0.0514984 -0.585717 0)
(-0.0467229 0.452936 0)
(-0.190368 0.881729 0)
(-0.292796 1.05032 0)
(-0.341464 1.03698 0)
(-0.33022 0.951604 0)
(-0.289288 0.828397 0)
(-0.226924 0.698667 0)
(-0.160697 0.569733 0)
(-0.0971639 0.44573 0)
(-0.0449413 0.324019 0)
(-0.00862813 0.199947 0)
(0.00608798 0.066629 0)
(-0.00418 -0.08461 0)
(-0.0443182 -0.262557 0)
(-0.11266 -0.477438 0)
(-0.208847 -0.7317 0)
(-0.309592 -1.02288 0)
(-0.3951 -1.30372 0)
(-0.396932 -1.49785 0)
(-0.293364 -1.37953 0)
(-0.0737787 -0.744624 0)
(-0.0746035 0.604982 0)
(-0.232465 1.01533 0)
(-0.269999 1.11869 0)
(-0.235966 1.02834 0)
(-0.128582 0.893918 0)
(-0.00324449 0.743227 0)
(0.132826 0.604382 0)
(0.258291 0.478744 0)
(0.369154 0.366682 0)
(0.45786 0.263299 0)
(0.521648 0.162841 0)
(0.55539 0.0581511 0)
(0.5556 -0.0595832 0)
(0.514675 -0.200012 0)
(0.430579 -0.376702 0)
(0.293588 -0.599782 0)
(0.121021 -0.883473 0)
(-0.083211 -1.20059 0)
(-0.226656 -1.50126 0)
(-0.277127 -1.52039 0)
(-0.0992962 -0.952775 0)
(-0.113078 0.729879 0)
(-0.255065 1.05108 0)
(-0.126531 1.05388 0)
(0.054465 0.888011 0)
(0.300635 0.721506 0)
(0.526238 0.566658 0)
(0.736962 0.439917 0)
(0.913501 0.335511 0)
(1.05953 0.249257 0)
(1.17183 0.174771 0)
(1.2516 0.106103 0)
(1.296 0.0370933 0)
(1.30289 -0.0393779 0)
(1.26352 -0.131314 0)
(1.17337 -0.251258 0)
(1.01206 -0.412404 0)
(0.78664 -0.640488 0)
(0.466893 -0.935422 0)
(0.152564 -1.29435 0)
(-0.151335 -1.46844 0)
(-0.107896 -1.0957 0)
(-0.0413143 1.02605 0)
(0.0600531 1.02512 0)
(0.490609 0.845644 0)
(0.842831 0.601822 0)
(1.19846 0.431987 0)
(1.47639 0.306924 0)
(1.70922 0.219748 0)
(1.88893 0.156933 0)
(2.02889 0.110202 0)
(2.13153 0.0732887 0)
(2.20193 0.0414263 0)
(2.23997 0.0106666 0)
(2.24543 -0.0230438 0)
(2.21082 -0.0644404 0)
(2.13205 -0.121434 0)
(1.98462 -0.205102 0)
(1.76758 -0.342277 0)
(1.41311 -0.556327 0)
(0.984045 -0.911612 0)
(0.35685 -1.24437 0)
(0.0339489 -1.27378 0)
(0.846259 0.577501 0)
(1.31996 0.400755 0)
(2.06676 0.262104 0)
(2.45673 0.154263 0)
(2.77262 0.0912743 0)
(2.97123 0.0545611 0)
(3.11638 0.0327693 0)
(3.21494 0.019927 0)
(3.28492 0.0117653 0)
(3.33177 0.0062876 0)
(3.36105 0.00203943 0)
(3.37379 -0.00191271 0)
(3.37065 -0.00633197 0)
(3.34705 -0.0124013 0)
(3.30067 -0.0215918 0)
(3.21178 -0.0375358 0)
(3.0768 -0.0669968 0)
(2.8131 -0.121608 0)
(2.44575 -0.231057 0)
(1.62972 -0.387992 0)
(0.924084 -0.587608 0)
)
;

boundaryField
{
    movingWall
    {
        type            fixedValue;
        value           uniform (4 0 0);
    }
    fixedWalls
    {
        type            noSlip;
    }
    frontAndBack
    {
        type            empty;
    }
}


// ************************************************************************* //
