/*--------------------------------*- C++ -*----------------------------------*\
| =========                 |                                                 |
| \\      /  F ield         | OpenFOAM: The Open Source CFD Toolbox           |
|  \\    /   O peration     | Version:  4.1                                   |
|   \\  /    A nd           | Web:      www.OpenFOAM.org                      |
|    \\/     M anipulation  |                                                 |
\*---------------------------------------------------------------------------*/
FoamFile
{
    version     2.0;
    format      ascii;
    class       volVectorField;
    location    "0.0391";
    object      U;
}
// * * * * * * * * * * * * * * * * * * * * * * * * * * * * * * * * * * * * * //

dimensions      [0 1 -1 0 0 0 0];

internalField   nonuniform List<vector> 
441
(
(0.0032993 -0.00456455 0)
(0.00830227 -0.00262538 0)
(-0.000656379 -2.19918e-165 0)
(0.00164558 -2.64189e-266 0)
(-0.00910734 -0.00658291 0)
(-0.00164558 -2.63885e-232 0)
(-1.08079e-202 -4.27642e-203 0)
(-1.06893e-203 -5.39309e-228 0)
(-1.42497e-212 -2.25909e-213 0)
(-0.00502924 7.60738e-266 0)
(-0.060123 0.0201192 0)
(-0.0762428 0.0107988 0)
(-0.0871541 0.00521296 0)
(-0.0788899 0.000864971 0)
(-0.0680002 -0.000807787 0)
(-0.0491718 -0.00210968 0)
(-0.0322518 -0.00170494 0)
(-0.0154449 -0.00164633 0)
(-0.00350294 4.95379e-05 0)
(0.00104228 0.000653598 0)
(0.00367256 0.00231107 0)
(0.00309276 -0.00683368 0)
(-0.00268741 0.00656266 0)
(-0.0273978 0.00763709 0)
(-0.0556132 0.0107121 0)
(-0.0961882 0.00913031 0)
(-0.132202 -0.0044954 0)
(-0.164712 -0.0004979 0)
(-0.194587 0.00118922 0)
(-0.220202 0.0104339 0)
(-0.246097 0.0532573 0)
(-0.263854 0.0493728 0)
(-0.258983 0.0165181 0)
(-0.249394 -0.00297967 0)
(-0.219547 -0.0206537 0)
(-0.184856 -0.0289461 0)
(-0.138794 -0.0347271 0)
(-0.0956971 -0.0317941 0)
(-0.0541621 -0.0282471 0)
(-0.023051 -0.0160895 0)
(-0.00596623 -0.00856902 0)
(0.00371089 0.00261198 0)
(0.00632689 -0.00553384 0)
(-0.00602527 0.0274786 0)
(-0.0502564 0.0515472 0)
(-0.107217 0.0666877 0)
(-0.174043 0.068996 0)
(-0.24164 0.0649713 0)
(-0.311443 0.060153 0)
(-0.364613 0.053632 0)
(-0.416146 0.0494993 0)
(-0.438406 0.0475156 0)
(-0.431732 0.0338349 0)
(-0.416738 -0.00262558 0)
(-0.390378 -0.0336039 0)
(-0.343914 -0.0635248 0)
(-0.289093 -0.0806822 0)
(-0.220191 -0.0915237 0)
(-0.154636 -0.0852496 0)
(-0.0906461 -0.0747439 0)
(-0.0421664 -0.0471031 0)
(-0.0120022 -0.0264891 0)
(0.00496751 0.000534188 0)
(0.0058811 -0.00733664 0)
(-0.0131798 0.0647201 0)
(-0.0826013 0.108921 0)
(-0.161631 0.136549 0)
(-0.252199 0.143871 0)
(-0.340536 0.135329 0)
(-0.424564 0.123789 0)
(-0.494123 0.106592 0)
(-0.549399 0.0860784 0)
(-0.579476 0.0664858 0)
(-0.58252 0.027459 0)
(-0.562663 -0.0258424 0)
(-0.526442 -0.0759095 0)
(-0.464663 -0.122958 0)
(-0.391616 -0.152457 0)
(-0.300384 -0.170509 0)
(-0.212858 -0.160791 0)
(-0.125885 -0.142234 0)
(-0.0599856 -0.0939456 0)
(-0.016423 -0.0570191 0)
(0.00685165 -0.00406913 0)
(6.11148e-165 0.00147028 0)
(-0.0190617 0.115553 0)
(-0.11583 0.199271 0)
(-0.211721 0.235053 0)
(-0.323607 0.246991 0)
(-0.429129 0.235798 0)
(-0.531209 0.212729 0)
(-0.614125 0.177621 0)
(-0.680984 0.134348 0)
(-0.717526 0.0812583 0)
(-0.725641 0.0174342 0)
(-0.706211 -0.0584703 0)
(-0.664013 -0.130875 0)
(-0.590471 -0.198614 0)
(-0.500935 -0.243904 0)
(-0.386266 -0.270991 0)
(-0.2755 -0.258324 0)
(-0.160731 -0.228567 0)
(-0.0763259 -0.154955 0)
(-0.0154875 -0.094086 0)
(0.0132963 -0.00818898 0)
(-5.01481e-266 0.00497109 0)
(-0.0747563 0.18481 0)
(-0.159092 0.299886 0)
(-0.271953 0.346014 0)
(-0.391379 0.361239 0)
(-0.51129 0.343958 0)
(-0.623942 0.309359 0)
(-0.720368 0.256619 0)
(-0.797697 0.190202 0)
(-0.846784 0.110434 0)
(-0.867621 0.0163822 0)
(-0.854184 -0.0883922 0)
(-0.812593 -0.19141 0)
(-0.730705 -0.287436 0)
(-0.626465 -0.356169 0)
(-0.486973 -0.398072 0)
(-0.349427 -0.385289 0)
(-0.201765 -0.344232 0)
(-0.0945152 -0.237391 0)
(-0.0125267 -0.149671 0)
(0.0159304 -0.00520228 0)
(-0.0198844 0.0793312 0)
(-0.102839 0.271363 0)
(-0.199217 0.396919 0)
(-0.321772 0.465752 0)
(-0.45513 0.485739 0)
(-0.5884 0.467173 0)
(-0.716139 0.421236 0)
(-0.827576 0.350659 0)
(-0.920859 0.26066 0)
(-0.985683 0.151001 0)
(-1.02195 0.0253165 0)
(-1.0199 -0.113746 0)
(-0.984119 -0.253401 0)
(-0.898243 -0.385463 0)
(-0.781767 -0.486168 0)
(-0.615037 -0.549487 0)
(-0.447615 -0.541306 0)
(-0.255372 -0.485504 0)
(-0.12404 -0.34118 0)
(-0.000171907 -0.206179 0)
(5.60333e-266 -0.00398261 0)
(-0.0143251 0.129985 0)
(-0.0966226 0.365222 0)
(-0.216712 0.519482 0)
(-0.356238 0.602758 0)
(-0.506133 0.62827 0)
(-0.65534 0.60539 0)
(-0.798598 0.548972 0)
(-0.927889 0.461342 0)
(-1.03994 0.348753 0)
(-1.12601 0.211051 0)
(-1.18398 0.0509617 0)
(-1.20063 -0.127201 0)
(-1.17838 -0.312622 0)
(-1.09524 -0.49172 0)
(-0.970522 -0.638651 0)
(-0.777361 -0.735744 0)
(-0.574513 -0.743264 0)
(-0.331916 -0.673378 0)
(-0.162118 -0.488233 0)
(-0.00205425 -0.282573 0)
(2.15542e-24 -1.37105e-24 0)
(-0.012521 0.187169 0)
(-0.100084 0.472046 0)
(-0.236173 0.655219 0)
(-0.390274 0.753586 0)
(-0.556422 0.78384 0)
(-0.721111 0.758339 0)
(-0.881252 0.693162 0)
(-1.02964 0.591109 0)
(-1.16334 0.458694 0)
(-1.2743 0.294542 0)
(-1.35869 0.100501 0)
(-1.40115 -0.119804 0)
(-1.40047 -0.357482 0)
(-1.32882 -0.594365 0)
(-1.20303 -0.801933 0)
(-0.986271 -0.947985 0)
(-0.746093 -0.983187 0)
(-0.441572 -0.902173 0)
(-0.221488 -0.664194 0)
(-0.00398129 -0.374842 0)
(8.88522e-77 -5.38855e-25 0)
(-0.0110542 0.243334 0)
(-0.100654 0.59054 0)
(-0.249097 0.810594 0)
(-0.415384 0.92374 0)
(-0.595383 0.959777 0)
(-0.774128 0.930399 0)
(-0.949393 0.857956 0)
(-1.11646 0.743212 0)
(-1.27183 0.593702 0)
(-1.40974 0.405796 0)
(-1.52413 0.178057 0)
(-1.59876 -0.0865635 0)
(-1.62818 -0.384522 0)
(-1.57882 -0.691589 0)
(-1.46242 -0.980504 0)
(-1.23065 -1.19783 0)
(-0.954215 -1.28642 0)
(-0.580984 -1.20686 0)
(-0.295956 -0.920743 0)
(-0.0053881 -0.517463 0)
(2.48687e-164 -2.22131e-77 0)
(-0.0117151 0.295776 0)
(-0.107114 0.70843 0)
(-0.267911 0.967915 0)
(-0.445176 1.09784 0)
(-0.636021 1.14116 0)
(-0.825309 1.11059 0)
(-1.01117 1.03463 0)
(-1.19263 0.912281 0)
(-1.3652 0.751679 0)
(-1.52734 0.546084 0)
(-1.67025 0.290022 0)
(-1.78004 -0.0161974 0)
(-1.84569 -0.375765 0)
(-1.831 -0.761017 0)
(-1.73903 -1.14713 0)
(-1.50952 -1.45938 0)
(-1.20953 -1.62814 0)
(-0.772019 -1.56719 0)
(-0.413882 -1.22918 0)
(-0.0675884 -0.681913 0)
(1.58885e-265 0.0118692 0)
(-0.013239 0.363217 0)
(-0.112484 0.848922 0)
(-0.282011 1.1503 0)
(-0.465403 1.29268 0)
(-0.6607 1.34123 0)
(-0.853585 1.30564 0)
(-1.04168 1.22603 0)
(-1.22884 1.09685 0)
(-1.40901 0.928544 0)
(-1.58646 0.710061 0)
(-1.75021 0.430573 0)
(-1.89126 0.0876504 0)
(-1.99459 -0.333523 0)
(-2.02413 -0.800682 0)
(-1.97371 -1.30156 0)
(-1.77068 -1.73357 0)
(-1.46777 -2.02324 0)
(-0.974134 -2.0153 0)
(-0.52046 -1.61998 0)
(-0.0680779 -0.94911 0)
(0.047477 -0.0638399 0)
(-0.0177103 0.417221 0)
(-0.126581 0.974296 0)
(-0.309315 1.318 0)
(-0.49787 1.47328 0)
(-0.690471 1.52757 0)
(-0.877473 1.48901 0)
(-1.0534 1.40889 0)
(-1.2312 1.27798 0)
(-1.4006 1.10885 0)
(-1.57618 0.886519 0)
(-1.74276 0.595146 0)
(-1.90319 0.228207 0)
(-2.0363 -0.240953 0)
(-2.11673 -0.781589 0)
(-2.12411 -1.39621 0)
(-1.98072 -1.96734 0)
(-1.71693 -2.41893 0)
(-1.18434 -2.52247 0)
(-0.667194 -2.12859 0)
(0.0349755 -1.25591 0)
(2.20713e-231 -0.0118692 0)
(-0.0235889 0.510398 0)
(-0.140138 1.14361 0)
(-0.330305 1.52542 0)
(-0.515485 1.67492 0)
(-0.693491 1.7239 0)
(-0.860658 1.66881 0)
(-1.00754 1.58153 0)
(-1.15658 1.44386 0)
(-1.29288 1.27392 0)
(-1.44197 1.05175 0)
(-1.58589 0.756906 0)
(-1.74152 0.380554 0)
(-1.88663 -0.120928 0)
(-2.01134 -0.71402 0)
(-2.08963 -1.43786 0)
(-2.04576 -2.1456 0)
(-1.88379 -2.81997 0)
(-1.41045 -3.08255 0)
(-0.870669 -2.83459 0)
(-0.00388879 -1.65062 0)
(5.49473e-202 4.42453e-184 0)
(-0.0406998 0.573777 0)
(-0.181362 1.27491 0)
(-0.387888 1.68934 0)
(-0.567301 1.83084 0)
(-0.712544 1.87094 0)
(-0.840544 1.79944 0)
(-0.929871 1.70429 0)
(-1.02312 1.56176 0)
(-1.09397 1.39432 0)
(-1.18621 1.17972 0)
(-1.27288 0.895369 0)
(-1.39513 0.53074 0)
(-1.52065 0.0312412 0)
(-1.6791 -0.57533 0)
(-1.81941 -1.3549 0)
(-1.9209 -2.17077 0)
(-1.90795 -3.03982 0)
(-1.61604 -3.54487 0)
(-1.125 -3.51345 0)
(-0.0100636 -2.15505 0)
(1.76981e-183 1.05047e-184 0)
(-0.0600136 0.740218 0)
(-0.222121 1.49508 0)
(-0.429882 1.92057 0)
(-0.585438 2.00083 0)
(-0.676694 2.00407 0)
(-0.742773 1.88666 0)
(-0.751276 1.76811 0)
(-0.763191 1.60845 0)
(-0.742242 1.43842 0)
(-0.747584 1.23151 0)
(-0.745527 0.965129 0)
(-0.796602 0.629928 0)
(-0.866123 0.160598 0)
(-1.01524 -0.41254 0)
(-1.19628 -1.19986 0)
(-1.43136 -2.0541 0)
(-1.63899 -3.13085 0)
(-1.65431 -3.87328 0)
(-1.45726 -4.45959 0)
(-0.453888 -2.82154 0)
(4.31168e-254 -4.42453e-184 0)
(-0.12542 0.841594 0)
(-0.354731 1.63154 0)
(-0.556495 2.04715 0)
(-0.667669 2.06777 0)
(-0.647185 2.02728 0)
(-0.608649 1.86894 0)
(-0.484812 1.72548 0)
(-0.378627 1.55155 0)
(-0.229523 1.37998 0)
(-0.121756 1.18503 0)
(-0.00303724 0.946048 0)
(0.0370821 0.656668 0)
(0.0568911 0.252909 0)
(-0.0665618 -0.236295 0)
(-0.235069 -0.93111 0)
(-0.633407 -1.71702 0)
(-1.01286 -2.79129 0)
(-1.65064 -3.72614 0)
(-1.74381 -4.62784 0)
(-2.04813 -3.68811 0)
(-2.50212e-264 -0.210998 0)
(-0.179795 1.24142 0)
(-0.440557 1.93037 0)
(-0.567854 2.25561 0)
(-0.571639 2.09179 0)
(-0.392525 1.95888 0)
(-0.206734 1.72409 0)
(0.0742438 1.54478 0)
(0.320404 1.3534 0)
(0.607574 1.18362 0)
(0.838141 1.00665 0)
(1.07666 0.805376 0)
(1.22119 0.574502 0)
(1.34153 0.260399 0)
(1.29505 -0.11141 0)
(1.18425 -0.64365 0)
(0.789698 -1.25949 0)
(0.309708 -2.14315 0)
(-0.547477 -3.09832 0)
(-1.19919 -4.14915 0)
(-1.86148 -4.42392 0)
(-0.84399 -2.28273 0)
(-0.399128 1.42735 0)
(-0.729769 1.99084 0)
(-0.544536 2.17233 0)
(-0.296842 1.87578 0)
(0.215349 1.66362 0)
(0.6295 1.39471 0)
(1.13114 1.20065 0)
(1.53648 1.0165 0)
(1.96485 0.864197 0)
(2.30192 0.718757 0)
(2.63645 0.564932 0)
(2.85277 0.399989 0)
(3.04725 0.18196 0)
(3.0465 -0.0635502 0)
(3.00394 -0.421911 0)
(2.62038 -0.819598 0)
(2.19021 -1.45295 0)
(1.21483 -2.18545 0)
(0.357519 -3.31535 0)
(-0.748736 -3.96704 0)
(-0.695679 -2.95588 0)
(-0.254087 2.43213 0)
(-0.0926627 2.07044 0)
(0.69353 1.87346 0)
(1.32792 1.32464 0)
(2.11944 1.05357 0)
(2.71384 0.802348 0)
(3.32944 0.644699 0)
(3.80322 0.516153 0)
(4.26675 0.418964 0)
(4.61963 0.334805 0)
(4.95558 0.252616 0)
(5.17045 0.168541 0)
(5.36236 0.0628004 0)
(5.37217 -0.0556176 0)
(5.3527 -0.227278 0)
(5.02419 -0.423682 0)
(4.66868 -0.767336 0)
(3.76648 -1.23219 0)
(2.82511 -2.25088 0)
(1.07359 -3.32508 0)
(-0.0431563 -3.80117 0)
(1.66955 1.67183 0)
(2.71362 0.977488 0)
(4.56036 0.750234 0)
(5.3986 0.423585 0)
(6.25766 0.284125 0)
(6.75334 0.174321 0)
(7.21437 0.117005 0)
(7.51831 0.0769994 0)
(7.79834 0.0517781 0)
(7.98763 0.0330302 0)
(8.16292 0.0168848 0)
(8.25392 0.00170763 0)
(8.33574 -0.0177657 0)
(8.29464 -0.0379733 0)
(8.25302 -0.0738311 0)
(7.98623 -0.108586 0)
(7.74516 -0.200385 0)
(7.00006 -0.295432 0)
(6.26753 -0.629401 0)
(4.04901 -1.00168 0)
(2.01016 -1.8235 0)
)
;

boundaryField
{
    movingWall
    {
        type            fixedValue;
        value           uniform (10 0 0);
    }
    fixedWalls
    {
        type            noSlip;
    }
    frontAndBack
    {
        type            empty;
    }
}


// ************************************************************************* //
