/*--------------------------------*- C++ -*----------------------------------*\
| =========                 |                                                 |
| \\      /  F ield         | OpenFOAM: The Open Source CFD Toolbox           |
|  \\    /   O peration     | Version:  4.1                                   |
|   \\  /    A nd           | Web:      www.OpenFOAM.org                      |
|    \\/     M anipulation  |                                                 |
\*---------------------------------------------------------------------------*/
FoamFile
{
    version     2.0;
    format      ascii;
    class       volVectorField;
    location    "0.0859";
    object      U;
}
// * * * * * * * * * * * * * * * * * * * * * * * * * * * * * * * * * * * * * //

dimensions      [0 1 -1 0 0 0 0];

internalField   nonuniform List<vector> 
441
(
(0.0037242 -0.00482107 0)
(0.00973465 -0.00253963 0)
(-0.000634907 -2.2081e-165 0)
(0.00196007 -3.32093e-266 0)
(-0.00837381 -0.00784067 0)
(-0.00196007 -3.05237e-232 0)
(-1.14061e-202 -5.59564e-203 0)
(-1.39883e-203 -7.3426e-228 0)
(-1.71962e-212 -3.20431e-213 0)
(-0.00614037 9.10899e-266 0)
(-0.0752617 0.0245626 0)
(-0.094558 0.0128461 0)
(-0.106507 0.00587876 0)
(-0.0936955 0.00039257 0)
(-0.0770763 -0.00165654 0)
(-0.0513091 -0.00302331 0)
(-0.0291164 -0.00216283 0)
(-0.0093487 -0.00160392 0)
(0.00264561 0.000736042 0)
(0.00444009 0.0015015 0)
(0.00455616 0.00299039 0)
(0.00383072 -0.00845239 0)
(-0.000935494 0.00682703 0)
(-0.0274428 0.00848583 0)
(-0.0593577 0.010725 0)
(-0.107012 0.0108781 0)
(-0.152088 -0.00325188 0)
(-0.194572 -0.000154069 0)
(-0.235478 0.00166437 0)
(-0.271805 0.0132388 0)
(-0.308391 0.0670089 0)
(-0.33324 0.0616657 0)
(-0.327455 0.0188254 0)
(-0.312413 -0.00734971 0)
(-0.269947 -0.0306121 0)
(-0.220032 -0.0409197 0)
(-0.157145 -0.0462609 0)
(-0.100294 -0.0396241 0)
(-0.0497261 -0.0314404 0)
(-0.0156114 -0.0140031 0)
(-0.00119721 -0.0041361 0)
(0.0049319 0.00623208 0)
(0.00760029 -0.00822277 0)
(-0.00519667 0.0283464 0)
(-0.0543207 0.0570289 0)
(-0.121057 0.0770059 0)
(-0.202724 0.0837088 0)
(-0.287295 0.083397 0)
(-0.37827 0.0804804 0)
(-0.452419 0.0747228 0)
(-0.5252 0.0701166 0)
(-0.5609 0.0660419 0)
(-0.556896 0.0445644 0)
(-0.538655 -0.00671828 0)
(-0.501458 -0.0509395 0)
(-0.435893 -0.0917837 0)
(-0.357682 -0.113481 0)
(-0.263093 -0.123048 0)
(-0.175356 -0.108387 0)
(-0.0950871 -0.086811 0)
(-0.038588 -0.0466836 0)
(-0.00822382 -0.019491 0)
(0.00636109 0.00711343 0)
(0.00636074 -0.011189 0)
(-0.016309 0.0705226 0)
(-0.0973642 0.124305 0)
(-0.193128 0.161583 0)
(-0.306061 0.177482 0)
(-0.419854 0.17508 0)
(-0.532051 0.166717 0)
(-0.629292 0.149519 0)
(-0.709294 0.124217 0)
(-0.756473 0.0959699 0)
(-0.765905 0.0391464 0)
(-0.742075 -0.0377631 0)
(-0.691895 -0.110287 0)
(-0.605502 -0.175595 0)
(-0.501744 -0.21357 0)
(-0.375951 -0.230151 0)
(-0.25715 -0.207073 0)
(-0.145145 -0.169911 0)
(-0.0643812 -0.0999783 0)
(-0.0158757 -0.0504818 0)
(0.00799777 0.00475678 0)
(6.93274e-165 0.00159018 0)
(-0.0247578 0.131611 0)
(-0.1416 0.233046 0)
(-0.261401 0.28422 0)
(-0.403957 0.309295 0)
(-0.542657 0.307493 0)
(-0.680753 0.288555 0)
(-0.797867 0.250826 0)
(-0.895077 0.196534 0)
(-0.952579 0.123375 0)
(-0.969885 0.0305768 0)
(-0.94728 -0.0804642 0)
(-0.889273 -0.186744 0)
(-0.786786 -0.282305 0)
(-0.659687 -0.341947 0)
(-0.501118 -0.36857 0)
(-0.348828 -0.337692 0)
(-0.198231 -0.280738 0)
(-0.0905218 -0.174219 0)
(-0.018399 -0.0927669 0)
(0.0146093 2.30398e-05 0)
(-5.6191e-266 0.00581575 0)
(-0.0901202 0.216942 0)
(-0.19792 0.358895 0)
(-0.341808 0.425808 0)
(-0.497909 0.458582 0)
(-0.657911 0.45296 0)
(-0.812484 0.42256 0)
(-0.948945 0.364102 0)
(-1.06148 0.279836 0)
(-1.1364 0.16998 0)
(-1.17105 0.0341514 0)
(-1.15682 -0.119426 0)
(-1.09975 -0.27054 0)
(-0.986166 -0.406856 0)
(-0.838828 -0.498806 0)
(-0.646335 -0.543564 0)
(-0.456537 -0.508911 0)
(-0.260755 -0.431434 0)
(-0.120591 -0.277796 0)
(-0.0207737 -0.158876 0)
(0.016136 0.00232162 0)
(-0.023263 0.0949573 0)
(-0.125661 0.325904 0)
(-0.249776 0.485092 0)
(-0.408051 0.582321 0)
(-0.583297 0.624527 0)
(-0.761869 0.620541 0)
(-0.936845 0.578716 0)
(-1.0934 0.498848 0)
(-1.22701 0.383721 0)
(-1.32254 0.232682 0)
(-1.37731 0.0514877 0)
(-1.37802 -0.152096 0)
(-1.32874 -0.356397 0)
(-1.21061 -0.544213 0)
(-1.04765 -0.680322 0)
(-0.820335 -0.752824 0)
(-0.590489 -0.720991 0)
(-0.33623 -0.619217 0)
(-0.160889 -0.410905 0)
(-0.0076545 -0.231378 0)
(5.97383e-266 -0.004034 0)
(-0.017173 0.157218 0)
(-0.12033 0.444624 0)
(-0.272847 0.641815 0)
(-0.451717 0.760097 0)
(-0.646886 0.81259 0)
(-0.844598 0.806773 0)
(-1.03807 0.754378 0)
(-1.21568 0.654117 0)
(-1.37146 0.509395 0)
(-1.49218 0.319705 0)
(-1.57307 0.0900611 0)
(-1.59668 -0.169104 0)
(-1.56478 -0.437436 0)
(-1.45172 -0.690236 0)
(-1.28097 -0.888405 0)
(-1.02344 -1.005 0)
(-0.751246 -0.99139 0)
(-0.43343 -0.867511 0)
(-0.208759 -0.601713 0)
(-0.00370455 -0.329393 0)
(2.60976e-24 -1.06617e-24 0)
(-0.0152503 0.228766 0)
(-0.123824 0.579674 0)
(-0.292946 0.814799 0)
(-0.486547 0.954436 0)
(-0.69788 1.01602 0)
(-0.910717 1.01004 0)
(-1.1207 0.948824 0)
(-1.31723 0.83103 0)
(-1.49504 0.659933 0)
(-1.64186 0.433622 0)
(-1.75158 0.156573 0)
(-1.80464 -0.160948 0)
(-1.7993 -0.499904 0)
(-1.70344 -0.82939 0)
(-1.53736 -1.10642 0)
(-1.25951 -1.28589 0)
(-0.949843 -1.30734 0)
(-0.56332 -1.16721 0)
(-0.279694 -0.832776 0)
(-0.00500467 -0.448211 0)
(1.06155e-76 -6.5244e-25 0)
(-0.013219 0.296849 0)
(-0.121064 0.724036 0)
(-0.299204 1.00523 0)
(-0.501039 1.16557 0)
(-0.721761 1.23713 0)
(-0.943781 1.2295 0)
(-1.1637 1.16108 0)
(-1.37386 1.02799 0)
(-1.56885 0.834183 0)
(-1.73946 0.575506 0)
(-1.87809 0.253183 0)
(-1.96503 -0.122575 0)
(-1.99497 -0.537939 0)
(-1.93011 -0.954867 0)
(-1.785 -1.33147 0)
(-1.50405 -1.59863 0)
(-1.1678 -1.68607 0)
(-0.715046 -1.54824 0)
(-0.363912 -1.15432 0)
(-0.00720169 -0.624685 0)
(2.95064e-164 -2.65387e-77 0)
(-0.0131722 0.359553 0)
(-0.121507 0.863881 0)
(-0.304268 1.1924 0)
(-0.508423 1.37466 0)
(-0.730372 1.45699 0)
(-0.952653 1.44989 0)
(-1.17227 1.37774 0)
(-1.38586 1.23466 0)
(-1.58767 1.0251 0)
(-1.7738 0.741994 0)
(-1.9351 0.382762 0)
(-2.05572 -0.0444679 0)
(-2.12597 -0.532761 0)
(-2.10642 -1.04031 0)
(-2.00253 -1.52903 0)
(-1.74511 -1.907 0)
(-1.40673 -2.09135 0)
(-0.906593 -1.97961 0)
(-0.488796 -1.52877 0)
(-0.0811635 -0.825594 0)
(1.78891e-265 0.0133254 0)
(-0.013619 0.432412 0)
(-0.11766 1.01731 0)
(-0.297207 1.39361 0)
(-0.49418 1.59235 0)
(-0.705883 1.68248 0)
(-0.91615 1.67134 0)
(-1.12151 1.59492 0)
(-1.32414 1.44292 0)
(-1.51754 1.2223 0)
(-1.70508 0.922245 0)
(-1.8768 0.535221 0)
(-2.02374 0.0673202 0)
(-2.13361 -0.486583 0)
(-2.16898 -1.0805 0)
(-2.12587 -1.69152 0)
(-1.92246 -2.20105 0)
(-1.61188 -2.52331 0)
(-1.08428 -2.48073 0)
(-0.586912 -1.97383 0)
(-0.0760949 -1.13345 0)
(0.0533017 -0.0769007 0)
(-0.0167948 0.48644 0)
(-0.120359 1.14452 0)
(-0.298005 1.56601 0)
(-0.483163 1.78002 0)
(-0.673364 1.87715 0)
(-0.857909 1.86295 0)
(-1.03037 1.7848 0)
(-1.20303 1.62918 0)
(-1.36606 1.40583 0)
(-1.53475 1.1008 0)
(-1.6962 0.70224 0)
(-1.85521 0.212863 0)
(-1.99452 -0.384782 0)
(-2.0894 -1.04717 0)
(-2.12238 -1.77001 0)
(-2.0071 -2.42269 0)
(-1.77252 -2.92278 0)
(-1.24352 -3.01356 0)
(-0.715652 -2.53053 0)
(0.0431287 -1.47307 0)
(2.46233e-231 -0.0133254 0)
(-0.0212316 0.572541 0)
(-0.12143 1.30157 0)
(-0.289879 1.76031 0)
(-0.452804 1.96884 0)
(-0.60759 2.06045 0)
(-0.750636 2.02877 0)
(-0.871974 1.94211 0)
(-0.994662 1.7788 0)
(-1.10518 1.55491 0)
(-1.23122 1.25253 0)
(-1.35785 0.855747 0)
(-1.50514 0.365788 0)
(-1.65495 -0.252335 0)
(-1.79993 -0.952968 0)
(-1.91701 -1.77266 0)
(-1.92596 -2.55501 0)
(-1.82659 -3.2852 0)
(-1.40303 -3.55582 0)
(-0.892612 -3.2539 0)
(-0.00299657 -1.887 0)
(5.82086e-202 4.58396e-184 0)
(-0.037111 0.622212 0)
(-0.151585 1.40712 0)
(-0.321009 1.8937 0)
(-0.460322 2.09235 0)
(-0.562486 2.17357 0)
(-0.646142 2.12409 0)
(-0.69 2.02878 0)
(-0.738895 1.86137 0)
(-0.76859 1.64311 0)
(-0.826312 1.35442 0)
(-0.88802 0.977704 0)
(-0.99844 0.512708 0)
(-1.12806 -0.0865758 0)
(-1.3097 -0.780914 0)
(-1.49462 -1.63576 0)
(-1.66222 -2.50962 0)
(-1.73343 -3.42901 0)
(-1.52758 -3.95603 0)
(-1.10802 -3.90691 0)
(-0.0114431 -2.39608 0)
(1.83358e-183 -1.36267e-184 0)
(-0.0557257 0.769446 0)
(-0.185421 1.5898 0)
(-0.345365 2.07864 0)
(-0.447573 2.2118 0)
(-0.480715 2.25358 0)
(-0.487426 2.15714 0)
(-0.436376 2.03931 0)
(-0.392293 1.85837 0)
(-0.321575 1.64435 0)
(-0.287565 1.37354 0)
(-0.259122 1.02803 0)
(-0.299773 0.608386 0)
(-0.375677 0.05742 0)
(-0.549918 -0.582832 0)
(-0.77522 -1.42315 0)
(-1.07737 -2.31254 0)
(-1.37282 -3.42441 0)
(-1.49469 -4.18783 0)
(-1.39638 -4.78682 0)
(-0.465883 -3.04228 0)
(4.40037e-254 -4.58396e-184 0)
(-0.121562 0.84965 0)
(-0.319084 1.6837 0)
(-0.470776 2.15093 0)
(-0.524133 2.21812 0)
(-0.43915 2.21284 0)
(-0.334787 2.07491 0)
(-0.145351 1.93475 0)
(0.0211722 1.7457 0)
(0.222492 1.54012 0)
(0.369509 1.29458 0)
(0.512359 0.992324 0)
(0.558645 0.635399 0)
(0.567869 0.16739 0)
(0.416192 -0.371912 0)
(0.206032 -1.10029 0)
(-0.253384 -1.90096 0)
(-0.707312 -2.98557 0)
(-1.45179 -3.93129 0)
(-1.64457 -4.84488 0)
(-2.07322 -3.86875 0)
(-2.59151e-264 -0.215974 0)
(-0.178037 1.23182 0)
(-0.416696 1.94341 0)
(-0.503178 2.30616 0)
(-0.456208 2.18038 0)
(-0.217446 2.07806 0)
(0.0307086 1.86288 0)
(0.374947 1.68992 0)
(0.679613 1.49062 0)
(1.01747 1.29821 0)
(1.28568 1.08559 0)
(1.54626 0.838524 0)
(1.69446 0.557997 0)
(1.80121 0.196593 0)
(1.72473 -0.211484 0)
(1.57312 -0.764515 0)
(1.1269 -1.38296 0)
(0.589324 -2.25768 0)
(-0.343734 -3.20667 0)
(-1.07909 -4.25592 0)
(-1.84133 -4.53641 0)
(-0.863898 -2.31679 0)
(-0.400564 1.41021 0)
(-0.725957 1.98019 0)
(-0.519472 2.18468 0)
(-0.238614 1.91537 0)
(0.31831 1.72682 0)
(0.783079 1.47442 0)
(1.33922 1.28777 0)
(1.79714 1.1011 0)
(2.27274 0.936056 0)
(2.64606 0.76882 0)
(3.00277 0.58606 0)
(3.22367 0.389244 0)
(3.40568 0.14062 0)
(3.37594 -0.12822 0)
(3.29422 -0.498998 0)
(2.86396 -0.895404 0)
(2.38884 -1.51605 0)
(1.36463 -2.23358 0)
(0.458839 -3.35294 0)
(-0.706559 -4.00586 0)
(-0.701274 -2.96408 0)
(-0.257369 2.4203 0)
(-0.104593 2.05697 0)
(0.682392 1.86918 0)
(1.32966 1.33435 0)
(2.14671 1.07635 0)
(2.77539 0.834754 0)
(3.43154 0.681802 0)
(3.94679 0.552741 0)
(4.44896 0.449762 0)
(4.83229 0.355307 0)
(5.18724 0.259477 0)
(5.40623 0.160548 0)
(5.58743 0.041088 0)
(5.5723 -0.0871856 0)
(5.51903 -0.262585 0)
(5.1519 -0.456142 0)
(4.76159 -0.789999 0)
(3.82974 -1.24452 0)
(2.86632 -2.25337 0)
(1.0923 -3.33024 0)
(-0.046288 -3.79887 0)
(1.66711 1.66943 0)
(2.70232 0.974469 0)
(4.54216 0.748254 0)
(5.38091 0.423794 0)
(6.2488 0.286481 0)
(6.75992 0.178179 0)
(7.24082 0.121417 0)
(7.5656 0.0810404 0)
(7.86477 0.05455 0)
(8.06815 0.0339158 0)
(8.25068 0.0155042 0)
(8.34015 -0.00179811 0)
(8.4125 -0.022917 0)
(8.35451 -0.0436999 0)
(8.29313 -0.0789704 0)
(8.00582 -0.111852 0)
(7.74992 -0.200901 0)
(6.99587 -0.293336 0)
(6.26239 -0.625133 0)
(4.04584 -0.997312 0)
(2.00522 -1.8179 0)
)
;

boundaryField
{
    movingWall
    {
        type            fixedValue;
        value           uniform (10 0 0);
    }
    fixedWalls
    {
        type            noSlip;
    }
    frontAndBack
    {
        type            empty;
    }
}


// ************************************************************************* //
