/*--------------------------------*- C++ -*----------------------------------*\
| =========                 |                                                 |
| \\      /  F ield         | OpenFOAM: The Open Source CFD Toolbox           |
|  \\    /   O peration     | Version:  4.1                                   |
|   \\  /    A nd           | Web:      www.OpenFOAM.org                      |
|    \\/     M anipulation  |                                                 |
\*---------------------------------------------------------------------------*/
FoamFile
{
    version     2.0;
    format      ascii;
    class       volVectorField;
    location    "0.0674";
    object      U;
}
// * * * * * * * * * * * * * * * * * * * * * * * * * * * * * * * * * * * * * //

dimensions      [0 1 -1 0 0 0 0];

internalField   nonuniform List<vector> 
441
(
(0.00354812 -0.00469193 0)
(0.00919432 -0.0025436 0)
(-0.000635904 -2.18693e-165 0)
(0.00185243 -3.09819e-266 0)
(-0.00846823 -0.00741027 0)
(-0.00185243 -2.90872e-232 0)
(-1.11082e-202 -5.19445e-203 0)
(-1.29848e-203 -6.77839e-228 0)
(-1.62715e-212 -2.9417e-213 0)
(-0.0058019 8.6378e-266 0)
(-0.070818 0.0232094 0)
(-0.0893103 0.0122272 0)
(-0.101123 0.00568275 0)
(-0.0897476 0.0005198 0)
(-0.0748297 -0.00143125 0)
(-0.0510066 -0.00279707 0)
(-0.0302287 -0.00206595 0)
(-0.0112059 -0.00165028 0)
(0.000859173 0.000522561 0)
(0.00345236 0.00124636 0)
(0.00432248 0.00279395 0)
(0.00355975 -0.00786069 0)
(-0.0014413 0.00667149 0)
(-0.0270855 0.008124 0)
(-0.0575254 0.0105814 0)
(-0.102628 0.0102809 0)
(-0.144698 -0.00354417 0)
(-0.184063 -0.000234617 0)
(-0.221691 0.00152452 0)
(-0.255042 0.0124177 0)
(-0.288814 0.0629954 0)
(-0.312097 0.05826 0)
(-0.307175 0.0184662 0)
(-0.294268 -0.00578385 0)
(-0.255822 -0.0275604 0)
(-0.210464 -0.0374458 0)
(-0.152355 -0.0430697 0)
(-0.0992828 -0.0375397 0)
(-0.0511198 -0.0306911 0)
(-0.0177315 -0.0146753 0)
(-0.00255623 -0.0054449 0)
(0.00461442 0.00520324 0)
(0.00713815 -0.00732973 0)
(-0.00533835 0.0277151 0)
(-0.0523948 0.0547076 0)
(-0.115499 0.0731313 0)
(-0.192032 0.0786418 0)
(-0.270989 0.0774776 0)
(-0.355376 0.0742925 0)
(-0.423429 0.0686576 0)
(-0.490426 0.0645534 0)
(-0.523023 0.061421 0)
(-0.519309 0.0424766 0)
(-0.503036 -0.00441761 0)
(-0.469855 -0.0449967 0)
(-0.410315 -0.0831046 0)
(-0.338998 -0.103943 0)
(-0.251584 -0.114267 0)
(-0.169863 -0.10213 0)
(-0.0939143 -0.0837156 0)
(-0.0395086 -0.0469457 0)
(-0.00923035 -0.0215367 0)
(0.00602062 0.0052649 0)
(0.00613852 -0.00994795 0)
(-0.0151826 0.0679039 0)
(-0.091864 0.118289 0)
(-0.181729 0.152537 0)
(-0.28718 0.166132 0)
(-0.392881 0.16246 0)
(-0.496632 0.153832 0)
(-0.586114 0.137432 0)
(-0.659792 0.114329 0)
(-0.703323 0.0892615 0)
(-0.712495 0.0380203 0)
(-0.691286 -0.0320942 0)
(-0.646277 -0.0986475 0)
(-0.5675 -0.159574 0)
(-0.472531 -0.195998 0)
(-0.356074 -0.213712 0)
(-0.245482 -0.194646 0)
(-0.139942 -0.162708 0)
(-0.0630312 -0.0984915 0)
(-0.0159376 -0.0523564 0)
(0.00774372 0.00237417 0)
(6.61447e-165 0.00153463 0)
(-0.0228123 0.125275 0)
(-0.132546 0.220482 0)
(-0.244324 0.267052 0)
(-0.377015 0.288733 0)
(-0.505607 0.285152 0)
(-0.633361 0.266276 0)
(-0.741404 0.230766 0)
(-0.831364 0.181077 0)
(-0.88486 0.114808 0)
(-0.901781 0.0308564 0)
(-0.882054 -0.0703878 0)
(-0.829963 -0.168017 0)
(-0.73619 -0.2572 0)
(-0.619403 -0.314282 0)
(-0.472143 -0.342197 0)
(-0.330249 -0.316774 0)
(-0.188504 -0.267283 0)
(-0.0866217 -0.169245 0)
(-0.0175201 -0.0931816 0)
(0.014342 -0.00213053 0)
(-5.36908e-266 0.00550055 0)
(-0.0846601 0.205058 0)
(-0.184795 0.337886 0)
(-0.318725 0.39881 0)
(-0.463656 0.427306 0)
(-0.612048 0.419868 0)
(-0.755298 0.390251 0)
(-0.881841 0.335686 0)
(-0.986688 0.258642 0)
(-1.05712 0.158903 0)
(-1.09086 0.0355071 0)
(-1.07936 -0.104928 0)
(-1.02828 -0.244257 0)
(-0.923924 -0.371741 0)
(-0.787817 -0.459584 0)
(-0.608215 -0.50532 0)
(-0.430769 -0.477227 0)
(-0.246262 -0.409467 0)
(-0.113933 -0.267506 0)
(-0.0186459 -0.156535 0)
(0.0161214 0.000479693 0)
(-0.0220022 0.0893482 0)
(-0.117848 0.306588 0)
(-0.233294 0.454924 0)
(-0.380684 0.544133 0)
(-0.543808 0.581274 0)
(-0.710014 0.575375 0)
(-0.873054 0.535288 0)
(-1.01931 0.46125 0)
(-1.1449 0.356136 0)
(-1.23564 0.218728 0)
(-1.28907 0.0535819 0)
(-1.29207 -0.133281 0)
(-1.24837 -0.322451 0)
(-1.13927 -0.498593 0)
(-0.987687 -0.628522 0)
(-0.774148 -0.701096 0)
(-0.558118 -0.676449 0)
(-0.317543 -0.586542 0)
(-0.152093 -0.393625 0)
(-0.00581416 -0.225069 0)
(5.89355e-266 -0.00403035 0)
(-0.0161797 0.147752 0)
(-0.112702 0.417494 0)
(-0.255408 0.601295 0)
(-0.42282 0.71011 0)
(-0.605563 0.756892 0)
(-0.790853 0.749417 0)
(-0.97259 0.699866 0)
(-1.14015 0.607406 0)
(-1.28814 0.475396 0)
(-1.40406 0.302507 0)
(-1.48323 0.0923415 0)
(-1.50847 -0.146703 0)
(-1.48118 -0.396552 0)
(-1.37609 -0.634641 0)
(-1.21575 -0.824007 0)
(-0.971714 -0.939 0)
(-0.713721 -0.932178 0)
(-0.411453 -0.821772 0)
(-0.198341 -0.57463 0)
(-0.00331013 -0.31809 0)
(2.50853e-24 -1.12169e-24 0)
(-0.0143744 0.214732 0)
(-0.116617 0.543993 0)
(-0.276198 0.763476 0)
(-0.458898 0.892474 0)
(-0.658572 0.948029 0)
(-0.85999 0.940823 0)
(-1.05936 0.883694 0)
(-1.24696 0.775661 0)
(-1.41792 0.619794 0)
(-1.56048 0.41316 0)
(-1.66847 0.158562 0)
(-1.72249 -0.135886 0)
(-1.7204 -0.453416 0)
(-1.63057 -0.765333 0)
(-1.47264 -1.03072 0)
(-1.2063 -1.20629 0)
(-0.909529 -1.23307 0)
(-0.53867 -1.10716 0)
(-0.267521 -0.79413 0)
(-0.00478418 -0.431145 0)
(1.02508e-76 -6.27132e-25 0)
(-0.0125927 0.279345 0)
(-0.115316 0.681016 0)
(-0.285375 0.94433 0)
(-0.478033 1.09307 0)
(-0.689036 1.15843 0)
(-0.901751 1.15017 0)
(-1.11328 1.08707 0)
(-1.31662 0.965522 0)
(-1.5066 0.789077 0)
(-1.67422 0.552314 0)
(-1.8116 0.254643 0)
(-1.89902 -0.0959886 0)
(-1.93063 -0.487855 0)
(-1.86919 -0.885052 0)
(-1.72877 -1.24746 0)
(-1.45558 -1.50805 0)
(-1.12886 -1.59828 0)
(-0.689828 -1.47402 0)
(-0.350564 -1.10292 0)
(-0.00673961 -0.60075 0)
(2.85662e-164 -2.56271e-77 0)
(-0.0128068 0.339262 0)
(-0.117875 0.815041 0)
(-0.295211 1.12392 0)
(-0.493111 1.29389 0)
(-0.708499 1.37006 0)
(-0.924736 1.36304 0)
(-1.13925 1.29745 0)
(-1.34911 1.16748 0)
(-1.54859 0.976951 0)
(-1.73373 0.717277 0)
(-1.89486 0.383921 0)
(-2.01585 -0.0172965 0)
(-2.08632 -0.481299 0)
(-2.06723 -0.96817 0)
(-1.96377 -1.44101 0)
(-1.70879 -1.81 0)
(-1.37454 -1.99392 0)
(-0.883363 -1.89364 0)
(-0.475066 -1.46563 0)
(-0.0781006 -0.794693 0)
(1.76043e-265 0.0130762 0)
(-0.0135914 0.410945 0)
(-0.116892 0.96559 0)
(-0.294661 1.32107 0)
(-0.489326 1.50706 0)
(-0.698639 1.5912 0)
(-0.907027 1.58085 0)
(-1.11136 1.51206 0)
(-1.31402 1.37437 0)
(-1.50832 1.17381 0)
(-1.69731 0.897819 0)
(-1.87033 0.536766 0)
(-2.01788 0.0943962 0)
(-2.12685 -0.435975 0)
(-2.15992 -1.00989 0)
(-2.11293 -1.60484 0)
(-1.90606 -2.10388 0)
(-1.59302 -2.42259 0)
(-1.06801 -2.38776 0)
(-0.576077 -1.90238 0)
(-0.0747421 -1.09541 0)
(0.0523049 -0.0738233 0)
(-0.0171308 0.465378 0)
(-0.122833 1.09317 0)
(-0.302959 1.49345 0)
(-0.490415 1.69456 0)
(-0.683038 1.78594 0)
(-0.870376 1.77317 0)
(-1.04623 1.70346 0)
(-1.22281 1.56287 0)
(-1.38996 1.35993 0)
(-1.56245 1.07872 0)
(-1.72662 0.705161 0)
(-1.88659 0.239602 0)
(-2.02427 -0.3367 0)
(-2.11474 -0.981363 0)
(-2.14022 -1.68959 0)
(-2.01613 -2.33172 0)
(-1.7722 -2.82545 0)
(-1.23848 -2.91944 0)
(-0.709325 -2.45244 0)
(0.0410424 -1.43011 0)
(2.4142e-231 -0.0130762 0)
(-0.0219373 0.553844 0)
(-0.127223 1.25448 0)
(-0.302552 1.69251 0)
(-0.472547 1.88824 0)
(-0.634667 1.97432 0)
(-0.785115 1.9444 0)
(-0.913982 1.86646 0)
(-1.04396 1.71817 0)
(-1.1611 1.51419 0)
(-1.29249 1.23445 0)
(-1.42258 0.860794 0)
(-1.57081 0.392013 0)
(-1.71842 -0.207969 0)
(-1.85762 -0.894421 0)
(-1.96501 -1.70255 0)
(-1.96117 -2.47618 0)
(-1.84703 -3.19898 0)
(-1.41065 -3.46881 0)
(-0.891686 -3.17573 0)
(-0.00324005 -1.84199 0)
(5.77471e-202 4.56452e-184 0)
(-0.0381144 0.607561 0)
(-0.160186 1.36772 0)
(-0.340385 1.835 0)
(-0.491064 2.02123 0)
(-0.604974 2.097 0)
(-0.699994 2.04914 0)
(-0.754688 1.96214 0)
(-0.813187 1.80884 0)
(-0.850838 1.60903 0)
(-0.914233 1.34098 0)
(-0.979042 0.984857 0)
(-1.0896 0.53801 0)
(-1.21623 -0.0466533 0)
(-1.39135 -0.730719 0)
(-1.56599 -1.57801 0)
(-1.71935 -2.4464 0)
(-1.77313 -3.35967 0)
(-1.54909 -3.88349 0)
(-1.11422 -3.83655 0)
(-0.0112481 -2.35193 0)
(1.82581e-183 -8.57672e-185 0)
(-0.056892 0.76022 0)
(-0.195738 1.56107 0)
(-0.369099 2.03288 0)
(-0.485772 2.15426 0)
(-0.53387 2.19047 0)
(-0.554709 2.09489 0)
(-0.516556 1.984 0)
(-0.483151 1.81519 0)
(-0.420487 1.61712 0)
(-0.391337 1.36409 0)
(-0.364594 1.03616 0)
(-0.403761 0.631609 0)
(-0.475395 0.0921531 0)
(-0.642515 -0.541191 0)
(-0.857972 -1.37763 0)
(-1.14664 -2.26545 0)
(-1.42535 -3.374 0)
(-1.52685 -4.13456 0)
(-1.40977 -4.73075 0)
(-0.463978 -3.00335 0)
(4.39183e-254 -4.56452e-184 0)
(-0.122622 0.846313 0)
(-0.329154 1.66684 0)
(-0.494835 2.11996 0)
(-0.563704 2.17635 0)
(-0.495023 2.16526 0)
(-0.405911 2.02695 0)
(-0.230117 1.89161 0)
(-0.0743789 1.71184 0)
(0.119396 1.51886 0)
(0.262681 1.28759 0)
(0.405369 0.999566 0)
(0.454884 0.65484 0)
(0.46983 0.195844 0)
(0.326119 -0.338706 0)
(0.125213 -1.06583 0)
(-0.32239 -1.86789 0)
(-0.762873 -2.95331 0)
(-1.48837 -3.89799 0)
(-1.6635 -4.80931 0)
(-2.06956 -3.83805 0)
(-2.57529e-264 -0.21511 0)
(-0.178574 1.23353 0)
(-0.423824 1.93763 0)
(-0.522025 2.2898 0)
(-0.488934 2.15469 0)
(-0.265446 2.04651 0)
(-0.0318883 1.8296 0)
(0.299116 1.65906 0)
(0.593334 1.46579 0)
(0.923999 1.28221 0)
(1.18894 1.07995 0)
(1.45001 0.843476 0)
(1.60222 0.57218 0)
(1.71557 0.21759 0)
(1.6476 -0.187049 0)
(1.50516 -0.739922 0)
(1.06892 -1.36095 0)
(0.541452 -2.23923 0)
(-0.378715 -3.18997 0)
(-1.10004 -4.23937 0)
(-1.84517 -4.51803 0)
(-0.860439 -2.31153 0)
(-0.400258 1.41441 0)
(-0.727795 1.98161 0)
(-0.528024 2.17927 0)
(-0.256808 1.90286 0)
(0.28809 1.70919 0)
(0.740427 1.45444 0)
(1.28455 1.26837 0)
(1.73245 1.08491 0)
(2.20071 0.925188 0)
(2.57026 0.76452 0)
(2.92685 0.588663 0)
(3.15122 0.397979 0)
(3.33948 0.153918 0)
(3.31807 -0.112645 0)
(3.24526 -0.483526 0)
(2.82405 -0.882171 0)
(2.35671 -1.50633 0)
(1.34045 -2.22677 0)
(0.442317 -3.34775 0)
(-0.713463 -3.99988 0)
(-0.700183 -2.96301 0)
(-0.256494 2.42348 0)
(-0.101852 2.06006 0)
(0.68399 1.86929 0)
(1.3268 1.3306 0)
(2.13632 1.06951 0)
(2.75592 0.8262 0)
(3.40244 0.673141 0)
(3.90907 0.545382 0)
(4.4045 0.444846 0)
(4.78398 0.353491 0)
(5.13821 0.260928 0)
(5.35973 0.164864 0)
(5.54604 0.0474193 0)
(5.53791 -0.0800003 0)
(5.49217 -0.255833 0)
(5.13236 -0.450814 0)
(4.74782 -0.786916 0)
(3.82043 -1.24323 0)
(2.86011 -2.25352 0)
(1.08942 -3.32957 0)
(-0.0456551 -3.79936 0)
(1.66784 1.67015 0)
(2.70536 0.975248 0)
(4.5466 0.748646 0)
(5.38453 0.423556 0)
(6.24944 0.285716 0)
(6.75617 0.177129 0)
(7.23209 0.120381 0)
(7.55231 0.0802558 0)
(7.848 0.0542004 0)
(8.04961 0.034068 0)
(8.23219 0.0161387 0)
(8.3236 -0.000816245 0)
(8.39918 -0.021775 0)
(8.34533 -0.0426388 0)
(8.28795 -0.0781965 0)
(8.00416 -0.111515 0)
(7.75035 -0.201066 0)
(6.99725 -0.293872 0)
(6.26349 -0.625934 0)
(4.0464 -0.998027 0)
(2.00608 -1.8188 0)
)
;

boundaryField
{
    movingWall
    {
        type            fixedValue;
        value           uniform (10 0 0);
    }
    fixedWalls
    {
        type            noSlip;
    }
    frontAndBack
    {
        type            empty;
    }
}


// ************************************************************************* //
