/*--------------------------------*- C++ -*----------------------------------*\
| =========                 |                                                 |
| \\      /  F ield         | OpenFOAM: The Open Source CFD Toolbox           |
|  \\    /   O peration     | Version:  4.1                                   |
|   \\  /    A nd           | Web:      www.OpenFOAM.org                      |
|    \\/     M anipulation  |                                                 |
\*---------------------------------------------------------------------------*/
FoamFile
{
    version     2.0;
    format      ascii;
    class       volVectorField;
    location    "0.1028";
    object      U;
}
// * * * * * * * * * * * * * * * * * * * * * * * * * * * * * * * * * * * * * //

dimensions      [0 1 -1 0 0 0 0];

internalField   nonuniform List<vector> 
441
(
(0.00384324 -0.00491063 0)
(0.0100848 -0.00254105 0)
(-0.000635261 -2.22364e-165 0)
(0.00202342 -3.44935e-266 0)
(-0.00837463 -0.00809391 0)
(-0.00202342 -3.13685e-232 0)
(-1.16139e-202 -5.80884e-203 0)
(-1.45216e-203 -7.62862e-228 0)
(-1.76974e-212 -3.33126e-213 0)
(-0.00631952 9.36492e-266 0)
(-0.0775291 0.0252787 0)
(-0.0971792 0.0131748 0)
(-0.109132 0.00598369 0)
(-0.0955397 0.000333864 0)
(-0.078038 -0.00176168 0)
(-0.0512976 -0.00312487 0)
(-0.0284234 -0.00219786 0)
(-0.00832248 -0.00156728 0)
(0.00359426 0.000853551 0)
(0.0049556 0.00163609 0)
(0.00467359 0.00309069 0)
(0.0040056 -0.00883463 0)
(-0.000645034 0.00693917 0)
(-0.0277615 0.00873563 0)
(-0.060648 0.0108637 0)
(-0.10988 0.0112296 0)
(-0.156697 -0.00312859 0)
(-0.200891 -0.000122122 0)
(-0.243492 0.00173584 0)
(-0.281259 0.0136587 0)
(-0.31912 0.0690438 0)
(-0.344532 0.0633106 0)
(-0.338034 0.0188705 0)
(-0.321669 -0.00827084 0)
(-0.276985 -0.032239 0)
(-0.224666 -0.0426991 0)
(-0.159341 -0.0478427 0)
(-0.100612 -0.0406147 0)
(-0.0488864 -0.0317456 0)
(-0.0144659 -0.0136014 0)
(-0.000481185 -0.00343258 0)
(0.00509307 0.00676672 0)
(0.00789235 -0.00877061 0)
(-0.00515719 0.0288389 0)
(-0.0556844 0.0585975 0)
(-0.124732 0.079468 0)
(-0.209513 0.0867387 0)
(-0.297341 0.0867286 0)
(-0.391927 0.0837745 0)
(-0.469186 0.077762 0)
(-0.54473 0.0727186 0)
(-0.581636 0.0680137 0)
(-0.577032 0.0451487 0)
(-0.557352 -0.00838269 0)
(-0.517744 -0.0543665 0)
(-0.448863 -0.0964489 0)
(-0.367012 -0.118418 0)
(-0.26875 -0.127464 0)
(-0.177991 -0.111446 0)
(-0.0955878 -0.0882416 0)
(-0.03808 -0.0464358 0)
(-0.00770031 -0.0183776 0)
(0.00653126 0.00807814 0)
(0.00651468 -0.0119319 0)
(-0.0170241 0.0723371 0)
(-0.100892 0.128238 0)
(-0.200305 0.167225 0)
(-0.317684 0.184204 0)
(-0.436064 0.182146 0)
(-0.552791 0.17353 0)
(-0.653921 0.155499 0)
(-0.736824 0.128695 0)
(-0.785351 0.0985475 0)
(-0.794326 0.0387382 0)
(-0.768612 -0.041592 0)
(-0.715365 -0.116956 0)
(-0.624816 -0.184204 0)
(-0.516457 -0.222679 0)
(-0.385905 -0.238458 0)
(-0.262982 -0.213223 0)
(-0.147755 -0.173378 0)
(-0.0650754 -0.100591 0)
(-0.0158549 -0.0494466 0)
(0.00812043 0.00598828 0)
(7.1386e-165 0.00162867 0)
(-0.0259547 0.135777 0)
(-0.147231 0.241058 0)
(-0.27186 0.294727 0)
(-0.420147 0.321312 0)
(-0.564438 0.319874 0)
(-0.707952 0.300207 0)
(-0.829486 0.260611 0)
(-0.929913 0.203345 0)
(-0.988793 0.126262 0)
(-1.0056 0.028818 0)
(-0.980917 -0.0870699 0)
(-0.919452 -0.197393 0)
(-0.812285 -0.295736 0)
(-0.679868 -0.356246 0)
(-0.515606 -0.381889 0)
(-0.358139 -0.348089 0)
(-0.203149 -0.287325 0)
(-0.0925336 -0.176588 0)
(-0.0188692 -0.0924831 0)
(0.0147347 0.00112643 0)
(-5.7843e-266 0.00601627 0)
(-0.0935216 0.224521 0)
(-0.205891 0.371999 0)
(-0.35561 0.442048 0)
(-0.517987 0.476591 0)
(-0.684226 0.471048 0)
(-0.844538 0.439215 0)
(-0.985676 0.377725 0)
(-1.10149 0.288934 0)
(-1.17791 0.173422 0)
(-1.21227 0.0311694 0)
(-1.19603 -0.128804 0)
(-1.13551 -0.285355 0)
(-1.01707 -0.425499 0)
(-0.864056 -0.518944 0)
(-0.665186 -0.56279 0)
(-0.469325 -0.524637 0)
(-0.268008 -0.442242 0)
(-0.123969 -0.282834 0)
(-0.0218603 -0.160002 0)
(0.0161388 0.00324382 0)
(-0.0240651 0.0984677 0)
(-0.130431 0.337943 0)
(-0.259562 0.503499 0)
(-0.42401 0.604868 0)
(-0.605861 0.649007 0)
(-0.790861 0.644837 0)
(-0.971687 0.600736 0)
(-1.13293 0.51655 0)
(-1.26983 0.395293 0)
(-1.36693 0.236776 0)
(-1.4216 0.0474298 0)
(-1.42057 -0.164162 0)
(-1.36812 -0.375352 0)
(-1.24535 -0.568205 0)
(-1.07678 -0.706685 0)
(-0.842798 -0.778639 0)
(-0.606296 -0.742985 0)
(-0.345424 -0.635268 0)
(-0.165265 -0.419411 0)
(-0.00857784 -0.2345 0)
(6.01303e-266 -0.00403469 0)
(-0.0177816 0.16304 0)
(-0.124816 0.4612 0)
(-0.282891 0.666083 0)
(-0.468086 0.789105 0)
(-0.669831 0.843596 0)
(-0.873797 0.837123 0)
(-1.07281 0.78155 0)
(-1.25483 0.675709 0)
(-1.41368 0.523362 0)
(-1.53595 0.324616 0)
(-1.61696 0.0852458 0)
(-1.63923 -0.1834 0)
(-1.60477 -0.46004 0)
(-1.48774 -0.719162 0)
(-1.31201 -0.920841 0)
(-1.0481 -1.03763 0)
(-0.769225 -1.0204 0)
(-0.444033 -0.889847 0)
(-0.213835 -0.614997 0)
(-0.00390039 -0.334975 0)
(2.65914e-24 -1.04138e-24 0)
(-0.0157624 0.237252 0)
(-0.127912 0.601097 0)
(-0.302288 0.845023 0)
(-0.501724 0.989818 0)
(-0.719034 1.05326 0)
(-0.937417 1.04608 0)
(-1.15223 0.980749 0)
(-1.35248 0.856175 0)
(-1.53286 0.676113 0)
(-1.68097 0.439377 0)
(-1.79089 0.151308 0)
(-1.84305 -0.176909 0)
(-1.83595 -0.525368 0)
(-1.73721 -0.862359 0)
(-1.56739 -1.14413 0)
(-1.2843 -1.32484 0)
(-0.968751 -1.34338 0)
(-0.574971 -1.19629 0)
(-0.285507 -0.851586 0)
(-0.00511069 -0.456577 0)
(1.07903e-76 -6.64785e-25 0)
(-0.013562 0.307248 0)
(-0.124172 0.749451 0)
(-0.306606 1.04055 0)
(-0.513181 1.20637 0)
(-0.738702 1.27962 0)
(-0.965051 1.2702 0)
(-1.18859 1.19679 0)
(-1.4014 1.05587 0)
(-1.59809 0.852023 0)
(-1.76947 0.581923 0)
(-1.90818 0.247697 0)
(-1.99459 -0.139517 0)
(-2.02364 -0.56515 0)
(-1.9573 -0.990423 0)
(-1.81023 -1.37286 0)
(-1.52598 -1.64246 0)
(-1.1856 -1.72822 0)
(-0.726699 -1.58384 0)
(-0.370164 -1.1791 0)
(-0.00743344 -0.6363 0)
(2.99516e-164 -2.69757e-77 0)
(-0.0133541 0.371423 0)
(-0.123332 0.892336 0)
(-0.308813 1.23161 0)
(-0.516021 1.41954 0)
(-0.741019 1.50332 0)
(-0.965908 1.49385 0)
(-1.18751 1.41592 0)
(-1.40229 1.26415 0)
(-1.60461 1.04377 0)
(-1.7907 0.748617 0)
(-1.95172 0.377081 0)
(-2.072 -0.0618126 0)
(-2.14218 -0.560541 0)
(-2.12263 -1.0767 0)
(-2.01889 -1.57193 0)
(-1.76078 -1.95342 0)
(-1.42092 -2.13762 0)
(-0.917039 -2.02039 0)
(-0.495089 -1.55888 0)
(-0.0826559 -0.840442 0)
(1.80071e-265 0.0134371 0)
(-0.0136085 0.444805 0)
(-0.117857 1.04709 0)
(-0.298078 1.43469 0)
(-0.495948 1.63924 0)
(-0.708512 1.73063 0)
(-0.91931 1.71663 0)
(-1.12472 1.63382 0)
(-1.32689 1.47255 0)
(-1.51945 1.24065 0)
(-1.706 0.928384 0)
(-1.87693 0.529177 0)
(-2.02358 0.0500212 0)
(-2.134 -0.513788 0)
(-2.1707 -1.11586 0)
(-2.12979 -1.73336 0)
(-1.92846 -2.24705 0)
(-1.61952 -2.57061 0)
(-1.0912 -2.52436 0)
(-0.591691 -2.00751 0)
(-0.0766973 -1.15153 0)
(0.0537485 -0.0784168 0)
(-0.0165896 0.498488 0)
(-0.118797 1.17384 0)
(-0.294816 1.60679 0)
(-0.478447 1.82666 0)
(-0.667073 1.92489 0)
(-0.849912 1.90751 0)
(-1.02043 1.8226 0)
(-1.19099 1.65742 0)
(-1.35192 1.42272 0)
(-1.51879 1.10571 0)
(-1.67901 0.695544 0)
(-1.83771 0.195836 0)
(-1.978 -0.41058 0)
(-2.07521 -1.07996 0)
(-2.11201 -1.80852 0)
(-2.00122 -2.46533 0)
(-1.77141 -2.96801 0)
(-1.24508 -3.05726 0)
(-0.718212 -2.56697 0)
(0.0441756 -1.49325 0)
(2.48469e-231 -0.0134371 0)
(-0.0208366 0.583193 0)
(-0.118121 1.32837 0)
(-0.282625 1.79827 0)
(-0.44157 2.01265 0)
(-0.592354 2.10534 0)
(-0.731548 2.07045 0)
(-0.849156 1.97702 0)
(-0.968424 1.8043 0)
(-1.07598 1.56941 0)
(-1.19977 1.25569 0)
(-1.32507 0.84825 0)
(-1.47223 0.349233 0)
(-1.62336 -0.276141 0)
(-1.77128 -0.982096 0)
(-1.89311 -1.80606 0)
(-1.90827 -2.59165 0)
(-1.81602 -3.32487 0)
(-1.39877 -3.59579 0)
(-0.892644 -3.29 0)
(-0.00287364 -1.90793 0)
(5.84029e-202 4.59166e-184 0)
(-0.0365664 0.630605 0)
(-0.146817 1.42959 0)
(-0.310268 1.9266 0)
(-0.443413 2.13104 0)
(-0.539417 2.21351 0)
(-0.617406 2.16112 0)
(-0.656153 2.05949 0)
(-0.700809 1.88329 0)
(-0.727236 1.65485 0)
(-0.782864 1.35583 0)
(-0.843675 0.96963 0)
(-0.954511 0.496935 0)
(-1.08588 -0.108033 0)
(-1.27081 -0.805944 0)
(-1.46066 -1.66324 0)
(-1.63497 -2.53885 0)
(-1.71435 -3.46064 0)
(-1.5171 -3.98903 0)
(-1.10481 -3.93905 0)
(-0.0115251 -2.41641 0)
(1.83666e-183 -1.60321e-184 0)
(-0.0550972 0.77486 0)
(-0.179747 1.60641 0)
(-0.332325 2.10451 0)
(-0.426769 2.2433 0)
(-0.452163 2.2867 0)
(-0.451932 2.18809 0)
(-0.394931 2.06492 0)
(-0.346319 1.87641 0)
(-0.272545 1.65355 0)
(-0.237081 1.37378 0)
(-0.208622 1.02012 0)
(-0.250608 0.594064 0)
(-0.328953 0.038701 0)
(-0.506778 -0.60371 0)
(-0.73676 -1.44488 0)
(-1.04518 -2.33428 0)
(-1.34833 -3.44725 0)
(-1.4796 -4.21184 0)
(-1.38997 -4.81217 0)
(-0.466726 -3.06003 0)
(4.40336e-254 -4.59166e-184 0)
(-0.120983 0.851832 0)
(-0.313491 1.69379 0)
(-0.457462 2.16878 0)
(-0.502456 2.24132 0)
(-0.409 2.23813 0)
(-0.297128 2.09906 0)
(-0.101416 1.95502 0)
(0.069602 1.76007 0)
(0.273608 1.5474 0)
(0.421397 1.29457 0)
(0.563389 0.985623 0)
(0.60739 0.623444 0)
(0.613393 0.151982 0)
(0.457676 -0.388679 0)
(0.243084 -1.11685 0)
(-0.221803 -1.91627 0)
(-0.681853 -3.00012 0)
(-1.43497 -3.94616 0)
(-1.63578 -4.86078 0)
(-2.0748 -3.88262 0)
(-2.59897e-264 -0.216367 0)
(-0.177723 1.23117 0)
(-0.412591 1.94731 0)
(-0.492463 2.31599 0)
(-0.437872 2.19503 0)
(-0.191037 2.09519 0)
(0.0644357 1.88 0)
(0.414877 1.70477 0)
(0.723974 1.50148 0)
(1.0644 1.30399 0)
(1.33316 1.08595 0)
(1.59254 0.833809 0)
(1.738 0.549217 0)
(1.84102 0.185148 0)
(1.76016 -0.223907 0)
(1.60408 -0.776412 0)
(1.15318 -1.39319 0)
(0.610994 -2.26597 0)
(-0.327886 -3.21404 0)
(-1.06955 -4.2632 0)
(-1.83954 -4.54462 0)
(-0.865469 -2.3191 0)
(-0.400703 1.40805 0)
(-0.724685 1.97989 0)
(-0.514208 2.18833 0)
(-0.22785 1.92281 0)
(0.335648 1.73668 0)
(0.806874 1.48499 0)
(1.36888 1.29739 0)
(1.8313 1.10847 0)
(2.30977 0.940265 0)
(2.68406 0.769518 0)
(3.03992 0.583369 0)
(3.25834 0.38379 0)
(3.43673 0.133336 0)
(3.40262 -0.136167 0)
(3.31648 -0.506496 0)
(2.88191 -0.901548 0)
(2.40321 -1.52038 0)
(1.37542 -2.23651 0)
(0.46623 -3.35514 0)
(-0.703466 -4.00847 0)
(-0.701784 -2.96451 0)
(-0.257844 2.41855 0)
(-0.105936 2.05545 0)
(0.681979 1.86945 0)
(1.33202 1.33677 0)
(2.1534 1.08032 0)
(2.78702 0.839407 0)
(3.4481 0.686215 0)
(3.96747 0.556192 0)
(4.47252 0.451743 0)
(4.85712 0.355609 0)
(5.21172 0.25816 0)
(5.42882 0.157932 0)
(5.60703 0.0376729 0)
(5.5882 -0.0908077 0)
(5.53115 -0.265815 0)
(5.16054 -0.458566 0)
(4.76759 -0.791307 0)
(3.83378 -1.24499 0)
(2.86902 -2.25322 0)
(1.09357 -3.33051 0)
(-0.0465866 -3.79862 0)
(1.66669 1.66902 0)
(2.70066 0.974052 0)
(4.53989 0.748083 0)
(5.37929 0.42398 0)
(6.24901 0.28694 0)
(6.7626 0.178757 0)
(7.24614 0.121943 0)
(7.57315 0.0813962 0)
(7.87386 0.0546559 0)
(8.0778 0.0337607 0)
(8.25995 0.0151216 0)
(8.34816 -0.0023239 0)
(8.4187 -0.0234844 0)
(8.35858 -0.0441948 0)
(8.29526 -0.0793028 0)
(8.00632 -0.111967 0)
(7.74953 -0.200784 0)
(6.99512 -0.293061 0)
(6.26184 -0.624754 0)
(4.04558 -0.996986 0)
(2.00482 -1.8175 0)
)
;

boundaryField
{
    movingWall
    {
        type            fixedValue;
        value           uniform (10 0 0);
    }
    fixedWalls
    {
        type            noSlip;
    }
    frontAndBack
    {
        type            empty;
    }
}


// ************************************************************************* //
