/*--------------------------------*- C++ -*----------------------------------*\
| =========                 |                                                 |
| \\      /  F ield         | OpenFOAM: The Open Source CFD Toolbox           |
|  \\    /   O peration     | Version:  4.1                                   |
|   \\  /    A nd           | Web:      www.OpenFOAM.org                      |
|    \\/     M anipulation  |                                                 |
\*---------------------------------------------------------------------------*/
FoamFile
{
    version     2.0;
    format      ascii;
    class       volVectorField;
    location    "0.086";
    object      U;
}
// * * * * * * * * * * * * * * * * * * * * * * * * * * * * * * * * * * * * * //

dimensions      [0 1 -1 0 0 0 0];

internalField   nonuniform List<vector> 
441
(
(0.00372504 -0.0048217 0)
(0.00973715 -0.00253964 0)
(-0.000634908 -2.20821e-165 0)
(0.00196054 -3.32189e-266 0)
(-0.00837368 -0.00784255 0)
(-0.00196054 -3.053e-232 0)
(-1.14075e-202 -5.59728e-203 0)
(-1.39924e-203 -7.34484e-228 0)
(-1.72e-212 -3.20532e-213 0)
(-0.00614176 9.11094e-266 0)
(-0.0752794 0.0245681 0)
(-0.0945786 0.0128486 0)
(-0.106528 0.00587957 0)
(-0.0937103 0.000392094 0)
(-0.0770843 -0.00165739 0)
(-0.0513095 -0.00302414 0)
(-0.0291114 -0.00216314 0)
(-0.00934093 -0.00160367 0)
(0.00265288 0.000736934 0)
(0.00444407 0.00150254 0)
(0.00455707 0.00299117 0)
(0.00383197 -0.00845513 0)
(-0.000933338 0.00682781 0)
(-0.0274449 0.00848758 0)
(-0.0593668 0.0107259 0)
(-0.107033 0.0108807 0)
(-0.152121 -0.00325084 0)
(-0.194619 -0.000153791 0)
(-0.235538 0.00166493 0)
(-0.271877 0.0132421 0)
(-0.308473 0.0670249 0)
(-0.333327 0.0616788 0)
(-0.327537 0.0188261 0)
(-0.312486 -0.00735658 0)
(-0.270002 -0.0306246 0)
(-0.220069 -0.0409336 0)
(-0.157163 -0.0462734 0)
(-0.100297 -0.0396321 0)
(-0.04972 -0.031443 0)
(-0.0156027 -0.0140002 0)
(-0.00119171 -0.00413073 0)
(0.00493316 0.00623621 0)
(0.0076024 -0.00822675 0)
(-0.00519627 0.0283498 0)
(-0.0543302 0.05704 0)
(-0.121084 0.0770237 0)
(-0.202773 0.0837312 0)
(-0.287368 0.0834222 0)
(-0.378371 0.0805058 0)
(-0.452544 0.0747467 0)
(-0.525348 0.0701376 0)
(-0.561057 0.0660584 0)
(-0.55705 0.0445702 0)
(-0.538799 -0.00672997 0)
(-0.501584 -0.0509652 0)
(-0.435994 -0.0918195 0)
(-0.357755 -0.11352 0)
(-0.263138 -0.123083 0)
(-0.175377 -0.108411 0)
(-0.0950913 -0.0868225 0)
(-0.0385842 -0.046682 0)
(-0.00821979 -0.0194825 0)
(0.00636242 0.00712087 0)
(0.00636182 -0.0111944 0)
(-0.0163142 0.0705353 0)
(-0.0973896 0.124333 0)
(-0.19318 0.161624 0)
(-0.306146 0.177532 0)
(-0.419973 0.175134 0)
(-0.532205 0.166769 0)
(-0.629477 0.149567 0)
(-0.709502 0.124254 0)
(-0.756693 0.0959923 0)
(-0.766122 0.0391459 0)
(-0.742279 -0.0377905 0)
(-0.692077 -0.110337 0)
(-0.605652 -0.175661 0)
(-0.501858 -0.213641 0)
(-0.376028 -0.230216 0)
(-0.257196 -0.207122 0)
(-0.145165 -0.169938 0)
(-0.0643866 -0.0999835 0)
(-0.0158755 -0.050474 0)
(0.00799873 0.0047663 0)
(6.93421e-165 0.00159045 0)
(-0.0247665 0.131641 0)
(-0.141641 0.233104 0)
(-0.261477 0.284297 0)
(-0.404076 0.309385 0)
(-0.542818 0.307587 0)
(-0.680956 0.288646 0)
(-0.798105 0.250904 0)
(-0.895341 0.19659 0)
(-0.952856 0.123402 0)
(-0.97016 0.0305674 0)
(-0.94754 -0.0805119 0)
(-0.889507 -0.186824 0)
(-0.786985 -0.282408 0)
(-0.659845 -0.342057 0)
(-0.501231 -0.368674 0)
(-0.348901 -0.337774 0)
(-0.198269 -0.280789 0)
(-0.0905374 -0.174238 0)
(-0.0184026 -0.0927649 0)
(0.0146103 3.15853e-05 0)
(-5.62028e-266 0.00581719 0)
(-0.0901449 0.216996 0)
(-0.197978 0.35899 0)
(-0.341909 0.425927 0)
(-0.498057 0.458716 0)
(-0.658107 0.453098 0)
(-0.812725 0.422689 0)
(-0.949223 0.36421 0)
(-1.06179 0.279912 0)
(-1.13672 0.170013 0)
(-1.17137 0.0341341 0)
(-1.15712 -0.119494 0)
(-1.10003 -0.270652 0)
(-0.986407 -0.406999 0)
(-0.839025 -0.498962 0)
(-0.646483 -0.543714 0)
(-0.456637 -0.509035 0)
(-0.260812 -0.431519 0)
(-0.120617 -0.277835 0)
(-0.0207822 -0.158885 0)
(0.016136 0.0023288 0)
(-0.0232688 0.0949827 0)
(-0.125696 0.325991 0)
(-0.249848 0.485227 0)
(-0.40817 0.582487 0)
(-0.583465 0.624711 0)
(-0.762087 0.620726 0)
(-0.937109 0.578888 0)
(-1.09371 0.49899 0)
(-1.22734 0.383818 0)
(-1.32289 0.232722 0)
(-1.37766 0.0514637 0)
(-1.37835 -0.152184 0)
(-1.32905 -0.356541 0)
(-1.21088 -0.544398 0)
(-1.04788 -0.680527 0)
(-0.820511 -0.753026 0)
(-0.590613 -0.721163 0)
(-0.336302 -0.619343 0)
(-0.160923 -0.410972 0)
(-0.00766169 -0.231403 0)
(5.97414e-266 -0.00403401 0)
(-0.0171774 0.157261 0)
(-0.120364 0.444745 0)
(-0.272921 0.641993 0)
(-0.451839 0.760313 0)
(-0.647059 0.812824 0)
(-0.84482 0.807006 0)
(-1.03833 0.754591 0)
(-1.21599 0.654291 0)
(-1.37179 0.509512 0)
(-1.49252 0.319753 0)
(-1.57342 0.0900327 0)
(-1.59702 -0.169208 0)
(-1.5651 -0.437608 0)
(-1.45201 -0.690459 0)
(-1.28122 -0.888657 0)
(-1.02363 -1.00525 0)
(-0.751388 -0.991618 0)
(-0.433513 -0.867687 0)
(-0.208798 -0.601817 0)
(-0.00370608 -0.329437 0)
(2.61015e-24 -1.06597e-24 0)
(-0.0152541 0.228828 0)
(-0.123855 0.579831 0)
(-0.293016 0.815022 0)
(-0.486661 0.9547 0)
(-0.69804 1.0163 0)
(-0.910921 1.01032 0)
(-1.12095 0.949075 0)
(-1.3175 0.831233 0)
(-1.49534 0.66007 0)
(-1.64216 0.433678 0)
(-1.75189 0.156543 0)
(-1.80495 -0.161065 0)
(-1.7996 -0.500097 0)
(-1.70371 -0.829645 0)
(-1.5376 -1.10672 0)
(-1.2597 -1.2862 0)
(-0.949993 -1.30762 0)
(-0.563412 -1.16744 0)
(-0.27974 -0.832924 0)
(-0.0050055 -0.448277 0)
(1.06169e-76 -6.52537e-25 0)
(-0.0132216 0.296926 0)
(-0.121088 0.724223 0)
(-0.299261 1.00549 0)
(-0.501132 1.16588 0)
(-0.721891 1.23745 0)
(-0.943946 1.22982 0)
(-1.1639 1.16137 0)
(-1.37407 1.02821 0)
(-1.56909 0.834334 0)
(-1.7397 0.575569 0)
(-1.87833 0.253152 0)
(-1.96527 -0.122698 0)
(-1.9952 -0.538146 0)
(-1.93033 -0.955142 0)
(-1.7852 -1.3318 0)
(-1.50423 -1.59898 0)
(-1.16794 -1.6864 0)
(-0.715139 -1.54852 0)
(-0.363962 -1.15451 0)
(-0.0072035 -0.624777 0)
(2.95099e-164 -2.65421e-77 0)
(-0.0131736 0.35964 0)
(-0.121521 0.864091 0)
(-0.304304 1.1927 0)
(-0.508482 1.375 0)
(-0.730455 1.45734 0)
(-0.952757 1.45023 0)
(-1.1724 1.37804 0)
(-1.386 1.2349 0)
(-1.5878 1.02526 0)
(-1.77394 0.74206 0)
(-1.93524 0.38273 0)
(-2.05585 -0.0445943 0)
(-2.1261 -0.532973 0)
(-2.10655 -1.04059 0)
(-2.00267 -1.52937 0)
(-1.74524 -1.90737 0)
(-1.40684 -2.09172 0)
(-0.906677 -1.97993 0)
(-0.488846 -1.52901 0)
(-0.0811752 -0.825711 0)
(1.78901e-265 0.0133263 0)
(-0.013619 0.432504 0)
(-0.117662 1.01753 0)
(-0.297215 1.39391 0)
(-0.494195 1.5927 0)
(-0.705906 1.68285 0)
(-0.916177 1.67169 0)
(-1.12154 1.59523 0)
(-1.32417 1.44316 0)
(-1.51756 1.22246 0)
(-1.70509 0.922308 0)
(-1.87681 0.535187 0)
(-2.02375 0.0671941 0)
(-2.13362 -0.486791 0)
(-2.16899 -1.08078 0)
(-2.12591 -1.69185 0)
(-1.92251 -2.20141 0)
(-1.61195 -2.52369 0)
(-1.08433 -2.48108 0)
(-0.58695 -1.9741 0)
(-0.0760997 -1.1336 0)
(0.0533053 -0.0769126 0)
(-0.0167933 0.48653 0)
(-0.120347 1.14473 0)
(-0.297982 1.56632 0)
(-0.483129 1.78038 0)
(-0.673318 1.87751 0)
(-0.85785 1.8633 0)
(-1.03029 1.78511 0)
(-1.20294 1.62942 0)
(-1.36595 1.40597 0)
(-1.53463 1.10085 0)
(-1.69607 0.7022 0)
(-1.85508 0.212739 0)
(-1.9944 -0.384979 0)
(-2.08929 -1.04743 0)
(-2.1223 -1.77032 0)
(-2.00706 -2.42303 0)
(-1.77251 -2.92314 0)
(-1.24354 -3.01391 0)
(-0.715674 -2.53082 0)
(0.0431369 -1.47323 0)
(2.46251e-231 -0.0133263 0)
(-0.0212286 0.572621 0)
(-0.121405 1.30177 0)
(-0.289825 1.7606 0)
(-0.45272 1.96917 0)
(-0.607476 2.06079 0)
(-0.750492 2.0291 0)
(-0.8718 1.94239 0)
(-0.994461 1.77902 0)
(-1.10495 1.55504 0)
(-1.23098 1.25257 0)
(-1.35759 0.8557 0)
(-1.50488 0.365667 0)
(-1.65471 -0.252517 0)
(-1.7997 -0.953195 0)
(-1.91682 -1.77293 0)
(-1.92582 -2.5553 0)
(-1.82651 -3.28552 0)
(-1.403 -3.55614 0)
(-0.892613 -3.25419 0)
(-0.00299562 -1.88717 0)
(5.82102e-202 4.58403e-184 0)
(-0.0371068 0.622274 0)
(-0.151549 1.40728 0)
(-0.320928 1.89395 0)
(-0.460194 2.09265 0)
(-0.562311 2.17388 0)
(-0.645923 2.12438 0)
(-0.68974 2.02903 0)
(-0.7386 1.86155 0)
(-0.768268 1.64321 0)
(-0.825972 1.35445 0)
(-0.887672 0.977651 0)
(-0.998094 0.512593 0)
(-1.12772 -0.0867394 0)
(-1.30939 -0.781109 0)
(-1.49436 -1.63598 0)
(-1.662 -2.50985 0)
(-1.73328 -3.42927 0)
(-1.5275 -3.9563 0)
(-1.108 -3.90717 0)
(-0.0114437 -2.39624 0)
(1.83361e-183 -1.36457e-184 0)
(-0.0557209 0.769486 0)
(-0.185379 1.58992 0)
(-0.345267 2.07884 0)
(-0.447416 2.21203 0)
(-0.480498 2.25384 0)
(-0.487154 2.15739 0)
(-0.436057 2.03951 0)
(-0.391937 1.85852 0)
(-0.321192 1.64443 0)
(-0.287168 1.37355 0)
(-0.258723 1.02798 0)
(-0.299384 0.608281 0)
(-0.375305 0.0572776 0)
(-0.549574 -0.582995 0)
(-0.774914 -1.42332 0)
(-1.07712 -2.31271 0)
(-1.37263 -3.4246 0)
(-1.49457 -4.18803 0)
(-1.39633 -4.78703 0)
(-0.46589 -3.04242 0)
(4.4004e-254 -4.58403e-184 0)
(-0.121558 0.849665 0)
(-0.319042 1.68377 0)
(-0.470676 2.15106 0)
(-0.523969 2.21829 0)
(-0.438921 2.21303 0)
(-0.334499 2.0751 0)
(-0.145014 1.93491 0)
(0.0215473 1.74582 0)
(0.222891 1.54018 0)
(0.369917 1.29459 0)
(0.512762 0.992279 0)
(0.559032 0.635311 0)
(0.568232 0.167273 0)
(0.416523 -0.372042 0)
(0.206328 -1.10042 0)
(-0.253131 -1.90109 0)
(-0.707109 -2.98569 0)
(-1.45165 -3.93141 0)
(-1.6445 -4.84501 0)
(-2.07323 -3.86886 0)
(-2.59157e-264 -0.215978 0)
(-0.178034 1.23181 0)
(-0.416665 1.94344 0)
(-0.503098 2.30623 0)
(-0.456071 2.18049 0)
(-0.217247 2.07819 0)
(0.0309643 1.86301 0)
(0.375252 1.69004 0)
(0.679955 1.49071 0)
(1.01783 1.29826 0)
(1.28605 1.0856 0)
(1.54663 0.838493 0)
(1.69481 0.557932 0)
(1.80153 0.196506 0)
(1.72501 -0.21158 0)
(1.57337 -0.764609 0)
(1.12711 -1.38304 0)
(0.589498 -2.25774 0)
(-0.343607 -3.20673 0)
(-1.07901 -4.25598 0)
(-1.84131 -4.53648 0)
(-0.86391 -2.31681 0)
(-0.400565 1.41019 0)
(-0.725948 1.98018 0)
(-0.519434 2.18471 0)
(-0.238535 1.91542 0)
(0.318439 1.72689 0)
(0.783257 1.4745 0)
(1.33944 1.28785 0)
(1.7974 1.10116 0)
(2.27302 0.936092 0)
(2.64636 0.768829 0)
(3.00306 0.586042 0)
(3.22394 0.389205 0)
(3.40592 0.140565 0)
(3.37615 -0.128281 0)
(3.2944 -0.499056 0)
(2.8641 -0.895452 0)
(2.38896 -1.51608 0)
(1.36472 -2.2336 0)
(0.458899 -3.35296 0)
(-0.706534 -4.00588 0)
(-0.701279 -2.96408 0)
(-0.257373 2.42028 0)
(-0.104603 2.05696 0)
(0.682387 1.86918 0)
(1.32968 1.33437 0)
(2.14676 1.07638 0)
(2.77548 0.834789 0)
(3.43166 0.681836 0)
(3.94695 0.552769 0)
(4.44914 0.449779 0)
(4.83249 0.35531 0)
(5.18743 0.259469 0)
(5.4064 0.160529 0)
(5.58758 0.0410621 0)
(5.57243 -0.0872136 0)
(5.51912 -0.262611 0)
(5.15197 -0.456161 0)
(4.76164 -0.790009 0)
(3.82978 -1.24452 0)
(2.86634 -2.25337 0)
(1.09231 -3.33025 0)
(-0.0462904 -3.79887 0)
(1.66711 1.66943 0)
(2.70231 0.974466 0)
(4.54215 0.748253 0)
(5.38089 0.423795 0)
(6.2488 0.286485 0)
(6.75994 0.178184 0)
(7.24086 0.121421 0)
(7.56566 0.0810432 0)
(7.86484 0.054551 0)
(8.06822 0.0339148 0)
(8.25075 0.0155014 0)
(8.34021 -0.00180211 0)
(8.41255 -0.0229214 0)
(8.35455 -0.0437038 0)
(8.29315 -0.0789731 0)
(8.00582 -0.111853 0)
(7.74992 -0.2009 0)
(6.99586 -0.293334 0)
(6.26239 -0.62513 0)
(4.04584 -0.997309 0)
(2.00521 -1.8179 0)
)
;

boundaryField
{
    movingWall
    {
        type            fixedValue;
        value           uniform (10 0 0);
    }
    fixedWalls
    {
        type            noSlip;
    }
    frontAndBack
    {
        type            empty;
    }
}


// ************************************************************************* //
