/*--------------------------------*- C++ -*----------------------------------*\
| =========                 |                                                 |
| \\      /  F ield         | OpenFOAM: The Open Source CFD Toolbox           |
|  \\    /   O peration     | Version:  4.1                                   |
|   \\  /    A nd           | Web:      www.OpenFOAM.org                      |
|    \\/     M anipulation  |                                                 |
\*---------------------------------------------------------------------------*/
FoamFile
{
    version     2.0;
    format      ascii;
    class       volVectorField;
    location    "0.0878";
    object      U;
}
// * * * * * * * * * * * * * * * * * * * * * * * * * * * * * * * * * * * * * //

dimensions      [0 1 -1 0 0 0 0];

internalField   nonuniform List<vector> 
441
(
(0.0037399 -0.00483288 0)
(0.00978141 -0.00253975 0)
(-0.000634937 -2.21016e-165 0)
(0.00196881 -3.33874e-266 0)
(-0.00837165 -0.0078756 0)
(-0.00196881 -3.06403e-232 0)
(-1.14335e-202 -5.62599e-203 0)
(-1.40642e-203 -7.3839e-228 0)
(-1.72671e-212 -3.22291e-213 0)
(-0.00616588 9.14516e-266 0)
(-0.0755882 0.0246646 0)
(-0.0949377 0.0128928 0)
(-0.10689 0.00589361 0)
(-0.0939681 0.000383838 0)
(-0.0772226 -0.00167208 0)
(-0.0513147 -0.00303847 0)
(-0.0290225 -0.00216846 0)
(-0.00920491 -0.00159919 0)
(0.00278002 0.000752545 0)
(0.00451352 0.00152063 0)
(0.00457304 0.00300478 0)
(0.00385405 -0.0085034 0)
(-0.000895512 0.00684166 0)
(-0.0274825 0.00851861 0)
(-0.0595268 0.0107419 0)
(-0.107395 0.0109266 0)
(-0.152712 -0.00323289 0)
(-0.195438 -0.000149023 0)
(-0.236587 0.00167466 0)
(-0.273125 0.0132992 0)
(-0.309902 0.0673025 0)
(-0.334842 0.0619065 0)
(-0.328966 0.0188376 0)
(-0.313744 -0.00747722 0)
(-0.270965 -0.0308433 0)
(-0.220708 -0.0411753 0)
(-0.157471 -0.0464901 0)
(-0.100349 -0.0397695 0)
(-0.0496114 -0.0314875 0)
(-0.0154501 -0.0139481 0)
(-0.00109559 -0.00403676 0)
(0.00495499 0.00630829 0)
(0.00763953 -0.00829692 0)
(-0.00518954 0.0284093 0)
(-0.0544987 0.0572364 0)
(-0.121546 0.0773374 0)
(-0.203638 0.0841244 0)
(-0.288659 0.0838628 0)
(-0.380143 0.0809491 0)
(-0.45474 0.0751634 0)
(-0.527928 0.070502 0)
(-0.563817 0.0663427 0)
(-0.559747 0.0446691 0)
(-0.541317 -0.00693709 0)
(-0.503788 -0.051416 0)
(-0.437757 -0.0924446 0)
(-0.359028 -0.114188 0)
(-0.263913 -0.123685 0)
(-0.175741 -0.108832 0)
(-0.0951632 -0.0870225 0)
(-0.0385171 -0.0466531 0)
(-0.00814936 -0.0193344 0)
(0.00638554 0.00725071 0)
(0.00638094 -0.0112902 0)
(-0.016405 0.0707608 0)
(-0.0978366 0.124829 0)
(-0.194095 0.162346 0)
(-0.307637 0.178406 0)
(-0.422069 0.176069 0)
(-0.534908 0.167688 0)
(-0.632712 0.150389 0)
(-0.713145 0.124887 0)
(-0.76054 0.0963776 0)
(-0.769931 0.0391296 0)
(-0.745852 -0.0382745 0)
(-0.69525 -0.111215 0)
(-0.608271 -0.176814 0)
(-0.503858 -0.214872 0)
(-0.377383 -0.231346 0)
(-0.25799 -0.207963 0)
(-0.145521 -0.170416 0)
(-0.0644806 -0.100072 0)
(-0.0158724 -0.0503369 0)
(0.00801553 0.00493236 0)
(6.96025e-165 0.00159524 0)
(-0.0249197 0.132166 0)
(-0.14236 0.234121 0)
(-0.26282 0.285649 0)
(-0.406166 0.310953 0)
(-0.54565 0.30923 0)
(-0.684517 0.29022 0)
(-0.802276 0.252255 0)
(-0.899968 0.197561 0)
(-0.957696 0.123854 0)
(-0.974958 0.030392 0)
(-0.95208 -0.0813528 0)
(-0.893594 -0.188229 0)
(-0.790445 -0.284207 0)
(-0.662588 -0.34399 0)
(-0.503201 -0.370485 0)
(-0.350166 -0.339193 0)
(-0.198936 -0.281692 0)
(-0.0908088 -0.174565 0)
(-0.0184655 -0.0927293 0)
(0.0146276 0.000180665 0)
(-5.64108e-266 0.00584266 0)
(-0.0905791 0.217958 0)
(-0.199003 0.360664 0)
(-0.343692 0.428025 0)
(-0.500667 0.461075 0)
(-0.661549 0.455506 0)
(-0.816946 0.424947 0)
(-0.954095 0.366099 0)
(-1.06713 0.281218 0)
(-1.14229 0.170568 0)
(-1.17693 0.0338176 0)
(-1.16244 -0.120692 0)
(-1.10488 -0.27261 0)
(-0.990613 -0.409501 0)
(-0.842462 -0.501687 0)
(-0.64905 -0.546329 0)
(-0.458377 -0.51118 0)
(-0.261797 -0.432996 0)
(-0.121075 -0.278525 0)
(-0.020929 -0.15904 0)
(0.0161365 0.00245409 0)
(-0.0233706 0.0954303 0)
(-0.126308 0.327528 0)
(-0.251114 0.487592 0)
(-0.410244 0.585415 0)
(-0.586417 0.627932 0)
(-0.765904 0.623974 0)
(-0.941728 0.581886 0)
(-1.09898 0.501455 0)
(-1.23309 0.385489 0)
(-1.32888 0.233395 0)
(-1.38366 0.0510261 0)
(-1.38415 -0.153729 0)
(-1.33442 -0.359051 0)
(-1.21563 -0.547622 0)
(-1.05186 -0.6841 0)
(-0.823582 -0.756541 0)
(-0.592772 -0.724165 0)
(-0.337556 -0.621537 0)
(-0.161518 -0.412133 0)
(-0.00778706 -0.231828 0)
(5.97948e-266 -0.00403413 0)
(-0.0172555 0.158006 0)
(-0.120945 0.446872 0)
(-0.274231 0.645127 0)
(-0.453984 0.764096 0)
(-0.650083 0.81692 0)
(-0.848693 0.81108 0)
(-1.04297 0.758305 0)
(-1.22125 0.65731 0)
(-1.3775 0.511539 0)
(-1.49847 0.320566 0)
(-1.57941 0.089515 0)
(-1.60284 -0.171042 0)
(-1.57059 -0.440607 0)
(-1.45696 -0.694356 0)
(-1.28548 -0.893062 0)
(-1.02702 -1.00971 0)
(-0.753854 -0.995583 0)
(-0.434965 -0.870741 0)
(-0.209492 -0.603632 0)
(-0.00373273 -0.330198 0)
(2.61689e-24 -1.0625e-24 0)
(-0.0153206 0.22992 0)
(-0.12439 0.582593 0)
(-0.294245 0.818942 0)
(-0.488666 0.959333 0)
(-0.700851 1.02124 0)
(-0.914491 1.01517 0)
(-1.12519 0.953456 0)
(-1.32228 0.834764 0)
(-1.50049 0.662427 0)
(-1.64752 0.434632 0)
(-1.7573 0.155984 0)
(-1.81025 -0.163113 0)
(-1.80466 -0.503484 0)
(-1.70838 -0.834097 0)
(-1.54175 -1.11185 0)
(-1.26313 -1.29152 0)
(-0.952601 -1.31255 0)
(-0.565016 -1.17142 0)
(-0.280538 -0.835497 0)
(-0.00502004 -0.449419 0)
(1.06408e-76 -6.54224e-25 0)
(-0.0132669 0.29827 0)
(-0.1215 0.727513 0)
(-0.300245 1.01009 0)
(-0.502753 1.17124 0)
(-0.724165 1.24311 0)
(-0.946818 1.23532 0)
(-1.16728 1.16628 0)
(-1.37784 1.03214 0)
(-1.57311 0.836944 0)
(-1.74386 0.576636 0)
(-1.88251 0.252578 0)
(-1.96939 -0.124873 0)
(-1.9992 -0.541771 0)
(-1.93413 -0.959954 0)
(-1.78872 -1.33744 0)
(-1.50728 -1.60498 0)
(-1.17041 -1.69219 0)
(-0.716752 -1.55341 0)
(-0.364824 -1.15791 0)
(-0.00723495 -0.626366 0)
(2.95711e-164 -2.66021e-77 0)
(-0.0131983 0.361181 0)
(-0.121768 0.867789 0)
(-0.304919 1.19782 0)
(-0.509513 1.38092 0)
(-0.731907 1.46353 0)
(-0.954576 1.45619 0)
(-1.1745 1.38332 0)
(-1.38828 1.23907 0)
(-1.59018 1.02801 0)
(-1.77633 0.743172 0)
(-1.9376 0.382141 0)
(-2.05817 -0.0468205 0)
(-2.12841 -0.536678 0)
(-2.10886 -1.04553 0)
(-2.00498 -1.53524 0)
(-1.74744 -1.91374 0)
(-1.40883 -2.09808 0)
(-0.908133 -1.98554 0)
(-0.489719 -1.53315 0)
(-0.0813792 -0.827747 0)
(1.79069e-265 0.0133419 0)
(-0.0136185 0.434118 0)
(-0.117696 1.02141 0)
(-0.297348 1.3993 0)
(-0.494458 1.5989 0)
(-0.706296 1.68929 0)
(-0.916652 1.67785 0)
(-1.12203 1.60062 0)
(-1.32461 1.44737 0)
(-1.5179 1.22517 0)
(-1.7053 0.923364 0)
(-1.87692 0.534553 0)
(-2.02382 0.0649744 0)
(-2.13376 -0.490422 0)
(-2.16931 -1.08558 0)
(-2.12652 -1.69759 0)
(-1.9234 -2.20775 0)
(-1.61304 -2.53021 0)
(-1.08531 -2.4871 0)
(-0.58762 -1.97874 0)
(-0.0761839 -1.13608 0)
(0.0533676 -0.0771192 0)
(-0.0167669 0.488102 0)
(-0.120148 1.14856 0)
(-0.297576 1.57167 0)
(-0.482528 1.78655 0)
(-0.672516 1.88391 0)
(-0.856824 1.86937 0)
(-1.02901 1.79036 0)
(-1.20137 1.63344 0)
(-1.36409 1.40849 0)
(-1.53252 1.10174 0)
(-1.69379 0.701476 0)
(-1.85275 0.210553 0)
(-1.9922 -0.388423 0)
(-2.0874 -1.05188 0)
(-2.12093 -1.7756 0)
(-2.0063 -2.42891 0)
(-1.7724 -2.92939 0)
(-1.24378 -3.01995 0)
(-0.71604 -2.53585 0)
(0.043279 -1.47601 0)
(2.4656e-231 -0.0133419 0)
(-0.0211767 0.574012 0)
(-0.120972 1.30527 0)
(-0.288875 1.76558 0)
(-0.451246 1.97497 0)
(-0.605469 2.06681 0)
(-0.747965 2.03478 0)
(-0.868761 1.94724 0)
(-0.990947 1.78266 0)
(-1.10102 1.55722 0)
(-1.22672 1.25321 0)
(-1.35314 0.854858 0)
(-1.5004 0.363539 0)
(-1.6504 -0.255693 0)
(-1.7958 -0.957153 0)
(-1.91357 -1.77752 0)
(-1.92342 -2.56036 0)
(-1.82508 -3.29101 0)
(-1.40243 -3.56168 0)
(-0.892631 -3.25919 0)
(-0.00297894 -1.89006 0)
(5.82377e-202 4.58513e-184 0)
(-0.0370346 0.623368 0)
(-0.150921 1.41022 0)
(-0.319512 1.89827 0)
(-0.457959 2.09777 0)
(-0.559249 2.17923 0)
(-0.642088 2.12942 0)
(-0.685197 2.0333 0)
(-0.733458 1.86469 0)
(-0.762655 1.645 0)
(-0.820047 1.35483 0)
(-0.881603 0.976714 0)
(-0.992065 0.510561 0)
(-1.12193 -0.0895992 0)
(-1.30404 -0.784506 0)
(-1.48968 -1.63975 0)
(-1.65826 -2.5139 0)
(-1.73066 -3.43366 0)
(-1.52607 -3.96088 0)
(-1.10756 -3.91163 0)
(-0.0114553 -2.39906 0)
(1.83405e-183 -1.39762e-184 0)
(-0.0556375 0.770186 0)
(-0.18463 1.59208 0)
(-0.343545 2.08222 0)
(-0.444661 2.2162 0)
(-0.476702 2.25827 0)
(-0.482409 2.16159 0)
(-0.430483 2.04306 0)
(-0.385716 1.8611 0)
(-0.31452 1.64584 0)
(-0.280264 1.37374 0)
(-0.251788 1.02704 0)
(-0.29261 0.606433 0)
(-0.368854 0.054786 0)
(-0.54361 -0.585822 0)
(-0.769594 -1.4263 0)
(-1.07266 -2.31572 0)
(-1.36925 -3.42777 0)
(-1.49249 -4.19137 0)
(-1.39545 -4.79055 0)
(-0.466008 -3.04489 0)
(4.40084e-254 -4.58513e-184 0)
(-0.121481 0.849939 0)
(-0.318307 1.68507 0)
(-0.468922 2.15338 0)
(-0.521106 2.22134 0)
(-0.434921 2.2164 0)
(-0.329474 2.07836 0)
(-0.139115 1.93771 0)
(0.02809 1.74787 0)
(0.229839 1.54129 0)
(0.377009 1.29472 0)
(0.51977 0.991481 0)
(0.565752 0.633769 0)
(0.574526 0.165226 0)
(0.42227 -0.374307 0)
(0.211467 -1.10269 0)
(-0.248749 -1.9032 0)
(-0.703577 -2.98771 0)
(-1.44932 -3.93349 0)
(-1.64329 -4.84723 0)
(-2.07345 -3.87079 0)
(-2.59261e-264 -0.216032 0)
(-0.177994 1.23172 0)
(-0.416131 1.94393 0)
(-0.501699 2.30749 0)
(-0.453666 2.1824 0)
(-0.213765 2.08046 0)
(0.0354386 1.86531 0)
(0.380584 1.69207 0)
(0.685918 1.49224 0)
(1.02419 1.29913 0)
(1.29251 1.08574 0)
(1.55296 0.837935 0)
(1.7008 0.556803 0)
(1.80702 0.194989 0)
(1.72992 -0.213254 0)
(1.57766 -0.766232 0)
(1.13076 -1.38445 0)
(0.592511 -2.2589 0)
(-0.341403 -3.20776 0)
(-1.07769 -4.257 0)
(-1.84107 -4.53762 0)
(-0.864129 -2.31714 0)
(-0.400584 1.4099 0)
(-0.725791 1.98012 0)
(-0.518762 2.18516 0)
(-0.237146 1.91638 0)
(0.320696 1.72819 0)
(0.786381 1.47591 0)
(1.34337 1.28915 0)
(1.80196 1.10219 0)
(2.278 0.936709 0)
(2.6515 0.768978 0)
(3.00812 0.585728 0)
(3.22869 0.388505 0)
(3.4102 0.139601 0)
(3.37984 -0.129351 0)
(3.29749 -0.500079 0)
(2.8666 -0.896299 0)
(2.39096 -1.51669 0)
(1.36622 -2.23402 0)
(0.45993 -3.35327 0)
(-0.706103 -4.00624 0)
(-0.701349 -2.96414 0)
(-0.257436 2.42005 0)
(-0.104787 2.05675 0)
(0.682314 1.8692 0)
(1.32996 1.33467 0)
(2.1476 1.07689 0)
(2.77697 0.835405 0)
(3.43382 0.682431 0)
(3.94968 0.553245 0)
(4.45228 0.450066 0)
(4.83582 0.355374 0)
(5.19074 0.259312 0)
(5.40948 0.160191 0)
(5.59027 0.0406089 0)
(5.57462 -0.0877025 0)
(5.52081 -0.263053 0)
(5.15318 -0.456497 0)
(4.76248 -0.790194 0)
(3.83034 -1.24459 0)
(2.86672 -2.25335 0)
(1.09249 -3.33028 0)
(-0.0463315 -3.79883 0)
(1.66706 1.66938 0)
(2.70209 0.97441 0)
(4.54184 0.748228 0)
(5.38066 0.423817 0)
(6.24881 0.286544 0)
(6.76027 0.17826 0)
(7.24154 0.121492 0)
(7.56664 0.0810929 0)
(7.86604 0.054568 0)
(8.06951 0.0338968 0)
(8.252 0.0154521 0)
(8.3413 -0.00187202 0)
(8.4134 -0.0229983 0)
(8.35511 -0.043772 0)
(8.29345 -0.07902 0)
(8.0059 -0.11187 0)
(7.74987 -0.200886 0)
(6.99576 -0.293297 0)
(6.26231 -0.625078 0)
(4.0458 -0.997264 0)
(2.00516 -1.81784 0)
)
;

boundaryField
{
    movingWall
    {
        type            fixedValue;
        value           uniform (10 0 0);
    }
    fixedWalls
    {
        type            noSlip;
    }
    frontAndBack
    {
        type            empty;
    }
}


// ************************************************************************* //
