/*--------------------------------*- C++ -*----------------------------------*\
| =========                 |                                                 |
| \\      /  F ield         | OpenFOAM: The Open Source CFD Toolbox           |
|  \\    /   O peration     | Version:  4.1                                   |
|   \\  /    A nd           | Web:      www.OpenFOAM.org                      |
|    \\/     M anipulation  |                                                 |
\*---------------------------------------------------------------------------*/
FoamFile
{
    version     2.0;
    format      ascii;
    class       volVectorField;
    location    "0.0423";
    object      U;
}
// * * * * * * * * * * * * * * * * * * * * * * * * * * * * * * * * * * * * * //

dimensions      [0 1 -1 0 0 0 0];

internalField   nonuniform List<vector> 
441
(
(0.00331825 -0.00456466 0)
(0.00839235 -0.00260559 0)
(-0.000651426 -2.1905e-165 0)
(0.00166879 -2.69596e-266 0)
(-0.00898889 -0.00667574 0)
(-0.00166879 -2.66777e-232 0)
(-1.082e-202 -4.38844e-203 0)
(-1.09694e-203 -5.56442e-228 0)
(-1.4485e-212 -2.34286e-213 0)
(-0.0051191 7.72596e-266 0)
(-0.061384 0.0204787 0)
(-0.0777845 0.0109644 0)
(-0.0888123 0.00526797 0)
(-0.0801714 0.000820473 0)
(-0.068795 -0.000885258 0)
(-0.0493489 -0.0021983 0)
(-0.0319557 -0.00175013 0)
(-0.0148864 -0.00164937 0)
(-0.00294001 0.000108817 0)
(0.00133517 0.000722837 0)
(0.00375885 0.00236626 0)
(0.00314204 -0.0069448 0)
(-0.00250504 0.0065514 0)
(-0.0272447 0.0076741 0)
(-0.0556588 0.0106574 0)
(-0.0967207 0.00926062 0)
(-0.13345 -0.00434869 0)
(-0.166797 -0.000459201 0)
(-0.197626 0.0012302 0)
(-0.224208 0.0106712 0)
(-0.251079 0.0544053 0)
(-0.269545 0.0504308 0)
(-0.264708 0.0167599 0)
(-0.25476 -0.00330589 0)
(-0.22388 -0.0214895 0)
(-0.187891 -0.0299808 0)
(-0.140332 -0.0357553 0)
(-0.0959994 -0.0324842 0)
(-0.0536619 -0.0285284 0)
(-0.0223 -0.0158722 0)
(-0.00552079 -0.00816366 0)
(0.00383754 0.00293848 0)
(0.00641159 -0.00575757 0)
(-0.00590062 0.0273953 0)
(-0.0503396 0.0517804 0)
(-0.107932 0.0673371 0)
(-0.175866 0.070094 0)
(-0.244805 0.0664786 0)
(-0.31639 0.0618888 0)
(-0.371423 0.0554945 0)
(-0.424914 0.0513761 0)
(-0.448535 0.049256 0)
(-0.442363 0.0349494 0)
(-0.427325 -0.00277022 0)
(-0.400229 -0.0349312 0)
(-0.352187 -0.0659005 0)
(-0.295319 -0.0835416 0)
(-0.224051 -0.0943542 0)
(-0.156422 -0.0873184 0)
(-0.0909053 -0.0758134 0)
(-0.0416983 -0.0469803 0)
(-0.0116045 -0.0258065 0)
(0.0051254 0.00115211 0)
(0.00589085 -0.00766724 0)
(-0.013399 0.0648883 0)
(-0.0835417 0.109787 0)
(-0.163773 0.138264 0)
(-0.256092 0.146458 0)
(-0.346545 0.138625 0)
(-0.433048 0.127514 0)
(-0.505162 0.110474 0)
(-0.562873 0.0896929 0)
(-0.594824 0.0694652 0)
(-0.598895 0.0289785 0)
(-0.579111 -0.0263935 0)
(-0.541994 -0.078549 0)
(-0.478154 -0.127439 0)
(-0.402316 -0.157903 0)
(-0.307733 -0.176006 0)
(-0.217102 -0.165075 0)
(-0.127618 -0.144793 0)
(-0.0602582 -0.0943706 0)
(-0.0163149 -0.0563158 0)
(0.00699518 -0.00318234 0)
(6.15624e-165 0.00147271 0)
(-0.0194979 0.116416 0)
(-0.117682 0.201424 0)
(-0.215438 0.238638 0)
(-0.329857 0.25194 0)
(-0.438282 0.241869 0)
(-0.543682 0.219468 0)
(-0.629946 0.184449 0)
(-0.700015 0.140514 0)
(-0.739089 0.085905 0)
(-0.7488 0.0196533 0)
(-0.729774 -0.0594397 0)
(-0.686674 -0.135148 0)
(-0.610669 -0.205856 0)
(-0.517551 -0.252896 0)
(-0.398349 -0.280307 0)
(-0.283163 -0.265996 0)
(-0.164518 -0.233637 0)
(-0.0776389 -0.156657 0)
(-0.0157273 -0.0938392 0)
(0.0134748 -0.00732873 0)
(-5.04071e-266 0.00502201 0)
(-0.0758083 0.186862 0)
(-0.162047 0.304012 0)
(-0.277479 0.352139 0)
(-0.40015 0.369257 0)
(-0.523774 0.353478 0)
(-0.640551 0.31976 0)
(-0.741185 0.267057 0)
(-0.822579 0.199577 0)
(-0.875089 0.117533 0)
(-0.898387 0.0199125 0)
(-0.885936 -0.0894558 0)
(-0.843688 -0.197406 0)
(-0.759061 -0.297992 0)
(-0.650474 -0.369727 0)
(-0.505111 -0.412574 0)
(-0.361566 -0.397859 0)
(-0.208289 -0.353193 0)
(-0.0972667 -0.241333 0)
(-0.0134083 -0.150491 0)
(0.0159727 -0.00434188 0)
(-0.020088 0.0803768 0)
(-0.104504 0.275168 0)
(-0.203252 0.403533 0)
(-0.328961 0.475132 0)
(-0.46624 0.497623 0)
(-0.60398 0.481054 0)
(-0.736698 0.436284 0)
(-0.853281 0.365735 0)
(-0.95166 0.274301 0)
(-1.02097 0.16152 0)
(-1.06073 0.0309873 0)
(-1.06048 -0.114399 0)
(-1.02451 -0.261057 0)
(-0.935814 -0.399824 0)
(-0.814333 -0.505373 0)
(-0.640348 -0.570735 0)
(-0.465159 -0.560577 0)
(-0.265097 -0.500029 0)
(-0.128311 -0.348486 0)
(-0.00102175 -0.208757 0)
(5.65191e-266 -0.00399318 0)
(-0.0145196 0.131914 0)
(-0.0985185 0.371114 0)
(-0.221472 0.529121 0)
(-0.364648 0.615951 0)
(-0.519026 0.64466 0)
(-0.67335 0.624343 0)
(-0.822337 0.569483 0)
(-0.957662 0.482003 0)
(-1.07583 0.367708 0)
(-1.1675 0.226114 0)
(-1.23009 0.0597942 0)
(-1.2495 -0.126674 0)
(-1.22774 -0.321615 0)
(-1.14197 -0.510147 0)
(-1.01188 -0.664466 0)
(-0.810297 -0.765366 0)
(-0.598022 -0.771417 0)
(-0.345167 -0.695732 0)
(-0.168001 -0.501002 0)
(-0.00224721 -0.287767 0)
(2.21344e-24 -1.32369e-24 0)
(-0.0127346 0.190261 0)
(-0.102129 0.480406 0)
(-0.241288 0.668318 0)
(-0.399277 0.771074 0)
(-0.570202 0.805289 0)
(-0.740389 0.78303 0)
(-0.90676 0.719937 0)
(-1.06182 0.618294 0)
(-1.20243 0.484024 0)
(-1.31988 0.315254 0)
(-1.40984 0.113555 0)
(-1.45596 -0.117223 0)
(-1.45655 -0.367266 0)
(-1.38275 -0.616781 0)
(-1.25176 -0.83491 0)
(-1.02611 -0.987198 0)
(-0.775484 -1.02213 0)
(-0.458767 -0.934489 0)
(-0.229437 -0.684424 0)
(-0.00411587 -0.383501 0)
(9.12123e-77 -5.53361e-25 0)
(-0.0112474 0.247501 0)
(-0.102572 0.601336 0)
(-0.253962 0.827168 0)
(-0.42401 0.945578 0)
(-0.608681 0.986411 0)
(-0.79287 0.961044 0)
(-0.974379 0.891335 0)
(-1.14823 0.777405 0)
(-1.31071 0.626023 0)
(-1.45543 0.432891 0)
(-1.57582 0.196123 0)
(-1.65465 -0.0811303 0)
(-1.686 -0.394361 0)
(-1.63527 -0.717412 0)
(-1.51453 -1.02039 0)
(-1.27448 -1.24694 0)
(-0.987781 -1.33722 0)
(-0.601491 -1.2509 0)
(-0.30592 -0.95047 0)
(-0.00556941 -0.53091 0)
(2.55299e-164 -2.28031e-77 0)
(-0.0118665 0.300945 0)
(-0.108629 0.721455 0)
(-0.271836 0.987692 0)
(-0.452264 1.12373 0)
(-0.647123 1.17269 0)
(-0.841172 1.14692 0)
(-1.03256 1.07439 0)
(-1.22009 0.953312 0)
(-1.39905 0.790894 0)
(-1.56737 0.579566 0)
(-1.7158 0.313262 0)
(-1.82963 -0.00750759 0)
(-1.89754 -0.384938 0)
(-1.88245 -0.78918 0)
(-1.78776 -1.19268 0)
(-1.55205 -1.51726 0)
(-1.24381 -1.69039 0)
(-0.794406 -1.62338 0)
(-0.425693 -1.26957 0)
(-0.0692683 -0.700867 0)
(1.62712e-265 0.0121145 0)
(-0.0133045 0.369029 0)
(-0.113245 0.863488 0)
(-0.28418 1.17242 0)
(-0.46959 1.32167 0)
(-0.667594 1.37661 0)
(-0.863792 1.34654 0)
(-1.0558 1.27096 0)
(-1.24727 1.14347 0)
(-1.43199 0.973409 0)
(-1.61381 0.748826 0)
(-1.78151 0.458203 0)
(-1.92557 0.0993792 0)
(-2.03096 -0.341434 0)
(-2.06108 -0.829618 0)
(-2.01017 -1.35027 0)
(-1.80434 -1.79724 0)
(-1.49702 -2.09412 0)
(-0.994895 -2.08211 0)
(-0.5321 -1.67028 0)
(-0.0694414 -0.974744 0)
(0.0484578 -0.0653521 0)
(-0.0176556 0.423203 0)
(-0.126289 0.98942 0)
(-0.30901 1.34119 0)
(-0.497918 1.50389 0)
(-0.691275 1.5651 0)
(-0.879376 1.53256 0)
(-1.05671 1.45686 0)
(-1.23606 1.32785 0)
(-1.40709 1.15699 0)
(-1.58419 0.928326 0)
(-1.75217 0.625377 0)
(-1.9138 0.241997 0)
(-2.04822 -0.24739 0)
(-2.12999 -0.809614 0)
(-2.13932 -1.44491 0)
(-1.99728 -2.03243 0)
(-1.73457 -2.49396 0)
(-1.19887 -2.59647 0)
(-0.677101 -2.18841 0)
(0.035784 -1.28767 0)
(2.24666e-231 -0.0121145 0)
(-0.0233828 0.515862 0)
(-0.138573 1.15792 0)
(-0.327014 1.54788 0)
(-0.510504 1.70502 0)
(-0.686842 1.76113 0)
(-0.852343 1.71221 0)
(-0.997506 1.62942 0)
(-1.14472 1.49367 0)
(-1.27914 1.32196 0)
(-1.42637 1.09349 0)
(-1.56874 0.787213 0)
(-1.72341 0.394876 0)
(-1.86875 -0.126047 0)
(-1.99525 -0.73956 0)
(-2.07753 -1.48306 0)
(-2.03919 -2.20676 0)
(-1.88404 -2.89261 0)
(-1.41507 -3.15728 0)
(-0.87697 -2.89999 0)
(-0.00381473 -1.68674 0)
(5.55859e-202 4.4588e-184 0)
(-0.040353 0.578011 0)
(-0.178585 1.28695 0)
(-0.381684 1.70914 0)
(-0.557312 1.85811 0)
(-0.698361 1.90518 0)
(-0.821824 1.83964 0)
(-0.906232 1.74876 0)
(-0.994308 1.60798 0)
(-1.05991 1.43879 0)
(-1.1472 1.2182 0)
(-1.22966 0.923194 0)
(-1.34908 0.543933 0)
(-1.4738 0.0269899 0)
(-1.63412 -0.597415 0)
(-1.77958 -1.39383 0)
(-1.88947 -2.22335 0)
(-1.88781 -3.10329 0)
(-1.60712 -3.61276 0)
(-1.12523 -3.57767 0)
(-0.0103328 -2.1935 0)
(1.78352e-183 7.24343e-185 0)
(-0.0595787 0.742599 0)
(-0.21853 1.50354 0)
(-0.421595 1.93586 0)
(-0.571698 2.02297 0)
(-0.656692 2.03261 0)
(-0.715893 1.92065 0)
(-0.716929 1.80596 0)
(-0.721092 1.6479 0)
(-0.692423 1.47634 0)
(-0.690679 1.26419 0)
(-0.682753 0.988536 0)
(-0.729943 0.640778 0)
(-0.798122 0.156723 0)
(-0.949065 -0.430881 0)
(-1.13545 -1.23132 0)
(-1.37989 -2.09543 0)
(-1.60065 -3.18068 0)
(-1.63193 -3.92748 0)
(-1.44979 -4.51544 0)
(-0.456087 -2.85821 0)
(4.33311e-254 -4.4588e-184 0)
(-0.125028 0.841863 0)
(-0.351219 1.63576 0)
(-0.547963 2.05687 0)
(-0.653038 2.08337 0)
(-0.625299 2.04843 0)
(-0.578718 1.89483 0)
(-0.446095 1.75477 0)
(-0.330859 1.58235 0)
(-0.17281 1.40971 0)
(-0.0569895 1.21065 0)
(0.0682626 0.964241 0)
(0.112493 0.664785 0)
(0.133634 0.249314 0)
(0.00813869 -0.251051 0)
(-0.165414 -0.955184 0)
(-0.572748 -1.74704 0)
(-0.964093 -2.82547 0)
(-1.61929 -3.76301 0)
(-1.72881 -4.66656 0)
(-2.05307 -3.71931 0)
(-2.5166e-264 -0.211841 0)
(-0.179639 1.23996 0)
(-0.438351 1.9307 0)
(-0.561638 2.25982 0)
(-0.560098 2.10058 0)
(-0.374244 1.97214 0)
(-0.180747 1.74122 0)
(0.108851 1.56478 0)
(0.363995 1.37483 0)
(0.660124 1.20455 0)
(0.898776 1.02478 0)
(1.1438 0.818215 0)
(1.29234 0.580022 0)
(1.41377 0.257366 0)
(1.36506 -0.122543 0)
(1.24931 -0.661046 0)
(0.847038 -1.27995 0)
(0.357494 -2.16393 0)
(-0.512739 -3.11872 0)
(-1.17903 -4.16919 0)
(-1.85842 -4.44413 0)
(-0.847362 -2.28915 0)
(-0.39932 1.4253 0)
(-0.729739 1.98901 0)
(-0.54267 2.17273 0)
(-0.291707 1.87928 0)
(0.225349 1.67029 0)
(0.64557 1.4042 0)
(1.15444 1.21228 0)
(1.56763 1.02929 0)
(2.00409 0.876861 0)
(2.34862 0.729783 0)
(2.6893 0.57268 0)
(2.90945 0.403119 0)
(3.10497 0.179635 0)
(3.10201 -0.0710425 0)
(3.05463 -0.433291 0)
(2.664 -0.832478 0)
(2.22618 -1.46486 0)
(1.24202 -2.19512 0)
(0.37575 -3.32305 0)
(-0.741169 -3.97439 0)
(-0.696509 -2.95765 0)
(-0.254446 2.43084 0)
(-0.0941782 2.06872 0)
(0.691675 1.87252 0)
(1.32703 1.32519 0)
(2.12105 1.05576 0)
(2.7193 0.806016 0)
(3.33999 0.649465 0)
(3.81963 0.521502 0)
(4.2894 0.424241 0)
(4.64814 0.339273 0)
(4.98892 0.255516 0)
(5.20674 0.16927 0)
(5.39925 0.0610524 0)
(5.40693 -0.0596309 0)
(5.38308 -0.232781 0)
(5.04851 -0.429494 0)
(4.6868 -0.77198 0)
(3.7789 -1.23509 0)
(2.83306 -2.25186 0)
(1.07715 -3.32618 0)
(-0.0435942 -3.80088 0)
(1.66932 1.6716 0)
(2.71239 0.977142 0)
(4.55816 0.749952 0)
(5.39615 0.423524 0)
(6.25591 0.284322 0)
(6.75319 0.174738 0)
(7.21659 0.117564 0)
(7.52337 0.0776007 0)
(7.8064 0.0523028 0)
(7.9984 0.0333641 0)
(8.17573 0.0169179 0)
(8.26762 0.00138821 0)
(8.34901 -0.0184406 0)
(8.30599 -0.0388793 0)
(8.26148 -0.0747905 0)
(7.99117 -0.109329 0)
(7.74714 -0.200691 0)
(6.99996 -0.295226 0)
(6.26686 -0.628725 0)
(4.04848 -1.00089 0)
(2.00933 -1.82248 0)
)
;

boundaryField
{
    movingWall
    {
        type            fixedValue;
        value           uniform (10 0 0);
    }
    fixedWalls
    {
        type            noSlip;
    }
    frontAndBack
    {
        type            empty;
    }
}


// ************************************************************************* //
