/*--------------------------------*- C++ -*----------------------------------*\
| =========                 |                                                 |
| \\      /  F ield         | OpenFOAM: The Open Source CFD Toolbox           |
|  \\    /   O peration     | Version:  4.1                                   |
|   \\  /    A nd           | Web:      www.OpenFOAM.org                      |
|    \\/     M anipulation  |                                                 |
\*---------------------------------------------------------------------------*/
FoamFile
{
    version     2.0;
    format      ascii;
    class       volVectorField;
    location    "0.0464";
    object      U;
}
// * * * * * * * * * * * * * * * * * * * * * * * * * * * * * * * * * * * * * //

dimensions      [0 1 -1 0 0 0 0];

internalField   nonuniform List<vector> 
441
(
(0.00334804 -0.0045731 0)
(0.00851433 -0.00258631 0)
(-0.000646598 -2.18357e-165 0)
(0.00169893 -2.76469e-266 0)
(-0.00886074 -0.00679631 0)
(-0.00169893 -2.70625e-232 0)
(-1.08454e-202 -4.53054e-203 0)
(-1.13246e-203 -5.78243e-228 0)
(-1.47905e-212 -2.45096e-213 0)
(-0.00523694 7.8813e-266 0)
(-0.0630367 0.0209501 0)
(-0.0798192 0.0111835 0)
(-0.0910117 0.00534174 0)
(-0.0818996 0.000765328 0)
(-0.0699005 -0.000985296 0)
(-0.0496601 -0.00231259 0)
(-0.0316465 -0.00181169 0)
(-0.0142176 -0.00165571 0)
(-0.00224399 0.000181613 0)
(0.00171232 0.000813107 0)
(0.00386732 0.00244064 0)
(0.0032076 -0.00709061 0)
(-0.00229434 0.00655075 0)
(-0.0271149 0.0077315 0)
(-0.0558134 0.0106083 0)
(-0.0975163 0.00942895 0)
(-0.135153 -0.00418029 0)
(-0.169555 -0.000413518 0)
(-0.201593 0.00128245 0)
(-0.229406 0.0109795 0)
(-0.257543 0.0559121 0)
(-0.276938 0.05183 0)
(-0.272173 0.0171028 0)
(-0.261786 -0.00370203 0)
(-0.229607 -0.0225476 0)
(-0.191964 -0.0313104 0)
(-0.142489 -0.0370868 0)
(-0.096555 -0.033405 0)
(-0.0531491 -0.0289294 0)
(-0.0214193 -0.0156417 0)
(-0.00497044 -0.00766776 0)
(0.00399189 0.00335248 0)
(0.00652532 -0.00603366 0)
(-0.00576599 0.0273509 0)
(-0.0505354 0.0521494 0)
(-0.108976 0.0682163 0)
(-0.178333 0.0715063 0)
(-0.248976 0.0683815 0)
(-0.32281 0.0640811 0)
(-0.380194 0.0578618 0)
(-0.436172 0.0537868 0)
(-0.461532 0.0515245 0)
(-0.455995 0.0364346 0)
(-0.440916 -0.00289745 0)
(-0.412894 -0.0365845 0)
(-0.362863 -0.0689071 0)
(-0.303403 -0.0871962 0)
(-0.229141 -0.0979945 0)
(-0.158868 -0.090034 0)
(-0.0913843 -0.0772699 0)
(-0.0412074 -0.0469351 0)
(-0.0111319 -0.0250016 0)
(0.00531289 0.00192009 0)
(0.00591473 -0.00807429 0)
(-0.0136854 0.0652138 0)
(-0.0848152 0.11101 0)
(-0.166612 0.140525 0)
(-0.261159 0.149763 0)
(-0.354279 0.14278 0)
(-0.443885 0.132209 0)
(-0.519206 0.115388 0)
(-0.579974 0.0943023 0)
(-0.614275 0.0733063 0)
(-0.619611 0.0309748 0)
(-0.599891 -0.027035 0)
(-0.561609 -0.081863 0)
(-0.495164 -0.133102 0)
(-0.41581 -0.16482 0)
(-0.317044 -0.183008 0)
(-0.222534 -0.1706 0)
(-0.129904 -0.148159 0)
(-0.0606903 -0.0950758 0)
(-0.0162044 -0.05553 0)
(0.00716206 -0.00210296 0)
(6.22133e-165 0.00147868 0)
(-0.0200553 0.117664 0)
(-0.120101 0.20434 0)
(-0.220236 0.243287 0)
(-0.337847 0.258226 0)
(-0.449901 0.249506 0)
(-0.559437 0.227935 0)
(-0.649865 0.193048 0)
(-0.723909 0.148306 0)
(-0.766092 0.0917964 0)
(-0.777697 0.0224699 0)
(-0.759068 -0.0606672 0)
(-0.714726 -0.140563 0)
(-0.635588 -0.215 0)
(-0.537991 -0.264241 0)
(-0.413213 -0.292042 0)
(-0.292617 -0.275723 0)
(-0.169242 -0.240126 0)
(-0.0793222 -0.15899 0)
(-0.0160382 -0.0936552 0)
(0.0136783 -0.00629357 0)
(-5.08237e-266 0.00509346 0)
(-0.077216 0.189653 0)
(-0.165865 0.309446 0)
(-0.284539 0.359987 0)
(-0.411247 0.379374 0)
(-0.539475 0.365402 0)
(-0.661339 0.332765 0)
(-0.767145 0.28011 0)
(-0.853483 0.211293 0)
(-0.910092 0.126364 0)
(-0.936218 0.0242118 0)
(-0.924749 -0.0909577 0)
(-0.881447 -0.205089 0)
(-0.793302 -0.311304 0)
(-0.679319 -0.386699 0)
(-0.526857 -0.43062 0)
(-0.376127 -0.413516 0)
(-0.216165 -0.364388 0)
(-0.100627 -0.246418 0)
(-0.0144657 -0.151628 0)
(0.0160186 -0.00332907 0)
(-0.0203738 0.0817871 0)
(-0.106698 0.280211 0)
(-0.208426 0.412087 0)
(-0.338071 0.487034 0)
(-0.480189 0.512519 0)
(-0.623418 0.498347 0)
(-0.762207 0.454979 0)
(-0.885012 0.38442 0)
(-0.98946 0.291119 0)
(-1.06399 0.174326 0)
(-1.10763 0.0376179 0)
(-1.10914 -0.115711 0)
(-1.07252 -0.271032 0)
(-0.980138 -0.417921 0)
(-0.852513 -0.529206 0)
(-0.66993 -0.596829 0)
(-0.485659 -0.584162 0)
(-0.276519 -0.517794 0)
(-0.133377 -0.357595 0)
(-0.00202477 -0.212016 0)
(5.70739e-266 -0.00400464 0)
(-0.0147842 0.134479 0)
(-0.100969 0.378804 0)
(-0.227514 0.541456 0)
(-0.375216 0.632566 0)
(-0.535081 0.665082 0)
(-0.695618 0.647806 0)
(-0.851482 0.594763 0)
(-0.993951 0.507323 0)
(-1.1192 0.390704 0)
(-1.21716 0.244022 0)
(-1.2847 0.0697471 0)
(-1.30675 -0.127081 0)
(-1.28496 -0.333621 0)
(-1.19564 -0.533343 0)
(-1.05907 -0.696181 0)
(-0.847754 -0.801204 0)
(-0.62476 -0.805236 0)
(-0.36031 -0.722497 0)
(-0.174791 -0.516456 0)
(-0.00247396 -0.294085 0)
(2.27984e-24 -1.27273e-24 0)
(-0.0130157 0.194329 0)
(-0.104736 0.491212 0)
(-0.247717 0.68495 0)
(-0.410478 0.792955 0)
(-0.587184 0.831843 0)
(-0.763938 0.813367 0)
(-0.93763 0.752609 0)
(-1.10038 0.65116 0)
(-1.24871 0.514188 0)
(-1.37318 0.339265 0)
(-1.46885 0.127773 0)
(-1.51837 -0.11595 0)
(-1.51962 -0.380798 0)
(-1.44283 -0.644962 0)
(-1.30568 -0.874953 0)
(-1.07008 -1.03387 0)
(-0.807961 -1.06801 0)
(-0.477876 -0.972387 0)
(-0.238362 -0.708298 0)
(-0.00426908 -0.393773 0)
(9.38536e-77 -5.6996e-25 0)
(-0.011495 0.252929 0)
(-0.104977 0.615179 0)
(-0.259994 0.84807 0)
(-0.434594 0.972721 0)
(-0.624818 1.01914 0)
(-0.81536 0.998355 0)
(-1.004 0.931581 0)
(-1.18538 0.818094 0)
(-1.35549 0.66373 0)
(-1.50721 0.463488 0)
(-1.63345 0.215181 0)
(-1.71599 -0.0774996 0)
(-1.74863 -0.408663 0)
(-1.69583 -0.749813 0)
(-1.57012 -1.06819 0)
(-1.32122 -1.30438 0)
(-1.02373 -1.3959 0)
(-0.623623 -1.30148 0)
(-0.316822 -0.984772 0)
(-0.00580085 -0.54649 0)
(2.62583e-164 -2.34634e-77 0)
(-0.0120546 0.307621 0)
(-0.110488 0.738034 0)
(-0.276598 1.01246 0)
(-0.460763 1.15568 0)
(-0.66026 1.2111 0)
(-0.859672 1.19069 0)
(-1.0571 1.12167 0)
(-1.25102 1.00129 0)
(-1.43645 0.835653 0)
(-1.61069 0.61638 0)
(-1.76414 0.337038 0)
(-1.88132 -0.00124375 0)
(-1.95084 -0.399206 0)
(-1.9349 -0.824423 0)
(-1.83735 -1.24648 0)
(-1.5955 -1.58372 0)
(-1.27918 -1.76085 0)
(-0.817825 -1.6866 0)
(-0.438273 -1.31516 0)
(-0.0712239 -0.722407 0)
(1.66534e-265 0.0123691 0)
(-0.0133799 0.376478 0)
(-0.114124 0.8819 0)
(-0.28667 1.19994 0)
(-0.474342 1.35717 0)
(-0.675296 1.4193 0)
(-0.874981 1.39522 0)
(-1.07094 1.3236 0)
(-1.26652 1.19697 0)
(-1.45535 1.02349 0)
(-1.64086 0.790338 0)
(-1.81168 0.485643 0)
(-1.95794 0.107995 0)
(-2.06484 -0.354894 0)
(-2.09541 -0.865717 0)
(-2.04435 -1.40695 0)
(-1.83645 -1.869 0)
(-1.52561 -2.17276 0)
(-1.01566 -2.15581 0)
(-0.544035 -1.72591 0)
(-0.0708538 -1.00329 0)
(0.0494766 -0.0671605 0)
(-0.0175785 0.430817 0)
(-0.125837 1.00841 0)
(-0.308388 1.36982 0)
(-0.497486 1.54104 0)
(-0.691387 1.60994 0)
(-0.880273 1.58374 0)
(-1.05852 1.5122 0)
(-1.23874 1.38405 0)
(-1.41053 1.20954 0)
(-1.58815 0.971964 0)
(-1.75657 0.654529 0)
(-1.91862 0.252025 0)
(-2.05399 -0.259595 0)
(-2.13729 -0.844481 0)
(-2.14934 -1.50074 0)
(-2.00989 -2.10446 0)
(-1.74971 -2.57564 0)
(-1.21221 -2.67656 0)
(-0.686728 -2.2534 0)
(0.0368192 -1.32236 0)
(2.28883e-231 -0.0123691 0)
(-0.0231204 0.522787 0)
(-0.136561 1.17578 0)
(-0.32274 1.57542 0)
(-0.503953 1.74124 0)
(-0.677959 1.80516 0)
(-0.841022 1.76261 0)
(-0.98355 1.68388 0)
(-1.1279 1.54884 0)
(-1.25934 1.37337 0)
(-1.40366 1.13602 0)
(-1.54359 0.815604 0)
(-1.69675 0.404978 0)
(-1.84225 -0.136868 0)
(-1.97102 -0.771283 0)
(-2.05832 -1.5342 0)
(-2.02699 -2.27329 0)
(-1.88036 -2.97019 0)
(-1.41754 -3.23666 0)
(-0.882484 -2.96972 0)
(-0.00371073 -1.72552 0)
(5.62137e-202 4.49137e-184 0)
(-0.0399234 0.583381 0)
(-0.175122 1.30194 0)
(-0.373934 1.73327 0)
(-0.544834 1.89068 0)
(-0.680648 1.9453 0)
(-0.798464 1.8858 0)
(-0.876773 1.79866 0)
(-0.958494 1.65841 0)
(-1.01775 1.48554 0)
(-1.09922 1.2566 0)
(-1.17694 0.948543 0)
(-1.29341 0.552776 0)
(-1.41761 0.0173936 0)
(-1.58053 -0.624836 0)
(-1.73221 -1.4374 0)
(-1.8519 -2.27965 0)
(-1.86314 -3.16989 0)
(-1.59543 -3.68357 0)
(-1.12421 -3.6449 0)
(-0.0105984 -2.23407 0)
(1.79655e-183 3.55295e-185 0)
(-0.0590493 0.745682 0)
(-0.214128 1.51408 0)
(-0.411445 1.95443 0)
(-0.554933 2.04926 0)
(-0.632403 2.06582 0)
(-0.683447 1.95934 0)
(-0.675755 1.84803 0)
(-0.671044 1.69045 0)
(-0.633775 1.51568 0)
(-0.624433 1.29628 0)
(-0.610552 1.00937 0)
(-0.654203 0.647583 0)
(-0.721719 0.148164 0)
(-0.875407 -0.453618 0)
(-1.06816 -1.26626 0)
(-1.32312 -2.1391 0)
(-1.55821 -3.23209 0)
(-1.60686 -3.98302 0)
(-1.4409 -4.57284 0)
(-0.458281 -2.89627 0)
(4.35263e-254 -4.49137e-184 0)
(-0.124554 0.842375 0)
(-0.346946 1.64115 0)
(-0.537616 2.06871 0)
(-0.635408 2.10185 0)
(-0.599126 2.07293 0)
(-0.543234 1.92415 0)
(-0.400638 1.78713 0)
(-0.275393 1.61535 0)
(-0.107774 1.44033 0)
(0.0162723 1.23559 0)
(0.147758 0.980225 0)
(0.195378 0.66958 0)
(0.216873 0.24197 0)
(0.0882646 -0.26921 0)
(-0.0913075 -0.981749 0)
(-0.508512 -1.77845 0)
(-0.912473 -2.86021 0)
(-1.58594 -3.80014 0)
(-1.71257 -4.70562 0)
(-2.05786 -3.75117 0)
(-2.53175e-264 -0.212707 0)
(-0.179445 1.23838 0)
(-0.435639 1.9314 0)
(-0.554085 2.26507 0)
(-0.546228 2.11105 0)
(-0.352513 1.98749 0)
(-0.150207 1.7606 0)
(0.149037 1.58684 0)
(0.413954 1.39777 0)
(0.719494 1.22609 0)
(0.966231 1.04244 0)
(1.21731 0.829506 0)
(1.36898 0.5832 0)
(1.49041 0.251691 0)
(1.43838 -0.136046 0)
(1.31674 -0.680096 0)
(0.906085 -1.30119 0)
(0.406585 -2.18478 0)
(-0.477026 -3.13888 0)
(-1.15817 -4.18899 0)
(-1.85512 -4.46441 0)
(-0.850828 -2.29548 0)
(-0.399535 1.42295 0)
(-0.729597 1.98706 0)
(-0.54025 2.17343 0)
(-0.285383 1.88354 0)
(0.237351 1.67807 0)
(0.664499 1.41497 0)
(1.18144 1.22514 0)
(1.60315 1.04304 0)
(2.04809 0.889968 0)
(2.40012 0.740599 0)
(2.74653 0.579555 0)
(2.96974 0.404878 0)
(3.16533 0.175746 0)
(3.15916 -0.0799287 0)
(3.10615 -0.445595 0)
(2.70791 -0.845704 0)
(2.26223 -1.47662 0)
(1.26923 -2.20444 0)
(0.39405 -3.3304 0)
(-0.733565 -3.98162 0)
(-0.697412 -2.95929 0)
(-0.254865 2.42934 0)
(-0.0958876 2.06679 0)
(0.68968 1.87154 0)
(1.32626 1.32595 0)
(2.12325 1.05836 0)
(2.72592 0.810215 0)
(3.35232 0.654771 0)
(3.83838 0.527281 0)
(4.31474 0.42973 0)
(4.67942 0.343665 0)
(5.02479 0.258045 0)
(5.24501 0.169413 0)
(5.43739 0.0586447 0)
(5.44219 -0.0642065 0)
(5.41336 -0.238607 0)
(5.07239 -0.435352 0)
(4.70443 -0.776442 0)
(3.79094 -1.23774 0)
(2.84082 -2.25263 0)
(1.08063 -3.3272 0)
(-0.0440857 -3.80053 0)
(1.66904 1.67132 0)
(2.71095 0.976744 0)
(4.55566 0.749642 0)
(5.39343 0.423474 0)
(6.25406 0.284566 0)
(6.75321 0.175223 0)
(7.21929 0.118191 0)
(7.52919 0.0782501 0)
(7.81542 0.0528393 0)
(8.01017 0.0336662 0)
(8.1894 0.0168797 0)
(8.28189 0.000976276 0)
(8.36247 -0.0192017 0)
(8.31717 -0.0398381 0)
(8.26952 -0.0757512 0)
(7.99561 -0.110029 0)
(7.7487 -0.200926 0)
(6.99961 -0.294958 0)
(6.26607 -0.628012 0)
(4.04792 -1.0001 0)
(2.00847 -1.82146 0)
)
;

boundaryField
{
    movingWall
    {
        type            fixedValue;
        value           uniform (10 0 0);
    }
    fixedWalls
    {
        type            noSlip;
    }
    frontAndBack
    {
        type            empty;
    }
}


// ************************************************************************* //
