/*--------------------------------*- C++ -*----------------------------------*\
| =========                 |                                                 |
| \\      /  F ield         | OpenFOAM: The Open Source CFD Toolbox           |
|  \\    /   O peration     | Version:  4.1                                   |
|   \\  /    A nd           | Web:      www.OpenFOAM.org                      |
|    \\/     M anipulation  |                                                 |
\*---------------------------------------------------------------------------*/
FoamFile
{
    version     2.0;
    format      ascii;
    class       volVectorField;
    location    "0.057";
    object      U;
}
// * * * * * * * * * * * * * * * * * * * * * * * * * * * * * * * * * * * * * //

dimensions      [0 1 -1 0 0 0 0];

internalField   nonuniform List<vector> 
441
(
(0.00344315 -0.00462246 0)
(0.0088527 -0.00255631 0)
(-0.000639087 -2.17962e-165 0)
(0.00177789 -2.9391e-266 0)
(-0.00861516 -0.00711216 0)
(-0.00177789 -2.80965e-232 0)
(-1.09542e-202 -4.88523e-203 0)
(-1.22115e-203 -6.32206e-228 0)
(-1.55736e-212 -2.71957e-213 0)
(-0.00553862 8.28157e-266 0)
(-0.0672347 0.0221567 0)
(-0.0849776 0.0117434 0)
(-0.096557 0.00552748 0)
(-0.0862548 0.000630631 0)
(-0.0726878 -0.00123241 0)
(-0.050484 -0.00258705 0)
(-0.0309361 -0.00196053 0)
(-0.0126075 -0.00166364 0)
(-0.000557728 0.000362249 0)
(0.00265645 0.00104505 0)
(0.00412271 0.00263248 0)
(0.00338511 -0.00747985 0)
(-0.00182468 0.00659415 0)
(-0.0270018 0.0079155 0)
(-0.0565429 0.0105564 0)
(-0.0999645 0.00986756 0)
(-0.139909 -0.00381609 0)
(-0.176943 -0.000311527 0)
(-0.211985 0.00141281 0)
(-0.242829 0.0117564 0)
(-0.274091 0.0597394 0)
(-0.295726 0.0553564 0)
(-0.291044 0.0179321 0)
(-0.279453 -0.00473938 0)
(-0.243982 -0.0252135 0)
(-0.202198 -0.0346345 0)
(-0.148004 -0.0403789 0)
(-0.098129 -0.0357045 0)
(-0.0520725 -0.0299399 0)
(-0.0193972 -0.0151349 0)
(-0.00364915 -0.00646681 0)
(0.00434364 0.00436548 0)
(0.00683499 -0.00671357 0)
(-0.00550513 0.027445 0)
(-0.0513491 0.0533488 0)
(-0.112121 0.0706597 0)
(-0.185168 0.0751748 0)
(-0.260147 0.0731659 0)
(-0.339587 0.0695352 0)
(-0.402749 0.0637169 0)
(-0.464796 0.0597227 0)
(-0.494293 0.0570847 0)
(-0.49005 0.0399928 0)
(-0.474622 -0.00340014 0)
(-0.444064 -0.0408731 0)
(-0.389016 -0.0764617 0)
(-0.323148 -0.0962747 0)
(-0.241645 -0.106942 0)
(-0.165011 -0.0967433 0)
(-0.0927907 -0.0808974 0)
(-0.0402377 -0.0469791 0)
(-0.0100652 -0.0231205 0)
(0.00572104 0.00375974 0)
(0.00601395 -0.00906681 0)
(-0.0144456 0.0664287 0)
(-0.0883383 0.114566 0)
(-0.174258 0.146597 0)
(-0.274482 0.158243 0)
(-0.374256 0.153177 0)
(-0.471474 0.143817 0)
(-0.554557 0.127426 0)
(-0.622572 0.105469 0)
(-0.662263 0.0824641 0)
(-0.670163 0.0354428 0)
(-0.650089 -0.0291275 0)
(-0.608508 -0.0904674 0)
(-0.53551 -0.147246 0)
(-0.44762 -0.181808 0)
(-0.338992 -0.199972 0)
(-0.235432 -0.183993 0)
(-0.135499 -0.156338 0)
(-0.0619359 -0.097012 0)
(-0.0160242 -0.0537928 0)
(0.00750719 0.000395355 0)
(6.41402e-165 0.00150349 0)
(-0.0214838 0.121367 0)
(-0.126476 0.212408 0)
(-0.232674 0.255467 0)
(-0.358249 0.274168 0)
(-0.479181 0.268465 0)
(-0.598665 0.24867 0)
(-0.69892 0.213831 0)
(-0.782084 0.166808 0)
(-0.831058 0.105335 0)
(-0.846285 0.0282386 0)
(-0.827703 -0.0648168 0)
(-0.779598 -0.15469 0)
(-0.692607 -0.237677 0)
(-0.584366 -0.291708 0)
(-0.446848 -0.319967 0)
(-0.314071 -0.298762 0)
(-0.180143 -0.25547 0)
(-0.0833753 -0.164773 0)
(-0.0168319 -0.0934069 0)
(0.0140813 -0.00394745 0)
(-5.21809e-266 0.00529652 0)
(-0.081009 0.197376 0)
(-0.175704 0.323929 0)
(-0.302452 0.380131 0)
(-0.438965 0.404671 0)
(-0.578202 0.394641 0)
(-0.711975 0.364166 0)
(-0.829596 0.311094 0)
(-0.926811 0.238422 0)
(-0.991928 0.145909 0)
(-1.02324 0.0323692 0)
(-1.01263 -0.0968026 0)
(-0.965636 -0.225304 0)
(-0.868692 -0.344025 0)
(-0.742221 -0.427086 0)
(-0.574095 -0.472631 0)
(-0.407806 -0.449636 0)
(-0.233506 -0.390086 0)
(-0.108202 -0.258397 0)
(-0.0168355 -0.154418 0)
(0.0160919 -0.00113452 0)
(-0.0211861 0.0856237 0)
(-0.112465 0.293676 0)
(-0.221523 0.434246 0)
(-0.360727 0.51702 0)
(-0.514338 0.549202 0)
(-0.670351 0.540136 0)
(-0.822924 0.499355 0)
(-0.959406 0.42782 0)
(-1.07659 0.328958 0)
(-1.16137 0.201534 0)
(-1.21175 0.0494284 0)
(-1.2152 -0.122723 0)
(-1.17536 -0.297631 0)
(-1.07377 -0.461965 0)
(-0.932361 -0.584828 0)
(-0.731548 -0.656129 0)
(-0.528422 -0.637079 0)
(-0.300595 -0.557394 0)
(-0.144258 -0.378264 0)
(-0.00420536 -0.219486 0)
(5.81883e-266 -0.00402296 0)
(-0.0155004 0.141303 0)
(-0.107177 0.398837 0)
(-0.242452 0.572793 0)
(-0.40093 0.673745 0)
(-0.573526 0.714601 0)
(-0.74811 0.703566 0)
(-0.919016 0.653578 0)
(-1.07649 0.564675 0)
(-1.21583 0.440805 0)
(-1.32543 0.28052 0)
(-1.40109 0.0865975 0)
(-1.42624 -0.134255 0)
(-1.40215 -0.366233 0)
(-1.30401 -0.589161 0)
(-1.15343 -0.768601 0)
(-0.922421 -0.880526 0)
(-0.678208 -0.878914 0)
(-0.39088 -0.780348 0)
(-0.188747 -0.550238 0)
(-0.00295945 -0.307984 0)
(2.41543e-24 -1.17876e-24 0)
(-0.0137354 0.20494 0)
(-0.111148 0.518854 0)
(-0.263232 0.726519 0)
(-0.437082 0.846361 0)
(-0.626812 0.895195 0)
(-0.817877 0.884135 0)
(-1.00688 0.82693 0)
(-1.18492 0.723557 0)
(-1.34769 0.577684 0)
(-1.48425 0.386175 0)
(-1.5887 0.150802 0)
(-1.64218 -0.122205 0)
(-1.64234 -0.418472 0)
(-1.5581 -0.711927 0)
(-1.40834 -0.964259 0)
(-1.15373 -1.13436 0)
(-0.870091 -1.16499 0)
(-0.51485 -1.05185 0)
(-0.255947 -0.758749 0)
(-0.00457724 -0.415655 0)
(9.90618e-77 -6.03856e-25 0)
(-0.0120968 0.266829 0)
(-0.11069 0.65002 0)
(-0.274109 0.899532 0)
(-0.458954 1.03796 0)
(-0.661228 1.0959 0)
(-0.864978 1.08365 0)
(-1.06768 1.02091 0)
(-1.26306 0.90509 0)
(-1.44634 0.740308 0)
(-1.60911 0.5208 0)
(-1.74357 0.244798 0)
(-1.83028 -0.0818309 0)
(-1.86304 -0.449754 0)
(-1.80513 -0.825769 0)
(-1.67006 -1.17219 0)
(-1.40555 -1.42454 0)
(-1.08929 -1.51626 0)
(-0.66461 -1.4044 0)
(-0.337492 -1.05503 0)
(-0.0063359 -0.578635 0)
(2.76609e-164 -2.47655e-77 0)
(-0.0124841 0.32444 0)
(-0.114698 0.779161 0)
(-0.28725 1.07259 0)
(-0.479433 1.2313 0)
(-0.688444 1.29961 0)
(-0.898263 1.28863 0)
(-1.10667 1.22395 0)
(-1.31131 1.10075 0)
(-1.50665 0.923314 0)
(-1.68905 0.682521 0)
(-1.84859 0.372486 0)
(-1.96914 -0.00320309 0)
(-2.03973 -0.441765 0)
(-2.02169 -0.905886 0)
(-1.91979 -1.36062 0)
(-1.66872 -1.7188 0)
(-1.3401 -1.9011 0)
(-0.859192 -1.8115 0)
(-0.461183 -1.40569 0)
(-0.075286 -0.765669 0)
(1.72766e-265 0.0128161 0)
(-0.0135213 0.394966 0)
(-0.115865 0.926957 0)
(-0.291625 1.2658 0)
(-0.483659 1.43988 0)
(-0.68999 1.51592 0)
(-0.895542 1.50183 0)
(-1.0975 1.43458 0)
(-1.29862 1.30456 0)
(-1.49219 1.11813 0)
(-1.68122 0.861927 0)
(-1.85458 0.524813 0)
(-2.00237 0.108161 0)
(-2.11072 -0.396835 0)
(-2.14238 -0.948064 0)
(-2.09286 -1.52428 0)
(-1.88422 -2.01079 0)
(-1.57051 -2.3248 0)
(-1.04977 -2.29728 0)
(-0.564502 -1.83325 0)
(-0.073319 -1.05903 0)
(0.0512645 -0.0710482 0)
(-0.0173552 0.449483 0)
(-0.124397 1.05434 0)
(-0.305935 1.4375 0)
(-0.494567 1.62637 0)
(-0.688366 1.70967 0)
(-0.877158 1.69355 0)
(-1.05499 1.62602 0)
(-1.23416 1.49381 0)
(-1.40429 1.30554 0)
(-1.5798 1.04425 0)
(-1.74636 0.694182 0)
(-1.90745 0.253199 0)
(-2.04408 -0.299364 0)
(-2.13116 -0.923143 0)
(-2.15047 -1.61373 0)
(-2.01915 -2.24306 0)
(-1.76753 -2.72926 0)
(-1.2308 -2.8262 0)
(-0.70178 -2.37563 0)
(0.0392227 -1.38825 0)
(2.36638e-231 -0.0128161 0)
(-0.0224788 0.539628 0)
(-0.131553 1.2186 0)
(-0.311966 1.63982 0)
(-0.487239 1.8234 0)
(-0.654959 1.90162 0)
(-0.811306 1.86876 0)
(-0.946474 1.79346 0)
(-1.08292 1.65383 0)
(-1.20632 1.46439 0)
(-1.34313 1.20382 0)
(-1.47713 0.852177 0)
(-1.62705 0.405689 0)
(-1.77335 -0.173455 0)
(-1.90779 -0.842324 0)
(-2.00658 -1.63568 0)
(-1.99114 -2.39817 0)
(-1.86346 -3.11229 0)
(-1.41566 -3.38111 0)
(-0.889405 -3.09749 0)
(-0.00344844 -1.7974 0)
(5.72209e-202 4.54068e-184 0)
(-0.0389194 0.596473 0)
(-0.166915 1.33775 0)
(-0.355519 1.78933 0)
(-0.515251 1.96386 0)
(-0.638836 2.03214 0)
(-0.743709 1.98164 0)
(-0.808352 1.89736 0)
(-0.876307 1.75238 0)
(-0.92241 1.56619 0)
(-0.992491 1.3157 0)
(-1.06168 0.979291 0)
(-1.17371 0.551795 0)
(-1.29856 -0.0155656 0)
(-1.46819 -0.686022 0)
(-1.63332 -1.52259 0)
(-1.77313 -2.38309 0)
(-1.81007 -3.28884 0)
(-1.56862 -3.80915 0)
(-1.11917 -3.76492 0)
(-0.0110253 -2.30747 0)
(1.81627e-183 -3.76104e-185 0)
(-0.0578409 0.753436 0)
(-0.203928 1.53951 0)
(-0.387951 1.99756 0)
(-0.516404 2.10809 0)
(-0.57716 2.13722 0)
(-0.610653 2.03899 0)
(-0.584841 1.93031 0)
(-0.562559 1.76866 0)
(-0.509212 1.58234 0)
(-0.486752 1.34438 0)
(-0.463727 1.03324 0)
(-0.503307 0.644811 0)
(-0.57219 0.119229 0)
(-0.733256 -0.504229 0)
(-0.939459 -1.33391 0)
(-1.21493 -2.21793 0)
(-1.47692 -3.32179 0)
(-1.55816 -4.07909 0)
(-1.42237 -4.67268 0)
(-0.46194 -2.96353 0)
(4.38e-254 -4.54068e-184 0)
(-0.123475 0.844228 0)
(-0.337088 1.65473 0)
(-0.513864 2.0966 0)
(-0.595375 2.14337 0)
(-0.54054 2.12563 0)
(-0.465181 1.9844 0)
(-0.302612 1.85023 0)
(-0.158407 1.67577 0)
(0.0261318 1.49193 0)
(0.163365 1.2726 0)
(0.303387 0.997995 0)
(0.353827 0.666153 0)
(0.372691 0.218011 0)
(0.235758 -0.309382 0)
(0.0435315 -1.03286 0)
(-0.392359 -1.83446 0)
(-0.819137 -2.9195 0)
(-1.52522 -3.86274 0)
(-1.68229 -4.77181 0)
(-2.0655 -3.80619 0)
(-2.55892e-264 -0.214221 0)
(-0.178975 1.23538 0)
(-0.42921 1.93421 0)
(-0.536493 2.27814 0)
(-0.514507 2.13503 0)
(-0.303795 2.02087 0)
(-0.0832084 1.80073 0)
(0.235136 1.63015 0)
(0.518295 1.44006 0)
(0.840153 1.26268 0)
(1.0995 1.0689 0)
(1.35845 0.842191 0)
(1.51221 0.580434 0)
(1.63015 0.233893 0)
(1.56934 -0.165566 0)
(1.43538 -0.71649 0)
(1.00898 -1.3387 0)
(0.491883 -2.2197 0)
(-0.414888 -3.17192 0)
(-1.12156 -4.22153 0)
(-1.84897 -4.49865 0)
(-0.856884 -2.30585 0)
(-0.399967 1.41802 0)
(-0.728833 1.98354 0)
(-0.533926 2.17607 0)
(-0.270081 1.89383 0)
(0.265128 1.69539 0)
(0.706828 1.43765 0)
(1.23993 1.25078 0)
(1.67773 1.06877 0)
(2.13759 0.912629 0)
(2.50153 0.757184 0)
(2.85569 0.587543 0)
(3.08121 0.403043 0)
(3.27371 0.164248 0)
(3.25917 -0.0989482 0)
(3.19447 -0.468756 0)
(2.78209 -0.868706 0)
(2.32272 -1.49585 0)
(1.31484 -2.21912 0)
(0.424894 -3.34185 0)
(-0.720729 -3.99342 0)
(-0.699112 -2.96177 0)
(-0.255785 2.42604 0)
(-0.0993889 2.06283 0)
(0.686047 1.86995 0)
(1.32582 1.32821 0)
(2.12966 1.06441 0)
(2.74191 0.819262 0)
(3.38004 0.665535 0)
(3.87849 0.538282 0)
(4.3668 0.43936 0)
(4.74128 0.350449 0)
(5.09315 0.260801 0)
(5.31537 0.167609 0)
(5.50511 0.0525089 0)
(5.50275 -0.0735384 0)
(5.46388 -0.249249 0)
(5.11124 -0.445233 0)
(4.7327 -0.783382 0)
(3.81018 -1.24153 0)
(2.85334 -2.25341 0)
(1.08631 -3.32878 0)
(-0.0450411 -3.79982 0)
(1.66839 1.67068 0)
(2.70781 0.975892 0)
(4.55042 0.749038 0)
(5.38807 0.423463 0)
(6.25092 0.285171 0)
(6.75426 0.176291 0)
(7.22599 0.119471 0)
(7.54204 0.0794775 0)
(7.83414 0.0537372 0)
(8.03343 0.034025 0)
(8.21523 0.0165542 0)
(8.30764 -1.67462e-05 0)
(8.38565 -0.0207319 0)
(8.3354 -0.041579 0)
(8.28183 -0.0773381 0)
(8.00167 -0.111054 0)
(7.75021 -0.20111 0)
(6.99836 -0.294337 0)
(6.26452 -0.626722 0)
(4.04696 -0.998774 0)
(2.00697 -1.81975 0)
)
;

boundaryField
{
    movingWall
    {
        type            fixedValue;
        value           uniform (10 0 0);
    }
    fixedWalls
    {
        type            noSlip;
    }
    frontAndBack
    {
        type            empty;
    }
}


// ************************************************************************* //
