/*--------------------------------*- C++ -*----------------------------------*\
| =========                 |                                                 |
| \\      /  F ield         | OpenFOAM: The Open Source CFD Toolbox           |
|  \\    /   O peration     | Version:  4.1                                   |
|   \\  /    A nd           | Web:      www.OpenFOAM.org                      |
|    \\/     M anipulation  |                                                 |
\*---------------------------------------------------------------------------*/
FoamFile
{
    version     2.0;
    format      ascii;
    class       volVectorField;
    location    "0.0327";
    object      U;
}
// * * * * * * * * * * * * * * * * * * * * * * * * * * * * * * * * * * * * * //

dimensions      [0 1 -1 0 0 0 0];

internalField   nonuniform List<vector> 
441
(
(0.00327792 -0.00459024 0)
(0.00813904 -0.00268485 0)
(-0.000671274 -2.23008e-165 0)
(0.00160011 -2.53127e-266 0)
(-0.00941824 -0.00640102 0)
(-0.00160011 -2.58516e-232 0)
(-1.08119e-202 -4.04821e-203 0)
(-1.01187e-203 -5.04821e-228 0)
(-1.37948e-212 -2.09601e-213 0)
(-0.00486054 7.38345e-266 0)
(-0.0577556 0.0194441 0)
(-0.0734125 0.0104979 0)
(-0.0841769 0.00512092 0)
(-0.0767253 0.000963708 0)
(-0.0668268 -0.000655047 0)
(-0.049214 -0.00193983 0)
(-0.0331741 -0.00163343 0)
(-0.0167824 -0.00165773 0)
(-0.0047444 -8.6125e-05 0)
(0.000450625 0.000514907 0)
(0.00349931 0.00221285 0)
(0.00299995 -0.00661785 0)
(-0.00313047 0.0066289 0)
(-0.0279152 0.00759153 0)
(-0.0558171 0.0108854 0)
(-0.095459 0.00887191 0)
(-0.130003 -0.00485105 0)
(-0.160776 -0.000587043 0)
(-0.188706 0.00110667 0)
(-0.212382 0.00997948 0)
(-0.236407 0.0511093 0)
(-0.252867 0.0474486 0)
(-0.248077 0.0161963 0)
(-0.239351 -0.00220452 0)
(-0.211695 -0.0189082 0)
(-0.179654 -0.0268824 0)
(-0.136572 -0.032744 0)
(-0.0958325 -0.0305794 0)
(-0.0557017 -0.0278785 0)
(-0.0248747 -0.0167287 0)
(-0.00694283 -0.0094927 0)
(0.00343992 0.00193915 0)
(0.0061719 -0.0050454 0)
(-0.00635425 0.0278404 0)
(-0.0503596 0.0512883 0)
(-0.106156 0.065514 0)
(-0.17075 0.0667937 0)
(-0.235593 0.061852 0)
(-0.301718 0.0565814 0)
(-0.351056 0.0498682 0)
(-0.39866 0.0458164 0)
(-0.418264 0.0442479 0)
(-0.410669 0.0319177 0)
(-0.395934 -0.00200697 0)
(-0.371213 -0.0306683 0)
(-0.328084 -0.0585791 0)
(-0.277458 -0.0749335 0)
(-0.213336 -0.0859903 0)
(-0.151862 -0.0814497 0)
(-0.0907495 -0.0730331 0)
(-0.0434998 -0.0478217 0)
(-0.012919 -0.0281531 0)
(0.00461988 -0.000789759 0)
(0.00589703 -0.00661614 0)
(-0.0127505 0.0647167 0)
(-0.0809034 0.107508 0)
(-0.157575 0.133267 0)
(-0.244559 0.138613 0)
(-0.328505 0.128497 0)
(-0.407384 0.116105 0)
(-0.471678 0.0987126 0)
(-0.521997 0.0789195 0)
(-0.548346 0.060822 0)
(-0.549384 0.0248621 0)
(-0.529522 -0.024234 0)
(-0.495235 -0.0701691 0)
(-0.437772 -0.113635 0)
(-0.370463 -0.141428 0)
(-0.286097 -0.159602 0)
(-0.204846 -0.152641 0)
(-0.122865 -0.137701 0)
(-0.0597577 -0.093808 0)
(-0.0167169 -0.0588997 0)
(0.00653282 -0.00601707 0)
(6.04554e-165 0.00147426 0)
(-0.0181756 0.114241 0)
(-0.112236 0.195388 0)
(-0.204329 0.227974 0)
(-0.310956 0.236844 0)
(-0.410395 0.223193 0)
(-0.505536 0.198795 0)
(-0.581504 0.163689 0)
(-0.641763 0.122013 0)
(-0.673148 0.0722514 0)
(-0.678001 0.0134929 0)
(-0.657784 -0.0559148 0)
(-0.617425 -0.121716 0)
(-0.548974 -0.183577 0)
(-0.46681 -0.225579 0)
(-0.361566 -0.252251 0)
(-0.259955 -0.243294 0)
(-0.153201 -0.219003 0)
(-0.0738267 -0.152397 0)
(-0.0150064 -0.0951559 0)
(0.0128961 -0.0101024 0)
(-4.98885e-266 0.00488849 0)
(-0.0728323 0.181162 0)
(-0.153261 0.292001 0)
(-0.26081 0.333658 0)
(-0.373392 0.344649 0)
(-0.485473 0.324102 0)
(-0.589435 0.287769 0)
(-0.67706 0.235195 0)
(-0.745897 0.171244 0)
(-0.787832 0.0963728 0)
(-0.803415 0.00970782 0)
(-0.787746 -0.0856992 0)
(-0.747247 -0.178767 0)
(-0.670879 -0.26558 0)
(-0.575597 -0.328363 0)
(-0.448507 -0.36847 0)
(-0.323709 -0.360002 0)
(-0.188054 -0.326535 0)
(-0.0887989 -0.23028 0)
(-0.0105795 -0.148576 0)
(0.0158434 -0.00714836 0)
(-0.019554 0.0774531 0)
(-0.0997141 0.264231 0)
(-0.191198 0.383851 0)
(-0.30716 0.446552 0)
(-0.432205 0.460964 0)
(-0.555987 0.438102 0)
(-0.673157 0.389857 0)
(-0.773691 0.319482 0)
(-0.856101 0.232699 0)
(-0.91123 0.129611 0)
(-0.939659 0.013869 0)
(-0.933211 -0.112301 0)
(-0.897107 -0.237667 0)
(-0.816667 -0.355873 0)
(-0.710512 -0.446514 0)
(-0.559438 -0.50545 0)
(-0.409023 -0.501566 0)
(-0.234112 -0.455781 0)
(-0.114796 -0.326952 0)
(0.00174039 -0.20137 0)
(5.49393e-266 -0.00396086 0)
(-0.0139901 0.126436 0)
(-0.09295 0.353872 0)
(-0.207152 0.500135 0)
(-0.339024 0.575511 0)
(-0.479368 0.593915 0)
(-0.617628 0.565513 0)
(-0.748563 0.505937 0)
(-0.864804 0.418184 0)
(-0.963413 0.30923 0)
(-1.03686 0.179497 0)
(-1.08389 0.0320271 0)
(-1.09333 -0.12919 0)
(-1.06863 -0.294913 0)
(-0.990164 -0.454001 0)
(-0.876563 -0.584893 0)
(-0.702099 -0.673255 0)
(-0.520693 -0.683665 0)
(-0.301756 -0.62605 0)
(-0.14889 -0.461893 0)
(-0.00162277 -0.271995 0)
(2.0219e-24 -1.4909e-24 0)
(-0.0121284 0.181367 0)
(-0.0960516 0.455702 0)
(-0.225801 0.62867 0)
(-0.371688 0.717231 0)
(-0.527562 0.738636 0)
(-0.680306 0.70607 0)
(-0.82675 0.636478 0)
(-0.960235 0.533518 0)
(-1.07813 0.404713 0)
(-1.17365 0.249647 0)
(-1.24399 0.0709011 0)
(-1.27624 -0.127967 0)
(-1.27054 -0.339587 0)
(-1.20204 -0.548872 0)
(-1.08715 -0.732507 0)
(-0.890946 -0.863536 0)
(-0.675705 -0.898402 0)
(-0.400663 -0.831469 0)
(-0.202823 -0.620557 0)
(-0.00367232 -0.356348 0)
(8.32361e-77 -5.05476e-25 0)
(-0.0106863 0.235403 0)
(-0.0968004 0.569205 0)
(-0.239083 0.776743 0)
(-0.397302 0.878048 0)
(-0.567059 0.90327 0)
(-0.733662 0.864956 0)
(-0.894711 0.786401 0)
(-1.04592 0.669434 0)
(-1.18406 0.522984 0)
(-1.30465 0.344838 0)
(-1.40276 0.134873 0)
(-1.46478 -0.103716 0)
(-1.48678 -0.368748 0)
(-1.43849 -0.639698 0)
(-1.33143 -0.895358 0)
(-1.11992 -1.0895 0)
(-0.869618 -1.17242 0)
(-0.529771 -1.10721 0)
(-0.271525 -0.854072 0)
(-0.00506626 -0.487487 0)
(2.32542e-164 -2.0809e-77 0)
(-0.0114158 0.28582 0)
(-0.103984 0.682451 0)
(-0.259611 0.9272 0)
(-0.429883 1.04323 0)
(-0.611604 1.07365 0)
(-0.789788 1.03205 0)
(-0.962344 0.947972 0)
(-1.12866 0.821714 0)
(-1.28445 0.663228 0)
(-1.42941 0.467695 0)
(-1.55581 0.231557 0)
(-1.65226 -0.044318 0)
(-1.70907 -0.364303 0)
(-1.6932 -0.705023 0)
(-1.60738 -1.04822 0)
(-1.39468 -1.32818 0)
(-1.11782 -1.48389 0)
(-0.71312 -1.43566 0)
(-0.383565 -1.13506 0)
(-0.0638837 -0.638187 0)
(1.48055e-265 0.011211 0)
(-0.0130989 0.351905 0)
(-0.110791 0.819597 0)
(-0.277083 1.10434 0)
(-0.455688 1.23093 0)
(-0.644347 1.26457 0)
(-0.828804 1.21588 0)
(-1.0065 1.12611 0)
(-1.18157 0.991254 0)
(-1.34812 0.823953 0)
(-1.51147 0.615518 0)
(-1.66144 0.357558 0)
(-1.79098 0.0483713 0)
(-1.88582 -0.327899 0)
(-1.91224 -0.743775 0)
(-1.86353 -1.19366 0)
(-1.67035 -1.58499 0)
(-1.38283 -1.85343 0)
(-0.915536 -1.85343 0)
(-0.4887 -1.49848 0)
(-0.0644053 -0.887804 0)
(0.0448439 -0.0606842 0)
(-0.0178029 0.405462 0)
(-0.126973 0.943537 0)
(-0.309318 1.26929 0)
(-0.496452 1.40728 0)
(-0.686381 1.44503 0)
(-0.869467 1.39169 0)
(-1.04014 1.29979 0)
(-1.21156 1.16177 0)
(-1.37354 0.992742 0)
(-1.54134 0.780309 0)
(-1.70006 0.511363 0)
(-1.8536 0.180065 0)
(-1.98063 -0.241282 0)
(-2.05691 -0.727076 0)
(-2.06087 -1.28608 0)
(-1.91792 -1.81082 0)
(-1.65671 -2.23316 0)
(-1.1382 -2.33714 0)
(-0.637913 -1.97943 0)
(0.0335488 -1.17731 0)
(2.10498e-231 -0.011211 0)
(-0.0239938 0.499576 0)
(-0.143161 1.11421 0)
(-0.336518 1.47766 0)
(-0.524623 1.6091 0)
(-0.705187 1.64066 0)
(-0.874521 1.56989 0)
(-1.02317 1.46998 0)
(-1.17367 1.32447 0)
(-1.31105 1.1541 0)
(-1.46097 0.941531 0)
(-1.60519 0.669037 0)
(-1.76046 0.328167 0)
(-1.9035 -0.125814 0)
(-2.02407 -0.664906 0)
(-2.0944 -1.33346 0)
(-2.04053 -1.9941 0)
(-1.86631 -2.63414 0)
(-1.38801 -2.88911 0)
(-0.849336 -2.66609 0)
(-0.00398298 -1.5585 0)
(5.30813e-202 4.31932e-184 0)
(-0.0414091 0.565399 0)
(-0.187007 1.24995 0)
(-0.400449 1.64668 0)
(-0.587472 1.77028 0)
(-0.741064 1.79306 0)
(-0.878007 1.70598 0)
(-0.976897 1.59832 0)
(-1.08018 1.44799 0)
(-1.16124 1.27999 0)
(-1.26334 1.07447 0)
(-1.3587 0.811294 0)
(-1.48727 0.479898 0)
(-1.61517 0.0243075 0)
(-1.77044 -0.533307 0)
(-1.90011 -1.26335 0)
(-1.98352 -2.03691 0)
(-1.94532 -2.87222 0)
(-1.62918 -3.36341 0)
(-1.11885 -3.34252 0)
(-0.00928767 -2.054 0)
(1.72773e-183 1.79856e-184 0)
(-0.0609336 0.735674 0)
(-0.229669 1.47753 0)
(-0.447316 1.88727 0)
(-0.614474 1.95092 0)
(-0.719163 1.93803 0)
(-0.800153 1.80616 0)
(-0.825013 1.67604 0)
(-0.85424 1.50916 0)
(-0.851041 1.33851 0)
(-0.87344 1.13961 0)
(-0.886485 0.89198 0)
(-0.948808 0.585862 0)
(-1.02401 0.154458 0)
(-1.17119 -0.377733 0)
(-1.34113 -1.12474 0)
(-1.55448 -1.9464 0)
(-1.72998 -2.99531 0)
(-1.70609 -3.72372 0)
(-1.47212 -4.3059 0)
(-0.447527 -2.72221 0)
(4.24144e-254 -4.31932e-184 0)
(-0.126264 0.841556 0)
(-0.362264 1.62304 0)
(-0.574898 2.02583 0)
(-0.699522 2.03214 0)
(-0.695283 1.9776 0)
(-0.675094 1.80664 0)
(-0.571682 1.65305 0)
(-0.487137 1.47272 0)
(-0.360264 1.30029 0)
(-0.273665 1.11173 0)
(-0.173564 0.888012 0)
(-0.147018 0.62235 0)
(-0.134301 0.249228 0)
(-0.256044 -0.207781 0)
(-0.41425 -0.872884 0)
(-0.790762 -1.63733 0)
(-1.1395 -2.69578 0)
(-1.73124 -3.62118 0)
(-1.78104 -4.51772 0)
(-2.03302 -3.60105 0)
(-2.46336e-264 -0.208665 0)
(-0.180123 1.2451 0)
(-0.44528 1.93032 0)
(-0.581405 2.24652 0)
(-0.597221 2.07155 0)
(-0.43364 1.92741 0)
(-0.265995 1.68239 0)
(-0.00577621 1.4948 0)
(0.218064 1.29802 0)
(0.482039 1.12709 0)
(0.69042 0.954468 0)
(0.909481 0.764231 0)
(1.03997 0.550794 0)
(1.15337 0.259254 0)
(1.10886 -0.0890201 0)
(1.00833 -0.600873 0)
(0.632796 -1.20439 0)
(0.178314 -2.0838 0)
(-0.642902 -3.03841 0)
(-1.25397 -4.09005 0)
(-1.86901 -4.36575 0)
(-0.83466 -2.26362 0)
(-0.398664 1.43228 0)
(-0.729581 1.99554 0)
(-0.548315 2.17183 0)
(-0.308072 1.86777 0)
(0.192718 1.6477 0)
(0.592299 1.37147 0)
(1.07617 1.17144 0)
(1.46162 0.983342 0)
(1.86873 0.829963 0)
(2.18505 0.687098 0)
(2.50115 0.540228 0)
(2.70414 0.386403 0)
(2.89215 0.182854 0)
(2.89381 -0.0475787 0)
(2.86163 -0.393151 0)
(2.49591 -0.784194 0)
(2.08667 -1.41816 0)
(1.1363 -2.15602 0)
(0.305107 -3.29144 0)
(-0.770455 -3.94492 0)
(-0.693598 -2.95003 0)
(-0.253252 2.43515 0)
(-0.0889789 2.07463 0)
(0.698245 1.87589 0)
(1.33055 1.32349 0)
(2.11619 1.04837 0)
(2.70129 0.793382 0)
(3.30428 0.632739 0)
(3.76313 0.502313 0)
(4.21023 0.404726 0)
(4.54686 0.321969 0)
(4.86845 0.243221 0)
(5.07316 0.164466 0)
(5.26081 0.0653839 0)
(5.27384 -0.0463242 0)
(5.26451 -0.212853 0)
(4.95188 -0.407225 0)
(4.61389 -0.753203 0)
(3.72856 -1.22274 0)
(2.80094 -2.24706 0)
(1.0628 -3.32152 0)
(-0.0421578 -3.8017 0)
(1.67007 1.67236 0)
(2.71653 0.978319 0)
(4.56567 0.750937 0)
(5.40462 0.423767 0)
(6.2621 0.283677 0)
(6.75395 0.173317 0)
(7.20912 0.115617 0)
(7.50587 0.0754497 0)
(7.778 0.0503432 0)
(7.95975 0.0319982 0)
(8.12886 0.0165644 0)
(8.21638 0.00229648 0)
(8.29811 -0.0161648 0)
(8.26111 -0.0356038 0)
(8.22676 -0.0711103 0)
(7.96967 -0.106286 0)
(7.73744 -0.199206 0)
(6.99901 -0.295748 0)
(6.26888 -0.631182 0)
(4.05039 -1.00396 0)
(2.01242 -1.82648 0)
)
;

boundaryField
{
    movingWall
    {
        type            fixedValue;
        value           uniform (10 0 0);
    }
    fixedWalls
    {
        type            noSlip;
    }
    frontAndBack
    {
        type            empty;
    }
}


// ************************************************************************* //
