/*--------------------------------*- C++ -*----------------------------------*\
| =========                 |                                                 |
| \\      /  F ield         | OpenFOAM: The Open Source CFD Toolbox           |
|  \\    /   O peration     | Version:  4.1                                   |
|   \\  /    A nd           | Web:      www.OpenFOAM.org                      |
|    \\/     M anipulation  |                                                 |
\*---------------------------------------------------------------------------*/
FoamFile
{
    version     2.0;
    format      ascii;
    class       volVectorField;
    location    "0.032";
    object      U;
}
// * * * * * * * * * * * * * * * * * * * * * * * * * * * * * * * * * * * * * //

dimensions      [0 1 -1 0 0 0 0];

internalField   nonuniform List<vector> 
441
(
(0.00327733 -0.00459594 0)
(0.00812272 -0.00269367 0)
(-0.000673482 -2.23501e-165 0)
(0.00159522 -2.51883e-266 0)
(-0.00946054 -0.00638144 0)
(-0.00159522 -2.57974e-232 0)
(-1.08155e-202 -4.02274e-203 0)
(-1.0055e-203 -5.01019e-228 0)
(-1.37469e-212 -2.07862e-213 0)
(-0.00484336 7.36051e-266 0)
(-0.0575139 0.0193754 0)
(-0.0731315 0.0104686 0)
(-0.0838902 0.00511314 0)
(-0.0765351 0.000975893 0)
(-0.0667487 -0.00063827 0)
(-0.0492679 -0.00192195 0)
(-0.0333177 -0.00162775 0)
(-0.0169589 -0.00166132 0)
(-0.00489731 -0.000103418 0)
(0.000382995 0.000499035 0)
(0.00348034 0.00220315 0)
(0.00299025 -0.00659453 0)
(-0.00318826 0.00664107 0)
(-0.0279956 0.00758945 0)
(-0.0558718 0.0109114 0)
(-0.0954152 0.00884376 0)
(-0.129793 -0.00489697 0)
(-0.160369 -0.000598078 0)
(-0.188081 0.00109756 0)
(-0.211545 0.00993206 0)
(-0.235373 0.0508909 0)
(-0.251705 0.0472597 0)
(-0.246941 0.01618 0)
(-0.238327 -0.00210433 0)
(-0.210927 -0.0187067 0)
(-0.179185 -0.0266546 0)
(-0.13643 -0.0325333 0)
(-0.0959377 -0.0304642 0)
(-0.0559377 -0.0278612 0)
(-0.0251156 -0.0168242 0)
(-0.00706229 -0.00961011 0)
(0.00340844 0.00186149 0)
(0.00615635 -0.00498665 0)
(-0.00639923 0.0279018 0)
(-0.0504001 0.051282 0)
(-0.106077 0.0653978 0)
(-0.170423 0.0665505 0)
(-0.234956 0.0614979 0)
(-0.300665 0.0561787 0)
(-0.349571 0.0494513 0)
(-0.396744 0.0454205 0)
(-0.416064 0.0439136 0)
(-0.408379 0.0317433 0)
(-0.393694 -0.00190018 0)
(-0.369175 -0.0303112 0)
(-0.326435 -0.0580105 0)
(-0.276284 -0.0742951 0)
(-0.212691 -0.0853952 0)
(-0.151656 -0.0810702 0)
(-0.0908361 -0.0728965 0)
(-0.0436933 -0.047958 0)
(-0.0130342 -0.0283749 0)
(0.00457899 -0.000947614 0)
(0.00590268 -0.00652994 0)
(-0.0127038 0.0647523 0)
(-0.080735 0.107386 0)
(-0.15715 0.13292 0)
(-0.243731 0.138024 0)
(-0.327175 0.12772 0)
(-0.405468 0.115237 0)
(-0.469168 0.0978363 0)
(-0.518937 0.0781439 0)
(-0.544883 0.0602367 0)
(-0.545715 0.0246315 0)
(-0.525876 -0.023994 0)
(-0.491826 -0.0694793 0)
(-0.434863 -0.112565 0)
(-0.368203 -0.140198 0)
(-0.284603 -0.158416 0)
(-0.204039 -0.151798 0)
(-0.122591 -0.137277 0)
(-0.0597697 -0.0938796 0)
(-0.0167572 -0.0591663 0)
(0.00649574 -0.00625213 0)
(6.04087e-165 0.00147567 0)
(-0.0180761 0.11414 0)
(-0.111851 0.195003 0)
(-0.203517 0.227201 0)
(-0.309544 0.235699 0)
(-0.408285 0.221757 0)
(-0.502633 0.197217 0)
(-0.577816 0.162134 0)
(-0.637339 0.120668 0)
(-0.668162 0.0713074 0)
(-0.672667 0.0131324 0)
(-0.652385 -0.0555465 0)
(-0.612249 -0.120625 0)
(-0.544384 -0.181854 0)
(-0.463051 -0.22353 0)
(-0.358865 -0.250194 0)
(-0.258272 -0.241698 0)
(-0.152402 -0.218039 0)
(-0.0735716 -0.152224 0)
(-0.0149519 -0.0953468 0)
(0.0128499 -0.0103347 0)
(-4.98885e-266 0.00488156 0)
(-0.0726406 0.180809 0)
(-0.152628 0.291169 0)
(-0.259574 0.332283 0)
(-0.371366 0.342762 0)
(-0.482546 0.321834 0)
(-0.585513 0.285321 0)
(-0.672143 0.232799 0)
(-0.740028 0.169165 0)
(-0.781173 0.0948793 0)
(-0.796177 0.00906061 0)
(-0.780271 -0.0852967 0)
(-0.739899 -0.177271 0)
(-0.664155 -0.263084 0)
(-0.569876 -0.325247 0)
(-0.444188 -0.365194 0)
(-0.320827 -0.357263 0)
(-0.186526 -0.324668 0)
(-0.0881646 -0.229616 0)
(-0.0103468 -0.148532 0)
(0.0158356 -0.00738452 0)
(-0.0195262 0.0772702 0)
(-0.0993943 0.263497 0)
(-0.190326 0.382427 0)
(-0.305534 0.444389 0)
(-0.429618 0.458132 0)
(-0.552307 0.434776 0)
(-0.668265 0.386294 0)
(-0.767561 0.315986 0)
(-0.848742 0.229614 0)
(-0.90278 0.127302 0)
(-0.930317 0.0126906 0)
(-0.923359 -0.11204 0)
(-0.887188 -0.23583 0)
(-0.807339 -0.352514 0)
(-0.702332 -0.442065 0)
(-0.553044 -0.500539 0)
(-0.40458 -0.497186 0)
(-0.231674 -0.45255 0)
(-0.113741 -0.325496 0)
(0.00197132 -0.200909 0)
(5.48128e-266 -0.00395891 0)
(-0.0139596 0.12608 0)
(-0.0925627 0.352672 0)
(-0.206105 0.498 0)
(-0.337103 0.572423 0)
(-0.476344 0.589979 0)
(-0.613341 0.560945 0)
(-0.742858 0.501042 0)
(-0.857603 0.413326 0)
(-0.954668 0.304831 0)
(-1.02666 0.176024 0)
(-1.07239 0.029974 0)
(-1.08094 -0.129358 0)
(-1.05587 -0.292899 0)
(-0.97787 -0.449754 0)
(-0.865495 -0.578849 0)
(-0.693197 -0.666216 0)
(-0.514314 -0.676974 0)
(-0.298195 -0.620761 0)
(-0.14734 -0.459038 0)
(-0.0015714 -0.270867 0)
(2.00585e-24 -1.50641e-24 0)
(-0.0120899 0.180775 0)
(-0.0956206 0.453952 0)
(-0.22466 0.625719 0)
(-0.369607 0.713098 0)
(-0.52429 0.733446 0)
(-0.675647 0.700071 0)
(-0.820497 0.630008 0)
(-0.952245 0.52699 0)
(-1.06828 0.398627 0)
(-1.16194 0.24459 0)
(-1.23055 0.0675382 0)
(-1.26147 -0.128956 0)
(-1.25501 -0.337665 0)
(-1.18674 -0.543811 0)
(-1.07304 -0.724673 0)
(-0.879277 -0.853902 0)
(-0.667068 -0.88869 0)
(-0.395663 -0.823361 0)
(-0.200561 -0.615631 0)
(-0.00363552 -0.354282 0)
(8.2544e-77 -5.01464e-25 0)
(-0.0106491 0.234583 0)
(-0.096383 0.566902 0)
(-0.237971 0.772963 0)
(-0.395259 0.872836 0)
(-0.563817 0.896764 0)
(-0.728988 0.857415 0)
(-0.888347 0.778182 0)
(-1.03766 0.660984 0)
(-1.17368 0.514874 0)
(-1.29209 0.337785 0)
(-1.38809 0.129752 0)
(-1.44837 -0.10596 0)
(-1.46922 -0.36727 0)
(-1.42085 -0.634015 0)
(-1.3148 -0.885692 0)
(-1.10579 -1.07694 0)
(-0.858815 -1.15906 0)
(-0.523264 -1.09547 0)
(-0.268459 -0.846289 0)
(-0.00503851 -0.484006 0)
(2.30512e-164 -2.0636e-77 0)
(-0.0113846 0.284781 0)
(-0.103638 0.679627 0)
(-0.258671 0.92263 0)
(-0.428119 1.03697 0)
(-0.608746 1.06584 0)
(-0.785581 1.02294 0)
(-0.956497 0.937919 0)
(-1.12091 0.811187 0)
(-1.27453 0.652868 0)
(-1.41721 0.458353 0)
(-1.54131 0.224335 0)
(-1.6358 -0.0481832 0)
(-1.69119 -0.363617 0)
(-1.67492 -0.699014 0)
(-1.58977 -1.03689 0)
(-1.37927 -1.31268 0)
(-1.10555 -1.46656 0)
(-0.70532 -1.41973 0)
(-0.379614 -1.1237 0)
(-0.0634594 -0.632955 0)
(1.46539e-265 0.0111219 0)
(-0.0130836 0.350714 0)
(-0.110595 0.816387 0)
(-0.276495 1.09915 0)
(-0.454506 1.22381 0)
(-0.642327 1.25563 0)
(-0.8257 1.20536 0)
(-1.00202 1.11436 0)
(-1.17546 0.978752 0)
(-1.34011 0.811402 0)
(-1.50142 0.603895 0)
(-1.64929 0.348181 0)
(-1.77697 0.0427496 0)
(-1.87037 -0.32825 0)
(-1.89616 -0.737812 0)
(-1.84765 -1.18116 0)
(-1.65593 -1.56703 0)
(-1.37078 -1.83248 0)
(-0.907357 -1.83327 0)
(-0.484362 -1.48338 0)
(-0.0639072 -0.880235 0)
(0.0444874 -0.0603434 0)
(-0.0178117 0.404214 0)
(-0.126998 0.940141 0)
(-0.309258 1.26373 0)
(-0.496164 1.39959 0)
(-0.685684 1.4353 0)
(-0.868171 1.38013 0)
(-1.03802 1.28675 0)
(-1.20842 1.14772 0)
(-1.36916 0.978439 0)
(-1.53559 0.766833 0)
(-1.69289 0.500197 0)
(-1.84512 0.172912 0)
(-1.97103 -0.242685 0)
(-2.04662 -0.721515 0)
(-2.0502 -1.27313 0)
(-1.90764 -1.79146 0)
(-1.64728 -2.20962 0)
(-1.13124 -2.31341 0)
(-0.63368 -1.96039 0)
(0.0334268 -1.16732 0)
(2.0915e-231 -0.0111219 0)
(-0.0240368 0.49842 0)
(-0.143476 1.11094 0)
(-0.337149 1.47216 0)
(-0.525517 1.60134 0)
(-0.706268 1.63071 0)
(-0.875702 1.55795 0)
(-1.02434 1.45639 0)
(-1.17474 1.3097 0)
(-1.31191 1.13895 0)
(-1.46154 0.927115 0)
(-1.60539 0.65692 0)
(-1.76026 0.320108 0)
(-1.9028 -0.128015 0)
(-2.02278 -0.660036 0)
(-2.09223 -1.321 0)
(-2.03746 -1.97491 0)
(-1.86218 -2.60994 0)
(-1.38392 -2.86366 0)
(-0.845984 -2.64397 0)
(-0.00398557 -1.54649 0)
(5.28126e-202 4.30365e-184 0)
(-0.0414869 0.564505 0)
(-0.187625 1.24714 0)
(-0.401816 1.6417 0)
(-0.589657 1.76304 0)
(-0.744131 1.78361 0)
(-0.881999 1.69451 0)
(-0.981852 1.58515 0)
(-1.08612 1.43361 0)
(-1.16817 1.26517 0)
(-1.27123 1.06033 0)
(-1.36744 0.799341 0)
(-1.49664 0.471814 0)
(-1.6248 0.0217682 0)
(-1.77974 -0.529251 0)
(-1.90825 -1.25227 0)
(-1.98965 -2.01956 0)
(-1.94857 -2.84983 0)
(-1.62979 -3.33889 0)
(-1.11742 -3.31948 0)
(-0.00917761 -2.04049 0)
(1.72146e-183 1.88658e-184 0)
(-0.0610379 0.735205 0)
(-0.230522 1.47555 0)
(-0.449287 1.88333 0)
(-0.617766 1.94486 0)
(-0.723986 1.92988 0)
(-0.806679 1.7961 0)
(-0.833407 1.66439 0)
(-0.864626 1.49636 0)
(-0.863499 1.32528 0)
(-0.887946 1.12698 0)
(-0.902882 0.881321 0)
(-0.966715 0.578651 0)
(-1.04281 0.152129 0)
(-1.18997 -0.374416 0)
(-1.35872 -1.11553 0)
(-1.56948 -1.93217 0)
(-1.74097 -2.97676 0)
(-1.71217 -3.70299 0)
(-1.47355 -4.28461 0)
(-0.44661 -2.7086 0)
(4.23051e-254 -4.30365e-184 0)
(-0.126362 0.841604 0)
(-0.363136 1.62209 0)
(-0.577037 2.02328 0)
(-0.70325 2.02774 0)
(-0.700945 1.97136 0)
(-0.68296 1.79873 0)
(-0.582021 1.64372 0)
(-0.500136 1.46238 0)
(-0.376057 1.28957 0)
(-0.292211 1.10149 0)
(-0.194653 0.879419 0)
(-0.170115 0.616618 0)
(-0.158648 0.247498 0)
(-0.280509 -0.205005 0)
(-0.437646 -0.865659 0)
(-0.811451 -1.62664 0)
(-1.15617 -2.68242 0)
(-1.74175 -3.60627 0)
(-1.78574 -4.50206 0)
(-2.03075 -3.58882 0)
(-2.45808e-264 -0.208339 0)
(-0.180161 1.24559 0)
(-0.445833 1.93037 0)
(-0.583011 2.24542 0)
(-0.60029 2.06901 0)
(-0.438619 1.9234 0)
(-0.27323 1.67702 0)
(-0.0156188 1.48828 0)
(0.205371 1.29068 0)
(0.466313 1.11941 0)
(0.671691 0.947121 0)
(0.887988 0.7581 0)
(1.01631 0.546799 0)
(1.12841 0.258238 0)
(1.08378 -0.0867175 0)
(0.984325 -0.59548 0)
(0.611187 -1.19691 0)
(0.160141 -2.07537 0)
(-0.656093 -3.0297 0)
(-1.26148 -4.08141 0)
(-1.86995 -4.35738 0)
(-0.833356 -2.2608 0)
(-0.398605 1.43291 0)
(-0.72954 1.99615 0)
(-0.54875 2.17178 0)
(-0.309433 1.86675 0)
(0.18992 1.64564 0)
(0.587642 1.36844 0)
(1.06923 1.16759 0)
(1.45208 0.978909 0)
(1.85634 0.825285 0)
(2.16981 0.682629 0)
(2.48326 0.536545 0)
(2.68417 0.384105 0)
(2.87098 0.182484 0)
(2.87263 -0.0458102 0)
(2.8416 -0.389431 0)
(2.47818 -0.779307 0)
(2.0718 -1.41314 0)
(1.12499 -2.15163 0)
(0.297579 -3.28781 0)
(-0.77357 -3.94163 0)
(-0.693331 -2.94909 0)
(-0.253147 2.43554 0)
(-0.0885068 2.07517 0)
(0.698859 1.8762 0)
(1.3309 1.32334 0)
(2.11579 1.04769 0)
(2.69968 0.792205 0)
(3.30101 0.631156 0)
(3.75789 0.500457 0)
(4.20277 0.402777 0)
(4.53716 0.320153 0)
(4.85668 0.241808 0)
(5.05981 0.163728 0)
(5.24665 0.0655428 0)
(5.25989 -0.0452031 0)
(5.25177 -0.210929 0)
(4.94124 -0.404903 0)
(4.60573 -0.751106 0)
(3.72287 -1.22127 0)
(2.79731 -2.24641 0)
(1.06118 -3.32095 0)
(-0.0420436 -3.80174 0)
(1.67013 1.67243 0)
(2.7169 0.978426 0)
(4.56635 0.751028 0)
(5.40539 0.423791 0)
(6.26267 0.283619 0)
(6.75402 0.173187 0)
(7.20842 0.115435 0)
(7.50421 0.0752431 0)
(7.77527 0.0501461 0)
(7.95598 0.0318476 0)
(8.12419 0.0165021 0)
(8.21114 0.00235344 0)
(8.29275 -0.0159668 0)
(8.2562 -0.0352887 0)
(8.2228 -0.0707275 0)
(7.96705 -0.105944 0)
(7.73612 -0.199009 0)
(6.9987 -0.295765 0)
(6.269 -0.631419 0)
(4.05056 -1.00428 0)
(2.01273 -1.82691 0)
)
;

boundaryField
{
    movingWall
    {
        type            fixedValue;
        value           uniform (10 0 0);
    }
    fixedWalls
    {
        type            noSlip;
    }
    frontAndBack
    {
        type            empty;
    }
}


// ************************************************************************* //
