/*--------------------------------*- C++ -*----------------------------------*\
| =========                 |                                                 |
| \\      /  F ield         | OpenFOAM: The Open Source CFD Toolbox           |
|  \\    /   O peration     | Version:  4.1                                   |
|   \\  /    A nd           | Web:      www.OpenFOAM.org                      |
|    \\/     M anipulation  |                                                 |
\*---------------------------------------------------------------------------*/
FoamFile
{
    version     2.0;
    format      ascii;
    class       volVectorField;
    location    "0.0281";
    object      U;
}
// * * * * * * * * * * * * * * * * * * * * * * * * * * * * * * * * * * * * * //

dimensions      [0 1 -1 0 0 0 0];

internalField   nonuniform List<vector> 
441
(
(0.00328241 -0.00464236 0)
(0.00803731 -0.00275522 0)
(-0.000688901 -2.27074e-165 0)
(0.00156826 -2.44746e-266 0)
(-0.00973889 -0.00627358 0)
(-0.00156826 -2.55174e-232 0)
(-1.08525e-202 -3.87812e-203 0)
(-9.69341e-204 -4.7965e-228 0)
(-1.34901e-212 -1.9835e-213 0)
(-0.0047541 7.24107e-266 0)
(-0.0562513 0.0190181 0)
(-0.0717015 0.0103235 0)
(-0.0824784 0.00508157 0)
(-0.0756994 0.00105166 0)
(-0.0665627 -0.000542482 0)
(-0.0498229 -0.00182378 0)
(-0.0343528 -0.0016051 0)
(-0.0181218 -0.00169364 0)
(-0.00586136 -0.00021455 0)
(-2.48449e-05 0.000402746 0)
(0.00337316 0.00215132 0)
(0.00293726 -0.00646297 0)
(-0.00356159 0.0067342 0)
(-0.0285674 0.0075908 0)
(-0.056338 0.0110919 0)
(-0.0953454 0.00868691 0)
(-0.128766 -0.005189 0)
(-0.158205 -0.00066588 0)
(-0.18468 0.00104642 0)
(-0.20695 0.009679 0)
(-0.229719 0.0497529 0)
(-0.245393 0.0463077 0)
(-0.240844 0.0161756 0)
(-0.232938 -0.00147159 0)
(-0.207049 -0.0175247 0)
(-0.177034 -0.0253585 0)
(-0.136126 -0.0313703 0)
(-0.0969828 -0.0298918 0)
(-0.057617 -0.027875 0)
(-0.0266963 -0.0174929 0)
(-0.007812 -0.0103678 0)
(0.00322261 0.0013936 0)
(0.00607553 -0.0046272 0)
(-0.0066963 0.0283546 0)
(-0.0507673 0.0513513 0)
(-0.105816 0.064802 0)
(-0.168743 0.065174 0)
(-0.231487 0.0594541 0)
(-0.294799 0.0538708 0)
(-0.341231 0.047096 0)
(-0.385979 0.0432371 0)
(-0.40374 0.0421467 0)
(-0.395593 0.0309244 0)
(-0.381285 -0.0011284 0)
(-0.358008 -0.0281458 0)
(-0.317562 -0.054687 0)
(-0.270157 -0.0706509 0)
(-0.209577 -0.0820794 0)
(-0.150976 -0.0790891 0)
(-0.0917008 -0.0723659 0)
(-0.0450236 -0.0490123 0)
(-0.0137632 -0.0298447 0)
(0.00433834 -0.00191716 0)
(0.00595392 -0.00600682 0)
(-0.0124396 0.0651269 0)
(-0.0798655 0.106845 0)
(-0.154842 0.13102 0)
(-0.239086 0.134648 0)
(-0.31962 0.123221 0)
(-0.394512 0.110242 0)
(-0.454808 0.0928653 0)
(-0.501462 0.0738351 0)
(-0.525183 0.0571145 0)
(-0.524918 0.0235821 0)
(-0.50533 -0.0223565 0)
(-0.472746 -0.0653202 0)
(-0.418742 -0.106307 0)
(-0.355831 -0.133158 0)
(-0.276599 -0.151761 0)
(-0.199886 -0.147269 0)
(-0.121354 -0.135242 0)
(-0.0600198 -0.0947132 0)
(-0.0170223 -0.0609939 0)
(0.00628311 -0.00769685 0)
(6.02726e-165 0.00148848 0)
(-0.0175034 0.113779 0)
(-0.109719 0.193026 0)
(-0.198927 0.222851 0)
(-0.301458 0.229093 0)
(-0.396121 0.213435 0)
(-0.48587 0.188134 0)
(-0.556548 0.153294 0)
(-0.611906 0.113161 0)
(-0.639611 0.0662214 0)
(-0.642248 0.0114554 0)
(-0.621754 -0.053046 0)
(-0.583029 -0.114057 0)
(-0.518628 -0.171793 0)
(-0.442081 -0.211795 0)
(-0.343925 -0.238612 0)
(-0.249056 -0.232982 0)
(-0.148099 -0.213054 0)
(-0.0722428 -0.151805 0)
(-0.0146289 -0.096819 0)
(0.0125919 -0.0117632 0)
(-5.0033e-266 0.00485336 0)
(-0.0716601 0.179037 0)
(-0.149099 0.286625 0)
(-0.25255 0.324423 0)
(-0.359703 0.331818 0)
(-0.46562 0.308662 0)
(-0.562812 0.271208 0)
(-0.643741 0.219163 0)
(-0.706243 0.157545 0)
(-0.743001 0.0867859 0)
(-0.754857 0.00590644 0)
(-0.737779 -0.0824349 0)
(-0.698266 -0.168261 0)
(-0.626193 -0.248525 0)
(-0.537662 -0.307415 0)
(-0.419948 -0.346705 0)
(-0.304696 -0.342131 0)
(-0.178011 -0.31466 0)
(-0.084624 -0.226528 0)
(-0.00894461 -0.148719 0)
(0.015812 -0.00882053 0)
(-0.0194135 0.0763572 0)
(-0.0977163 0.259597 0)
(-0.185461 0.374436 0)
(-0.296285 0.431924 0)
(-0.414741 0.441654 0)
(-0.531056 0.415449 0)
(-0.640003 0.365761 0)
(-0.732221 0.296092 0)
(-0.806444 0.212342 0)
(-0.854382 0.114698 0)
(-0.876969 0.00667342 0)
(-0.867249 -0.109829 0)
(-0.830775 -0.224766 0)
(-0.754343 -0.332979 0)
(-0.655845 -0.416642 0)
(-0.516729 -0.472771 0)
(-0.379351 -0.47279 0)
(-0.217867 -0.434861 0)
(-0.107769 -0.318034 0)
(0.00336953 -0.198762 0)
(5.41092e-266 -0.00395299 0)
(-0.013822 0.124261 0)
(-0.0904773 0.346141 0)
(-0.20025 0.485901 0)
(-0.326187 0.554563 0)
(-0.458988 0.567056 0)
(-0.58864 0.534415 0)
(-0.709956 0.472855 0)
(-0.81614 0.38568 0)
(-0.904411 0.280149 0)
(-0.968135 0.156905 0)
(-1.00651 0.0190823 0)
(-1.01 -0.12953 0)
(-0.982717 -0.280816 0)
(-0.907235 -0.425193 0)
(-0.801722 -0.54437 0)
(-0.641822 -0.62631 0)
(-0.477448 -0.639375 0)
(-0.277673 -0.591291 0)
(-0.138445 -0.443636 0)
(-0.00126608 -0.264912 0)
(1.91126e-24 -1.6033e-24 0)
(-0.011899 0.177687 0)
(-0.0932773 0.444337 0)
(-0.218272 0.608936 0)
(-0.357781 0.689158 0)
(-0.505521 0.703225 0)
(-0.648802 0.665243 0)
(-0.784406 0.59275 0)
(-0.906129 0.489787 0)
(-1.01141 0.364315 0)
(-1.09438 0.216403 0)
(-1.15282 0.0490824 0)
(-1.17582 -0.133985 0)
(-1.16457 -0.326343 0)
(-1.0972 -0.514813 0)
(-0.99002 -0.680042 0)
(-0.810379 -0.799032 0)
(-0.615959 -0.833503 0)
(-0.366149 -0.777419 0)
(-0.187273 -0.588191 0)
(-0.00342166 -0.34291 0)
(7.83972e-77 -4.77816e-25 0)
(-0.0104596 0.230259 0)
(-0.0940949 0.554173 0)
(-0.231717 0.751415 0)
(-0.383597 0.842623 0)
(-0.545126 0.858865 0)
(-0.701901 0.813612 0)
(-0.851351 0.730769 0)
(-0.989508 0.612621 0)
(-1.11311 0.468778 0)
(-1.21859 0.297863 0)
(-1.30172 0.100761 0)
(-1.35117 -0.118791 0)
(-1.36442 -0.359129 0)
(-1.31478 -0.601933 0)
(-1.2141 -0.83064 0)
(-1.01981 -1.00485 0)
(-0.792942 -1.08212 0)
(-0.483692 -1.02773 0)
(-0.249951 -0.801816 0)
(-0.00493557 -0.464207 0)
(2.18157e-164 -1.95993e-77 0)
(-0.0112227 0.279254 0)
(-0.101722 0.663951 0)
(-0.253321 0.896512 0)
(-0.417916 1.00063 0)
(-0.592034 1.02024 0)
(-0.76082 0.969862 0)
(-0.921912 0.879657 0)
(-1.07488 0.750476 0)
(-1.21532 0.593256 0)
(-1.34384 0.404454 0)
(-1.45341 0.182192 0)
(-1.53503 -0.0715786 0)
(-1.58057 -0.361221 0)
(-1.56079 -0.66583 0)
(-1.4789 -0.97226 0)
(-1.28186 -1.2227 0)
(-1.02799 -1.36501 0)
(-0.656258 -1.3259 0)
(-0.355015 -1.0571 0)
(-0.0610969 -0.602461 0)
(1.36522e-265 0.0105468 0)
(-0.0130035 0.344345 0)
(-0.109464 0.79848 0)
(-0.273018 1.06935 0)
(-0.447409 1.18227 0)
(-0.630062 1.20322 0)
(-0.806722 1.14375 0)
(-0.974509 1.04574 0)
(-1.13765 0.905852 0)
(-1.29011 0.73805 0)
(-1.43801 0.535372 0)
(-1.57178 0.291817 0)
(-1.68656 0.00727814 0)
(-1.76943 -0.333546 0)
(-1.79005 -0.705897 0)
(-1.74207 -1.10954 0)
(-1.56002 -1.46135 0)
(-1.29097 -1.70728 0)
(-0.853678 -1.71185 0)
(-0.456279 -1.39255 0)
(-0.0606899 -0.834947 0)
(0.0421874 -0.0585604 0)
(-0.0178575 0.397494 0)
(-0.127059 0.921073 0)
(-0.308646 1.23167 0)
(-0.493928 1.35449 0)
(-0.68062 1.37786 0)
(-0.859001 1.31185 0)
(-1.02322 1.2097 0)
(-1.18646 1.06459 0)
(-1.33841 0.893286 0)
(-1.49493 0.685498 0)
(-1.64153 0.431078 0)
(-1.7837 0.12614 0)
(-1.90075 -0.256089 0)
(-1.97081 -0.692966 0)
(-1.97187 -1.19853 0)
(-1.83302 -1.67557 0)
(-1.5803 -2.06596 0)
(-1.08284 -2.16727 0)
(-0.605033 -1.84325 0)
(0.0329842 -1.10604 0)
(2.00603e-231 -0.0105468 0)
(-0.0242697 0.492168 0)
(-0.145146 1.09239 0)
(-0.340387 1.44008 0)
(-0.529902 1.55539 0)
(-0.711195 1.5714 0)
(-0.880463 1.48663 0)
(-1.02804 1.37502 0)
(-1.1765 1.2209 0)
(-1.31071 1.04691 0)
(-1.45665 0.838023 0)
(-1.59614 0.579782 0)
(-1.74653 0.265699 0)
(-1.8843 -0.147852 0)
(-1.99986 -0.636272 0)
(-2.06417 -1.24857 0)
(-2.00546 -1.85787 0)
(-1.82625 -2.45897 0)
(-1.35188 -2.70324 0)
(-0.821866 -2.50469 0)
(-0.00395165 -1.47124 0)
(5.09906e-202 4.19463e-184 0)
(-0.0419171 0.559663 0)
(-0.191027 1.23107 0)
(-0.409301 1.61232 0)
(-0.601541 1.7196 0)
(-0.760655 1.72649 0)
(-0.903253 1.62497 0)
(-1.00783 1.50506 0)
(-1.11674 1.34554 0)
(-1.20323 1.17333 0)
(-1.31046 0.970874 0)
(-1.41026 0.721266 0)
(-1.54207 0.415649 0)
(-1.67096 -0.00109419 0)
(-1.82383 -0.510511 0)
(-1.9458 -1.18725 0)
(-2.01632 -1.91181 0)
(-1.95942 -2.707 0)
(-1.6271 -3.18075 0)
(-1.10478 -3.17094 0)
(-0.00844501 -1.95399 0)
(1.67785e-183 2.38391e-184 0)
(-0.0616308 0.732744 0)
(-0.235366 1.46406 0)
(-0.460475 1.85969 0)
(-0.636465 1.90792 0)
(-0.751364 1.87989 0)
(-0.843663 1.73418 0)
(-0.880849 1.59231 0)
(-0.92319 1.41658 0)
(-0.933666 1.24177 0)
(-0.969731 1.04551 0)
(-0.995644 0.810201 0)
(-1.0686 0.52732 0)
(-1.15055 0.130606 0)
(-1.29842 -0.359644 0)
(-1.4608 -1.06103 0)
(-1.65664 -1.84225 0)
(-1.80412 -2.85591 0)
(-1.74599 -3.56626 0)
(-1.47937 -4.14403 0)
(-0.440344 -2.61956 0)
(4.15174e-254 -4.19463e-184 0)
(-0.126931 0.842114 0)
(-0.368207 1.61658 0)
(-0.589529 2.00764 0)
(-0.72512 2.00041 0)
(-0.734254 1.93243 0)
(-0.729315 1.74916 0)
(-0.643015 1.5851 0)
(-0.576953 1.39693 0)
(-0.469676 1.2208 0)
(-0.402713 1.03446 0)
(-0.32123 0.821205 0)
(-0.310013 0.575111 0)
(-0.307658 0.230764 0)
(-0.431781 -0.192386 0)
(-0.583605 -0.822482 0)
(-0.941249 -1.55819 0)
(-1.2608 -2.5938 0)
(-1.80711 -3.50578 0)
(-1.81392 -4.39622 0)
(-2.01463 -3.50702 0)
(-2.42365e-264 -0.20616 0)
(-0.180384 1.24867 0)
(-0.449119 1.93076 0)
(-0.592647 2.23851 0)
(-0.618842 2.05287 0)
(-0.468847 1.89786 0)
(-0.317292 1.64279 0)
(-0.0757023 1.44666 0)
(0.127655 1.24353 0)
(0.369626 1.06956 0)
(0.555854 0.898541 0)
(0.753987 0.716226 0)
(0.867371 0.517635 0)
(0.969533 0.247729 0)
(0.92236 -0.0754351 0)
(0.828205 -0.562774 0)
(0.469496 -1.14856 0)
(0.0405031 -2.01869 0)
(-0.742889 -2.96982 0)
(-1.31045 -4.02154 0)
(-1.87546 -4.3 0)
(-0.824642 -2.24111 0)
(-0.398241 1.43686 0)
(-0.729253 2.00002 0)
(-0.55141 2.17137 0)
(-0.317919 1.86004 0)
(0.172369 1.63226 0)
(0.558348 1.34883 0)
(1.02545 1.14271 0)
(1.39177 0.950167 0)
(1.77782 0.794691 0)
(2.07269 0.652914 0)
(2.36845 0.511308 0)
(2.55494 0.367253 0)
(2.73247 0.177856 0)
(2.73244 -0.0362912 0)
(2.70746 -0.366297 0)
(2.35818 -0.74727 0)
(1.97053 -1.3789 0)
(1.04765 -2.1209 0)
(0.246185 -3.26186 0)
(-0.79481 -3.91832 0)
(-0.691665 -2.94206 0)
(-0.252495 2.43796 0)
(-0.0855319 2.07858 0)
(0.702707 1.87814 0)
(1.33301 1.32226 0)
(2.11296 1.04319 0)
(2.68902 0.784506 0)
(3.27968 0.620846 0)
(3.72375 0.488359 0)
(4.15424 0.389974 0)
(4.47384 0.308036 0)
(4.77948 0.232066 0)
(4.97163 0.158151 0)
(5.15214 0.0657117 0)
(5.16557 -0.0386061 0)
(5.16452 -0.198644 0)
(4.8674 -0.389407 0)
(4.54835 -0.736538 0)
(3.68246 -1.21064 0)
(2.77152 -2.24128 0)
(1.04964 -3.31671 0)
(-0.0414388 -3.80168 0)
(1.67054 1.67285 0)
(2.71923 0.979107 0)
(4.57065 0.751605 0)
(5.41023 0.423935 0)
(6.26612 0.283237 0)
(6.75417 0.172342 0)
(7.20356 0.114259 0)
(7.49313 0.0739064 0)
(7.75723 0.0488563 0)
(7.93103 0.0308324 0)
(8.09319 0.0160271 0)
(8.17606 0.00262919 0)
(8.25641 -0.014768 0)
(8.22235 -0.033281 0)
(8.19481 -0.0681861 0)
(7.94783 -0.103573 0)
(7.72577 -0.197526 0)
(6.99567 -0.295722 0)
(6.26929 -0.632923 0)
(4.05154 -1.00649 0)
(2.01475 -1.82984 0)
)
;

boundaryField
{
    movingWall
    {
        type            fixedValue;
        value           uniform (10 0 0);
    }
    fixedWalls
    {
        type            noSlip;
    }
    frontAndBack
    {
        type            empty;
    }
}


// ************************************************************************* //
