/*--------------------------------*- C++ -*----------------------------------*\
| =========                 |                                                 |
| \\      /  F ield         | OpenFOAM: The Open Source CFD Toolbox           |
|  \\    /   O peration     | Version:  4.1                                   |
|   \\  /    A nd           | Web:      www.OpenFOAM.org                      |
|    \\/     M anipulation  |                                                 |
\*---------------------------------------------------------------------------*/
FoamFile
{
    version     2.0;
    format      ascii;
    class       volVectorField;
    location    "0.094";
    object      U;
}
// * * * * * * * * * * * * * * * * * * * * * * * * * * * * * * * * * * * * * //

dimensions      [0 1 -1 0 0 0 0];

internalField   nonuniform List<vector> 
441
(
(0.00378709 -0.00486843 0)
(0.00992088 -0.00254029 0)
(-0.000635071 -2.21638e-165 0)
(0.00199435 -3.3906e-266 0)
(-0.00836965 -0.00797771 0)
(-0.00199435 -3.09811e-232 0)
(-1.15161e-202 -5.71292e-203 0)
(-1.42817e-203 -7.5011e-228 0)
(-1.74711e-212 -3.2752e-213 0)
(-0.00623894 9.24924e-266 0)
(-0.0765164 0.0249566 0)
(-0.0960132 0.0130267 0)
(-0.107969 0.00593629 0)
(-0.0947301 0.000359526 0)
(-0.0776241 -0.00171551 0)
(-0.0513175 -0.00308057 0)
(-0.0287449 -0.00218337 0)
(-0.00878915 -0.00158474 0)
(0.00316585 0.000800202 0)
(0.00472359 0.00157545 0)
(0.00462104 0.00304576 0)
(0.00392365 -0.00865553 0)
(-0.000778708 0.00688601 0)
(-0.0276066 0.00861749 0)
(-0.0600377 0.0107954 0)
(-0.108539 0.0110683 0)
(-0.154558 -0.00318115 0)
(-0.197979 -0.000135476 0)
(-0.239821 0.00170393 0)
(-0.276953 0.0134711 0)
(-0.314259 0.0681362 0)
(-0.33944 0.0625839 0)
(-0.333284 0.0188618 0)
(-0.31753 -0.00784919 0)
(-0.273851 -0.0315061 0)
(-0.222614 -0.0419029 0)
(-0.15838 -0.0471389 0)
(-0.100488 -0.0401776 0)
(-0.0492743 -0.0316156 0)
(-0.0149852 -0.0137866 0)
(-0.000804225 -0.00375097 0)
(0.00502077 0.00652619 0)
(0.00775608 -0.00851605 0)
(-0.00517194 0.0286025 0)
(-0.0550376 0.0578592 0)
(-0.123008 0.0783212 0)
(-0.206349 0.0853434 0)
(-0.292685 0.0852125 0)
(-0.385637 0.0822921 0)
(-0.461507 0.0764109 0)
(-0.535835 0.0715782 0)
(-0.572235 0.067167 0)
(-0.567938 0.044929 0)
(-0.548938 -0.00759759 0)
(-0.510437 -0.0528018 0)
(-0.44306 -0.0943431 0)
(-0.362849 -0.116204 0)
(-0.266233 -0.125493 0)
(-0.176825 -0.110088 0)
(-0.0953722 -0.0876135 0)
(-0.0383117 -0.046557 0)
(-0.00793621 -0.0188828 0)
(0.00645506 0.00764363 0)
(0.0064419 -0.0115881 0)
(-0.0166902 0.0714792 0)
(-0.099243 0.126395 0)
(-0.196961 0.164604 0)
(-0.312292 0.181112 0)
(-0.428579 0.178932 0)
(-0.543261 0.170467 0)
(-0.64266 0.152847 0)
(-0.724294 0.126746 0)
(-0.772263 0.0974696 0)
(-0.781491 0.0390045 0)
(-0.756665 -0.0398018 0)
(-0.704826 -0.113913 0)
(-0.61616 -0.180316 0)
(-0.509872 -0.21859 0)
(-0.381454 -0.234744 0)
(-0.260375 -0.210484 0)
(-0.146588 -0.171841 0)
(-0.064764 -0.100329 0)
(-0.0158636 -0.0499178 0)
(0.00806577 0.00543424 0)
(7.04225e-165 0.00161048 0)
(-0.0253985 0.133822 0)
(-0.144611 0.237318 0)
(-0.267008 0.28986 0)
(-0.412663 0.315796 0)
(-0.554412 0.31425 0)
(-0.695489 0.294976 0)
(-0.815064 0.256281 0)
(-0.914092 0.200396 0)
(-0.97241 0.125099 0)
(-0.989495 0.0297403 0)
(-0.965792 -0.083994 0)
(-0.905911 -0.192538 0)
(-0.800861 -0.289672 0)
(-0.670834 -0.349825 0)
(-0.509122 -0.37593 0)
(-0.35397 -0.34345 0)
(-0.200944 -0.284393 0)
(-0.0916288 -0.17554 0)
(-0.0186566 -0.0926166 0)
(0.014679 0.00063061 0)
(-5.70679e-266 0.00592264 0)
(-0.0919382 0.220981 0)
(-0.202196 0.365903 0)
(-0.34923 0.434545 0)
(-0.508741 0.468342 0)
(-0.672157 0.462849 0)
(-0.8299 0.431754 0)
(-0.968976 0.371712 0)
(-1.08338 0.285014 0)
(-1.15918 0.172068 0)
(-1.19373 0.0326921 0)
(-1.17844 -0.124446 0)
(-1.11949 -0.278608 0)
(-1.00325 -0.417088 0)
(-0.852777 -0.509906 0)
(-0.656758 -0.554189 0)
(-0.463604 -0.517616 0)
(-0.264759 -0.437423 0)
(-0.122453 -0.28059 0)
(-0.0213722 -0.159502 0)
(0.0161378 0.00283083 0)
(-0.0236906 0.0968324 0)
(-0.128217 0.332339 0)
(-0.255041 0.494966 0)
(-0.416662 0.594481 0)
(-0.595511 0.637825 0)
(-0.777616 0.63385 0)
(-0.955838 0.590896 0)
(-1.11503 0.508758 0)
(-1.25051 0.390326 0)
(-1.34698 0.235192 0)
(-1.40175 0.0494869 0)
(-1.40154 -0.158563 0)
(-1.35053 -0.36673 0)
(-1.22985 -0.557392 0)
(-1.06379 -0.694864 0)
(-0.832777 -0.767097 0)
(-0.59924 -0.733166 0)
(-0.341315 -0.628108 0)
(-0.163306 -0.415615 0)
(-0.00816418 -0.233105 0)
(5.99551e-266 -0.00403444 0)
(-0.017499 0.160335 0)
(-0.122747 0.453508 0)
(-0.278274 0.654864 0)
(-0.460584 0.775778 0)
(-0.659353 0.829468 0)
(-0.860518 0.823432 0)
(-1.05708 0.769438 0)
(-1.23718 0.66623 0)
(-1.39471 0.517386 0)
(-1.51635 0.322726 0)
(-1.59736 0.0876896 0)
(-1.62027 -0.176772 0)
(-1.58697 -0.449772 0)
(-1.47172 -0.706142 0)
(-1.29821 -0.906313 0)
(-1.03713 -1.02306 0)
(-0.761222 -1.00746 0)
(-0.439308 -0.879887 0)
(-0.21157 -0.609069 0)
(-0.00381279 -0.33248 0)
(2.6371e-24 -1.05227e-24 0)
(-0.0155264 0.23332 0)
(-0.126037 0.591182 0)
(-0.298015 0.831087 0)
(-0.494803 0.973602 0)
(-0.709422 1.03633 0)
(-0.925334 1.02986 0)
(-1.13802 0.966553 0)
(-1.33666 0.845164 0)
(-1.51595 0.669208 0)
(-1.66354 0.437165 0)
(-1.77342 0.153995 0)
(-1.82601 -0.169512 0)
(-1.81971 -0.513813 0)
(-1.72226 -0.84754 0)
(-1.55408 -1.12726 0)
(-1.27331 -1.30747 0)
(-0.960362 -1.32732 0)
(-0.569796 -1.18333 0)
(-0.282921 -0.843199 0)
(-0.00506348 -0.452842 0)
(1.07125e-76 -6.59276e-25 0)
(-0.0134056 0.302442 0)
(-0.122758 0.737718 0)
(-0.303244 1.0243 0)
(-0.507679 1.18771 0)
(-0.731052 1.26035 0)
(-0.955483 1.25192 0)
(-1.17744 1.18095 0)
(-1.38911 1.04369 0)
(-1.58511 0.844432 0)
(-1.75619 0.579462 0)
(-1.89489 0.250515 0)
(-1.98156 -0.131665 0)
(-2.01102 -0.552815 0)
(-1.94533 -0.974462 0)
(-1.79911 -1.35438 0)
(-1.5163 -1.62294 0)
(-1.17773 -1.70947 0)
(-0.721541 -1.568 0)
(-0.367391 -1.16806 0)
(-0.00732959 -0.631122 0)
(2.97538e-164 -2.67812e-77 0)
(-0.0132725 0.36595 0)
(-0.122512 0.879227 0)
(-0.306771 1.21361 0)
(-0.512613 1.39906 0)
(-0.736258 1.48234 0)
(-0.960005 1.47414 0)
(-1.18076 1.39902 0)
(-1.39505 1.2513 0)
(-1.59718 1.03585 0)
(-1.78332 0.7461 0)
(-1.94449 0.380008 0)
(-2.06493 -0.0537726 0)
(-2.13514 -0.547957 0)
(-2.11558 -1.06038 0)
(-2.01175 -1.5528 0)
(-1.75392 -1.93277 0)
(-1.41469 -2.11707 0)
(-0.912435 -2.00228 0)
(-0.492307 -1.54549 0)
(-0.08199 -0.833831 0)
(1.79558e-265 0.0133879 0)
(-0.0136152 0.439103 0)
(-0.117783 1.03339 0)
(-0.297717 1.41586 0)
(-0.495202 1.61787 0)
(-0.707401 1.70886 0)
(-0.917984 1.69636 0)
(-1.1234 1.61663 0)
(-1.3258 1.45967 0)
(-1.51876 1.23291 0)
(-1.70576 0.926103 0)
(-1.87706 0.532277 0)
(-2.02383 0.0580418 0)
(-2.134 -0.501468 0)
(-2.1701 -1.10002 0)
(-2.12819 -1.71472 0)
(-1.92591 -2.22662 0)
(-1.61621 -2.54963 0)
(-1.08818 -2.50501 0)
(-0.589592 -1.99256 0)
(-0.0764323 -1.14349 0)
(0.0535517 -0.0777392 0)
(-0.0166846 0.492952 0)
(-0.119523 1.16037 0)
(-0.296301 1.58811 0)
(-0.480643 1.80542 0)
(-0.669997 1.90332 0)
(-0.853615 1.88759 0)
(-1.02501 1.80592 0)
(-1.19651 1.64518 0)
(-1.35838 1.41563 0)
(-1.52605 1.10398 0)
(-1.68681 0.698932 0)
(-1.84564 0.203729 0)
(-1.98549 -0.398897 0)
(-2.08164 -1.06528 0)
(-2.11673 -1.79138 0)
(-2.00394 -2.44642 0)
(-1.77198 -2.94798 0)
(-1.24445 -3.03791 0)
(-0.717104 -2.55082 0)
(0.0437065 -1.4843 0)
(2.47478e-231 -0.0133879 0)
(-0.0210171 0.5783 0)
(-0.119638 1.31606 0)
(-0.285951 1.78089 0)
(-0.446713 1.99271 0)
(-0.599311 2.08507 0)
(-0.740234 2.05182 0)
(-0.8595 1.96163 0)
(-0.980275 1.79327 0)
(-1.08912 1.56338 0)
(-1.21389 1.25472 0)
(-1.33975 0.851979 0)
(-1.48695 0.356902 0)
(-1.63748 -0.265356 0)
(-1.78408 -0.96905 0)
(-1.90379 -1.79121 0)
(-1.91619 -2.57542 0)
(-1.82077 -3.30732 0)
(-1.4007 -3.57812 0)
(-0.892657 -3.27403 0)
(-0.00292875 -1.89866 0)
(5.83182e-202 4.58834e-184 0)
(-0.0368141 0.626744 0)
(-0.148994 1.41926 0)
(-0.315171 1.91153 0)
(-0.451119 2.11342 0)
(-0.549902 2.19546 0)
(-0.630423 2.14456 0)
(-0.671428 2.04595 0)
(-0.717931 1.87382 0)
(-0.745764 1.65 0)
(-0.802273 1.35561 0)
(-0.863439 0.973583 0)
(-0.974056 0.504234 0)
(-1.10463 -0.0983049 0)
(-1.28808 -0.794724 0)
(-1.47575 -1.65102 0)
(-1.64708 -2.52591 0)
(-1.72284 -3.44667 0)
(-1.52177 -3.97446 0)
(-1.10625 -3.92485 0)
(-0.0114893 -2.40742 0)
(1.83534e-183 -1.49624e-184 0)
(-0.0553829 0.772357 0)
(-0.182336 1.59875 0)
(-0.338273 2.09264 0)
(-0.436241 2.22893 0)
(-0.465128 2.27172 0)
(-0.467994 2.17423 0)
(-0.413614 2.05361 0)
(-0.366964 1.86861 0)
(-0.294481 1.64977 0)
(-0.259595 1.37401 0)
(-0.231083 1.02396 0)
(-0.272431 0.600686 0)
(-0.349662 0.0471957 0)
(-0.525883 -0.594338 0)
(-0.753788 -1.4352 0)
(-1.05943 -2.32465 0)
(-1.35918 -3.43717 0)
(-1.48629 -4.20125 0)
(-1.39283 -4.80099 0)
(-0.466356 -3.05219 0)
(4.4021e-254 -4.58834e-184 0)
(-0.121247 0.850804 0)
(-0.316049 1.68911 0)
(-0.463546 2.16055 0)
(-0.512343 2.2307 0)
(-0.422712 2.22666 0)
(-0.314194 2.08821 0)
(-0.121248 1.94604 0)
(0.0478296 1.75384 0)
(0.250718 1.5444 0)
(0.398244 1.29485 0)
(0.540688 0.988862 0)
(0.585761 0.628974 0)
(0.593232 0.158983 0)
(0.439328 -0.38114 0)
(0.226708 -1.10946 0)
(-0.235757 -1.90949 0)
(-0.693105 -2.9937 0)
(-1.44241 -3.93961 0)
(-1.63968 -4.85378 0)
(-2.07411 -3.8765 0)
(-2.59567e-264 -0.216194 0)
(-0.177868 1.23144 0)
(-0.414482 1.94546 0)
(-0.497386 2.31143 0)
(-0.446274 2.1883 0)
(-0.203097 2.08739 0)
(0.0490938 1.87228 0)
(0.396789 1.69816 0)
(0.703965 1.49674 0)
(1.04332 1.30157 0)
(1.31192 1.08598 0)
(1.57191 0.836096 0)
(1.71865 0.553285 0)
(1.82337 0.190356 0)
(1.74449 -0.218312 0)
(1.5904 -0.771096 0)
(1.14158 -1.38865 0)
(0.601432 -2.26231 0)
(-0.33488 -3.2108 0)
(-1.07376 -4.26 0)
(-1.84033 -4.541 0)
(-0.864775 -2.31809 0)
(-0.400642 1.40902 0)
(-0.725289 1.97998 0)
(-0.516662 2.1866 0)
(-0.232833 1.91936 0)
(0.327667 1.73216 0)
(0.795977 1.4802 0)
(1.35536 1.29308 0)
(1.81581 1.10523 0)
(2.29306 0.938476 0)
(2.66698 0.769321 0)
(3.0233 0.584685 0)
(3.24288 0.386322 0)
(3.42293 0.136655 0)
(3.3908 -0.132585 0)
(3.30664 -0.503143 0)
(2.87399 -0.898819 0)
(2.39688 -1.51847 0)
(1.37067 -2.23523 0)
(0.462975 -3.35418 0)
(-0.704829 -4.00732 0)
(-0.701558 -2.96432 0)
(-0.257628 2.41935 0)
(-0.105338 2.05613 0)
(0.682126 1.8693 0)
(1.33087 1.33564 0)
(2.15026 1.07849 0)
(2.78163 0.837286 0)
(3.44049 0.684228 0)
(3.95802 0.554663 0)
(4.46182 0.450894 0)
(4.84591 0.355522 0)
(5.20072 0.258798 0)
(5.41871 0.159142 0)
(5.5983 0.0392261 0)
(5.58115 -0.0891777 0)
(5.5258 -0.264374 0)
(5.15674 -0.457493 0)
(4.76496 -0.790734 0)
(3.83201 -1.24479 0)
(2.86784 -2.25329 0)
(1.09301 -3.33039 0)
(-0.046454 -3.79873 0)
(1.66689 1.66921 0)
(2.70142 0.974241 0)
(4.54091 0.748157 0)
(5.37999 0.42389 0)
(6.24887 0.286727 0)
(6.76132 0.178493 0)
(7.24367 0.121706 0)
(7.56968 0.0812397 0)
(7.86972 0.0546142 0)
(8.07343 0.0338368 0)
(8.25578 0.0152986 0)
(8.34458 -0.00208507 0)
(8.41594 -0.0232298 0)
(8.35679 -0.043975 0)
(8.29434 -0.0791574 0)
(8.00612 -0.111919 0)
(7.74972 -0.200839 0)
(6.99546 -0.293185 0)
(6.26209 -0.624923 0)
(4.04569 -0.99713 0)
(2.00499 -1.81767 0)
)
;

boundaryField
{
    movingWall
    {
        type            fixedValue;
        value           uniform (10 0 0);
    }
    fixedWalls
    {
        type            noSlip;
    }
    frontAndBack
    {
        type            empty;
    }
}


// ************************************************************************* //
