/*--------------------------------*- C++ -*----------------------------------*\
| =========                 |                                                 |
| \\      /  F ield         | OpenFOAM: The Open Source CFD Toolbox           |
|  \\    /   O peration     | Version:  4.1                                   |
|   \\  /    A nd           | Web:      www.OpenFOAM.org                      |
|    \\/     M anipulation  |                                                 |
\*---------------------------------------------------------------------------*/
FoamFile
{
    version     2.0;
    format      ascii;
    class       volVectorField;
    location    "0.0016";
    object      U;
}
// * * * * * * * * * * * * * * * * * * * * * * * * * * * * * * * * * * * * * //

dimensions      [0 1 -1 0 0 0 0];

internalField   nonuniform List<vector> 
441
(
(0.000927635 -0.00365938 0)
(-0.00060468 -0.00437684 0)
(-0.00108926 -3.9073e-165 0)
(0.000992776 -3.17609e-267 0)
(-0.0163997 -0.00399235 0)
(-0.000992776 -2.57418e-232 0)
(-1.68366e-202 -2.324e-203 0)
(-5.80475e-204 -2.36817e-228 0)
(-1.71723e-212 -4.63908e-214 0)
(-0.00501252 9.37482e-266 0)
(-0.0492977 0.0201118 0)
(-0.0611054 0.0103245 0)
(-0.0704192 0.00448886 0)
(-0.0677047 0.000621446 0)
(-0.064202 -0.00118855 0)
(-0.0556902 -0.00247858 0)
(-0.0474219 -0.00294224 0)
(-0.0365118 -0.00357567 0)
(-0.0258883 -0.00349433 0)
(-0.014474 -0.00389616 0)
(-0.00250601 -0.0028922 0)
(-0.000689574 0.00357822 0)
(-0.014265 0.00673952 0)
(-0.032708 0.00167748 0)
(-0.046308 0.0142191 0)
(-0.0646936 0.00540251 0)
(-0.0782184 -0.0110146 0)
(-0.0892547 -0.00139927 0)
(-0.0991988 0.000784434 0)
(-0.106186 0.00893267 0)
(-0.115399 0.0411642 0)
(-0.116833 0.0339756 0)
(-0.109075 0.011259 0)
(-0.106686 0.00160197 0)
(-0.0978196 -0.00685098 0)
(-0.0898704 -0.0108258 0)
(-0.077059 -0.0146009 0)
(-0.0648928 -0.0159917 0)
(-0.0494362 -0.0184677 0)
(-0.0346782 -0.0182236 0)
(-0.0189351 -0.020074 0)
(-0.0026141 -0.0138975 0)
(0.00226793 0.00989924 0)
(-0.010602 0.0268906 0)
(-0.0380414 0.0296745 0)
(-0.0574324 0.0311315 0)
(-0.0729682 0.0270039 0)
(-0.0956409 0.0213309 0)
(-0.116902 0.0195979 0)
(-0.128302 0.0163216 0)
(-0.142533 0.0154405 0)
(-0.140769 0.0160726 0)
(-0.125893 0.0148502 0)
(-0.119295 0.00185046 0)
(-0.113615 -0.0063679 0)
(-0.104674 -0.0157005 0)
(-0.0955644 -0.0215343 0)
(-0.0816078 -0.0274461 0)
(-0.0684215 -0.0299929 0)
(-0.0510853 -0.0340123 0)
(-0.0354854 -0.0333218 0)
(-0.0184483 -0.0361823 0)
(-0.00122198 -0.0238182 0)
(0.00753093 0.0123615 0)
(-0.00116732 0.0486697 0)
(-0.0374111 0.0494908 0)
(-0.0613163 0.0501899 0)
(-0.0831944 0.0440554 0)
(-0.10374 0.0352105 0)
(-0.120639 0.0318322 0)
(-0.133455 0.0266349 0)
(-0.142314 0.0221692 0)
(-0.145326 0.021376 0)
(-0.140403 0.0116038 0)
(-0.133451 -0.0020403 0)
(-0.126231 -0.0135154 0)
(-0.114762 -0.0254667 0)
(-0.10336 -0.0339275 0)
(-0.0867749 -0.0423895 0)
(-0.0716103 -0.0461978 0)
(-0.0511664 -0.052314 0)
(-0.0341678 -0.0503701 0)
(-0.0144362 -0.0553844 0)
(0.00205609 -0.0334031 0)
(6.39633e-165 0.00188273 0)
(-0.00229704 0.0715334 0)
(-0.0454119 0.0893195 0)
(-0.0685168 0.0761539 0)
(-0.0930144 0.069097 0)
(-0.1139 0.0577946 0)
(-0.13246 0.0489383 0)
(-0.145307 0.0379012 0)
(-0.154868 0.0272805 0)
(-0.15704 0.0154617 0)
(-0.152767 0.00338418 0)
(-0.146509 -0.011584 0)
(-0.137963 -0.0246507 0)
(-0.125315 -0.0383642 0)
(-0.112292 -0.0489815 0)
(-0.0931722 -0.0593944 0)
(-0.0765568 -0.0647758 0)
(-0.0516632 -0.0719646 0)
(-0.0336566 -0.0689239 0)
(-0.00765223 -0.0729539 0)
(0.00879915 -0.0352144 0)
(-9.01112e-266 0.00612664 0)
(-0.0551781 0.0984525 0)
(-0.0596177 0.114071 0)
(-0.0874425 0.0992053 0)
(-0.104725 0.0895286 0)
(-0.12645 0.0755547 0)
(-0.142697 0.0635707 0)
(-0.156699 0.0491058 0)
(-0.16556 0.0340835 0)
(-0.169797 0.0183776 0)
(-0.168477 0.000797017 0)
(-0.162653 -0.0175584 0)
(-0.153733 -0.0349146 0)
(-0.139391 -0.0518696 0)
(-0.124313 -0.0659423 0)
(-0.102046 -0.0792129 0)
(-0.0826048 -0.0870327 0)
(-0.0519157 -0.0970418 0)
(-0.0300986 -0.0930296 0)
(0.0102179 -0.100513 0)
(0.0183271 -0.0319072 0)
(-0.0245065 0.0650408 0)
(-0.0638943 0.125708 0)
(-0.0746513 0.124176 0)
(-0.0985732 0.119524 0)
(-0.118615 0.108593 0)
(-0.140498 0.0949936 0)
(-0.158416 0.0792568 0)
(-0.17313 0.0605726 0)
(-0.182952 0.0405126 0)
(-0.187625 0.0186562 0)
(-0.186832 -0.00347526 0)
(-0.181058 -0.0261319 0)
(-0.171418 -0.0475259 0)
(-0.155693 -0.0678737 0)
(-0.139031 -0.085662 0)
(-0.113537 -0.101613 0)
(-0.0928975 -0.113677 0)
(-0.0552533 -0.125583 0)
(-0.0366777 -0.128998 0)
(0.0231154 -0.123067 0)
(6.21533e-266 -0.00458178 0)
(-0.0181336 0.097396 0)
(-0.0510852 0.149026 0)
(-0.0771005 0.149868 0)
(-0.106783 0.143725 0)
(-0.130806 0.132184 0)
(-0.155387 0.115769 0)
(-0.174538 0.096714 0)
(-0.190844 0.0737172 0)
(-0.201366 0.0488142 0)
(-0.207209 0.0219413 0)
(-0.20726 -0.00581505 0)
(-0.201705 -0.0334972 0)
(-0.191557 -0.0603795 0)
(-0.174687 -0.0851172 0)
(-0.156031 -0.107911 0)
(-0.128473 -0.126954 0)
(-0.104939 -0.144163 0)
(-0.0670889 -0.156651 0)
(-0.0450133 -0.167318 0)
(0.00289121 -0.145501 0)
(1.14147e-24 -4.14004e-24 0)
(-0.0151903 0.132736 0)
(-0.0514259 0.182551 0)
(-0.0855903 0.180157 0)
(-0.118745 0.171892 0)
(-0.147312 0.157375 0)
(-0.173988 0.137992 0)
(-0.195169 0.11484 0)
(-0.212613 0.0870926 0)
(-0.223934 0.0570336 0)
(-0.230362 0.0245078 0)
(-0.230654 -0.00877147 0)
(-0.22531 -0.0418551 0)
(-0.214699 -0.0742137 0)
(-0.197163 -0.103593 0)
(-0.176902 -0.131143 0)
(-0.147366 -0.153326 0)
(-0.121263 -0.173404 0)
(-0.0806036 -0.187066 0)
(-0.0554675 -0.195719 0)
(-0.00222379 -0.171512 0)
(4.03908e-77 -2.85367e-25 0)
(-0.0140356 0.165566 0)
(-0.0522919 0.220647 0)
(-0.0930973 0.218968 0)
(-0.130658 0.206269 0)
(-0.163631 0.188813 0)
(-0.193221 0.164148 0)
(-0.216174 0.13628 0)
(-0.234968 0.102703 0)
(-0.246783 0.0670266 0)
(-0.253958 0.0285661 0)
(-0.254535 -0.0108498 0)
(-0.249759 -0.049879 0)
(-0.238993 -0.088812 0)
(-0.221245 -0.123814 0)
(-0.199388 -0.157999 0)
(-0.167692 -0.184322 0)
(-0.138069 -0.210677 0)
(-0.0935178 -0.225771 0)
(-0.0649075 -0.243968 0)
(-0.00920153 -0.207517 0)
(9.44959e-165 -1.00977e-77 0)
(-0.0151422 0.197317 0)
(-0.0590471 0.259948 0)
(-0.106843 0.258007 0)
(-0.149221 0.240973 0)
(-0.186223 0.21984 0)
(-0.21811 0.189573 0)
(-0.241905 0.156686 0)
(-0.261081 0.117206 0)
(-0.272453 0.0761683 0)
(-0.279836 0.0321 0)
(-0.280373 -0.012847 0)
(-0.276707 -0.0573796 0)
(-0.266457 -0.102538 0)
(-0.250162 -0.143155 0)
(-0.227794 -0.184064 0)
(-0.196312 -0.214842 0)
(-0.163245 -0.245646 0)
(-0.120416 -0.26136 0)
(-0.0855848 -0.274779 0)
(-0.0605395 -0.240519 0)
(-4.40431e-266 0.00272126 0)
(-0.0174716 0.241913 0)
(-0.0668791 0.3145 0)
(-0.121712 0.312082 0)
(-0.168948 0.28707 0)
(-0.209311 0.260195 0)
(-0.243043 0.220705 0)
(-0.266606 0.180955 0)
(-0.285513 0.133699 0)
(-0.295616 0.0866069 0)
(-0.302985 0.036564 0)
(-0.303384 -0.0140086 0)
(-0.301385 -0.0641042 0)
(-0.292393 -0.116169 0)
(-0.278716 -0.163301 0)
(-0.256932 -0.213251 0)
(-0.225035 -0.250492 0)
(-0.187879 -0.288187 0)
(-0.132345 -0.306114 0)
(-0.0874264 -0.306211 0)
(-0.0168504 -0.295098 0)
(0.010885 -0.0720539 0)
(-0.0223646 0.278603 0)
(-0.0820094 0.361319 0)
(-0.147707 0.3587 0)
(-0.20127 0.325995 0)
(-0.243528 0.293515 0)
(-0.277394 0.245119 0)
(-0.297565 0.199205 0)
(-0.313999 0.145302 0)
(-0.320516 0.0937644 0)
(-0.326856 0.0396375 0)
(-0.326459 -0.0144295 0)
(-0.326983 -0.0680361 0)
(-0.32032 -0.125264 0)
(-0.312173 -0.177803 0)
(-0.293203 -0.237551 0)
(-0.26431 -0.282815 0)
(-0.224503 -0.337178 0)
(-0.152127 -0.361088 0)
(-0.0985153 -0.387625 0)
(0.0519284 -0.339025 0)
(1.03552e-231 -0.00272126 0)
(-0.028747 0.350872 0)
(-0.0983296 0.44368 0)
(-0.174446 0.437148 0)
(-0.233289 0.385211 0)
(-0.275541 0.341013 0)
(-0.30791 0.276036 0)
(-0.32285 0.220573 0)
(-0.33575 0.157299 0)
(-0.337726 0.100822 0)
(-0.342735 0.0427537 0)
(-0.34131 -0.0140673 0)
(-0.344769 -0.0703141 0)
(-0.341055 -0.13275 0)
(-0.34059 -0.190955 0)
(-0.326773 -0.264503 0)
(-0.30834 -0.320789 0)
(-0.269404 -0.404332 0)
(-0.205172 -0.436733 0)
(-0.135064 -0.508926 0)
(0.00254176 -0.408643 0)
(8.46166e-203 6.83959e-185 0)
(-0.0438005 0.399403 0)
(-0.134782 0.500748 0)
(-0.227669 0.490815 0)
(-0.292932 0.421831 0)
(-0.328323 0.367293 0)
(-0.354566 0.288998 0)
(-0.357019 0.227038 0)
(-0.362618 0.158427 0)
(-0.356176 0.100848 0)
(-0.358476 0.0428919 0)
(-0.354872 -0.0124939 0)
(-0.362337 -0.0672669 0)
(-0.362386 -0.129776 0)
(-0.374321 -0.189604 0)
(-0.368233 -0.270068 0)
(-0.370426 -0.33632 0)
(-0.334196 -0.439504 0)
(-0.285944 -0.491419 0)
(-0.190113 -0.591492 0)
(-0.00437522 -0.474116 0)
(2.73584e-184 -1.43011e-183 0)
(-0.0604356 0.540072 0)
(-0.170475 0.634128 0)
(-0.274717 0.607481 0)
(-0.341696 0.48909 0)
(-0.366545 0.411401 0)
(-0.384757 0.306113 0)
(-0.374609 0.23363 0)
(-0.373626 0.157006 0)
(-0.359872 0.0987056 0)
(-0.360132 0.0417889 0)
(-0.354537 -0.0106844 0)
(-0.36505 -0.0623625 0)
(-0.36806 -0.124087 0)
(-0.390159 -0.184516 0)
(-0.393279 -0.275845 0)
(-0.41653 -0.354314 0)
(-0.39555 -0.502072 0)
(-0.381387 -0.581583 0)
(-0.288962 -0.807802 0)
(-0.151742 -0.60823 0)
(-2.55434e-256 -6.83959e-185 0)
(-0.113356 0.616355 0)
(-0.274247 0.70123 0)
(-0.386587 0.656782 0)
(-0.450549 0.503258 0)
(-0.440116 0.409123 0)
(-0.440599 0.290699 0)
(-0.404058 0.21592 0)
(-0.391968 0.140553 0)
(-0.365993 0.0874379 0)
(-0.363234 0.0370373 0)
(-0.354467 -0.00780772 0)
(-0.369581 -0.0516476 0)
(-0.375917 -0.105298 0)
(-0.415248 -0.159012 0)
(-0.429218 -0.244386 0)
(-0.498088 -0.324436 0)
(-0.49273 -0.473328 0)
(-0.591339 -0.58475 0)
(-0.473596 -0.808584 0)
(-0.629559 -0.756301 0)
(-1.36141e-264 -0.0882363 0)
(-0.157101 0.954127 0)
(-0.351818 0.916808 0)
(-0.449429 0.809627 0)
(-0.499062 0.545187 0)
(-0.457598 0.416648 0)
(-0.445233 0.2701 0)
(-0.393396 0.192358 0)
(-0.377245 0.118578 0)
(-0.346078 0.0725788 0)
(-0.343198 0.0304352 0)
(-0.332738 -0.0051989 0)
(-0.349335 -0.0397043 0)
(-0.355653 -0.0834689 0)
(-0.399836 -0.128412 0)
(-0.419991 -0.205674 0)
(-0.503154 -0.28496 0)
(-0.527646 -0.438007 0)
(-0.647384 -0.585435 0)
(-0.624281 -0.840216 0)
(-0.689883 -1.0238 0)
(-0.352945 -0.764822 0)
(-0.345128 1.09058 0)
(-0.637229 0.963992 0)
(-0.604947 0.795806 0)
(-0.607158 0.492512 0)
(-0.464035 0.354313 0)
(-0.422782 0.216036 0)
(-0.333042 0.148336 0)
(-0.307903 0.0883815 0)
(-0.265541 0.0535842 0)
(-0.261547 0.022902 0)
(-0.248328 -0.00210889 0)
(-0.26815 -0.0255256 0)
(-0.275102 -0.0560224 0)
(-0.331491 -0.085863 0)
(-0.358018 -0.142928 0)
(-0.479202 -0.198868 0)
(-0.524381 -0.330239 0)
(-0.732645 -0.456308 0)
(-0.734027 -0.762316 0)
(-0.834517 -0.980127 0)
(-0.474547 -1.11141 0)
(-0.227409 2.00819 0)
(-0.292255 1.17921 0)
(-0.0542227 0.831068 0)
(0.0142201 0.398555 0)
(0.195836 0.254162 0)
(0.244825 0.134251 0)
(0.337117 0.0860966 0)
(0.359342 0.0484923 0)
(0.400469 0.0288414 0)
(0.402956 0.0128435 0)
(0.417459 0.00019311 0)
(0.399731 -0.0109408 0)
(0.399021 -0.0260633 0)
(0.350353 -0.0403733 0)
(0.338836 -0.0730944 0)
(0.233037 -0.109119 0)
(0.211157 -0.21977 0)
(0.00389654 -0.361776 0)
(-0.0200026 -0.812583 0)
(-0.311639 -1.27702 0)
(-0.193779 -2.17406 0)
(1.57206 1.49645 0)
(2.21113 0.723795 0)
(3.35174 0.481295 0)
(3.59811 0.213291 0)
(3.9267 0.126366 0)
(4.00123 0.0611176 0)
(4.10808 0.0361739 0)
(4.13097 0.0192555 0)
(4.17032 0.0108437 0)
(4.17284 0.00499382 0)
(4.18709 0.00045697 0)
(4.17268 -0.00343701 0)
(4.1754 -0.00910809 0)
(4.13326 -0.0150721 0)
(4.12798 -0.030121 0)
(4.01946 -0.0468573 0)
(3.99055 -0.105168 0)
(3.66991 -0.171191 0)
(3.50091 -0.430544 0)
(2.3595 -0.691703 0)
(1.63474 -1.48191 0)
)
;

boundaryField
{
    movingWall
    {
        type            fixedValue;
        value           uniform (10 0 0);
    }
    fixedWalls
    {
        type            noSlip;
    }
    frontAndBack
    {
        type            empty;
    }
}


// ************************************************************************* //
