/*--------------------------------*- C++ -*----------------------------------*\
| =========                 |                                                 |
| \\      /  F ield         | OpenFOAM: The Open Source CFD Toolbox           |
|  \\    /   O peration     | Version:  4.1                                   |
|   \\  /    A nd           | Web:      www.OpenFOAM.org                      |
|    \\/     M anipulation  |                                                 |
\*---------------------------------------------------------------------------*/
FoamFile
{
    version     2.0;
    format      ascii;
    class       volVectorField;
    location    "0.1063";
    object      U;
}
// * * * * * * * * * * * * * * * * * * * * * * * * * * * * * * * * * * * * * //

dimensions      [0 1 -1 0 0 0 0];

internalField   nonuniform List<vector> 
441
(
(0.00386216 -0.00492478 0)
(0.0101396 -0.00254128 0)
(-0.00063532 -2.22603e-165 0)
(0.00203291 -3.46849e-266 0)
(-0.00837778 -0.00813186 0)
(-0.00203291 -3.14949e-232 0)
(-1.16466e-202 -5.83954e-203 0)
(-1.45984e-203 -7.66904e-228 0)
(-1.77701e-212 -3.34885e-213 0)
(-0.00634531 9.40211e-266 0)
(-0.0778506 0.0253818 0)
(-0.097548 0.0132222 0)
(-0.109497 0.00599893 0)
(-0.0957922 0.000325891 0)
(-0.0781641 -0.00177611 0)
(-0.0512862 -0.00313861 0)
(-0.028317 -0.00220209 0)
(-0.00817107 -0.00156136 0)
(0.00373225 0.000870817 0)
(0.00503007 0.00165557 0)
(0.00469036 0.00310504 0)
(0.00403306 -0.0088946 0)
(-0.000600977 0.0069571 0)
(-0.0278148 0.00877551 0)
(-0.0608537 0.0108875 0)
(-0.110328 0.0112822 0)
(-0.157403 -0.00311275 0)
(-0.201847 -0.000118202 0)
(-0.244689 0.00174596 0)
(-0.282655 0.0137183 0)
(-0.320687 0.0693317 0)
(-0.346166 0.0635389 0)
(-0.339552 0.0188695 0)
(-0.322987 -0.00840816 0)
(-0.277978 -0.0324739 0)
(-0.225313 -0.0429527 0)
(-0.159639 -0.0480656 0)
(-0.100646 -0.040752 0)
(-0.0487584 -0.0317849 0)
(-0.0142979 -0.0135405 0)
(-0.000377204 -0.00332979 0)
(0.00511621 0.0068439 0)
(0.00793778 -0.00885517 0)
(-0.00515342 0.0289197 0)
(-0.0559031 0.0588454 0)
(-0.125309 0.0798488 0)
(-0.210564 0.0871964 0)
(-0.298879 0.0872197 0)
(-0.393993 0.084249 0)
(-0.471692 0.0781888 0)
(-0.547616 0.0730735 0)
(-0.584671 0.0682714 0)
(-0.579957 0.0452048 0)
(-0.56005 -0.00864584 0)
(-0.520079 -0.0548749 0)
(-0.450712 -0.0971256 0)
(-0.368336 -0.119126 0)
(-0.269547 -0.128091 0)
(-0.178359 -0.111875 0)
(-0.0956536 -0.0884378 0)
(-0.0380044 -0.0463936 0)
(-0.00762443 -0.018214 0)
(0.00655562 0.00821775 0)
(0.00653923 -0.0120457 0)
(-0.0171355 0.0726263 0)
(-0.101443 0.128854 0)
(-0.201417 0.168094 0)
(-0.31947 0.185217 0)
(-0.43853 0.183186 0)
(-0.555914 0.17451 0)
(-0.657593 0.156335 0)
(-0.740889 0.129297 0)
(-0.789578 0.0988655 0)
(-0.798457 0.0386259 0)
(-0.772445 -0.0421872 0)
(-0.718739 -0.117944 0)
(-0.627582 -0.185454 0)
(-0.518558 -0.223987 0)
(-0.387324 -0.23964 0)
(-0.263813 -0.214093 0)
(-0.148127 -0.173863 0)
(-0.065175 -0.10067 0)
(-0.0158522 -0.0492935 0)
(0.00813783 0.00616615 0)
(7.1708e-165 0.00163481 0)
(-0.0261394 0.136431 0)
(-0.148102 0.242304 0)
(-0.273468 0.296335 0)
(-0.422618 0.323116 0)
(-0.567732 0.321692 0)
(-0.712027 0.301878 0)
(-0.834179 0.261974 0)
(-0.935038 0.204251 0)
(-0.994078 0.126589 0)
(-1.01077 0.02848 0)
(-0.985768 -0.0880888 0)
(-0.923786 -0.19897 0)
(-0.815937 -0.297687 0)
(-0.682754 -0.3583 0)
(-0.517677 -0.383789 0)
(-0.359471 -0.349565 0)
(-0.203854 -0.288255 0)
(-0.092824 -0.176919 0)
(-0.0189377 -0.0924382 0)
(0.0147523 0.00128545 0)
(-5.81025e-266 0.0060475 0)
(-0.0940483 0.225702 0)
(-0.207116 0.374024 0)
(-0.357717 0.444521 0)
(-0.521029 0.479285 0)
(-0.688179 0.473696 0)
(-0.849309 0.441594 0)
(-0.991095 0.379612 0)
(-1.10734 0.290133 0)
(-1.18394 0.173792 0)
(-1.21822 0.0306229 0)
(-1.20167 -0.130246 0)
(-1.14063 -0.287544 0)
(-1.02149 -0.428204 0)
(-0.867656 -0.521836 0)
(-0.667876 -0.565533 0)
(-0.471152 -0.526873 0)
(-0.269047 -0.443775 0)
(-0.124455 -0.283547 0)
(-0.0220168 -0.16016 0)
(0.016139 0.00337586 0)
(-0.02419 0.099012 0)
(-0.131165 0.339807 0)
(-0.261055 0.506325 0)
(-0.426428 0.608283 0)
(-0.609253 0.65265 0)
(-0.795183 0.648377 0)
(-0.976836 0.603867 0)
(-1.13872 0.51899 0)
(-1.27605 0.396807 0)
(-1.37334 0.2372 0)
(-1.42796 0.046696 0)
(-1.42665 -0.166012 0)
(-1.37373 -0.378146 0)
(-1.2503 -0.571679 0)
(-1.08092 -0.710466 0)
(-0.845992 -0.78232 0)
(-0.608546 -0.746112 0)
(-0.346735 -0.637548 0)
(-0.165891 -0.42062 0)
(-0.00871014 -0.234945 0)
(6.01862e-266 -0.00403476 0)
(-0.0178753 0.163938 0)
(-0.125499 0.463751 0)
(-0.28441 0.669787 0)
(-0.470544 0.793476 0)
(-0.67325 0.848188 0)
(-0.878114 0.841525 0)
(-1.07791 0.785395 0)
(-1.26052 0.678669 0)
(-1.41977 0.525178 0)
(-1.54222 0.325118 0)
(-1.62321 0.0843735 0)
(-1.64526 -0.185588 0)
(-1.61043 -0.463366 0)
(-1.49283 -0.723342 0)
(-1.31639 -0.925482 0)
(-1.05159 -1.04228 0)
(-0.77177 -1.02452 0)
(-0.445537 -0.893017 0)
(-0.214557 -0.616886 0)
(-0.00392837 -0.335771 0)
(2.66617e-24 -1.03796e-24 0)
(-0.0158402 0.238555 0)
(-0.128527 0.604377 0)
(-0.303685 0.849614 0)
(-0.503981 0.995125 0)
(-0.722157 1.05876 0)
(-0.941327 1.05128 0)
(-1.1568 0.985246 0)
(-1.35755 0.859606 0)
(-1.53826 0.678205 0)
(-1.68652 0.439965 0)
(-1.79644 0.150345 0)
(-1.84846 -0.179351 0)
(-1.8411 -0.529107 0)
(-1.74195 -0.867111 0)
(-1.5716 -1.14951 0)
(-1.28778 -1.33037 0)
(-0.971411 -1.34849 0)
(-0.576614 -1.20041 0)
(-0.286328 -0.854257 0)
(-0.00512571 -0.457768 0)
(1.0815e-76 -6.66542e-25 0)
(-0.013613 0.308836 0)
(-0.124633 0.753324 0)
(-0.307699 1.04589 0)
(-0.514966 1.21246 0)
(-0.741175 1.28586 0)
(-0.96813 1.27605 0)
(-1.19216 1.2018 0)
(-1.40531 1.05966 0)
(-1.60222 0.854317 0)
(-1.77368 0.582576 0)
(-1.91237 0.246682 0)
(-1.9987 -0.142109 0)
(-2.02762 -0.569139 0)
(-1.96107 -0.995536 0)
(-1.81373 -1.37875 0)
(-1.52903 -1.64867 0)
(-1.18809 -1.73418 0)
(-0.72833 -1.58887 0)
(-0.371042 -1.18261 0)
(-0.00746667 -0.637948 0)
(3.00144e-164 -2.70375e-77 0)
(-0.0133802 0.373228 0)
(-0.123596 0.896654 0)
(-0.309471 1.23752 0)
(-0.517117 1.42622 0)
(-0.742545 1.51011 0)
(-0.967792 1.50015 0)
(-1.18965 1.42125 0)
(-1.40458 1.26814 0)
(-1.60695 1.04615 0)
(-1.79301 0.749276 0)
(-1.95398 0.376023 0)
(-2.0742 -0.0644683 0)
(-2.14437 -0.564609 0)
(-2.12483 -1.08193 0)
(-2.02112 -1.57802 0)
(-1.76292 -1.95997 0)
(-1.42288 -2.14415 0)
(-0.918489 -2.02614 0)
(-0.495967 -1.56313 0)
(-0.0828681 -0.842543 0)
(1.80231e-265 0.0134526 0)
(-0.0136057 0.446681 0)
(-0.117877 1.05159 0)
(-0.298186 1.44086 0)
(-0.496176 1.6462 0)
(-0.708852 1.73765 0)
(-0.919713 1.7231 0)
(-1.12512 1.63924 0)
(-1.32721 1.47653 0)
(-1.51963 1.24297 0)
(-1.70603 0.928961 0)
(-1.87685 0.52806 0)
(-2.02345 0.0473703 0)
(-2.13395 -0.51777 0)
(-2.17085 -1.12093 0)
(-2.13026 -1.73928 0)
(-1.92924 -2.25352 0)
(-1.62054 -2.57726 0)
(-1.09215 -2.53049 0)
(-0.59235 -2.01225 0)
(-0.0767806 -1.15408 0)
(0.0538104 -0.0786331 0)
(-0.0165582 0.500308 0)
(-0.118556 1.17827 0)
(-0.294324 1.6129 0)
(-0.47772 1.83357 0)
(-0.666108 1.93184 0)
(-0.848694 1.91387 0)
(-1.01893 1.82785 0)
(-1.18919 1.6612 0)
(-1.34983 1.42482 0)
(-1.51644 1.10611 0)
(-1.67649 0.694335 0)
(-1.83515 0.193227 0)
(-1.97558 -0.414357 0)
(-2.07313 -1.08466 0)
(-2.11047 -1.81397 0)
(-2.00033 -2.47132 0)
(-1.77121 -2.97434 0)
(-1.24527 -3.06338 0)
(-0.718555 -2.57209 0)
(0.0443257 -1.49609 0)
(2.48782e-231 -0.0134526 0)
(-0.0207777 0.584802 0)
(-0.117624 1.33242 0)
(-0.281537 1.80395 0)
(-0.43989 2.01914 0)
(-0.590088 2.11189 0)
(-0.72873 2.0764 0)
(-0.845813 1.98187 0)
(-0.96461 1.8077 0)
(-1.07176 1.57119 0)
(-1.19525 1.25586 0)
(-1.32038 0.846938 0)
(-1.46753 0.346699 0)
(-1.61886 -0.279631 0)
(-1.76721 -0.98627 0)
(-1.88971 -1.81078 0)
(-1.90574 -2.59679 0)
(-1.8145 -3.33041 0)
(-1.39814 -3.60137 0)
(-0.892632 -3.29505 0)
(-0.002856 -1.91087 0)
(5.84293e-202 4.59268e-184 0)
(-0.0364858 0.631876 0)
(-0.146107 1.43299 0)
(-0.308668 1.93154 0)
(-0.440905 2.13678 0)
(-0.536014 2.21934 0)
(-0.613198 2.16641 0)
(-0.651234 2.06375 0)
(-0.695316 1.88621 0)
(-0.721313 1.65627 0)
(-0.776677 1.35577 0)
(-0.83739 0.968255 0)
(-0.948306 0.494524 0)
(-1.07994 -0.111185 0)
(-1.26533 -0.809538 0)
(-1.45588 -1.66713 0)
(-1.63113 -2.54295 0)
(-1.71166 -3.46505 0)
(-1.51561 -3.99363 0)
(-1.10434 -3.94353 0)
(-0.0115362 -2.41925 0)
(1.83707e-183 -1.6372e-184 0)
(-0.0550043 0.775689 0)
(-0.178902 1.60893 0)
(-0.330385 2.10841 0)
(-0.423686 2.24799 0)
(-0.447956 2.29155 0)
(-0.446739 2.19252 0)
(-0.388915 2.06849 0)
(-0.339699 1.87881 0)
(-0.265537 1.65464 0)
(-0.229912 1.37359 0)
(-0.201489 1.0188 0)
(-0.243692 0.591877 0)
(-0.322398 0.0359453 0)
(-0.500736 -0.606717 0)
(-0.731376 -1.44796 0)
(-1.04067 -2.33733 0)
(-1.34489 -3.45043 0)
(-1.47748 -4.21517 0)
(-1.38907 -4.81569 0)
(-0.466842 -3.06251 0)
(4.40374e-254 -4.59268e-184 0)
(-0.120897 0.85218 0)
(-0.312654 1.69534 0)
(-0.455472 2.17149 0)
(-0.499231 2.24479 0)
(-0.404541 2.24186 0)
(-0.291599 2.10254 0)
(-0.095018 1.95786 0)
(0.0765966 1.762 0)
(0.280932 1.54828 0)
(0.428778 1.29439 0)
(0.570603 0.984508 0)
(0.614247 0.621616 0)
(0.619772 0.149707 0)
(0.463474 -0.391103 0)
(0.248256 -1.11921 0)
(-0.217397 -1.91843 0)
(-0.678299 -3.00215 0)
(-1.43262 -3.94822 0)
(-1.63455 -4.86298 0)
(-2.07501 -3.88454 0)
(-2.60002e-264 -0.216422 0)
(-0.177675 1.23109 0)
(-0.411967 1.94793 0)
(-0.490843 2.31751 0)
(-0.435116 2.19724 0)
(-0.187095 2.09774 0)
(0.0694287 1.88249 0)
(0.420737 1.70687 0)
(0.730427 1.50296 0)
(1.07117 1.30471 0)
(1.33996 1.08588 0)
(1.59912 0.833018 0)
(1.74415 0.54787 0)
(1.84662 0.183452 0)
(1.76512 -0.225709 0)
(1.6084 -0.778112 0)
(1.15684 -1.39463 0)
(0.61401 -2.26713 0)
(-0.32568 -3.21506 0)
(-1.06822 -4.2642 0)
(-1.83929 -4.54575 0)
(-0.865688 -2.31942 0)
(-0.400722 1.40774 0)
(-0.724478 1.97987 0)
(-0.513388 2.18891 0)
(-0.226197 1.92396 0)
(0.33828 1.73816 0)
(0.810449 1.48654 0)
(1.37329 1.29877 0)
(1.83633 1.10949 0)
(2.31517 0.940805 0)
(2.68955 0.769543 0)
(3.04525 0.58291 0)
(3.26327 0.382949 0)
(3.44112 0.132254 0)
(3.40637 -0.137323 0)
(3.31959 -0.507569 0)
(2.88441 -0.902416 0)
(2.40521 -1.52098 0)
(1.37692 -2.23691 0)
(0.467255 -3.35544 0)
(-0.703037 -4.00883 0)
(-0.701855 -2.96457 0)
(-0.257914 2.41829 0)
(-0.106126 2.05524 0)
(0.681947 1.86952 0)
(1.33242 1.33716 0)
(2.15446 1.08092 0)
(2.78881 0.840099 0)
(3.45061 0.686855 0)
(3.97056 0.556675 0)
(4.476 0.452002 0)
(4.86075 0.35562 0)
(5.21526 0.25794 0)
(5.43206 0.157531 0)
(5.60981 0.0371673 0)
(5.59043 -0.0913328 0)
(5.53285 -0.266276 0)
(5.16174 -0.458906 0)
(4.76842 -0.791486 0)
(3.83433 -1.24505 0)
(2.8694 -2.2532 0)
(1.09374 -3.33054 0)
(-0.0466286 -3.79859 0)
(1.66663 1.66896 0)
(2.70041 0.97399 0)
(4.53956 0.74806 0)
(5.37907 0.424011 0)
(6.24908 0.28701 0)
(6.76304 0.178843 0)
(7.24697 0.122019 0)
(7.5743 0.0814452 0)
(7.87521 0.0546672 0)
(8.07922 0.0337341 0)
(8.26129 0.0150631 0)
(8.3493 -0.00240154 0)
(8.41957 -0.0235662 0)
(8.35915 -0.0442646 0)
(8.29555 -0.0793484 0)
(8.00638 -0.111981 0)
(7.74947 -0.200766 0)
(6.99501 -0.293021 0)
(6.26176 -0.6247 0)
(4.04554 -0.99694 0)
(2.00476 -1.81744 0)
)
;

boundaryField
{
    movingWall
    {
        type            fixedValue;
        value           uniform (10 0 0);
    }
    fixedWalls
    {
        type            noSlip;
    }
    frontAndBack
    {
        type            empty;
    }
}


// ************************************************************************* //
