/*--------------------------------*- C++ -*----------------------------------*\
| =========                 |                                                 |
| \\      /  F ield         | OpenFOAM: The Open Source CFD Toolbox           |
|  \\    /   O peration     | Version:  4.1                                   |
|   \\  /    A nd           | Web:      www.OpenFOAM.org                      |
|    \\/     M anipulation  |                                                 |
\*---------------------------------------------------------------------------*/
FoamFile
{
    version     2.0;
    format      ascii;
    class       volVectorField;
    location    "0.0047";
    object      U;
}
// * * * * * * * * * * * * * * * * * * * * * * * * * * * * * * * * * * * * * //

dimensions      [0 1 -1 0 0 0 0];

internalField   nonuniform List<vector> 
441
(
(0.00307198 -0.00576256 0)
(0.00465889 -0.00476883 0)
(-0.0011932 -3.53879e-165 0)
(0.00132334 -1.409e-266 0)
(-0.0156316 -0.00529629 0)
(-0.00132334 -2.56657e-232 0)
(-1.35404e-202 -2.73413e-203 0)
(-6.83099e-204 -3.20868e-228 0)
(-1.41804e-212 -1.32195e-213 0)
(-0.00513778 8.01889e-266 0)
(-0.0570042 0.0205409 0)
(-0.0738282 0.0115236 0)
(-0.0862814 0.00570375 0)
(-0.0833015 0.00162969 0)
(-0.0787058 -0.00026164 0)
(-0.0671459 -0.00162187 0)
(-0.0558826 -0.00206026 0)
(-0.040811 -0.00273706 0)
(-0.0263488 -0.00246192 0)
(-0.0117325 -0.0024353 0)
(0.000606671 -0.000191898 0)
(0.0012624 -0.00164667 0)
(-0.0138253 0.00933902 0)
(-0.0420824 0.00586653 0)
(-0.0653141 0.0149048 0)
(-0.0957332 0.00721015 0)
(-0.116943 -0.010612 0)
(-0.134614 -0.00142183 0)
(-0.150386 0.000705904 0)
(-0.162661 0.00952781 0)
(-0.178197 0.0501002 0)
(-0.188409 0.0463788 0)
(-0.183522 0.0181508 0)
(-0.180843 0.0032901 0)
(-0.166631 -0.00941981 0)
(-0.151913 -0.0159424 0)
(-0.128721 -0.0217634 0)
(-0.105915 -0.0241073 0)
(-0.0774616 -0.0276034 0)
(-0.0501902 -0.0263663 0)
(-0.0228113 -0.0253746 0)
(-0.000173946 -0.0107359 0)
(0.00487677 0.00554859 0)
(-0.0121048 0.0378931 0)
(-0.0558503 0.0492781 0)
(-0.0947698 0.0521805 0)
(-0.131342 0.0453118 0)
(-0.169584 0.0355762 0)
(-0.206355 0.0318479 0)
(-0.228462 0.0270298 0)
(-0.253036 0.0263998 0)
(-0.256681 0.0301135 0)
(-0.24123 0.0266847 0)
(-0.230393 0.00531238 0)
(-0.219137 -0.0107508 0)
(-0.200785 -0.0268677 0)
(-0.181135 -0.0375801 0)
(-0.152685 -0.0475633 0)
(-0.124764 -0.0525012 0)
(-0.0897062 -0.0585994 0)
(-0.0572994 -0.0561587 0)
(-0.0244722 -0.0526092 0)
(0.00127105 -0.0223048 0)
(0.0079228 0.00575936 0)
(-0.00541115 0.0718288 0)
(-0.0620251 0.0891719 0)
(-0.108804 0.0920115 0)
(-0.154243 0.0823709 0)
(-0.195013 0.0667689 0)
(-0.230181 0.0582058 0)
(-0.256455 0.0478164 0)
(-0.275528 0.0389513 0)
(-0.28242 0.0358202 0)
(-0.275338 0.0195606 0)
(-0.262622 -0.00479906 0)
(-0.247967 -0.0266785 0)
(-0.225011 -0.0480818 0)
(-0.20085 -0.0640863 0)
(-0.167102 -0.0789914 0)
(-0.134618 -0.086841 0)
(-0.0933628 -0.0962284 0)
(-0.0571287 -0.0911645 0)
(-0.0196684 -0.0852266 0)
(0.00462943 -0.0337073 0)
(6.73117e-165 0.0019807 0)
(-0.00792863 0.107379 0)
(-0.0766542 0.151874 0)
(-0.124572 0.143356 0)
(-0.175113 0.130854 0)
(-0.217668 0.110281 0)
(-0.256302 0.0926185 0)
(-0.283668 0.0719736 0)
(-0.304227 0.052042 0)
(-0.310702 0.0308885 0)
(-0.30465 0.00720057 0)
(-0.292337 -0.0214706 0)
(-0.275121 -0.047895 0)
(-0.24918 -0.0737787 0)
(-0.221215 -0.0947798 0)
(-0.181963 -0.113905 0)
(-0.145235 -0.125199 0)
(-0.0955739 -0.136466 0)
(-0.0556138 -0.128515 0)
(-0.0095399 -0.114778 0)
(0.0120614 -0.0361681 0)
(-7.1745e-266 0.00606626 0)
(-0.070469 0.153181 0)
(-0.103976 0.204192 0)
(-0.15609 0.192252 0)
(-0.198531 0.175578 0)
(-0.242328 0.149093 0)
(-0.278546 0.124677 0)
(-0.308101 0.0960145 0)
(-0.328147 0.0663853 0)
(-0.337766 0.0355692 0)
(-0.33605 0.00106675 0)
(-0.324813 -0.0350029 0)
(-0.306772 -0.0700101 0)
(-0.277779 -0.102836 0)
(-0.245755 -0.131254 0)
(-0.200386 -0.156275 0)
(-0.1578 -0.172722 0)
(-0.0981655 -0.187906 0)
(-0.0515502 -0.176057 0)
(0.0101487 -0.155704 0)
(0.0194182 -0.0308872 0)
(-0.024265 0.0779176 0)
(-0.0906685 0.206752 0)
(-0.129874 0.238982 0)
(-0.179725 0.236185 0)
(-0.225708 0.217035 0)
(-0.271035 0.189331 0)
(-0.310285 0.158124 0)
(-0.342007 0.121168 0)
(-0.364257 0.0816322 0)
(-0.37571 0.0389174 0)
(-0.375639 -0.00551915 0)
(-0.364992 -0.0505578 0)
(-0.345634 -0.0944234 0)
(-0.313804 -0.134748 0)
(-0.278018 -0.17126 0)
(-0.225985 -0.202128 0)
(-0.179089 -0.225884 0)
(-0.107443 -0.243486 0)
(-0.0614534 -0.234555 0)
(0.0237556 -0.186917 0)
(5.77811e-266 -0.00485455 0)
(-0.0181732 0.123566 0)
(-0.0772404 0.25978 0)
(-0.135335 0.294373 0)
(-0.194605 0.289083 0)
(-0.247975 0.267685 0)
(-0.298825 0.234358 0)
(-0.34128 0.196252 0)
(-0.376796 0.150228 0)
(-0.401147 0.100403 0)
(-0.415642 0.0467194 0)
(-0.417686 -0.00969686 0)
(-0.408262 -0.0655633 0)
(-0.388219 -0.121396 0)
(-0.354389 -0.17147 0)
(-0.314749 -0.219087 0)
(-0.257821 -0.257076 0)
(-0.205111 -0.29042 0)
(-0.128965 -0.309179 0)
(-0.0769581 -0.303787 0)
(0.0025427 -0.225214 0)
(1.16967e-24 -3.18626e-24 0)
(-0.0151475 0.17078 0)
(-0.0772759 0.32181 0)
(-0.148376 0.355753 0)
(-0.216054 0.347297 0)
(-0.278458 0.320819 0)
(-0.335025 0.28164 0)
(-0.382301 0.235821 0)
(-0.421544 0.180532 0)
(-0.448517 0.12043 0)
(-0.465679 0.0553765 0)
(-0.469187 -0.0126922 0)
(-0.461259 -0.0798861 0)
(-0.44067 -0.147756 0)
(-0.405642 -0.208091 0)
(-0.362406 -0.2667 0)
(-0.300213 -0.311979 0)
(-0.241112 -0.352548 0)
(-0.155731 -0.372753 0)
(-0.09641 -0.362197 0)
(-0.00182164 -0.266745 0)
(4.53017e-77 -2.92418e-25 0)
(-0.0136533 0.217341 0)
(-0.0777583 0.394717 0)
(-0.159945 0.434811 0)
(-0.236264 0.420302 0)
(-0.30724 0.388013 0)
(-0.370207 0.338916 0)
(-0.421813 0.283706 0)
(-0.465053 0.216773 0)
(-0.49421 0.144953 0)
(-0.514435 0.0673332 0)
(-0.519637 -0.0142462 0)
(-0.514192 -0.0945588 0)
(-0.494057 -0.177562 0)
(-0.459276 -0.250834 0)
(-0.413139 -0.325177 0)
(-0.346259 -0.380517 0)
(-0.279671 -0.43505 0)
(-0.184224 -0.457887 0)
(-0.116149 -0.456221 0)
(-0.00903876 -0.329045 0)
(1.13021e-164 -1.13254e-77 0)
(-0.0145823 0.259535 0)
(-0.0867926 0.466226 0)
(-0.182427 0.512851 0)
(-0.26906 0.492777 0)
(-0.348962 0.45396 0)
(-0.418152 0.394905 0)
(-0.47313 0.330287 0)
(-0.519358 0.252255 0)
(-0.549438 0.169725 0)
(-0.572288 0.0807298 0)
(-0.578793 -0.0127743 0)
(-0.577222 -0.10508 0)
(-0.558785 -0.202157 0)
(-0.527418 -0.288401 0)
(-0.479982 -0.378468 0)
(-0.411534 -0.445056 0)
(-0.33648 -0.511747 0)
(-0.234946 -0.536991 0)
(-0.1532 -0.53095 0)
(-0.0650812 -0.386915 0)
(-1.11116e-266 0.00356109 0)
(-0.0169201 0.320516 0)
(-0.0971234 0.565022 0)
(-0.205622 0.619711 0)
(-0.301873 0.588383 0)
(-0.389154 0.539409 0)
(-0.463322 0.464023 0)
(-0.519664 0.386467 0)
(-0.567461 0.293582 0)
(-0.596883 0.198505 0)
(-0.621749 0.0968071 0)
(-0.629429 -0.00967569 0)
(-0.632834 -0.114892 0)
(-0.61804 -0.228671 0)
(-0.592873 -0.330646 0)
(-0.547099 -0.4431 0)
(-0.477646 -0.526197 0)
(-0.39269 -0.613886 0)
(-0.26821 -0.645059 0)
(-0.161389 -0.628275 0)
(-0.0222856 -0.486665 0)
(0.0142444 -0.0737593 0)
(-0.0222504 0.369566 0)
(-0.11816 0.651839 0)
(-0.247381 0.715263 0)
(-0.357212 0.673311 0)
(-0.45123 0.614195 0)
(-0.52886 0.523315 0)
(-0.582183 0.433932 0)
(-0.628443 0.328475 0)
(-0.653318 0.223885 0)
(-0.678723 0.113325 0)
(-0.686241 -0.00160971 0)
(-0.696689 -0.115487 0)
(-0.687508 -0.241732 0)
(-0.674892 -0.357639 0)
(-0.635044 -0.492575 0)
(-0.571849 -0.597554 0)
(-0.478471 -0.718578 0)
(-0.323296 -0.767119 0)
(-0.187415 -0.772512 0)
(0.0570385 -0.56209 0)
(1.0688e-231 -0.00356109 0)
(-0.0292163 0.464644 0)
(-0.140677 0.793857 0)
(-0.289144 0.863806 0)
(-0.410593 0.794316 0)
(-0.507955 0.715281 0)
(-0.585812 0.596173 0)
(-0.632483 0.488734 0)
(-0.67426 0.3654 0)
(-0.692 0.249758 0)
(-0.716103 0.130083 0)
(-0.722496 0.00752297 0)
(-0.740044 -0.113596 0)
(-0.738661 -0.253064 0)
(-0.743157 -0.383667 0)
(-0.717699 -0.550566 0)
(-0.675017 -0.684774 0)
(-0.587608 -0.867715 0)
(-0.434531 -0.941941 0)
(-0.265732 -1.00909 0)
(0.00128823 -0.690287 0)
(1.39677e-202 1.35536e-184 0)
(-0.0467688 0.532225 0)
(-0.191297 0.905422 0)
(-0.372378 0.981319 0)
(-0.510576 0.886522 0)
(-0.603807 0.787767 0)
(-0.676142 0.644246 0)
(-0.705074 0.52187 0)
(-0.736099 0.386427 0)
(-0.73942 0.265601 0)
(-0.759489 0.144087 0)
(-0.761799 0.0222921 0)
(-0.788699 -0.0973018 0)
(-0.796194 -0.238458 0)
(-0.828438 -0.374875 0)
(-0.823372 -0.559649 0)
(-0.825156 -0.722802 0)
(-0.750946 -0.955389 0)
(-0.621971 -1.08546 0)
(-0.400581 -1.19951 0)
(0.00026263 -0.829987 0)
(5.42145e-184 -5.71934e-184 0)
(-0.0660927 0.711279 0)
(-0.24268 1.12479 0)
(-0.448073 1.19362 0)
(-0.596103 1.02814 0)
(-0.678121 0.888777 0)
(-0.739512 0.698618 0)
(-0.747596 0.55321 0)
(-0.765322 0.400422 0)
(-0.753098 0.2746 0)
(-0.766862 0.153058 0)
(-0.763396 0.0353444 0)
(-0.79552 -0.0784612 0)
(-0.810546 -0.217963 0)
(-0.866491 -0.355577 0)
(-0.890225 -0.562925 0)
(-0.943603 -0.756506 0)
(-0.92403 -1.08621 0)
(-0.86307 -1.29428 0)
(-0.670477 -1.65261 0)
(-0.249064 -1.1059 0)
(1.12161e-254 -1.35536e-184 0)
(-0.129449 0.826072 0)
(-0.384308 1.2737 0)
(-0.616463 1.32855 0)
(-0.769845 1.10614 0)
(-0.804879 0.929408 0)
(-0.837413 0.707739 0)
(-0.800144 0.547439 0)
(-0.793985 0.389511 0)
(-0.755388 0.267093 0)
(-0.759448 0.154914 0)
(-0.746057 0.0506813 0)
(-0.785354 -0.0466527 0)
(-0.805988 -0.167863 0)
(-0.898157 -0.288202 0)
(-0.951192 -0.481935 0)
(-1.10566 -0.678299 0)
(-1.14793 -1.02984 0)
(-1.32649 -1.3287 0)
(-1.13567 -1.78444 0)
(-1.18653 -1.51377 0)
(-1.69295e-264 -0.138058 0)
(-0.181086 1.24647 0)
(-0.485547 1.6172 0)
(-0.693928 1.60209 0)
(-0.816138 1.2177 0)
(-0.787815 0.970591 0)
(-0.779294 0.693887 0)
(-0.698336 0.516576 0)
(-0.666914 0.355648 0)
(-0.604833 0.241876 0)
(-0.596409 0.144352 0)
(-0.57021 0.0590604 0)
(-0.60494 -0.0167728 0)
(-0.619867 -0.112248 0)
(-0.718983 -0.206737 0)
(-0.785253 -0.370947 0)
(-0.978512 -0.552011 0)
(-1.097 -0.898768 0)
(-1.36883 -1.28533 0)
(-1.38281 -1.87332 0)
(-1.39391 -2.16632 0)
(-0.552232 -1.34509 0)
(-0.394153 1.45645 0)
(-0.782503 1.75662 0)
(-0.750424 1.65092 0)
(-0.724381 1.182 0)
(-0.487621 0.891948 0)
(-0.376517 0.60927 0)
(-0.19728 0.43571 0)
(-0.118292 0.292629 0)
(-0.0153725 0.196772 0)
(0.0122699 0.121032 0)
(0.0571638 0.0584913 0)
(0.0281191 0.00801329 0)
(0.0251819 -0.0555404 0)
(-0.0818955 -0.111883 0)
(-0.140789 -0.224879 0)
(-0.377756 -0.34647 0)
(-0.513134 -0.641038 0)
(-0.92446 -1.00824 0)
(-1.03626 -1.75438 0)
(-1.23793 -2.28923 0)
(-0.624956 -2.07411 0)
(-0.2377 2.48299 0)
(-0.118413 1.96808 0)
(0.466405 1.59469 0)
(0.805871 0.94928 0)
(1.24183 0.645043 0)
(1.46664 0.399667 0)
(1.71043 0.266882 0)
(1.82777 0.171975 0)
(1.95395 0.113223 0)
(1.99905 0.0721372 0)
(2.06057 0.0405655 0)
(2.05031 0.0179494 0)
(2.07401 -0.0104514 0)
(2.00075 -0.0345151 0)
(1.99243 -0.0932136 0)
(1.81072 -0.167358 0)
(1.73789 -0.389148 0)
(1.3156 -0.738329 0)
(1.04136 -1.6273 0)
(0.194228 -2.55683 0)
(-0.111145 -3.30126 0)
(1.70192 1.70875 0)
(2.76638 0.988467 0)
(4.50655 0.727825 0)
(5.16118 0.384106 0)
(5.79936 0.239381 0)
(6.07054 0.131704 0)
(6.31733 0.0798527 0)
(6.42546 0.0462631 0)
(6.53057 0.0275755 0)
(6.56815 0.0155607 0)
(6.61752 0.00679348 0)
(6.61388 0.000144341 0)
(6.63855 -0.00868792 0)
(6.58934 -0.0173026 0)
(6.59492 -0.0391751 0)
(6.44548 -0.0634565 0)
(6.38315 -0.146822 0)
(5.88706 -0.247746 0)
(5.4436 -0.604283 0)
(3.59169 -1.00103 0)
(1.967 -1.84748 0)
)
;

boundaryField
{
    movingWall
    {
        type            fixedValue;
        value           uniform (10 0 0);
    }
    fixedWalls
    {
        type            noSlip;
    }
    frontAndBack
    {
        type            empty;
    }
}


// ************************************************************************* //
