/*--------------------------------*- C++ -*----------------------------------*\
| =========                 |                                                 |
| \\      /  F ield         | OpenFOAM: The Open Source CFD Toolbox           |
|  \\    /   O peration     | Version:  4.1                                   |
|   \\  /    A nd           | Web:      www.OpenFOAM.org                      |
|    \\/     M anipulation  |                                                 |
\*---------------------------------------------------------------------------*/
FoamFile
{
    version     2.0;
    format      ascii;
    class       volVectorField;
    location    "0.0866";
    object      U;
}
// * * * * * * * * * * * * * * * * * * * * * * * * * * * * * * * * * * * * * //

dimensions      [0 1 -1 0 0 0 0];

internalField   nonuniform List<vector> 
441
(
(0.00373005 -0.00482547 0)
(0.00975209 -0.00253967 0)
(-0.000634917 -2.20887e-165 0)
(0.00196334 -3.3276e-266 0)
(-0.00837291 -0.00785374 0)
(-0.00196334 -3.05674e-232 0)
(-1.14163e-202 -5.60703e-203 0)
(-1.40168e-203 -7.35813e-228 0)
(-1.72228e-212 -3.21131e-213 0)
(-0.00614995 9.12256e-266 0)
(-0.0753845 0.0246009 0)
(-0.0947008 0.0128637 0)
(-0.106651 0.00588433 0)
(-0.0937982 0.000389276 0)
(-0.0771316 -0.0016624 0)
(-0.0513115 -0.00302903 0)
(-0.0290813 -0.00216497 0)
(-0.00929479 -0.00160216 0)
(0.00269606 0.000742231 0)
(0.00446767 0.00150868 0)
(0.0045625 0.0029958 0)
(0.00383942 -0.00847142 0)
(-0.000920525 0.00683247 0)
(-0.0274575 0.00849804 0)
(-0.0594207 0.0107312 0)
(-0.107155 0.0108962 0)
(-0.152321 -0.00324469 0)
(-0.194896 -0.000152155 0)
(-0.235893 0.00166824 0)
(-0.2723 0.0132615 0)
(-0.308958 0.0671193 0)
(-0.333841 0.0617564 0)
(-0.328023 0.0188302 0)
(-0.312914 -0.00739744 0)
(-0.27033 -0.0306989 0)
(-0.220286 -0.0410158 0)
(-0.157268 -0.0463471 0)
(-0.100315 -0.0396789 0)
(-0.0496832 -0.0314583 0)
(-0.0155509 -0.0139825 0)
(-0.00115905 -0.00409883 0)
(0.00494058 0.00626071 0)
(0.00761494 -0.00825048 0)
(-0.00519394 0.0283697 0)
(-0.0543869 0.0571062 0)
(-0.12124 0.0771297 0)
(-0.203065 0.0838643 0)
(-0.287805 0.0835716 0)
(-0.378971 0.0806564 0)
(-0.453288 0.0748886 0)
(-0.526223 0.0702619 0)
(-0.561994 0.0661556 0)
(-0.557966 0.0446046 0)
(-0.539655 -0.00679972 0)
(-0.502333 -0.051118 0)
(-0.436594 -0.0920318 0)
(-0.358188 -0.113747 0)
(-0.263402 -0.123288 0)
(-0.175501 -0.108555 0)
(-0.0951159 -0.0868908 0)
(-0.0385614 -0.0466723 0)
(-0.00819585 -0.0194322 0)
(0.00637029 0.00716499 0)
(0.00636826 -0.0112268 0)
(-0.0163449 0.0706113 0)
(-0.0975405 0.1245 0)
(-0.193489 0.161868 0)
(-0.30665 0.177828 0)
(-0.420682 0.175451 0)
(-0.53312 0.167081 0)
(-0.630573 0.149847 0)
(-0.710737 0.12447 0)
(-0.757998 0.0961246 0)
(-0.767416 0.0391417 0)
(-0.743493 -0.0379538 0)
(-0.693155 -0.110635 0)
(-0.606543 -0.176052 0)
(-0.502539 -0.214059 0)
(-0.376489 -0.2306 0)
(-0.257466 -0.207408 0)
(-0.145286 -0.170101 0)
(-0.0644185 -0.100014 0)
(-0.0158745 -0.0504275 0)
(0.00800445 0.00482275 0)
(6.943e-165 0.00159207 0)
(-0.0248183 0.131818 0)
(-0.141884 0.233447 0)
(-0.261931 0.284754 0)
(-0.404783 0.309916 0)
(-0.543777 0.308144 0)
(-0.682162 0.289181 0)
(-0.799519 0.251364 0)
(-0.896911 0.196922 0)
(-0.954499 0.123558 0)
(-0.97179 0.03051 0)
(-0.949083 -0.0807958 0)
(-0.890897 -0.1873 0)
(-0.788162 -0.283019 0)
(-0.660778 -0.342714 0)
(-0.501902 -0.36929 0)
(-0.349331 -0.338257 0)
(-0.198496 -0.281097 0)
(-0.0906296 -0.174349 0)
(-0.018424 -0.0927529 0)
(0.0146162 8.22695e-05 0)
(-5.6273e-266 0.00582579 0)
(-0.0902916 0.217321 0)
(-0.198325 0.359556 0)
(-0.342512 0.426637 0)
(-0.498941 0.459515 0)
(-0.659273 0.453915 0)
(-0.814156 0.423457 0)
(-0.950876 0.364854 0)
(-1.0636 0.280358 0)
(-1.13861 0.170205 0)
(-1.17326 0.0340297 0)
(-1.15893 -0.119898 0)
(-1.10168 -0.271316 0)
(-0.987838 -0.407849 0)
(-0.840194 -0.499889 0)
(-0.647356 -0.544604 0)
(-0.457229 -0.509765 0)
(-0.261147 -0.432022 0)
(-0.120773 -0.27807 0)
(-0.0208321 -0.158938 0)
(0.0161362 0.00237143 0)
(-0.0233032 0.0951339 0)
(-0.125903 0.326511 0)
(-0.250276 0.486027 0)
(-0.408872 0.583478 0)
(-0.584465 0.625803 0)
(-0.763381 0.621829 0)
(-0.938676 0.579908 0)
(-1.0955 0.49983 0)
(-1.22929 0.38439 0)
(-1.32492 0.232955 0)
(-1.3797 0.051319 0)
(-1.38033 -0.152706 0)
(-1.33087 -0.357392 0)
(-1.2125 -0.545493 0)
(-1.04923 -0.681742 0)
(-0.821557 -0.754222 0)
(-0.591348 -0.722185 0)
(-0.336729 -0.62009 0)
(-0.161126 -0.411367 0)
(-0.00770434 -0.231547 0)
(5.97596e-266 -0.00403405 0)
(-0.0172038 0.157513 0)
(-0.12056 0.445464 0)
(-0.273365 0.643054 0)
(-0.452566 0.761594 0)
(-0.648084 0.814213 0)
(-0.846134 0.80839 0)
(-1.03991 0.755855 0)
(-1.21777 0.655321 0)
(-1.37373 0.510206 0)
(-1.49455 0.320035 0)
(-1.57546 0.0898617 0)
(-1.599 -0.169828 0)
(-1.56697 -0.438625 0)
(-1.45369 -0.691783 0)
(-1.28267 -0.890156 0)
(-1.02479 -1.00677 0)
(-0.752228 -0.992968 0)
(-0.434008 -0.868727 0)
(-0.209035 -0.602435 0)
(-0.00371515 -0.329696 0)
(2.61244e-24 -1.06478e-24 0)
(-0.0152766 0.229197 0)
(-0.124036 0.580766 0)
(-0.293433 0.816349 0)
(-0.487341 0.95627 0)
(-0.698994 1.01797 0)
(-0.912134 1.01197 0)
(-1.12239 0.950567 0)
(-1.31913 0.832438 0)
(-1.49709 0.660877 0)
(-1.64399 0.434009 0)
(-1.75373 0.156359 0)
(-1.80675 -0.161757 0)
(-1.80132 -0.501246 0)
(-1.70531 -0.831159 0)
(-1.53901 -1.10846 0)
(-1.26087 -1.28801 0)
(-0.950882 -1.3093 0)
(-0.563958 -1.16879 0)
(-0.280012 -0.8338 0)
(-0.00501045 -0.448666 0)
(1.0625e-76 -6.53111e-25 0)
(-0.013237 0.29738 0)
(-0.121228 0.725337 0)
(-0.299595 1.00705 0)
(-0.501682 1.1677 0)
(-0.722664 1.23937 0)
(-0.944922 1.23169 0)
(-1.16505 1.16304 0)
(-1.37536 1.02956 0)
(-1.57046 0.835229 0)
(-1.74112 0.575939 0)
(-1.87976 0.252963 0)
(-1.96668 -0.123433 0)
(-1.99657 -0.539377 0)
(-1.93163 -0.956779 0)
(-1.7864 -1.33372 0)
(-1.50527 -1.60102 0)
(-1.16878 -1.68837 0)
(-0.715689 -1.55019 0)
(-0.364256 -1.15567 0)
(-0.0072142 -0.625318 0)
(2.95307e-164 -2.65626e-77 0)
(-0.013182 0.360162 0)
(-0.121605 0.865343 0)
(-0.304513 1.19443 0)
(-0.508833 1.37701 0)
(-0.730949 1.45944 0)
(-0.953377 1.45226 0)
(-1.17311 1.37984 0)
(-1.38678 1.23632 0)
(-1.58862 1.0262 0)
(-1.77475 0.742446 0)
(-1.93604 0.382536 0)
(-2.05665 -0.0453467 0)
(-2.12689 -0.53423 0)
(-2.10734 -1.04227 0)
(-2.00346 -1.53137 0)
(-1.74599 -1.90954 0)
(-1.40752 -2.09389 0)
(-0.907174 -1.98184 0)
(-0.489144 -1.53042 0)
(-0.0812447 -0.826404 0)
(1.78958e-265 0.0133316 0)
(-0.0136189 0.433051 0)
(-0.117674 1.01884 0)
(-0.297261 1.39574 0)
(-0.494286 1.59481 0)
(-0.70604 1.68504 0)
(-0.916341 1.67379 0)
(-1.12171 1.59707 0)
(-1.32432 1.4446 0)
(-1.51768 1.22339 0)
(-1.70517 0.922675 0)
(-1.87685 0.534978 0)
(-2.02377 0.0664439 0)
(-2.13368 -0.488023 0)
(-2.16911 -1.08241 0)
(-2.12612 -1.6938 0)
(-1.92282 -2.20357 0)
(-1.61232 -2.52591 0)
(-1.08467 -2.48313 0)
(-0.587179 -1.97568 0)
(-0.0761284 -1.13444 0)
(0.0533265 -0.0769829 0)
(-0.0167844 0.487063 0)
(-0.12028 1.14603 0)
(-0.297845 1.56813 0)
(-0.482926 1.78247 0)
(-0.673047 1.87969 0)
(-0.857504 1.86536 0)
(-1.02986 1.7869 0)
(-1.20241 1.63079 0)
(-1.36532 1.40684 0)
(-1.53392 1.10117 0)
(-1.6953 0.701961 0)
(-1.85429 0.212 0)
(-1.99365 -0.386148 0)
(-2.08865 -1.04894 0)
(-2.12184 -1.77212 0)
(-2.0068 -2.42503 0)
(-1.77248 -2.92527 0)
(-1.24362 -3.01597 0)
(-0.715799 -2.53253 0)
(0.0431852 -1.47418 0)
(2.46356e-231 -0.0133316 0)
(-0.021211 0.573092 0)
(-0.121259 1.30296 0)
(-0.289503 1.76229 0)
(-0.452221 1.97114 0)
(-0.606795 2.06284 0)
(-0.749635 2.03103 0)
(-0.870769 1.94404 0)
(-0.993268 1.78026 0)
(-1.10362 1.55579 0)
(-1.22953 1.25279 0)
(-1.35608 0.85542 0)
(-1.50336 0.364947 0)
(-1.65324 -0.253595 0)
(-1.79837 -0.954542 0)
(-1.91571 -1.77449 0)
(-1.925 -2.55702 0)
(-1.82602 -3.28739 0)
(-1.40281 -3.55803 0)
(-0.89262 -3.2559 0)
(-0.00298995 -1.88816 0)
(5.82196e-202 4.58441e-184 0)
(-0.0370823 0.622645 0)
(-0.151336 1.40828 0)
(-0.320448 1.89541 0)
(-0.459436 2.09438 0)
(-0.561272 2.1757 0)
(-0.644621 2.1261 0)
(-0.688197 2.03049 0)
(-0.736852 1.86263 0)
(-0.766359 1.64383 0)
(-0.823956 1.35458 0)
(-0.885605 0.977339 0)
(-0.996041 0.511905 0)
(-1.12575 -0.0877103 0)
(-1.30757 -0.782265 0)
(-1.49276 -1.63727 0)
(-1.66073 -2.51123 0)
(-1.73239 -3.43076 0)
(-1.52701 -3.95786 0)
(-1.10785 -3.90869 0)
(-0.0114477 -2.39721 0)
(1.83376e-183 -1.37583e-184 0)
(-0.0556926 0.769723 0)
(-0.185125 1.59065 0)
(-0.344682 2.07998 0)
(-0.446481 2.21345 0)
(-0.47921 2.25534 0)
(-0.485543 2.15882 0)
(-0.434162 2.04072 0)
(-0.389821 1.8594 0)
(-0.318921 1.64491 0)
(-0.284817 1.37362 0)
(-0.256361 1.02767 0)
(-0.297076 0.607656 0)
(-0.373107 0.0564318 0)
(-0.547541 -0.583956 0)
(-0.7731 -1.42434 0)
(-1.0756 -2.31374 0)
(-1.37148 -3.42568 0)
(-1.49386 -4.18917 0)
(-1.39603 -4.78823 0)
(-0.46593 -3.04326 0)
(4.40055e-254 -4.58441e-184 0)
(-0.121532 0.849758 0)
(-0.318793 1.68421 0)
(-0.470081 2.15184 0)
(-0.522998 2.21933 0)
(-0.437564 2.21418 0)
(-0.332793 2.07621 0)
(-0.143009 1.93587 0)
(0.023772 1.74652 0)
(0.225255 1.54056 0)
(0.372331 1.29464 0)
(0.515149 0.992012 0)
(0.561322 0.63479 0)
(0.570378 0.166578 0)
(0.418482 -0.372812 0)
(0.20808 -1.10119 0)
(-0.251637 -1.90181 0)
(-0.705905 -2.98638 0)
(-1.45086 -3.93212 0)
(-1.64409 -4.84576 0)
(-2.07331 -3.86952 0)
(-2.59192e-264 -0.215996 0)
(-0.178021 1.23178 0)
(-0.416484 1.9436 0)
(-0.502624 2.30666 0)
(-0.455256 2.18114 0)
(-0.216066 2.07896 0)
(0.0324829 1.86379 0)
(0.377063 1.69073 0)
(0.681982 1.49124 0)
(1.01999 1.29856 0)
(1.28825 1.08565 0)
(1.54879 0.838306 0)
(1.69685 0.55755 0)
(1.8034 0.195992 0)
(1.72669 -0.212149 0)
(1.57483 -0.765161 0)
(1.12836 -1.38352 0)
(0.590526 -2.25814 0)
(-0.342855 -3.20708 0)
(-1.07856 -4.25632 0)
(-1.84123 -4.53687 0)
(-0.863985 -2.31692 0)
(-0.400571 1.4101 0)
(-0.725895 1.98016 0)
(-0.519207 2.18486 0)
(-0.238065 1.91575 0)
(0.319204 1.72733 0)
(0.784316 1.47498 0)
(1.34077 1.28829 0)
(1.79895 1.10151 0)
(2.27471 0.936303 0)
(2.64811 0.768882 0)
(3.00478 0.585937 0)
(3.22556 0.388968 0)
(3.40738 0.140238 0)
(3.37741 -0.128645 0)
(3.29546 -0.499404 0)
(2.86496 -0.895741 0)
(2.38964 -1.51629 0)
(1.36523 -2.23375 0)
(0.459251 -3.35307 0)
(-0.706387 -4.006 0)
(-0.701302 -2.9641 0)
(-0.257394 2.42021 0)
(-0.104666 2.05689 0)
(0.682362 1.86918 0)
(1.32977 1.33447 0)
(2.14705 1.07655 0)
(2.77598 0.834998 0)
(3.4324 0.682039 0)
(3.94787 0.552931 0)
(4.4502 0.449877 0)
(4.83362 0.355333 0)
(5.18856 0.259416 0)
(5.40745 0.160415 0)
(5.5885 0.0409083 0)
(5.57318 -0.0873799 0)
(5.5197 -0.262761 0)
(5.15238 -0.456276 0)
(4.76192 -0.790072 0)
(3.82997 -1.24454 0)
(2.86647 -2.25337 0)
(1.09238 -3.33026 0)
(-0.0463044 -3.79886 0)
(1.66709 1.66941 0)
(2.70224 0.974447 0)
(4.54204 0.748244 0)
(5.38081 0.423802 0)
(6.2488 0.286505 0)
(6.76005 0.178209 0)
(7.24109 0.121445 0)
(7.56599 0.0810602 0)
(7.86525 0.0545569 0)
(8.06866 0.0339088 0)
(8.25118 0.0154847 0)
(8.34058 -0.00182584 0)
(8.41284 -0.0229475 0)
(8.35474 -0.043727 0)
(8.29325 -0.0789891 0)
(8.00585 -0.111858 0)
(7.7499 -0.200895 0)
(6.99583 -0.293321 0)
(6.26236 -0.625113 0)
(4.04583 -0.997294 0)
(2.00519 -1.81788 0)
)
;

boundaryField
{
    movingWall
    {
        type            fixedValue;
        value           uniform (10 0 0);
    }
    fixedWalls
    {
        type            noSlip;
    }
    frontAndBack
    {
        type            empty;
    }
}


// ************************************************************************* //
