/*--------------------------------*- C++ -*----------------------------------*\
| =========                 |                                                 |
| \\      /  F ield         | OpenFOAM: The Open Source CFD Toolbox           |
|  \\    /   O peration     | Version:  4.1                                   |
|   \\  /    A nd           | Web:      www.OpenFOAM.org                      |
|    \\/     M anipulation  |                                                 |
\*---------------------------------------------------------------------------*/
FoamFile
{
    version     2.0;
    format      ascii;
    class       volVectorField;
    location    "0.0374";
    object      U;
}
// * * * * * * * * * * * * * * * * * * * * * * * * * * * * * * * * * * * * * //

dimensions      [0 1 -1 0 0 0 0];

internalField   nonuniform List<vector> 
441
(
(0.00329118 -0.00456748 0)
(0.00825655 -0.00263813 0)
(-0.000659574 -2.20534e-165 0)
(0.00163338 -2.61291e-266 0)
(-0.00917878 -0.0065341 0)
(-0.00163338 -2.62398e-232 0)
(-1.08047e-202 -4.21645e-203 0)
(-1.05394e-203 -5.30182e-228 0)
(-1.41265e-212 -2.21509e-213 0)
(-0.00498273 7.54585e-266 0)
(-0.0594705 0.0199331 0)
(-0.075452 0.0107141 0)
(-0.0863104 0.00518558 0)
(-0.0782523 0.000889538 0)
(-0.0676222 -0.000767029 0)
(-0.0491192 -0.00206342 0)
(-0.032443 -0.00168297 0)
(-0.0157636 -0.00164641 0)
(-0.00381306 1.64129e-05 0)
(0.000887085 0.000617142 0)
(0.00362652 0.00228326 0)
(0.00306734 -0.00677562 0)
(-0.00279301 0.00657366 0)
(-0.0275033 0.00762086 0)
(-0.0556233 0.0107485 0)
(-0.0959449 0.00906143 0)
(-0.131575 -0.00458047 0)
(-0.163633 -0.000519826 0)
(-0.192998 0.00116738 0)
(-0.218098 0.0103101 0)
(-0.243484 0.0526641 0)
(-0.260877 0.048832 0)
(-0.256004 0.0164071 0)
(-0.246621 -0.00279386 0)
(-0.217335 -0.0202028 0)
(-0.183338 -0.0283984 0)
(-0.138069 -0.0341897 0)
(-0.0956152 -0.0314461 0)
(-0.0544848 -0.0281184 0)
(-0.0234837 -0.0162265 0)
(-0.00621119 -0.00879525 0)
(0.0036414 0.00243708 0)
(0.00628366 -0.00541067 0)
(-0.00610062 0.0275453 0)
(-0.0502438 0.0514479 0)
(-0.106882 0.0663581 0)
(-0.173119 0.068413 0)
(-0.239995 0.0641592 0)
(-0.308839 0.0592199 0)
(-0.361007 0.0526383 0)
(-0.411499 0.0485102 0)
(-0.433043 0.0466146 0)
(-0.426109 0.0332767 0)
(-0.411155 -0.00251412 0)
(-0.385201 -0.0328706 0)
(-0.339593 -0.0622443 0)
(-0.285869 -0.0791626 0)
(-0.21823 -0.0900352 0)
(-0.153772 -0.084188 0)
(-0.0905751 -0.0742214 0)
(-0.0424586 -0.0472189 0)
(-0.0122268 -0.0268823 0)
(0.00487945 0.000197247 0)
(0.00588003 -0.00715459 0)
(-0.0130649 0.0646697 0)
(-0.0821245 0.1085 0)
(-0.160523 0.135658 0)
(-0.250153 0.14249 0)
(-0.337349 0.133552 0)
(-0.42004 0.121784 0)
(-0.488223 0.104517 0)
(-0.542193 0.0841648 0)
(-0.571274 0.0649334 0)
(-0.573771 0.0266967 0)
(-0.553885 -0.0254992 0)
(-0.518149 -0.0744627 0)
(-0.457482 -0.120542 0)
(-0.385935 -0.149551 0)
(-0.296506 -0.167597 0)
(-0.210644 -0.158558 0)
(-0.12501 -0.140934 0)
(-0.0598759 -0.0937957 0)
(-0.0164898 -0.0574424 0)
(0.00677087 -0.0045594 0)
(6.09047e-165 0.00147001 0)
(-0.0188289 0.115144 0)
(-0.114862 0.198179 0)
(-0.209755 0.233164 0)
(-0.320275 0.244338 0)
(-0.424224 0.232522 0)
(-0.524505 0.209097 0)
(-0.60561 0.17396 0)
(-0.670737 0.131066 0)
(-0.705913 0.0788121 0)
(-0.71316 0.0162975 0)
(-0.693503 -0.0579017 0)
(-0.651776 -0.12855 0)
(-0.579555 -0.194712 0)
(-0.491947 -0.239087 0)
(-0.379739 -0.26602 0)
(-0.271372 -0.254269 0)
(-0.158709 -0.225923 0)
(-0.0756395 -0.154137 0)
(-0.0153608 -0.0942771 0)
(0.013195 -0.00866796 0)
(-5.00406e-266 0.00494629 0)
(-0.0742188 0.183775 0)
(-0.157533 0.297742 0)
(-0.26901 0.342754 0)
(-0.386672 0.356921 0)
(-0.504563 0.338808 0)
(-0.614968 0.30374 0)
(-0.709106 0.251001 0)
(-0.784219 0.18518 0)
(-0.831432 0.106652 0)
(-0.8509 0.014518 0)
(-0.836884 -0.0877965 0)
(-0.795597 -0.188177 0)
(-0.71516 -0.281753 0)
(-0.613267 -0.348878 0)
(-0.476993 -0.390271 0)
(-0.342749 -0.378557 0)
(-0.198191 -0.339462 0)
(-0.0930182 -0.235365 0)
(-0.0120361 -0.149288 0)
(0.0159066 -0.00568698 0)
(-0.0197852 0.0788009 0)
(-0.101978 0.269401 0)
(-0.197079 0.39343 0)
(-0.317926 0.460724 0)
(-0.449145 0.479313 0)
(-0.579972 0.459645 0)
(-0.704984 0.413082 0)
(-0.8136 0.342506 0)
(-0.90407 0.253294 0)
(-0.966392 0.145317 0)
(-1.00066 0.0222271 0)
(-0.997526 -0.113446 0)
(-0.961738 -0.249329 0)
(-0.877329 -0.377744 0)
(-0.763562 -0.475793 0)
(-0.600858 -0.537958 0)
(-0.43778 -0.530854 0)
(-0.249938 -0.477641 0)
(-0.121667 -0.337302 0)
(0.000305786 -0.20483 0)
(5.5757e-266 -0.00397664 0)
(-0.0142278 0.128997 0)
(-0.095628 0.362145 0)
(-0.214176 0.514359 0)
(-0.351719 0.595654 0)
(-0.499158 0.619379 0)
(-0.645554 0.59508 0)
(-0.785649 0.537813 0)
(-0.911591 0.450101 0)
(-1.02021 0.338418 0)
(-1.10309 0.202783 0)
(-1.15835 0.0460105 0)
(-1.17328 -0.127691 0)
(-1.15057 -0.307941 0)
(-1.06876 -0.481835 0)
(-0.94696 -0.624629 0)
(-0.758544 -0.719517 0)
(-0.561074 -0.72779 0)
(-0.324364 -0.661077 0)
(-0.158786 -0.481278 0)
(-0.00194583 -0.279758 0)
(2.12226e-24 -1.39936e-24 0)
(-0.0124111 0.18557 0)
(-0.0990013 0.467649 0)
(-0.233432 0.648221 0)
(-0.385411 0.744134 0)
(-0.548927 0.772165 0)
(-0.710567 0.744856 0)
(-0.867226 0.678515 0)
(-1.01184 0.576198 0)
(-1.14159 0.444719 0)
(-1.24875 0.282971 0)
(-1.32977 0.0929866 0)
(-1.36989 -0.121672 0)
(-1.36821 -0.352562 0)
(-1.29757 -0.58237 0)
(-1.17464 -0.7839 0)
(-0.963 -0.926267 0)
(-0.728928 -0.961483 0)
(-0.431565 -0.884107 0)
(-0.216893 -0.65295 0)
(-0.00390431 -0.370049 0)
(8.74816e-77 -5.30566e-25 0)
(-0.0109531 0.241164 0)
(-0.0996289 0.58483 0)
(-0.246468 0.801703 0)
(-0.410685 0.911893 0)
(-0.588082 0.945223 0)
(-0.763765 0.913577 0)
(-0.935476 0.839566 0)
(-1.09862 0.724268 0)
(-1.24979 0.575622 0)
(-1.38358 0.390375 0)
(-1.49421 0.167398 0)
(-1.56607 -0.0903743 0)
(-1.59403 -0.379843 0)
(-1.54521 -0.677803 0)
(-1.43126 -0.958516 0)
(-1.20439 -1.1703 0)
(-0.934141 -1.25768 0)
(-0.56878 -1.18184 0)
(-0.290079 -0.90392 0)
(-0.00529467 -0.509876 0)
(2.44801e-164 -2.18704e-77 0)
(-0.0116343 0.293068 0)
(-0.106292 0.701509 0)
(-0.265761 0.957261 0)
(-0.441257 1.08373 0)
(-0.629825 1.12385 0)
(-0.816373 1.09051 0)
(-0.998993 1.01253 0)
(-1.17683 0.889279 0)
(-1.34547 0.729405 0)
(-1.5037 0.526656 0)
(-1.64299 0.275982 0)
(-1.74999 -0.0222863 0)
(-1.81394 -0.371779 0)
(-1.79926 -0.746013 0)
(-1.70887 -1.12178 0)
(-1.48324 -1.42648 0)
(-1.18846 -1.59239 0)
(-0.758376 -1.53477 0)
(-0.406771 -1.20592 0)
(-0.0666443 -0.671051 0)
(1.56473e-265 0.0117187 0)
(-0.0132025 0.360156 0)
(-0.112055 0.841145 0)
(-0.280779 1.13833 0)
(-0.463003 1.2768 0)
(-0.656704 1.32168 0)
(-0.847596 1.28286 0)
(-1.03328 1.20079 0)
(-1.21771 1.07038 0)
(-1.39489 0.902645 0)
(-1.56935 0.687125 0)
(-1.7303 0.413499 0)
(-1.86911 0.0793556 0)
(-1.97087 -0.330563 0)
(-1.99992 -0.785292 0)
(-1.9499 -1.27417 0)
(-1.74888 -1.69688 0)
(-1.44909 -1.9819 0)
(-0.961064 -1.97614 0)
(-0.513254 -1.59054 0)
(-0.0672393 -0.93418 0)
(0.0468748 -0.0630098 0)
(-0.0177371 0.414056 0)
(-0.126713 0.966181 0)
(-0.309402 1.30538 0)
(-0.497682 1.45642 0)
(-0.68974 1.50667 0)
(-0.875947 1.46454 0)
(-1.05083 1.38166 0)
(-1.22741 1.24927 0)
(-1.39545 1.08061 0)
(-1.56968 0.861307 0)
(-1.73494 0.576055 0)
(-1.89426 0.218299 0)
(-2.02631 -0.23908 0)
(-2.10591 -0.766706 0)
(-2.11233 -1.36854 0)
(-1.96858 -1.9293 0)
(-1.70473 -2.3745 0)
(-1.17466 -2.47844 0)
(-0.660826 -2.09307 0)
(0.0345599 -1.23713 0)
(2.18331e-231 -0.0117187 0)
(-0.0236979 0.507495 0)
(-0.14096 1.1359 0)
(-0.332016 1.51313 0)
(-0.518046 1.65823 0)
(-0.696852 1.70301 0)
(-0.864776 1.64419 0)
(-1.01239 1.55403 0)
(-1.16216 1.4148 0)
(-1.29918 1.24529 0)
(-1.44896 1.02613 0)
(-1.59344 0.737368 0)
(-1.74939 0.370052 0)
(-1.89424 -0.119928 0)
(-2.01798 -0.700484 0)
(-2.09414 -1.41191 0)
(-2.0474 -2.10937 0)
(-1.8819 -2.77633 0)
(-1.40658 -3.03742 0)
(-0.866342 -2.7952 0)
(-0.00392295 -1.62897 0)
(5.45395e-202 4.40214e-184 0)
(-0.0408868 0.57153 0)
(-0.182855 1.26839 0)
(-0.391218 1.67844 0)
(-0.572659 1.81562 0)
(-0.720143 1.85158 0)
(-0.850564 1.77644 0)
(-0.942506 1.6785 0)
(-1.03852 1.53447 0)
(-1.11219 1.36746 0)
(-1.20713 1.15571 0)
(-1.29614 0.877088 0)
(-1.42004 0.520821 0)
(-1.54612 0.0317846 0)
(-1.70366 -0.563648 0)
(-1.84116 -1.33237 0)
(-1.93798 -2.13924 0)
(-1.91862 -3.00114 0)
(-1.62041 -3.5033 0)
(-1.1243 -3.47421 0)
(-0.00989256 -2.1317 0)
(1.76086e-183 1.23741e-184 0)
(-0.0602517 0.738975 0)
(-0.22408 1.49051 0)
(-0.434405 1.91213 0)
(-0.592956 1.98839 0)
(-0.687669 1.98781 0)
(-0.757571 1.86706 0)
(-0.770256 1.74596 0)
(-0.786561 1.58494 0)
(-0.770057 1.41527 0)
(-0.779579 1.21087 0)
(-0.781105 0.949511 0)
(-0.834703 0.621548 0)
(-0.905309 0.16114 0)
(-1.05365 -0.402835 0)
(-1.23175 -1.18152 0)
(-1.46144 -2.02907 0)
(-1.66133 -3.10008 0)
(-1.66721 -3.83961 0)
(-1.46132 -4.42495 0)
(-0.452495 -2.79896 0)
(4.29724e-254 -4.40214e-184 0)
(-0.125636 0.841511 0)
(-0.356663 1.6293 0)
(-0.561199 2.04177 0)
(-0.675773 2.05897 0)
(-0.659366 2.01517 0)
(-0.625399 1.85392 0)
(-0.50661 1.70822 0)
(-0.405704 1.53306 0)
(-0.261925 1.3617 0)
(-0.159093 1.16874 0)
(-0.0445468 0.933798 0)
(-0.00726467 0.650264 0)
(0.0113225 0.253646 0)
(-0.11129 -0.228428 0)
(-0.277041 -0.917002 0)
(-0.670095 -1.69869 0)
(-1.04237 -2.76993 0)
(-1.66953 -3.70292 0)
(-1.75272 -4.60348 0)
(-2.04492 -3.66866 0)
(-2.49326e-264 -0.210474 0)
(-0.17988 1.24228 0)
(-0.441765 1.93027 0)
(-0.571288 2.25331 0)
(-0.578068 2.08683 0)
(-0.402784 1.95127 0)
(-0.221426 1.71411 0)
(0.0545313 1.53296 0)
(0.29537 1.3405 0)
(0.577116 1.17073 0)
(0.802639 0.995105 0)
(1.03691 0.796723 0)
(1.1786 0.570111 0)
(1.29783 0.261238 0)
(1.25227 -0.105384 0)
(1.14421 -0.633386 0)
(0.754216 -1.24692 0)
(0.280078 -2.13003 0)
(-0.569006 -3.08529 0)
(-1.21163 -4.13634 0)
(-1.86329 -4.41115 0)
(-0.841897 -2.27861 0)
(-0.399016 1.42854 0)
(-0.729753 1.99194 0)
(-0.545524 2.17216 0)
(-0.299668 1.87382 0)
(0.209746 1.6598 0)
(0.620385 1.38918 0)
(1.11779 1.19377 0)
(1.51844 1.0088 0)
(1.9419 0.856403 0)
(2.27429 0.711753 0)
(2.60482 0.55973 0)
(2.81845 0.397484 0)
(3.01188 0.182794 0)
(3.0121 -0.0594022 0)
(2.97223 -0.415119 0)
(2.59289 -0.811609 0)
(2.16745 -1.44536 0)
(1.1976 -2.17917 0)
(0.345999 -3.31032 0)
(-0.753514 -3.9623 0)
(-0.695185 -2.95469 0)
(-0.253883 2.43286 0)
(-0.0917796 2.07144 0)
(0.69464 1.87403 0)
(1.32851 1.32435 0)
(2.11861 1.05232 0)
(2.71079 0.800218 0)
(3.32339 0.641887 0)
(3.79368 0.512941 0)
(4.25343 0.415723 0)
(4.60264 0.331967 0)
(4.93547 0.250653 0)
(5.14827 0.167854 0)
(5.33952 0.0636384 0)
(5.35037 -0.0533172 0)
(5.33341 -0.22394 0)
(5.00858 -0.420027 0)
(4.65696 -0.764316 0)
(3.75841 -1.23025 0)
(2.81996 -2.25016 0)
(1.07129 -3.32435 0)
(-0.0429048 -3.80133 0)
(1.66968 1.67196 0)
(2.71433 0.977688 0)
(4.56164 0.750401 0)
(5.40004 0.423626 0)
(6.25871 0.284015 0)
(6.75348 0.17408 0)
(7.21312 0.116677 0)
(7.51538 0.0766387 0)
(7.79358 0.0514531 0)
(7.98118 0.0328092 0)
(8.15513 0.0168375 0)
(8.24547 0.00187296 0)
(8.32741 -0.017375 0)
(8.28737 -0.037424 0)
(8.24747 -0.0732267 0)
(7.98287 -0.108097 0)
(7.74371 -0.20016 0)
(6.99999 -0.295535 0)
(6.26791 -0.629813 0)
(4.04934 -1.00218 0)
(2.01067 -1.82415 0)
)
;

boundaryField
{
    movingWall
    {
        type            fixedValue;
        value           uniform (10 0 0);
    }
    fixedWalls
    {
        type            noSlip;
    }
    frontAndBack
    {
        type            empty;
    }
}


// ************************************************************************* //
