/*--------------------------------*- C++ -*----------------------------------*\
| =========                 |                                                 |
| \\      /  F ield         | OpenFOAM: The Open Source CFD Toolbox           |
|  \\    /   O peration     | Version:  4.1                                   |
|   \\  /    A nd           | Web:      www.OpenFOAM.org                      |
|    \\/     M anipulation  |                                                 |
\*---------------------------------------------------------------------------*/
FoamFile
{
    version     2.0;
    format      ascii;
    class       volVectorField;
    location    "0.00198";
    object      U;
}
// * * * * * * * * * * * * * * * * * * * * * * * * * * * * * * * * * * * * * //

dimensions      [0 1 -1 0 0 0 0];

internalField   nonuniform List<vector> 
1681
(
(-0.000153095 0.000157911 0)
(-0.00171837 0.000878829 0)
(-0.00483091 0.00131222 0)
(-0.00864644 0.00152253 0)
(-0.0127742 0.00159208 0)
(-0.016968 0.00159674 0)
(-0.021116 0.00156626 0)
(-0.0251497 0.00151445 0)
(-0.0290239 0.00144722 0)
(-0.032704 0.00136786 0)
(-0.0361619 0.00127839 0)
(-0.0393734 0.00118025 0)
(-0.0423178 0.00107451 0)
(-0.0449767 0.000962043 0)
(-0.0473338 0.000843634 0)
(-0.0493747 0.000720009 0)
(-0.0510869 0.000591875 0)
(-0.0524597 0.000459946 0)
(-0.0534844 0.000324947 0)
(-0.0541539 0.000187625 0)
(-0.0544633 4.87521e-05 0)
(-0.0544098 -9.08738e-05 0)
(-0.0539923 -0.000230427 0)
(-0.0532123 -0.000369054 0)
(-0.0520733 -0.000505883 0)
(-0.0505811 -0.000640018 0)
(-0.0487439 -0.000770551 0)
(-0.0465721 -0.000896568 0)
(-0.0440787 -0.00101715 0)
(-0.0412788 -0.00113141 0)
(-0.03819 -0.00123846 0)
(-0.0348321 -0.00133747 0)
(-0.0312271 -0.00142766 0)
(-0.0273988 -0.00150831 0)
(-0.0233734 -0.0015785 0)
(-0.0191801 -0.00163597 0)
(-0.0148588 -0.00167232 0)
(-0.0104827 -0.00165928 0)
(-0.00624195 -0.00151618 0)
(-0.00254874 -0.00110038 0)
(-0.000341162 -0.000325347 0)
(-0.000636586 0.00157241 0)
(-0.00457219 0.00529234 0)
(-0.0114742 0.00755608 0)
(-0.0196909 0.00864019 0)
(-0.0284809 0.00900911 0)
(-0.0373617 0.00902192 0)
(-0.0461159 0.00884231 0)
(-0.05461 0.00854399 0)
(-0.0627562 0.00816038 0)
(-0.0704865 0.00770963 0)
(-0.0777448 0.00720295 0)
(-0.0844831 0.00664814 0)
(-0.0906589 0.00605112 0)
(-0.0962347 0.00541674 0)
(-0.101177 0.00474932 0)
(-0.105456 0.00405289 0)
(-0.109046 0.00333141 0)
(-0.111926 0.00258882 0)
(-0.114075 0.00182918 0)
(-0.115481 0.00105663 0)
(-0.116133 0.000275454 0)
(-0.116025 -0.000509901 0)
(-0.115154 -0.00129485 0)
(-0.113524 -0.00207468 0)
(-0.111142 -0.00284452 0)
(-0.108019 -0.00359941 0)
(-0.104173 -0.00433432 0)
(-0.0996239 -0.00504415 0)
(-0.0943996 -0.00572382 0)
(-0.0885311 -0.00636831 0)
(-0.0820545 -0.00697271 0)
(-0.0750108 -0.00753231 0)
(-0.0674454 -0.00804262 0)
(-0.0594079 -0.00849922 0)
(-0.0509527 -0.00889639 0)
(-0.0421411 -0.00922068 0)
(-0.0330533 -0.00942723 0)
(-0.0238269 -0.00937095 0)
(-0.0147947 -0.00866578 0)
(-0.00667738 -0.00658348 0)
(-0.00112907 -0.00250717 0)
(-0.000696065 0.00389965 0)
(-0.00543527 0.0118193 0)
(-0.014263 0.0165159 0)
(-0.0247203 0.0187258 0)
(-0.0358473 0.0194409 0)
(-0.0470056 0.0194108 0)
(-0.0579446 0.0189853 0)
(-0.0685176 0.0183191 0)
(-0.0786324 0.0174805 0)
(-0.0882158 0.0165052 0)
(-0.0972057 0.0154149 0)
(-0.105547 0.0142246 0)
(-0.113189 0.0129459 0)
(-0.120088 0.0115886 0)
(-0.126204 0.0101613 0)
(-0.131499 0.00867259 0)
(-0.135944 0.00713056 0)
(-0.139509 0.00554354 0)
(-0.142174 0.00392005 0)
(-0.14392 0.00226885 0)
(-0.144734 0.00059901 0)
(-0.144607 -0.00108007 0)
(-0.143539 -0.00275866 0)
(-0.141531 -0.00442675 0)
(-0.138592 -0.00607401 0)
(-0.134736 -0.0076899 0)
(-0.129983 -0.00926368 0)
(-0.12436 -0.0107845 0)
(-0.117899 -0.0122416 0)
(-0.110639 -0.0136241 0)
(-0.102623 -0.0149217 0)
(-0.0939014 -0.016124 0)
(-0.0845307 -0.0172214 0)
(-0.0745719 -0.0182042 0)
(-0.0640922 -0.0190598 0)
(-0.0531671 -0.0197604 0)
(-0.0418935 -0.0202175 0)
(-0.0304319 -0.0201497 0)
(-0.0191578 -0.0188088 0)
(-0.00889066 -0.0147159 0)
(-0.00156534 -0.00621439 0)
(-0.000283165 0.0057426 0)
(-0.00453977 0.0189782 0)
(-0.0144726 0.0267378 0)
(-0.0262356 0.0302718 0)
(-0.0386651 0.0313064 0)
(-0.0509839 0.03114 0)
(-0.0629606 0.0303711 0)
(-0.0744716 0.0292492 0)
(-0.085446 0.0278762 0)
(-0.0958221 0.0263012 0)
(-0.105544 0.0245528 0)
(-0.114557 0.0226513 0)
(-0.122813 0.0206128 0)
(-0.130265 0.0184514 0)
(-0.13687 0.0161802 0)
(-0.142592 0.0138119 0)
(-0.147396 0.0113592 0)
(-0.151252 0.00883495 0)
(-0.154137 0.00625259 0)
(-0.156031 0.00362586 0)
(-0.15692 0.000969044 0)
(-0.156795 -0.00170304 0)
(-0.155653 -0.00437502 0)
(-0.153495 -0.00703103 0)
(-0.150332 -0.00965473 0)
(-0.146176 -0.0122294 0)
(-0.141051 -0.0147379 0)
(-0.134983 -0.0171631 0)
(-0.128006 -0.0194876 0)
(-0.120162 -0.0216944 0)
(-0.111497 -0.0237666 0)
(-0.102066 -0.0256879 0)
(-0.0919292 -0.0274426 0)
(-0.0811517 -0.0290149 0)
(-0.0698065 -0.0303846 0)
(-0.0579749 -0.0315088 0)
(-0.0457602 -0.0322535 0)
(-0.0333309 -0.0321966 0)
(-0.0210766 -0.0302062 0)
(-0.00986038 -0.0239732 0)
(-0.00175192 -0.0105621 0)
(0.000285773 0.00714557 0)
(-0.00234464 0.0267106 0)
(-0.0135586 0.0381315 0)
(-0.0264351 0.0429732 0)
(-0.0398449 0.0441507 0)
(-0.0529251 0.0436734 0)
(-0.0655191 0.0424337 0)
(-0.0775503 0.0407683 0)
(-0.0889807 0.0387982 0)
(-0.099766 0.0365744 0)
(-0.109859 0.034126 0)
(-0.119211 0.0314747 0)
(-0.127774 0.0286388 0)
(-0.135503 0.0256358 0)
(-0.142356 0.0224822 0)
(-0.148293 0.019195 0)
(-0.15328 0.0157912 0)
(-0.157288 0.0122882 0)
(-0.160291 0.00870426 0)
(-0.162268 0.00505818 0)
(-0.163205 0.00136958 0)
(-0.163091 -0.00234114 0)
(-0.161922 -0.00605283 0)
(-0.1597 -0.00974356 0)
(-0.156433 -0.0133907 0)
(-0.152135 -0.0169711 0)
(-0.146829 -0.0204611 0)
(-0.14054 -0.0238366 0)
(-0.133304 -0.0270736 0)
(-0.125163 -0.0301481 0)
(-0.116166 -0.0330367 0)
(-0.106367 -0.0357163 0)
(-0.0958279 -0.0381648 0)
(-0.0846184 -0.04036 0)
(-0.0728133 -0.0422737 0)
(-0.0604972 -0.0438474 0)
(-0.047777 -0.0449013 0)
(-0.0348262 -0.0448693 0)
(-0.0220455 -0.0422216 0)
(-0.0103299 -0.0337723 0)
(-0.00183529 -0.0152019 0)
(6.83661e-268 7.14432e-05 0)
(-0.00196097 0.0334801 0)
(-0.0137363 0.0502377 0)
(-0.0271813 0.0565062 0)
(-0.0411423 0.0576907 0)
(-0.0547 0.0567591 0)
(-0.0677129 0.0549486 0)
(-0.0801181 0.0526736 0)
(-0.0918875 0.0500609 0)
(-0.102983 0.0471544 0)
(-0.113361 0.043978 0)
(-0.122974 0.0405517 0)
(-0.131776 0.0368948 0)
(-0.139722 0.0330268 0)
(-0.146769 0.0289677 0)
(-0.152878 0.0247379 0)
(-0.158014 0.0203586 0)
(-0.162146 0.0158516 0)
(-0.165248 0.01124 0)
(-0.167299 0.00654751 0)
(-0.168281 0.00179911 0)
(-0.168185 -0.00297924 0)
(-0.167005 -0.00776053 0)
(-0.164742 -0.0125167 0)
(-0.161403 -0.0172188 0)
(-0.157001 -0.021837 0)
(-0.151557 -0.0263408 0)
(-0.145098 -0.0306992 0)
(-0.137658 -0.034881 0)
(-0.129281 -0.0388551 0)
(-0.120014 -0.0425909 0)
(-0.109914 -0.0460584 0)
(-0.0990444 -0.0492286 0)
(-0.087476 -0.0520723 0)
(-0.0752863 -0.0545532 0)
(-0.0625629 -0.0565963 0)
(-0.0494164 -0.0579752 0)
(-0.036026 -0.0579755 0)
(-0.0228063 -0.0546557 0)
(-0.0106851 -0.0439197 0)
(-0.00189605 -0.0200106 0)
(5.53046e-27 4.38794e-25 0)
(-0.00376449 0.0415371 0)
(-0.01542 0.0627042 0)
(-0.0290009 0.0703409 0)
(-0.0431387 0.0715581 0)
(-0.0569671 0.0701862 0)
(-0.0702909 0.0678014 0)
(-0.0830219 0.0649037 0)
(-0.0951134 0.0616308 0)
(-0.106518 0.0580219 0)
(-0.117188 0.0540971 0)
(-0.127074 0.0498752 0)
(-0.136128 0.0453765 0)
(-0.144304 0.0406225 0)
(-0.151559 0.0356362 0)
(-0.157853 0.0304415 0)
(-0.163151 0.0250636 0)
(-0.167419 0.0195287 0)
(-0.170632 0.0138644 0)
(-0.172766 0.00809933 0)
(-0.173804 0.00226378 0)
(-0.173733 -0.00361078 0)
(-0.172547 -0.0094915 0)
(-0.170245 -0.0153442 0)
(-0.166834 -0.0211333 0)
(-0.162325 -0.0268224 0)
(-0.156737 -0.0323738 0)
(-0.150098 -0.0377493 0)
(-0.142441 -0.0429103 0)
(-0.133808 -0.0478181 0)
(-0.124249 -0.0524345 0)
(-0.113821 -0.0567222 0)
(-0.102589 -0.0606446 0)
(-0.0906252 -0.0641653 0)
(-0.0780106 -0.0672388 0)
(-0.064836 -0.0697734 0)
(-0.0512164 -0.0714939 0)
(-0.0373388 -0.0715321 0)
(-0.0236345 -0.0675198 0)
(-0.0110689 -0.054417 0)
(-0.001962 -0.024982 0)
(-4.91992e-79 1.38262e-27 0)
(-0.00559734 0.049934 0)
(-0.0176358 0.0752594 0)
(-0.0314385 0.0842645 0)
(-0.04572 0.0855969 0)
(-0.0597886 0.0838685 0)
(-0.0734178 0.0809594 0)
(-0.0864908 0.0774588 0)
(-0.0989334 0.0735257 0)
(-0.110683 0.0692035 0)
(-0.121683 0.0645137 0)
(-0.131879 0.0594766 0)
(-0.141222 0.0541146 0)
(-0.149664 0.0484521 0)
(-0.15716 0.042515 0)
(-0.163669 0.0363309 0)
(-0.169155 0.0299287 0)
(-0.173584 0.023339 0)
(-0.176928 0.0165938 0)
(-0.179162 0.00972659 0)
(-0.180268 0.0027728 0)
(-0.180231 -0.00423063 0)
(-0.179042 -0.011245 0)
(-0.176701 -0.01823 0)
(-0.173209 -0.0251434 0)
(-0.168579 -0.0319419 0)
(-0.162829 -0.0385806 0)
(-0.155983 -0.0450137 0)
(-0.148074 -0.0511946 0)
(-0.139146 -0.0570769 0)
(-0.129247 -0.062614 0)
(-0.118435 -0.0677605 0)
(-0.106778 -0.0724721 0)
(-0.0943495 -0.0767039 0)
(-0.0812342 -0.0804009 0)
(-0.0675268 -0.0834536 0)
(-0.053348 -0.0855353 0)
(-0.0388942 -0.0856177 0)
(-0.0246168 -0.0808876 0)
(-0.0115255 -0.0653235 0)
(-0.00204133 -0.0301438 0)
(-3.4029e-166 -1.22998e-79 0)
(-0.00834291 0.0592455 0)
(-0.020496 0.0882541 0)
(-0.0343957 0.0983791 0)
(-0.0487793 0.0998406 0)
(-0.0631142 0.0978341 0)
(-0.0770983 0.0944584 0)
(-0.0905685 0.0903808 0)
(-0.103416 0.0857905 0)
(-0.115562 0.0807447 0)
(-0.126941 0.0752725 0)
(-0.137495 0.069399 0)
(-0.14717 0.0631503 0)
(-0.155919 0.0565541 0)
(-0.163694 0.0496397 0)
(-0.170454 0.0424383 0)
(-0.176161 0.0349826 0)
(-0.180779 0.0273073 0)
(-0.184277 0.0194488 0)
(-0.186632 0.0114454 0)
(-0.18782 0.00333747 0)
(-0.187826 -0.00483269 0)
(-0.18664 -0.0130206 0)
(-0.184257 -0.0211796 0)
(-0.180678 -0.0292612 0)
(-0.175913 -0.0372146 0)
(-0.169977 -0.0449875 0)
(-0.162895 -0.0525262 0)
(-0.154698 -0.0597759 0)
(-0.145427 -0.0666813 0)
(-0.135133 -0.0731873 0)
(-0.123875 -0.0792396 0)
(-0.11172 -0.0847849 0)
(-0.0987475 -0.0897695 0)
(-0.085044 -0.0941278 0)
(-0.0707094 -0.0977309 0)
(-0.0558714 -0.100198 0)
(-0.0407373 -0.100332 0)
(-0.0257828 -0.094855 0)
(-0.012069 -0.0767182 0)
(-0.00213643 -0.0355343 0)
(-5.52041e-267 0.000335682 0)
(-0.0127984 0.0687092 0)
(-0.0237307 0.100808 0)
(-0.037501 0.112345 0)
(-0.0520616 0.114224 0)
(-0.0668132 0.112125 0)
(-0.0812831 0.108366 0)
(-0.0952499 0.103736 0)
(-0.10858 0.0984859 0)
(-0.121186 0.0927008 0)
(-0.132999 0.0864246 0)
(-0.143961 0.0796901 0)
(-0.154016 0.072528 0)
(-0.163115 0.0649699 0)
(-0.171211 0.0570484 0)
(-0.178259 0.0487983 0)
(-0.184219 0.0402562 0)
(-0.189056 0.0314607 0)
(-0.192736 0.0224523 0)
(-0.195231 0.0132741 0)
(-0.19652 0.00397113 0)
(-0.196582 -0.00540897 0)
(-0.195404 -0.014816 0)
(-0.19298 -0.0241973 0)
(-0.189309 -0.0334975 0)
(-0.184395 -0.0426587 0)
(-0.178254 -0.0516208 0)
(-0.170906 -0.0603216 0)
(-0.162382 -0.0686974 0)
(-0.152722 -0.0766838 0)
(-0.141976 -0.084216 0)
(-0.130205 -0.0912299 0)
(-0.117478 -0.0976626 0)
(-0.103876 -0.10345 0)
(-0.0894903 -0.108515 0)
(-0.0744271 -0.112708 0)
(-0.0588216 -0.11559 0)
(-0.0428942 -0.115786 0)
(-0.027149 -0.109528 0)
(-0.0127073 -0.0886886 0)
(-0.00224854 -0.0411956 0)
(-0.00134273 0.0224473 0)
(-0.0114171 0.0811417 0)
(-0.0237652 0.113681 0)
(-0.0389672 0.126746 0)
(-0.0548597 0.129195 0)
(-0.070625 0.127034 0)
(-0.0858944 0.122863 0)
(-0.100525 0.117642 0)
(-0.114438 0.111694 0)
(-0.127576 0.105136 0)
(-0.139883 0.0980255 0)
(-0.151305 0.0904 0)
(-0.161789 0.0822942 0)
(-0.171284 0.0737425 0)
(-0.179741 0.0647809 0)
(-0.187116 0.0554474 0)
(-0.193365 0.0457823 0)
(-0.198452 0.035828 0)
(-0.202341 0.0256292 0)
(-0.205003 0.0152331 0)
(-0.20641 0.0046895 0)
(-0.206543 -0.00594896 0)
(-0.205384 -0.0166266 0)
(-0.202923 -0.0272847 0)
(-0.199155 -0.0378611 0)
(-0.194083 -0.0482907 0)
(-0.187717 -0.058505 0)
(-0.180077 -0.0684332 0)
(-0.17119 -0.0780021 0)
(-0.161094 -0.0871371 0)
(-0.14984 -0.095763 0)
(-0.137488 -0.103805 0)
(-0.124109 -0.111189 0)
(-0.109788 -0.117839 0)
(-0.0946219 -0.123665 0)
(-0.0787217 -0.128494 0)
(-0.0622326 -0.131826 0)
(-0.0453903 -0.132097 0)
(-0.0287318 -0.125021 0)
(-0.013448 -0.101329 0)
(-0.00237898 -0.0471734 0)
(0.000576006 0.0250834 0)
(-0.0024571 0.0924546 0)
(-0.0203966 0.129529 0)
(-0.0391379 0.143766 0)
(-0.0575075 0.145991 0)
(-0.0747809 0.143166 0)
(-0.0910714 0.13824 0)
(-0.106476 0.132246 0)
(-0.121043 0.125504 0)
(-0.13477 0.118117 0)
(-0.147623 0.110131 0)
(-0.159556 0.10158 0)
(-0.170517 0.0924961 0)
(-0.180454 0.082916 0)
(-0.189316 0.072878 0)
(-0.197057 0.0624231 0)
(-0.203633 0.0515951 0)
(-0.209004 0.04044 0)
(-0.213132 0.0290064 0)
(-0.215986 0.0173454 0)
(-0.217535 0.00551112 0)
(-0.217757 -0.00643911 0)
(-0.216629 -0.0184444 0)
(-0.214138 -0.0304401 0)
(-0.210275 -0.0423574 0)
(-0.205038 -0.0541236 0)
(-0.198433 -0.0656621 0)
(-0.190475 -0.0768926 0)
(-0.18119 -0.0877318 0)
(-0.170614 -0.098094 0)
(-0.158794 -0.107892 0)
(-0.145791 -0.11704 0)
(-0.13168 -0.12545 0)
(-0.116547 -0.133034 0)
(-0.100495 -0.139686 0)
(-0.0836417 -0.145208 0)
(-0.0661441 -0.149033 0)
(-0.0482553 -0.149396 0)
(-0.0305501 -0.141457 0)
(-0.0143001 -0.114743 0)
(-0.00252934 -0.053517 0)
(4.6414e-282 0.000144001 0)
(-0.00257377 0.101925 0)
(-0.022616 0.148507 0)
(-0.0428252 0.163414 0)
(-0.0622248 0.164536 0)
(-0.0802819 0.160451 0)
(-0.0972515 0.154465 0)
(-0.113297 0.147552 0)
(-0.128487 0.139943 0)
(-0.14282 0.131683 0)
(-0.156257 0.122787 0)
(-0.168747 0.113277 0)
(-0.180233 0.103181 0)
(-0.190658 0.0925354 0)
(-0.199969 0.081382 0)
(-0.208118 0.0697647 0)
(-0.215058 0.0577308 0)
(-0.220748 0.0453297 0)
(-0.225148 0.0326135 0)
(-0.228223 0.0196369 0)
(-0.229941 0.00645782 0)
(-0.230273 -0.00686219 0)
(-0.229194 -0.0202574 0)
(-0.226685 -0.0336576 0)
(-0.222732 -0.0469876 0)
(-0.217328 -0.0601671 0)
(-0.210473 -0.0731109 0)
(-0.202178 -0.0857287 0)
(-0.192463 -0.0979265 0)
(-0.181361 -0.109606 0)
(-0.168919 -0.120669 0)
(-0.155196 -0.131012 0)
(-0.140268 -0.140536 0)
(-0.124225 -0.149138 0)
(-0.107174 -0.156693 0)
(-0.0892446 -0.162975 0)
(-0.0706032 -0.167344 0)
(-0.0515245 -0.16782 0)
(-0.0326271 -0.158974 0)
(-0.0152745 -0.129042 0)
(-0.00270158 -0.0602805 0)
(-6.63409e-248 2.23745e-165 0)
(-0.0138835 0.116348 0)
(-0.0318856 0.16815 0)
(-0.0509235 0.183085 0)
(-0.0694119 0.183206 0)
(-0.0872897 0.178068 0)
(-0.104494 0.171172 0)
(-0.121013 0.163423 0)
(-0.136787 0.154983 0)
(-0.151745 0.145854 0)
(-0.165809 0.136034 0)
(-0.178906 0.125538 0)
(-0.190967 0.114395 0)
(-0.201929 0.102646 0)
(-0.211735 0.0903361 0)
(-0.220334 0.0775127 0)
(-0.227678 0.064227 0)
(-0.233724 0.050532 0)
(-0.238431 0.0364826 0)
(-0.24176 0.0221367 0)
(-0.243675 0.00755524 0)
(-0.244144 -0.00719663 0)
(-0.243136 -0.022049 0)
(-0.240627 -0.0369266 0)
(-0.236595 -0.051748 0)
(-0.231027 -0.0664256 0)
(-0.223917 -0.0808652 0)
(-0.215269 -0.0949664 0)
(-0.205097 -0.108623 0)
(-0.19343 -0.121725 0)
(-0.18031 -0.134156 0)
(-0.165796 -0.145802 0)
(-0.149964 -0.156543 0)
(-0.132907 -0.166261 0)
(-0.11474 -0.17481 0)
(-0.0955989 -0.181933 0)
(-0.0756666 -0.186908 0)
(-0.0552407 -0.187524 0)
(-0.0349904 -0.177719 0)
(-0.0163847 -0.144349 0)
(-0.00289814 -0.0675236 0)
(-8.94982e-165 0.00201337 0)
(-0.0301049 0.131062 0)
(-0.0440114 0.184981 0)
(-0.060781 0.200603 0)
(-0.0776788 0.200783 0)
(-0.0950999 0.195439 0)
(-0.11246 0.188126 0)
(-0.129469 0.179794 0)
(-0.145883 0.170634 0)
(-0.161533 0.160673 0)
(-0.176292 0.149924 0)
(-0.190059 0.138417 0)
(-0.202752 0.126192 0)
(-0.214302 0.113298 0)
(-0.22465 0.0997853 0)
(-0.233743 0.0857089 0)
(-0.241532 0.0711231 0)
(-0.247973 0.0560839 0)
(-0.253024 0.0406487 0)
(-0.256642 0.0248775 0)
(-0.258789 0.00883346 0)
(-0.259427 -0.00741569 0)
(-0.258519 -0.0237967 0)
(-0.256033 -0.04023 0)
(-0.251941 -0.0566285 0)
(-0.24622 -0.0728972 0)
(-0.238857 -0.0889333 0)
(-0.229846 -0.104626 0)
(-0.219195 -0.119855 0)
(-0.206926 -0.134497 0)
(-0.193075 -0.14842 0)
(-0.177699 -0.16149 0)
(-0.160874 -0.17357 0)
(-0.142696 -0.18452 0)
(-0.123284 -0.194172 0)
(-0.102787 -0.20223 0)
(-0.0814021 -0.207887 0)
(-0.0594554 -0.208676 0)
(-0.0376739 -0.197858 0)
(-0.0176469 -0.160804 0)
(-0.00312195 -0.0753127 0)
(-0.00805348 0.0559247 0)
(-0.0370083 0.153543 0)
(-0.0512074 0.200853 0)
(-0.0677187 0.216692 0)
(-0.0847284 0.217705 0)
(-0.102602 0.212846 0)
(-0.120641 0.205523 0)
(-0.138444 0.19681 0)
(-0.155691 0.187012 0)
(-0.172167 0.176233 0)
(-0.187719 0.164536 0)
(-0.202234 0.151981 0)
(-0.215623 0.138629 0)
(-0.227817 0.12454 0)
(-0.238754 0.109776 0)
(-0.248385 0.0943961 0)
(-0.25666 0.0784595 0)
(-0.263537 0.0620244 0)
(-0.26897 0.0451496 0)
(-0.272918 0.027896 0)
(-0.275335 0.0103276 0)
(-0.276179 -0.00748654 0)
(-0.275406 -0.0254712 0)
(-0.272976 -0.0435432 0)
(-0.26885 -0.0616108 0)
(-0.262997 -0.0795723 0)
(-0.255391 -0.0973158 0)
(-0.246017 -0.114719 0)
(-0.234872 -0.13165 0)
(-0.22197 -0.147967 0)
(-0.20734 -0.163521 0)
(-0.191033 -0.178158 0)
(-0.173124 -0.191718 0)
(-0.15371 -0.204038 0)
(-0.132918 -0.214921 0)
(-0.110906 -0.224029 0)
(-0.0878916 -0.230458 0)
(-0.064231 -0.231466 0)
(-0.0407183 -0.219576 0)
(-0.0190808 -0.178559 0)
(-0.00337664 -0.0837228 0)
(-0.00744548 0.0714486 0)
(-0.0313414 0.171199 0)
(-0.0506808 0.21804 0)
(-0.070363 0.234311 0)
(-0.0898023 0.235924 0)
(-0.109417 0.231379 0)
(-0.12886 0.223962 0)
(-0.147873 0.214812 0)
(-0.166205 0.204323 0)
(-0.183671 0.192671 0)
(-0.20013 0.179968 0)
(-0.215477 0.166305 0)
(-0.229628 0.151765 0)
(-0.242518 0.136425 0)
(-0.254091 0.120353 0)
(-0.264301 0.103617 0)
(-0.273103 0.0862772 0)
(-0.280455 0.0683942 0)
(-0.286314 0.0500262 0)
(-0.290633 0.0312334 0)
(-0.293365 0.0120787 0)
(-0.29446 -0.00736926 0)
(-0.293866 -0.0270347 0)
(-0.291533 -0.0468326 0)
(-0.287412 -0.0666673 0)
(-0.281456 -0.0864311 0)
(-0.27363 -0.106004 0)
(-0.263902 -0.125251 0)
(-0.252259 -0.144027 0)
(-0.238701 -0.162173 0)
(-0.223248 -0.179519 0)
(-0.205945 -0.195888 0)
(-0.18686 -0.211095 0)
(-0.166092 -0.224946 0)
(-0.143774 -0.237214 0)
(-0.120076 -0.24751 0)
(-0.0952342 -0.254822 0)
(-0.0696433 -0.256105 0)
(-0.0441736 -0.243083 0)
(-0.0207109 -0.197791 0)
(-0.00366665 -0.092839 0)
(-0.00585809 0.0870972 0)
(-0.0274549 0.191991 0)
(-0.0497709 0.239367 0)
(-0.0724263 0.255263 0)
(-0.0945464 0.25662 0)
(-0.116281 0.251784 0)
(-0.137459 0.243905 0)
(-0.157934 0.234093 0)
(-0.177537 0.222763 0)
(-0.19613 0.210123 0)
(-0.213598 0.196317 0)
(-0.229852 0.181462 0)
(-0.244823 0.16566 0)
(-0.258456 0.149 0)
(-0.270706 0.13156 0)
(-0.281533 0.113411 0)
(-0.2909 0.0946162 0)
(-0.298768 0.0752345 0)
(-0.305094 0.055322 0)
(-0.309832 0.0349353 0)
(-0.312929 0.0141342 0)
(-0.314327 -0.00701555 0)
(-0.313967 -0.0284398 0)
(-0.311785 -0.0500534 0)
(-0.307717 -0.0717583 0)
(-0.301705 -0.0934417 0)
(-0.293693 -0.114975 0)
(-0.283636 -0.136214 0)
(-0.271502 -0.156997 0)
(-0.257277 -0.177146 0)
(-0.240967 -0.196468 0)
(-0.222605 -0.214761 0)
(-0.202254 -0.231808 0)
(-0.180011 -0.247384 0)
(-0.156011 -0.26122 0)
(-0.130437 -0.272871 0)
(-0.10355 -0.281201 0)
(-0.0757851 -0.282832 0)
(-0.0481015 -0.268616 0)
(-0.0225672 -0.2187 0)
(-0.00399752 -0.102759 0)
(-0.00503444 0.0995065 0)
(-0.0255181 0.213165 0)
(-0.0498926 0.262934 0)
(-0.0750838 0.278845 0)
(-0.0997469 0.27969 0)
(-0.12368 0.274189 0)
(-0.146739 0.265536 0)
(-0.168829 0.254824 0)
(-0.189836 0.242468 0)
(-0.209661 0.228694 0)
(-0.228218 0.213664 0)
(-0.24544 0.197514 0)
(-0.261276 0.180362 0)
(-0.275689 0.162306 0)
(-0.288646 0.143432 0)
(-0.300122 0.123814 0)
(-0.310086 0.103514 0)
(-0.318508 0.082587 0)
(-0.325347 0.0610832 0)
(-0.330554 0.039053 0)
(-0.334073 0.0165495 0)
(-0.335838 -0.00636732 0)
(-0.335777 -0.0296274 0)
(-0.333812 -0.0531476 0)
(-0.329864 -0.0768296 0)
(-0.323855 -0.100557 0)
(-0.315711 -0.124195 0)
(-0.305365 -0.147586 0)
(-0.292765 -0.170555 0)
(-0.277876 -0.192903 0)
(-0.260687 -0.214414 0)
(-0.241214 -0.234852 0)
(-0.219509 -0.253968 0)
(-0.195665 -0.271496 0)
(-0.169819 -0.287121 0)
(-0.142165 -0.30033 0)
(-0.112988 -0.309845 0)
(-0.0827712 -0.31192 0)
(-0.0525782 -0.296449 0)
(-0.0246871 -0.241517 0)
(-0.00437615 -0.113597 0)
(-0.00475504 0.111349 0)
(-0.0252941 0.235401 0)
(-0.0514354 0.288609 0)
(-0.0788735 0.304854 0)
(-0.10589 0.305066 0)
(-0.131991 0.298645 0)
(-0.156986 0.288956 0)
(-0.180776 0.277112 0)
(-0.203273 0.263536 0)
(-0.224403 0.248463 0)
(-0.244104 0.232069 0)
(-0.262334 0.214506 0)
(-0.279064 0.195903 0)
(-0.294277 0.17637 0)
(-0.30796 0.155997 0)
(-0.320104 0.134855 0)
(-0.330693 0.113005 0)
(-0.339704 0.0904923 0)
(-0.3471 0.0673586 0)
(-0.352833 0.0436431 0)
(-0.356839 0.0193884 0)
(-0.359044 -0.00535496 0)
(-0.359361 -0.0305243 0)
(-0.357697 -0.0560415 0)
(-0.353953 -0.0818099 0)
(-0.348028 -0.107712 0)
(-0.339824 -0.133606 0)
(-0.329251 -0.159327 0)
(-0.31623 -0.184681 0)
(-0.3007 -0.209449 0)
(-0.282625 -0.233388 0)
(-0.262002 -0.256229 0)
(-0.238865 -0.277683 0)
(-0.213295 -0.297436 0)
(-0.185429 -0.315116 0)
(-0.15547 -0.330129 0)
(-0.123728 -0.341037 0)
(-0.0907446 -0.343681 0)
(-0.0577 -0.326898 0)
(-0.0271181 -0.266514 0)
(-0.0048113 -0.125485 0)
(-0.00481808 0.123195 0)
(-0.0261727 0.258822 0)
(-0.0541745 0.316212 0)
(-0.0838345 0.333094 0)
(-0.11316 0.332654 0)
(-0.141444 0.32515 0)
(-0.168425 0.314214 0)
(-0.193981 0.301026 0)
(-0.218028 0.286031 0)
(-0.240508 0.26948 0)
(-0.261384 0.251568 0)
(-0.280638 0.232461 0)
(-0.298267 0.212301 0)
(-0.314281 0.191205 0)
(-0.328692 0.169266 0)
(-0.341512 0.146553 0)
(-0.352742 0.123116 0)
(-0.362371 0.0989894 0)
(-0.37037 0.0741996 0)
(-0.376689 0.0487692 0)
(-0.381258 0.0227253 0)
(-0.38399 -0.00389533 0)
(-0.384782 -0.0310413 0)
(-0.383521 -0.0586425 0)
(-0.380085 -0.086607 0)
(-0.374348 -0.114818 0)
(-0.366183 -0.143131 0)
(-0.355471 -0.17137 0)
(-0.342099 -0.199329 0)
(-0.325975 -0.226766 0)
(-0.307032 -0.253409 0)
(-0.285237 -0.27895 0)
(-0.2606 -0.303056 0)
(-0.233186 -0.325357 0)
(-0.20312 -0.345416 0)
(-0.170613 -0.362539 0)
(-0.136001 -0.375101 0)
(-0.0998857 -0.378478 0)
(-0.0635888 -0.360337 0)
(-0.0299208 -0.29401 0)
(-0.0053142 -0.138583 0)
(-0.0050792 0.135595 0)
(-0.0277991 0.283811 0)
(-0.0579247 0.345914 0)
(-0.0899593 0.363625 0)
(-0.121684 0.362496 0)
(-0.15223 0.353757 0)
(-0.181269 0.34137 0)
(-0.20865 0.32662 0)
(-0.234289 0.309995 0)
(-0.258143 0.291773 0)
(-0.280198 0.272173 0)
(-0.300465 0.251378 0)
(-0.318973 0.229546 0)
(-0.335763 0.2068 0)
(-0.35088 0.183234 0)
(-0.364363 0.158911 0)
(-0.376239 0.133866 0)
(-0.386512 0.108115 0)
(-0.39516 0.0816603 0)
(-0.402131 0.0545028 0)
(-0.407349 0.026647 0)
(-0.41071 -0.00188929 0)
(-0.412092 -0.0310699 0)
(-0.411358 -0.0608364 0)
(-0.40836 -0.0911045 0)
(-0.402943 -0.121761 0)
(-0.394946 -0.152662 0)
(-0.384213 -0.183624 0)
(-0.370593 -0.214427 0)
(-0.353955 -0.24481 0)
(-0.334191 -0.274466 0)
(-0.31123 -0.303051 0)
(-0.285047 -0.330178 0)
(-0.255679 -0.355415 0)
(-0.223233 -0.378244 0)
(-0.187918 -0.397856 0)
(-0.150092 -0.412404 0)
(-0.110425 -0.416735 0)
(-0.0704026 -0.397208 0)
(-0.0331742 -0.324388 0)
(-0.00589952 -0.153081 0)
(-0.00547565 0.148866 0)
(-0.0300018 0.310715 0)
(-0.0626018 0.377971 0)
(-0.0972805 0.396618 0)
(-0.131594 0.394718 0)
(-0.164543 0.384561 0)
(-0.195738 0.370495 0)
(-0.225007 0.353942 0)
(-0.252267 0.335451 0)
(-0.277493 0.315343 0)
(-0.300701 0.293865 0)
(-0.321938 0.271227 0)
(-0.34127 0.247601 0)
(-0.358779 0.223119 0)
(-0.374551 0.197874 0)
(-0.388663 0.171917 0)
(-0.401172 0.145264 0)
(-0.412105 0.117901 0)
(-0.421448 0.0897987 0)
(-0.429148 0.060925 0)
(-0.435116 0.0312548 0)
(-0.439228 0.000781193 0)
(-0.441337 -0.0304794 0)
(-0.44128 -0.0624835 0)
(-0.438879 -0.0951578 0)
(-0.433943 -0.128397 0)
(-0.426277 -0.162059 0)
(-0.41568 -0.19596 0)
(-0.401956 -0.229867 0)
(-0.384922 -0.263499 0)
(-0.364423 -0.29652 0)
(-0.340337 -0.328541 0)
(-0.312593 -0.35912 0)
(-0.281184 -0.387755 0)
(-0.246186 -0.413833 0)
(-0.207789 -0.436406 0)
(-0.166368 -0.453366 0)
(-0.122663 -0.458949 0)
(-0.0783491 -0.438039 0)
(-0.0369828 -0.358115 0)
(-0.00658677 -0.169213 0)
(-0.0059854 0.163272 0)
(-0.0327369 0.339914 0)
(-0.0682317 0.412732 0)
(-0.105911 0.432344 0)
(-0.143083 0.429516 0)
(-0.178623 0.417699 0)
(-0.212093 0.401675 0)
(-0.243307 0.383032 0)
(-0.272195 0.362402 0)
(-0.298762 0.340161 0)
(-0.323062 0.316595 0)
(-0.345185 0.291942 0)
(-0.365246 0.266393 0)
(-0.383377 0.240092 0)
(-0.399716 0.213128 0)
(-0.414391 0.185537 0)
(-0.427501 0.157304 0)
(-0.4391 0.128376 0)
(-0.449187 0.0986776 0)
(-0.457704 0.0681298 0)
(-0.464541 0.0366689 0)
(-0.469549 0.00425666 0)
(-0.47255 -0.0291136 0)
(-0.473348 -0.0634156 0)
(-0.471732 -0.09859 0)
(-0.467478 -0.134543 0)
(-0.460345 -0.171142 0)
(-0.450085 -0.208205 0)
(-0.436446 -0.245495 0)
(-0.419187 -0.28271 0)
(-0.398088 -0.319486 0)
(-0.372967 -0.35539 0)
(-0.343692 -0.389922 0)
(-0.310194 -0.422504 0)
(-0.272493 -0.452415 0)
(-0.23074 -0.478543 0)
(-0.185304 -0.498467 0)
(-0.136995 -0.505711 0)
(-0.0877074 -0.483476 0)
(-0.041489 -0.395766 0)
(-0.00740253 -0.18727 0)
(-0.0066114 0.179071 0)
(-0.0360444 0.37183 0)
(-0.0749359 0.450614 0)
(-0.116056 0.471145 0)
(-0.156421 0.467141 0)
(-0.194778 0.453336 0)
(-0.230649 0.434998 0)
(-0.263851 0.413915 0)
(-0.294346 0.390823 0)
(-0.322184 0.366163 0)
(-0.34747 0.34027 0)
(-0.370349 0.313412 0)
(-0.390993 0.285804 0)
(-0.409597 0.257604 0)
(-0.426366 0.2289 0)
(-0.441497 0.199705 0)
(-0.455147 0.169965 0)
(-0.467409 0.139566 0)
(-0.478294 0.108368 0)
(-0.487733 0.0762291 0)
(-0.495585 0.0430329 0)
(-0.501663 0.00870449 0)
(-0.505749 -0.0267871 0)
(-0.507611 -0.063433 0)
(-0.507004 -0.101189 0)
(-0.503668 -0.139978 0)
(-0.497318 -0.179685 0)
(-0.487649 -0.22014 0)
(-0.474343 -0.261103 0)
(-0.457085 -0.302263 0)
(-0.435584 -0.343224 0)
(-0.409582 -0.383512 0)
(-0.378868 -0.422571 0)
(-0.343292 -0.459745 0)
(-0.302785 -0.494201 0)
(-0.257419 -0.524635 0)
(-0.207522 -0.54825 0)
(-0.153955 -0.557725 0)
(-0.0988616 -0.534315 0)
(-0.046891 -0.438065 0)
(-0.00838397 -0.207623 0)
(-0.00737353 0.196549 0)
(-0.0400317 0.406963 0)
(-0.0829327 0.492123 0)
(-0.128029 0.513436 0)
(-0.171984 0.507893 0)
(-0.21341 0.491653 0)
(-0.251801 0.470542 0)
(-0.287003 0.446587 0)
(-0.319037 0.420648 0)
(-0.348022 0.39324 0)
(-0.374134 0.364748 0)
(-0.397582 0.335474 0)
(-0.418602 0.305659 0)
(-0.437463 0.275484 0)
(-0.454461 0.24504 0)
(-0.469887 0.214318 0)
(-0.48398 0.183201 0)
(-0.496887 0.151493 0)
(-0.508636 0.118957 0)
(-0.519131 0.0853601 0)
(-0.528181 0.0505214 0)
(-0.53554 0.0143243 0)
(-0.540938 -0.0232829 0)
(-0.544105 -0.0623028 0)
(-0.544764 -0.102705 0)
(-0.542625 -0.144436 0)
(-0.537359 -0.187409 0)
(-0.528594 -0.23148 0)
(-0.515934 -0.276421 0)
(-0.498978 -0.321908 0)
(-0.477345 -0.367522 0)
(-0.450693 -0.412748 0)
(-0.418721 -0.45698 0)
(-0.38117 -0.499499 0)
(-0.33784 -0.53936 0)
(-0.288662 -0.575049 0)
(-0.233854 -0.603321 0)
(-0.174281 -0.615837 0)
(-0.112355 -0.591554 0)
(-0.0534738 -0.485943 0)
(-0.00958482 -0.230752 0)
(-0.00830818 0.21606 0)
(-0.0448783 0.44593 0)
(-0.0925569 0.537878 0)
(-0.142284 0.559716 0)
(-0.190291 0.552109 0)
(-0.235045 0.532831 0)
(-0.276041 0.508358 0)
(-0.313196 0.480997 0)
(-0.346633 0.451754 0)
(-0.376576 0.421223 0)
(-0.403289 0.389826 0)
(-0.427053 0.357899 0)
(-0.448168 0.325712 0)
(-0.466986 0.293487 0)
(-0.483923 0.261334 0)
(-0.499405 0.229217 0)
(-0.513795 0.196939 0)
(-0.527318 0.164178 0)
(-0.540018 0.130552 0)
(-0.55175 0.095699 0)
(-0.562234 0.0593517 0)
(-0.571135 0.0213545 0)
(-0.57811 -0.0183502 0)
(-0.582849 -0.0597605 0)
(-0.58506 -0.102851 0)
(-0.584439 -0.1476 0)
(-0.580614 -0.193975 0)
(-0.57314 -0.241876 0)
(-0.561519 -0.291101 0)
(-0.545243 -0.34132 0)
(-0.523833 -0.392086 0)
(-0.496855 -0.442844 0)
(-0.463918 -0.492955 0)
(-0.424632 -0.541667 0)
(-0.378612 -0.587958 0)
(-0.325547 -0.630103 0)
(-0.265426 -0.66433 0)
(-0.199011 -0.68106 0)
(-0.128978 -0.65647 0)
(-0.061661 -0.540632 0)
(-0.0110855 -0.257306 0)
(-0.00947299 0.238059 0)
(-0.0508595 0.489517 0)
(-0.104302 0.588651 0)
(-0.159464 0.610578 0)
(-0.212046 0.600157 0)
(-0.260371 0.577028 0)
(-0.303985 0.548433 0)
(-0.342947 0.517016 0)
(-0.377551 0.483942 0)
(-0.408174 0.449868 0)
(-0.435191 0.415235 0)
(-0.458953 0.380389 0)
(-0.4798 0.345632 0)
(-0.498165 0.311268 0)
(-0.514626 0.277467 0)
(-0.529813 0.244171 0)
(-0.544283 0.21107 0)
(-0.55838 0.17765 0)
(-0.572162 0.143308 0)
(-0.585391 0.107483 0)
(-0.597632 0.0698016 0)
(-0.608398 0.0300807 0)
(-0.617253 -0.0117067 0)
(-0.62385 -0.0555166 0)
(-0.627913 -0.101308 0)
(-0.629164 -0.149105 0)
(-0.627205 -0.198972 0)
(-0.621494 -0.250892 0)
(-0.6114 -0.304707 0)
(-0.596276 -0.360082 0)
(-0.575527 -0.416526 0)
(-0.548644 -0.473432 0)
(-0.515169 -0.530155 0)
(-0.474585 -0.585975 0)
(-0.42625 -0.63988 0)
(-0.36947 -0.689986 0)
(-0.303789 -0.73193 0)
(-0.229654 -0.754598 0)
(-0.149922 -0.730717 0)
(-0.0721064 -0.603801 0)
(-0.0130113 -0.288181 0)
(-0.0109578 0.26316 0)
(-0.0583939 0.538759 0)
(-0.118896 0.645416 0)
(-0.180487 0.666724 0)
(-0.238214 0.652417 0)
(-0.290285 0.624336 0)
(-0.33639 0.590647 0)
(-0.376852 0.554396 0)
(-0.41224 0.516902 0)
(-0.44316 0.47885 0)
(-0.47012 0.440633 0)
(-0.493508 0.402567 0)
(-0.51364 0.364981 0)
(-0.530996 0.328348 0)
(-0.546382 0.292984 0)
(-0.560754 0.258837 0)
(-0.57498 0.225434 0)
(-0.589597 0.191957 0)
(-0.604677 0.157455 0)
(-0.6198 0.121052 0)
(-0.634251 0.0822377 0)
(-0.647299 0.0408449 0)
(-0.658368 -0.00304696 0)
(-0.667096 -0.0492759 0)
(-0.673295 -0.0977405 0)
(-0.676799 -0.148535 0)
(-0.677208 -0.201907 0)
(-0.673846 -0.257992 0)
(-0.665885 -0.316704 0)
(-0.652482 -0.377685 0)
(-0.632906 -0.440359 0)
(-0.606617 -0.504023 0)
(-0.573179 -0.568048 0)
(-0.531995 -0.631877 0)
(-0.482113 -0.694687 0)
(-0.422239 -0.7546 0)
(-0.351114 -0.806658 0)
(-0.268453 -0.837858 0)
(-0.177038 -0.816489 0)
(-0.0858585 -0.677798 0)
(-0.0155659 -0.32467 0)
(-0.0129054 0.292219 0)
(-0.0681287 0.595048 0)
(-0.137425 0.709427 0)
(-0.206673 0.728974 0)
(-0.270124 0.709236 0)
(-0.325956 0.674709 0)
(-0.37418 0.634694 0)
(-0.415574 0.592702 0)
(-0.451152 0.550183 0)
(-0.481864 0.507753 0)
(-0.508363 0.46563 0)
(-0.531003 0.424001 0)
(-0.549906 0.383201 0)
(-0.565503 0.344057 0)
(-0.578935 0.307217 0)
(-0.591697 0.272699 0)
(-0.605188 0.239796 0)
(-0.620265 0.207194 0)
(-0.637012 0.173363 0)
(-0.654666 0.13691 0)
(-0.671998 0.0971624 0)
(-0.687869 0.0540569 0)
(-0.701502 0.00793429 0)
(-0.712566 -0.0407782 0)
(-0.721105 -0.0918266 0)
(-0.72724 -0.145424 0)
(-0.730623 -0.202179 0)
(-0.730359 -0.262504 0)
(-0.725298 -0.326432 0)
(-0.714292 -0.393536 0)
(-0.696435 -0.463043 0)
(-0.67125 -0.534023 0)
(-0.638537 -0.605879 0)
(-0.597787 -0.678425 0)
(-0.547728 -0.751392 0)
(-0.486174 -0.82328 0)
(-0.410477 -0.888706 0)
(-0.318824 -0.932392 0)
(-0.213302 -0.916736 0)
(-0.104666 -0.766035 0)
(-0.019094 -0.368724 0)
(-0.0155505 0.326478 0)
(-0.0810906 0.660307 0)
(-0.161541 0.782301 0)
(-0.239941 0.798257 0)
(-0.309612 0.770844 0)
(-0.368902 0.727842 0)
(-0.418446 0.679954 0)
(-0.459793 0.631218 0)
(-0.494665 0.583137 0)
(-0.524526 0.536082 0)
(-0.550193 0.489836 0)
(-0.571825 0.444257 0)
(-0.588982 0.399599 0)
(-0.601797 0.357441 0)
(-0.611943 0.319153 0)
(-0.62185 0.284965 0)
(-0.633838 0.253808 0)
(-0.649317 0.223542 0)
(-0.668383 0.19165 0)
(-0.689626 0.155851 0)
(-0.710868 0.115288 0)
(-0.730281 0.0702042 0)
(-0.746799 0.0214919 0)
(-0.760218 -0.029881 0)
(-0.771096 -0.083322 0)
(-0.780193 -0.139261 0)
(-0.787308 -0.19903 0)
(-0.79115 -0.263562 0)
(-0.789998 -0.333076 0)
(-0.782186 -0.406973 0)
(-0.766538 -0.484048 0)
(-0.74282 -0.562822 0)
(-0.711514 -0.642665 0)
(-0.672615 -0.724116 0)
(-0.624645 -0.808105 0)
(-0.564177 -0.894299 0)
(-0.486257 -0.977435 0)
(-0.386077 -1.03971 0)
(-0.263624 -1.03548 0)
(-0.131548 -0.873668 0)
(-0.0242038 -0.423432 0)
(-0.0192939 0.367802 0)
(-0.0989567 0.737255 0)
(-0.193803 0.866143 0)
(-0.283113 0.875559 0)
(-0.359218 0.837191 0)
(-0.421064 0.782961 0)
(-0.470421 0.725295 0)
(-0.510095 0.668797 0)
(-0.542917 0.614866 0)
(-0.571147 0.563306 0)
(-0.595786 0.512995 0)
(-0.616526 0.463032 0)
(-0.631566 0.413356 0)
(-0.640184 0.367111 0)
(-0.644957 0.327213 0)
(-0.649996 0.294374 0)
(-0.659246 0.26694 0)
(-0.675076 0.241348 0)
(-0.697625 0.213384 0)
(-0.724253 0.179158 0)
(-0.751022 0.137662 0)
(-0.774945 0.0898583 0)
(-0.794547 0.0377281 0)
(-0.809931 -0.016721 0)
(-0.8227 -0.0721803 0)
(-0.834958 -0.129487 0)
(-0.846816 -0.191454 0)
(-0.856207 -0.259988 0)
(-0.860364 -0.335598 0)
(-0.856699 -0.417315 0)
(-0.843534 -0.50303 0)
(-0.82118 -0.589997 0)
(-0.791673 -0.677291 0)
(-0.756381 -0.76671 0)
(-0.71405 -0.861511 0)
(-0.659663 -0.964015 0)
(-0.584609 -1.07044 0)
(-0.478486 -1.16076 0)
(-0.336216 -1.1782 0)
(-0.171836 -1.00877 0)
(-0.0319979 -0.493927 0)
(-0.0248437 0.419101 0)
(-0.124534 0.829795 0)
(-0.238221 0.963644 0)
(-0.340327 0.961765 0)
(-0.422399 0.907645 0)
(-0.484826 0.838474 0)
(-0.531336 0.768758 0)
(-0.566708 0.70363 0)
(-0.595464 0.644112 0)
(-0.621131 0.588937 0)
(-0.644979 0.535229 0)
(-0.665811 0.480453 0)
(-0.678837 0.423557 0)
(-0.681244 0.370972 0)
(-0.677268 0.328845 0)
(-0.67411 0.298854 0)
(-0.678585 0.278336 0)
(-0.694729 0.261248 0)
(-0.722819 0.240406 0)
(-0.757893 0.208931 0)
(-0.792729 0.16584 0)
(-0.822436 0.113654 0)
(-0.845007 0.0563935 0)
(-0.861149 -0.00201801 0)
(-0.874469 -0.0587808 0)
(-0.889805 -0.115495 0)
(-0.907846 -0.178019 0)
(-0.924948 -0.250076 0)
(-0.936452 -0.332602 0)
(-0.938117 -0.423908 0)
(-0.927243 -0.52013 0)
(-0.90513 -0.615728 0)
(-0.876973 -0.708773 0)
(-0.847186 -0.803097 0)
(-0.815753 -0.906137 0)
(-0.775932 -1.02551 0)
(-0.713661 -1.16182 0)
(-0.608517 -1.29473 0)
(-0.4445 -1.35219 0)
(-0.234872 -1.18432 0)
(-0.0444813 -0.589122 0)
(-0.0334876 0.48511 0)
(-0.16256 0.943626 0)
(-0.300986 1.07814 0)
(-0.417415 1.0573 0)
(-0.503505 0.980455 0)
(-0.562674 0.891432 0)
(-0.601845 0.807083 0)
(-0.628739 0.732897 0)
(-0.650358 0.669121 0)
(-0.672279 0.612692 0)
(-0.69634 0.557525 0)
(-0.719978 0.497684 0)
(-0.732146 0.42932 0)
(-0.725368 0.365757 0)
(-0.707103 0.319823 0)
(-0.690259 0.294954 0)
(-0.686597 0.286601 0)
(-0.702974 0.284395 0)
(-0.740117 0.275947 0)
(-0.788696 0.248654 0)
(-0.835389 0.202145 0)
(-0.872356 0.142212 0)
(-0.897056 0.0765253 0)
(-0.911233 0.0123761 0)
(-0.922125 -0.0443416 0)
(-0.939918 -0.0966226 0)
(-0.966245 -0.156592 0)
(-0.994283 -0.231275 0)
(-1.01607 -0.322131 0)
(-1.02458 -0.426201 0)
(-1.01503 -0.536455 0)
(-0.990278 -0.64152 0)
(-0.961388 -0.73681 0)
(-0.938725 -0.829299 0)
(-0.925509 -0.933477 0)
(-0.913757 -1.06664 0)
(-0.881964 -1.23939 0)
(-0.792599 -1.43657 0)
(-0.608204 -1.56645 0)
(-0.335806 -1.42119 0)
(-0.0651288 -0.724838 0)
(-0.0475285 0.573579 0)
(-0.220771 1.0868 0)
(-0.390896 1.21321 0)
(-0.521347 1.16116 0)
(-0.60638 1.0517 0)
(-0.655237 0.93659 0)
(-0.679722 0.834929 0)
(-0.691591 0.75214 0)
(-0.701245 0.687217 0)
(-0.717549 0.634453 0)
(-0.743706 0.582263 0)
(-0.775738 0.51783 0)
(-0.79002 0.429926 0)
(-0.769415 0.346246 0)
(-0.727939 0.29316 0)
(-0.688763 0.276918 0)
(-0.671646 0.289282 0)
(-0.68792 0.312475 0)
(-0.739636 0.325143 0)
(-0.809356 0.303536 0)
(-0.872653 0.249573 0)
(-0.917722 0.175723 0)
(-0.942067 0.095791 0)
(-0.948976 0.0226079 0)
(-0.951761 -0.0315847 0)
(-0.970531 -0.072201 0)
(-1.00807 -0.124064 0)
(-1.05131 -0.19987 0)
(-1.08709 -0.301388 0)
(-1.10427 -0.423641 0)
(-1.09409 -0.554447 0)
(-1.06159 -0.670904 0)
(-1.02781 -0.762434 0)
(-1.01328 -0.840684 0)
(-1.02768 -0.931337 0)
(-1.06354 -1.06796 0)
(-1.09065 -1.28092 0)
(-1.04382 -1.57281 0)
(-0.847623 -1.82946 0)
(-0.493688 -1.75069 0)
(-0.0990943 -0.92843 0)
(-0.0709141 0.697719 0)
(-0.310026 1.27051 0)
(-0.51665 1.37153 0)
(-0.65482 1.26915 0)
(-0.72711 1.11362 0)
(-0.753034 0.965127 0)
(-0.751114 0.843931 0)
(-0.737899 0.754501 0)
(-0.727764 0.694228 0)
(-0.734451 0.654176 0)
(-0.764185 0.614043 0)
(-0.813392 0.54764 0)
(-0.834416 0.425035 0)
(-0.792279 0.304064 0)
(-0.714595 0.237782 0)
(-0.641503 0.235813 0)
(-0.603803 0.282549 0)
(-0.618831 0.34809 0)
(-0.692178 0.396184 0)
(-0.791812 0.380983 0)
(-0.874325 0.311225 0)
(-0.924566 0.212951 0)
(-0.942497 0.109436 0)
(-0.933175 0.0215618 0)
(-0.918868 -0.0256558 0)
(-0.936336 -0.0416135 0)
(-0.988335 -0.0763761 0)
(-1.05044 -0.15132 0)
(-1.1029 -0.267026 0)
(-1.13015 -0.415725 0)
(-1.11684 -0.578055 0)
(-1.0709 -0.709653 0)
(-1.02818 -0.788242 0)
(-1.02341 -0.832377 0)
(-1.07626 -0.884104 0)
(-1.18361 -1.00186 0)
(-1.30844 -1.25092 0)
(-1.34378 -1.67614 0)
(-1.15534 -2.14191 0)
(-0.713654 -2.20953 0)
(-0.151112 -1.24165 0)
(-0.108455 0.875904 0)
(-0.438075 1.50403 0)
(-0.671398 1.54793 0)
(-0.793924 1.36766 0)
(-0.827609 1.15023 0)
(-0.80812 0.961801 0)
(-0.761545 0.820667 0)
(-0.708387 0.728681 0)
(-0.665919 0.681732 0)
(-0.653618 0.668341 0)
(-0.682908 0.656429 0)
(-0.757894 0.595939 0)
(-0.787168 0.413163 0)
(-0.709398 0.227123 0)
(-0.580727 0.139461 0)
(-0.464453 0.160273 0)
(-0.400851 0.259939 0)
(-0.41209 0.391256 0)
(-0.512343 0.495531 0)
(-0.644472 0.484151 0)
(-0.736438 0.384167 0)
(-0.776855 0.247398 0)
(-0.775174 0.109152 0)
(-0.737024 -0.000966763 0)
(-0.695385 -0.0338329 0)
(-0.710624 -0.00471724 0)
(-0.779054 -0.0106996 0)
(-0.85779 -0.0828869 0)
(-0.923214 -0.216157 0)
(-0.959336 -0.400045 0)
(-0.94167 -0.608134 0)
(-0.882881 -0.759864 0)
(-0.836457 -0.813688 0)
(-0.849699 -0.798347 0)
(-0.952225 -0.776253 0)
(-1.15076 -0.838249 0)
(-1.41303 -1.10405 0)
(-1.57465 -1.70164 0)
(-1.42474 -2.47682 0)
(-0.933518 -2.80348 0)
(-0.215897 -1.70466 0)
(-0.160842 1.13722 0)
(-0.576797 1.78891 0)
(-0.774881 1.71957 0)
(-0.816772 1.42595 0)
(-0.758801 1.13286 0)
(-0.65645 0.903285 0)
(-0.539813 0.746694 0)
(-0.428275 0.65934 0)
(-0.336669 0.6365 0)
(-0.28687 0.66777 0)
(-0.294527 0.709995 0)
(-0.388024 0.675591 0)
(-0.404038 0.388576 0)
(-0.267646 0.0988693 0)
(-0.0860891 -0.0137425 0)
(0.0612085 0.043388 0)
(0.141258 0.216684 0)
(0.136763 0.441096 0)
(0.0172502 0.6298 0)
(-0.120319 0.609026 0)
(-0.177047 0.452851 0)
(-0.168168 0.262782 0)
(-0.124995 0.0823888 0)
(-0.0483119 -0.0576757 0)
(0.0205539 -0.0639648 0)
(0.000248896 0.0396735 0)
(-0.0802343 0.0715418 0)
(-0.156935 -8.16957e-05 0)
(-0.216118 -0.151728 0)
(-0.254178 -0.373747 0)
(-0.237636 -0.640096 0)
(-0.189432 -0.812559 0)
(-0.173545 -0.827533 0)
(-0.233336 -0.72982 0)
(-0.396361 -0.59888 0)
(-0.681346 -0.554944 0)
(-1.092 -0.789627 0)
(-1.40325 -1.58271 0)
(-1.33766 -2.74574 0)
(-0.939004 -3.41879 0)
(-0.252007 -2.28933 0)
(-0.184961 1.4528 0)
(-0.559885 2.03399 0)
(-0.529902 1.78222 0)
(-0.348677 1.3587 0)
(-0.109193 1.00186 0)
(0.125114 0.751111 0)
(0.336255 0.596151 0)
(0.518972 0.523785 0)
(0.672399 0.530001 0)
(0.783766 0.612249 0)
(0.84501 0.730321 0)
(0.780467 0.753356 0)
(0.864595 0.3247 0)
(1.07844 -0.0754722 0)
(1.27065 -0.191928 0)
(1.38762 -0.0902394 0)
(1.4428 0.149968 0)
(1.44482 0.463789 0)
(1.34129 0.744232 0)
(1.28881 0.678974 0)
(1.36124 0.452274 0)
(1.48003 0.224711 0)
(1.58402 0.0258304 0)
(1.69158 -0.135283 0)
(1.75764 -0.103513 0)
(1.70934 0.0885552 0)
(1.63425 0.144501 0)
(1.59791 0.0694678 0)
(1.57991 -0.0826104 0)
(1.5521 -0.314633 0)
(1.55121 -0.620489 0)
(1.5276 -0.799365 0)
(1.43709 -0.772215 0)
(1.27387 -0.603407 0)
(1.0407 -0.370315 0)
(0.721762 -0.188617 0)
(0.233418 -0.308701 0)
(-0.168315 -1.2349 0)
(-0.259681 -2.71736 0)
(-0.293613 -3.69922 0)
(-0.112742 -2.75223 0)
(0.0854424 1.79495 0)
(0.275285 2.0556 0)
(0.904357 1.55554 0)
(1.47412 1.05055 0)
(1.9492 0.700104 0)
(2.31673 0.484583 0)
(2.60215 0.366037 0)
(2.83031 0.322864 0)
(3.02417 0.354364 0)
(3.19712 0.473847 0)
(3.37211 0.67784 0)
(3.49863 0.833834 0)
(3.94657 0.188006 0)
(4.08777 -0.282681 0)
(4.1221 -0.33468 0)
(4.08298 -0.185169 0)
(4.04228 0.0839567 0)
(4.04502 0.450465 0)
(4.06883 0.835308 0)
(4.36286 0.658387 0)
(4.64344 0.331699 0)
(4.85476 0.112247 0)
(4.98272 -0.0532914 0)
(5.05726 -0.230855 0)
(5.00122 -0.149637 0)
(4.90336 0.156439 0)
(4.93536 0.19726 0)
(4.98558 0.0908274 0)
(5.0245 -0.0369169 0)
(5.01816 -0.22946 0)
(4.96571 -0.552182 0)
(4.7384 -0.694282 0)
(4.44525 -0.612602 0)
(4.12807 -0.409756 0)
(3.83331 -0.130355 0)
(3.57869 0.183767 0)
(3.28753 0.328718 0)
(3.22881 -0.578447 0)
(2.92348 -2.17521 0)
(1.80998 -3.24956 0)
(0.627648 -2.69993 0)
(2.81805 0.908626 0)
(3.9974 0.794917 0)
(5.16098 0.505239 0)
(5.89261 0.30288 0)
(6.38174 0.18139 0)
(6.70648 0.115265 0)
(6.93227 0.0829216 0)
(7.10536 0.0742807 0)
(7.26459 0.0890847 0)
(7.45302 0.133411 0)
(7.74507 0.210581 0)
(8.2521 0.238519 0)
(9.9204 3.31097e-181 0)
(8.94693 -0.0782464 0)
(8.51078 -0.0960368 0)
(8.23675 -0.0512637 0)
(8.12001 0.0329682 0)
(8.20243 0.153479 0)
(8.57577 0.25022 0)
(9.93703 2.58224e-265 0)
(10 1.58141e-24 0)
(10 -1.48244e-77 0)
(10 -1.34666e-164 0)
(10 -2.00565e-265 0)
(9.43273 5.24308e-05 0)
(9.3136 0.0639517 0)
(9.98389 2.37294e-280 0)
(10 8.2671e-233 0)
(10 -4.69509e-218 0)
(10 -5.61974e-232 0)
(9.97049 -3.64896e-217 0)
(9.14792 -0.117386 0)
(8.62285 -0.126908 0)
(8.25191 -0.0773745 0)
(8.04443 0.00572913 0)
(8.04903 0.111956 0)
(8.37546 0.151981 0)
(9.96162 -6.49721e-217 0)
(9.84059 -1.93815e-163 0)
(7.01202 -0.637487 0)
(3.80424 -0.873874 0)
)
;

boundaryField
{
    movingWall
    {
        type            fixedValue;
        value           uniform (10 0 0);
    }
    fixedWalls
    {
        type            noSlip;
    }
    frontAndBack
    {
        type            empty;
    }
}


// ************************************************************************* //
