/*--------------------------------*- C++ -*----------------------------------*\
| =========                 |                                                 |
| \\      /  F ield         | OpenFOAM: The Open Source CFD Toolbox           |
|  \\    /   O peration     | Version:  4.1                                   |
|   \\  /    A nd           | Web:      www.OpenFOAM.org                      |
|    \\/     M anipulation  |                                                 |
\*---------------------------------------------------------------------------*/
FoamFile
{
    version     2.0;
    format      ascii;
    class       volVectorField;
    location    "0.0411";
    object      U;
}
// * * * * * * * * * * * * * * * * * * * * * * * * * * * * * * * * * * * * * //

dimensions      [0 1 -1 0 0 0 0];

internalField   nonuniform List<vector> 
441
(
(0.00331064 -0.00456385 0)
(0.00835799 -0.00261244 0)
(-0.00065314 -2.19336e-165 0)
(0.00166005 -2.67574e-266 0)
(-0.00903113 -0.00664079 0)
(-0.00166005 -2.6568e-232 0)
(-1.08146e-202 -4.34655e-203 0)
(-1.08646e-203 -5.50025e-228 0)
(-1.43963e-212 -2.31133e-213 0)
(-0.0050851 7.68113e-266 0)
(-0.0609069 0.0203427 0)
(-0.0771996 0.0109015 0)
(-0.0881817 0.00524693 0)
(-0.0796807 0.000836956 0)
(-0.0684867 -0.000856099 0)
(-0.0492729 -0.0021649 0)
(-0.0320589 -0.00173272 0)
(-0.0150908 -0.00164788 0)
(-0.00314858 8.69459e-05 0)
(0.00122514 0.000696746 0)
(0.00372659 0.00234518 0)
(0.00312335 -0.00690285 0)
(-0.00257124 0.00655434 0)
(-0.0272959 0.00765932 0)
(-0.0556328 0.010676 0)
(-0.0965107 0.00921165 0)
(-0.132973 -0.00440189 0)
(-0.166008 -0.000473359 0)
(-0.19648 0.00121485 0)
(-0.222699 0.0105817 0)
(-0.249202 0.0539708 0)
(-0.267399 0.050029 0)
(-0.262546 0.0166652 0)
(-0.25273 -0.00318631 0)
(-0.222234 -0.0211775 0)
(-0.186731 -0.0295922 0)
(-0.139734 -0.0353677 0)
(-0.0958676 -0.0322211 0)
(-0.053836 -0.0284182 0)
(-0.0225735 -0.0159486 0)
(-0.00568588 -0.00831321 0)
(0.00379067 0.00281636 0)
(0.00637935 -0.00567471 0)
(-0.00594504 0.0274208 0)
(-0.0503002 0.0516865 0)
(-0.107652 0.0670894 0)
(-0.175171 0.069682 0)
(-0.243608 0.0659161 0)
(-0.314528 0.0612407 0)
(-0.368865 0.0547973 0)
(-0.421623 0.0506706 0)
(-0.444732 0.048598 0)
(-0.438371 0.0345238 0)
(-0.423346 -0.00272365 0)
(-0.396524 -0.0344395 0)
(-0.34907 -0.0650136 0)
(-0.292967 -0.0824694 0)
(-0.222583 -0.0932895 0)
(-0.155733 -0.0865341 0)
(-0.0907923 -0.0754019 0)
(-0.0418631 -0.0470144 0)
(-0.0117503 -0.0260553 0)
(0.00506738 0.000922498 0)
(0.00588614 -0.00754485 0)
(-0.0133164 0.0648151 0)
(-0.0831829 0.109452 0)
(-0.162962 0.137615 0)
(-0.254626 0.14549 0)
(-0.34429 0.137395 0)
(-0.42987 0.126124 0)
(-0.501031 0.109022 0)
(-0.557833 0.0883368 0)
(-0.589083 0.0683418 0)
(-0.59277 0.0283994 0)
(-0.572959 -0.0261973 0)
(-0.536177 -0.0775685 0)
(-0.473106 -0.125766 0)
(-0.39831 -0.155864 0)
(-0.304976 -0.173944 0)
(-0.215504 -0.163459 0)
(-0.126959 -0.14382 0)
(-0.0601474 -0.0941935 0)
(-0.0163529 -0.0565677 0)
(0.0069427 -0.00350994 0)
(6.13874e-165 0.00147153 0)
(-0.0193345 0.116079 0)
(-0.116984 0.200602 0)
(-0.214041 0.237289 0)
(-0.327515 0.25009 0)
(-0.43486 0.239605 0)
(-0.539025 0.216954 0)
(-0.624042 0.181899 0)
(-0.692916 0.138206 0)
(-0.731049 0.0841605 0)
(-0.74017 0.018815 0)
(-0.720998 -0.0590852 0)
(-0.678242 -0.133556 0)
(-0.603158 -0.203153 0)
(-0.511376 -0.249535 0)
(-0.393857 -0.276823 0)
(-0.280311 -0.263119 0)
(-0.163104 -0.231728 0)
(-0.0771447 -0.155999 0)
(-0.015637 -0.0939177 0)
(0.0134098 -0.00764554 0)
(-5.03022e-266 0.00500234 0)
(-0.0754082 0.186078 0)
(-0.160936 0.302452 0)
(-0.275409 0.349843 0)
(-0.396873 0.366265 0)
(-0.519118 0.349932 0)
(-0.634363 0.315885 0)
(-0.733435 0.263165 0)
(-0.813322 0.196077 0)
(-0.864568 0.114881 0)
(-0.886965 0.0185946 0)
(-0.874164 -0.0890565 0)
(-0.832177 -0.195164 0)
(-0.748579 -0.294051 0)
(-0.64161 -0.36467 0)
(-0.498418 -0.40717 0)
(-0.357086 -0.393169 0)
(-0.205877 -0.349844 0)
(-0.0962464 -0.239843 0)
(-0.0130837 -0.150172 0)
(0.0159574 -0.00465698 0)
(-0.0200093 0.0799781 0)
(-0.103873 0.273726 0)
(-0.201737 0.401046 0)
(-0.326273 0.471625 0)
(-0.462097 0.493195 0)
(-0.598179 0.47589 0)
(-0.729054 0.430686 0)
(-0.843734 0.360125 0)
(-0.940235 0.269227 0)
(-1.0079 0.157614 0)
(-1.04639 0.028896 0)
(-1.04551 -0.114128 0)
(-1.00965 -0.258179 0)
(-0.922015 -0.394462 0)
(-0.802394 -0.498224 0)
(-0.631077 -0.562845 0)
(-0.458734 -0.553424 0)
(-0.26153 -0.494636 0)
(-0.126741 -0.345756 0)
(-0.000710253 -0.207789 0)
(5.63423e-266 -0.00398935 0)
(-0.0144451 0.131181 0)
(-0.0978047 0.368891 0)
(-0.21969 0.525507 0)
(-0.36151 0.611029 0)
(-0.514227 0.638563 0)
(-0.666659 0.617302 0)
(-0.813533 0.561868 0)
(-0.946639 0.474338 0)
(-1.06257 0.360688 0)
(-1.15221 0.220558 0)
(-1.21314 0.0565733 0)
(-1.23159 -0.126797 0)
(-1.2097 -0.318207 0)
(-1.12493 -0.503264 0)
(-0.996835 -0.654882 0)
(-0.79833 -0.754411 0)
(-0.589481 -0.761023 0)
(-0.340346 -0.687485 0)
(-0.165855 -0.496274 0)
(-0.00217652 -0.285841 0)
(2.19234e-24 -1.3406e-24 0)
(-0.0126537 0.189091 0)
(-0.101362 0.477261 0)
(-0.239377 0.663417 0)
(-0.395925 0.764559 0)
(-0.565086 0.797322 0)
(-0.733248 0.773875 0)
(-0.897334 0.710021 0)
(-1.04996 0.608244 0)
(-1.18806 0.47469 0)
(-1.30318 0.307669 0)
(-1.39118 0.108844 0)
(-1.43603 -0.118035 0)
(-1.43624 -0.363514 0)
(-1.36327 -0.608406 0)
(-1.23419 -0.822704 0)
(-1.01177 -0.972763 0)
(-0.764898 -1.00783 0)
(-0.452564 -0.922641 0)
(-0.226561 -0.676992 0)
(-0.00406698 -0.380314 0)
(9.03597e-77 -5.48086e-25 0)
(-0.0111747 0.245928 0)
(-0.101856 0.597283 0)
(-0.252151 0.820977 0)
(-0.42081 0.937457 0)
(-0.603763 0.976536 0)
(-0.78596 0.949707 0)
(-0.965197 0.879012 0)
(-1.13659 0.764818 0)
(-1.29653 0.614181 0)
(-1.43884 0.423044 0)
(-1.55714 0.189668 0)
(-1.63454 -0.082896 0)
(-1.66528 -0.390519 0)
(-1.61511 -0.707762 0)
(-1.49595 -1.00568 0)
(-1.25886 -1.22896 0)
(-0.975807 -1.31868 0)
(-0.59416 -1.23485 0)
(-0.302344 -0.939625 0)
(-0.00550103 -0.525999 0)
(2.52922e-164 -2.25899e-77 0)
(-0.01181 0.298998 0)
(-0.108066 0.716574 0)
(-0.270384 0.980319 0)
(-0.449651 1.11412 0)
(-0.643046 1.16103 0)
(-0.83537 1.13352 0)
(-1.02477 1.05977 0)
(-1.21014 0.938282 0)
(-1.38685 0.776617 0)
(-1.55302 0.567495 0)
(-1.69958 0.305038 0)
(-1.81206 -0.010351 0)
(-1.87925 -0.381262 0)
(-1.86435 -0.778655 0)
(-1.77063 -1.17595 0)
(-1.53709 -1.49617 0)
(-1.23172 -1.66781 0)
(-0.786479 -1.60304 0)
(-0.421489 -1.25493 0)
(-0.0686538 -0.693986 0)
(1.61376e-265 0.0120279 0)
(-0.0132806 0.366845 0)
(-0.112967 0.85804 0)
(-0.28339 1.16419 0)
(-0.46807 1.31094 0)
(-0.665103 1.36355 0)
(-0.860122 1.3315 0)
(-1.05076 1.2545 0)
(-1.24073 1.12648 0)
(-1.4239 0.957183 0)
(-1.60425 0.734961 0)
(-1.77066 0.448516 0)
(-1.91375 0.0955458 0)
(-2.01848 -0.338146 0)
(-2.04842 -0.818805 0)
(-1.99765 -1.33245 0)
(-1.79274 -1.77418 0)
(-1.48687 -2.06857 0)
(-0.987643 -2.05808 0)
(-0.528005 -1.65217 0)
(-0.0689603 -0.965496 0)
(0.0481115 -0.0647941 0)
(-0.0176767 0.420959 0)
(-0.126405 0.983774 0)
(-0.309145 1.33258 0)
(-0.497943 1.49258 0)
(-0.691055 1.5513 0)
(-0.8788 1.5166 0)
(-1.05568 1.43937 0)
(-1.23456 1.30978 0)
(-1.4051 1.13969 0)
(-1.58177 0.913489 0)
(-1.74937 0.614874 0)
(-1.91066 0.237516 0)
(-2.04467 -0.244586 0)
(-2.12596 -0.799143 0)
(-2.13454 -1.42717 0)
(-1.99191 -2.00898 0)
(-1.72867 -2.46708 0)
(-1.19392 -2.57 0)
(-0.673671 -2.16699 0)
(0.0354787 -1.27628 0)
(2.23259e-231 -0.0120279 0)
(-0.0234601 0.513816 0)
(-0.139162 1.15258 0)
(-0.328256 1.53956 0)
(-0.512391 1.69393 0)
(-0.689376 1.74748 0)
(-0.855533 1.69637 0)
(-1.00139 1.61204 0)
(-1.14934 1.47572 0)
(-1.28453 1.30481 0)
(-1.43252 1.07879 0)
(-1.57553 0.776775 0)
(-1.73059 0.390265 0)
(-1.87587 -0.123701 0)
(-2.00171 -0.730016 0)
(-2.0825 -1.46666 0)
(-2.04208 -2.18485 0)
(-1.88436 -2.86673 0)
(-1.41369 -3.13071 0)
(-0.874853 -2.87671 0)
(-0.00384363 -1.67386 0)
(5.53641e-202 4.44702e-184 0)
(-0.0404821 0.576425 0)
(-0.17962 1.28247 0)
(-0.383998 1.70182 0)
(-0.561038 1.84809 0)
(-0.703652 1.89266 0)
(-0.82881 1.82502 0)
(-0.915054 1.73268 0)
(-1.00506 1.5914 0)
(-1.07261 1.423 0)
(-1.16172 1.20473 0)
(-1.24572 0.91369 0)
(-1.36615 0.53974 0)
(-1.49113 0.0290045 0)
(-1.65073 -0.58916 0)
(-1.79428 -1.37976 0)
(-1.90109 -2.20461 0)
(-1.89532 -3.08081 0)
(-1.61053 -3.58876 0)
(-1.12528 -3.55494 0)
(-0.0102391 -2.17986 0)
(1.77881e-183 8.42667e-185 0)
(-0.0597397 0.741701 0)
(-0.219861 1.50039 0)
(-0.424667 1.93022 0)
(-0.576786 2.01485 0)
(-0.664089 2.0222 0)
(-0.725819 1.90832 0)
(-0.72959 1.79232 0)
(-0.736577 1.6338 0)
(-0.710701 1.46294 0)
(-0.711493 1.25281 0)
(-0.705636 0.980595 0)
(-0.754158 0.63738 0)
(-0.822741 0.158544 0)
(-0.972956 -0.424028 0)
(-1.15736 -1.21998 0)
(-1.39842 -2.08076 0)
(-1.61447 -3.16312 0)
(-1.64002 -3.90842 0)
(-1.45255 -4.49579 0)
(-0.45532 -2.84527 0)
(4.32584e-254 -4.44702e-184 0)
(-0.125173 0.841746 0)
(-0.352518 1.63418 0)
(-0.551114 2.05327 0)
(-0.658433 2.07766 0)
(-0.633352 2.04073 0)
(-0.589704 1.88546 0)
(-0.46027 1.74424 0)
(-0.348295 1.57137 0)
(-0.19344 1.39922 0)
(-0.080459 1.20175 0)
(0.0425327 0.958093 0)
(0.0853932 0.662274 0)
(0.106166 0.250945 0)
(-0.018508 -0.245552 0)
(-0.190197 -0.946522 0)
(-0.594299 -1.73642 0)
(-0.981415 -2.81349 0)
(-1.63045 -3.75012 0)
(-1.73418 -4.65301 0)
(-2.05137 -3.70836 0)
(-2.51148e-264 -0.211544 0)
(-0.179697 1.24048 0)
(-0.439168 1.93055 0)
(-0.563934 2.25825 0)
(-0.564347 2.09736 0)
(-0.380952 1.96731 0)
(-0.190254 1.73503 0)
(0.0962323 1.5576 0)
(0.348157 1.36719 0)
(0.641107 1.19717 0)
(0.876929 1.01849 0)
(1.11972 0.813877 0)
(1.26694 0.578323 0)
(1.3881 0.258689 0)
(1.34028 -0.118415 0)
(1.22635 -0.654803 0)
(0.826849 -1.27273 0)
(0.340682 -2.15667 0)
(-0.524963 -3.11163 0)
(-1.18614 -4.16223 0)
(-1.85952 -4.43707 0)
(-0.846176 -2.28692 0)
(-0.399251 1.42604 0)
(-0.729759 1.98967 0)
(-0.543371 2.17256 0)
(-0.293609 1.87799 0)
(0.221673 1.66786 0)
(0.639693 1.40076 0)
(1.14596 1.2081 0)
(1.55634 1.02473 0)
(1.98993 0.872393 0)
(2.33185 0.725949 0)
(2.67042 0.570056 0)
(2.88931 0.40216 0)
(3.08456 0.180602 0)
(3.08247 -0.0682861 0)
(3.03686 -0.429225 0)
(2.64875 -0.827947 0)
(2.21363 -1.46072 0)
(1.23253 -2.19178 0)
(0.369384 -3.3204 0)
(-0.743812 -3.97184 0)
(-0.696212 -2.95704 0)
(-0.254315 2.43131 0)
(-0.0936305 2.06934 0)
(0.692337 1.87285 0)
(1.32733 1.32498 0)
(2.12044 1.05496 0)
(2.71729 0.804687 0)
(3.33614 0.647751 0)
(3.81369 0.519593 0)
(4.28124 0.422377 0)
(4.63792 0.337719 0)
(4.97704 0.254538 0)
(5.19388 0.169072 0)
(5.38625 0.0617281 0)
(5.39475 -0.0581733 0)
(5.37249 -0.230827 0)
(5.04008 -0.427462 0)
(4.68053 -0.770379 0)
(3.77461 -1.2341 0)
(2.83031 -2.25154 0)
(1.07591 -3.3258 0)
(-0.0434356 -3.80099 0)
(1.6694 1.67169 0)
(2.71284 0.977267 0)
(4.55896 0.750053 0)
(5.39703 0.423545 0)
(6.25653 0.284249 0)
(6.75323 0.174586 0)
(7.21577 0.117363 0)
(7.52153 0.0773861 0)
(7.8035 0.0521183 0)
(7.99455 0.0332503 0)
(8.17118 0.0169131 0)
(8.26279 0.00150877 0)
(8.34436 -0.0181963 0)
(8.30205 -0.0385576 0)
(8.25857 -0.0744554 0)
(7.98951 -0.109074 0)
(7.7465 -0.200592 0)
(7.00003 -0.295304 0)
(6.2671 -0.628964 0)
(4.04867 -1.00117 0)
(2.00962 -1.82283 0)
)
;

boundaryField
{
    movingWall
    {
        type            fixedValue;
        value           uniform (10 0 0);
    }
    fixedWalls
    {
        type            noSlip;
    }
    frontAndBack
    {
        type            empty;
    }
}


// ************************************************************************* //
