/*--------------------------------*- C++ -*----------------------------------*\
| =========                 |                                                 |
| \\      /  F ield         | OpenFOAM: The Open Source CFD Toolbox           |
|  \\    /   O peration     | Version:  4.1                                   |
|   \\  /    A nd           | Web:      www.OpenFOAM.org                      |
|    \\/     M anipulation  |                                                 |
\*---------------------------------------------------------------------------*/
FoamFile
{
    version     2.0;
    format      ascii;
    class       volVectorField;
    location    "0.0399";
    object      U;
}
// * * * * * * * * * * * * * * * * * * * * * * * * * * * * * * * * * * * * * //

dimensions      [0 1 -1 0 0 0 0];

internalField   nonuniform List<vector> 
441
(
(0.00330362 -0.00456394 0)
(0.00832432 -0.00261996 0)
(-0.000655022 -2.19668e-165 0)
(0.00165136 -2.65545e-266 0)
(-0.00907592 -0.00660601 0)
(-0.00165136 -2.64597e-232 0)
(-1.08102e-202 -4.30452e-203 0)
(-1.07596e-203 -5.43599e-228 0)
(-1.43082e-212 -2.27993e-213 0)
(-0.00505145 7.63672e-266 0)
(-0.0604347 0.020208 0)
(-0.0766225 0.0108395 0)
(-0.0875611 0.00522635 0)
(-0.0792016 0.000853669 0)
(-0.0681901 -0.000827065 0)
(-0.0492078 -0.00213168 0)
(-0.032171 -0.00171583 0)
(-0.0153009 -0.00164678 0)
(-0.00336004 6.46704e-05 0)
(0.00111536 0.000670812 0)
(0.0036942 0.00232454 0)
(0.00310491 -0.00686123 0)
(-0.00263999 0.00655878 0)
(-0.0273544 0.0076456 0)
(-0.0556172 0.0106968 0)
(-0.0963128 0.0091628 0)
(-0.132506 -0.00445721 0)
(-0.165227 -0.000487932 0)
(-0.195342 0.00119947 0)
(-0.221198 0.0104928 0)
(-0.247335 0.0535409 0)
(-0.265267 0.0496329 0)
(-0.260401 0.0165751 0)
(-0.25072 -0.00306364 0)
(-0.220612 -0.0208639 0)
(-0.185596 -0.0292043 0)
(-0.13916 -0.0349824 0)
(-0.0957568 -0.0319629 0)
(-0.0540256 -0.0283133 0)
(-0.0228564 -0.0160308 0)
(-0.00585321 -0.00846556 0)
(0.00374305 0.00269388 0)
(0.00634767 -0.00559066 0)
(-0.00599217 0.027453 0)
(-0.0502704 0.0516002 0)
(-0.107386 0.0668466 0)
(-0.174489 0.0692704 0)
(-0.242423 0.0653504 0)
(-0.312674 0.0605893 0)
(-0.366312 0.0540986 0)
(-0.418336 0.0499669 0)
(-0.440935 0.047946 0)
(-0.434385 0.0341069 0)
(-0.419377 -0.00266847 0)
(-0.39283 -0.0339411 0)
(-0.345969 -0.0641222 0)
(-0.290634 -0.0813971 0)
(-0.221138 -0.0922284 0)
(-0.155066 -0.0857594 0)
(-0.0906975 -0.0750022 0)
(-0.0420403 -0.0470622 0)
(-0.0119 -0.0263123 0)
(0.00500794 0.000690434 0)
(0.00588266 -0.00742062 0)
(-0.0132343 0.0647538 0)
(-0.0828314 0.10913 0)
(-0.16216 0.136973 0)
(-0.253167 0.144519 0)
(-0.342037 0.136158 0)
(-0.426688 0.124726 0)
(-0.49689 0.107566 0)
(-0.552778 0.0869812 0)
(-0.583324 0.067225 0)
(-0.586626 0.0278305 0)
(-0.566786 -0.0259895 0)
(-0.53034 -0.0765777 0)
(-0.468042 -0.124085 0)
(-0.394294 -0.153821 0)
(-0.302219 -0.171882 0)
(-0.213913 -0.161854 0)
(-0.12631 -0.142862 0)
(-0.0600465 -0.0940366 0)
(-0.0163939 -0.0568332 0)
(0.0068886 -0.00384335 0)
(6.12208e-165 0.00147067 0)
(-0.0191709 0.115758 0)
(-0.11629 0.199797 0)
(-0.212648 0.235946 0)
(-0.325171 0.248233 0)
(-0.431426 0.237326 0)
(-0.534344 0.214425 0)
(-0.618104 0.179336 0)
(-0.685773 0.135892 0)
(-0.722953 0.0824172 0)
(-0.731474 0.0179825 0)
(-0.712148 -0.0587215 0)
(-0.669729 -0.131953 0)
(-0.595568 -0.200435 0)
(-0.505131 -0.246161 0)
(-0.389316 -0.273327 0)
(-0.277432 -0.26024 0)
(-0.161681 -0.229827 0)
(-0.0766524 -0.155364 0)
(-0.0155472 -0.0940123 0)
(0.0133425 -0.00796917 0)
(-5.02064e-266 0.00498334 0)
(-0.0750147 0.185311 0)
(-0.159828 0.300907 0)
(-0.273336 0.347546 0)
(-0.393582 0.363256 0)
(-0.514431 0.346357 0)
(-0.628127 0.31198 0)
(-0.725618 0.259246 0)
(-0.803977 0.192557 0)
(-0.853934 0.112215 0)
(-0.875403 0.0172672 0)
(-0.862227 -0.08866 0)
(-0.820484 -0.192916 0)
(-0.737912 -0.29009 0)
(-0.632576 -0.35958 0)
(-0.491593 -0.401723 0)
(-0.352518 -0.388448 0)
(-0.203423 -0.346479 0)
(-0.0952119 -0.238365 0)
(-0.012752 -0.149866 0)
(0.0159414 -0.00498105 0)
(-0.0199334 0.0795871 0)
(-0.10325 0.272302 0)
(-0.200224 0.398567 0)
(-0.323576 0.468106 0)
(-0.457926 0.488733 0)
(-0.592329 0.470677 0)
(-0.721331 0.425034 0)
(-0.834076 0.354462 0)
(-0.928659 0.264101 0)
(-0.994634 0.153659 0)
(-1.03181 0.0267591 0)
(-1.03024 -0.113892 0)
(-0.994438 -0.255311 0)
(-0.907865 -0.389072 0)
(-0.790124 -0.491011 0)
(-0.621539 -0.554859 0)
(-0.452123 -0.54618 0)
(-0.257867 -0.489175 0)
(-0.125132 -0.343012 0)
(-0.000390202 -0.206821 0)
(5.6159e-266 -0.00398536 0)
(-0.0143724 0.13046 0)
(-0.0970941 0.366684 0)
(-0.217904 0.521892 0)
(-0.358353 0.606077 0)
(-0.509385 0.632407 0)
(-0.659893 0.610182 0)
(-0.80461 0.554161 0)
(-0.935445 0.466572 0)
(-1.04907 0.353559 0)
(-1.13659 0.214887 0)
(-1.19578 0.0532388 0)
(-1.21317 -0.127013 0)
(-1.1911 -0.314844 0)
(-1.10731 -0.496348 0)
(-0.981232 -0.64518 0)
(-0.785902 -0.743269 0)
(-0.58061 -0.75043 0)
(-0.335347 -0.679072 0)
(-0.163636 -0.491471 0)
(-0.00210384 -0.283887 0)
(2.17046e-24 -1.35852e-24 0)
(-0.0125737 0.187933 0)
(-0.100595 0.474127 0)
(-0.237457 0.658502 0)
(-0.392543 0.757993 0)
(-0.559908 0.789264 0)
(-0.726001 0.764595 0)
(-0.88774 0.699955 0)
(-1.03784 0.598018 0)
(-1.17335 0.465155 0)
(-1.28601 0.299861 0)
(-1.37189 0.103908 0)
(-1.41535 -0.119037 0)
(-1.41506 -0.359862 0)
(-1.3429 -0.599992 0)
(-1.21578 -0.810302 0)
(-0.99671 -0.958001 0)
(-0.753793 -0.993165 0)
(-0.446069 -0.910466 0)
(-0.22356 -0.669372 0)
(-0.0040162 -0.377054 0)
(8.94685e-77 -5.42614e-25 0)
(-0.0111023 0.244367 0)
(-0.101136 0.593234 0)
(-0.250324 0.814757 0)
(-0.417568 0.929255 0)
(-0.598762 0.966527 0)
(-0.778908 0.938184 0)
(-0.95579 0.866455 0)
(-1.12462 0.751946 0)
(-1.28187 0.602001 0)
(-1.4216 0.412816 0)
(-1.53762 0.182827 0)
(-1.61342 -0.0849885 0)
(-1.64342 -0.386858 0)
(-1.59375 -0.698068 0)
(-1.47623 -0.990668 0)
(-1.24227 -1.21045 0)
(-0.963106 -1.29953 0)
(-0.586403 -1.21824 0)
(-0.298577 -0.928416 0)
(-0.00543301 -0.520929 0)
(2.50423e-164 -2.23671e-77 0)
(-0.0117531 0.297061 0)
(-0.107497 0.711688 0)
(-0.268908 0.972894 0)
(-0.446984 1.10439 0)
(-0.638865 1.14917 0)
(-0.829392 1.11985 0)
(-1.0167 1.0448 0)
(-1.19978 0.922822 0)
(-1.37406 0.761823 0)
(-1.53789 0.55484 0)
(-1.68233 0.296225 0)
(-1.79327 -0.0136896 0)
(-1.85959 -0.377864 0)
(-1.84484 -0.76808 0)
(-1.75215 -1.15879 0)
(-1.52096 -1.47434 0)
(-1.21873 -1.64432 0)
(-0.777999 -1.58183 0)
(-0.417019 -1.23969 0)
(-0.0680206 -0.686833 0)
(1.59923e-265 0.011935 0)
(-0.0132559 0.364666 0)
(-0.11268 0.852574 0)
(-0.282572 1.15588 0)
(-0.46649 1.30004 0)
(-0.662499 1.35024 0)
(-0.856264 1.31611 0)
(-1.04541 1.23757 0)
(-1.23375 1.1089 0)
(-1.41518 0.940238 0)
(-1.59387 0.720291 0)
(-1.75876 0.438025 0)
(-1.90069 0.0910429 0)
(-2.00464 -0.335234 0)
(-2.03436 -0.807938 0)
(-1.98378 -1.31409 0)
(-1.77994 -1.75015 0)
(-1.47576 -2.04179 0)
(-0.979764 -2.03283 0)
(-0.523592 -1.63316 0)
(-0.0684436 -0.955814 0)
(0.0477398 -0.0642249 0)
(-0.0176971 0.418716 0)
(-0.126514 0.978097 0)
(-0.309256 1.32386 0)
(-0.497918 1.48107 0)
(-0.690738 1.53717 0)
(-0.878061 1.5002 0)
(-1.05441 1.42129 0)
(-1.23268 1.29095 0)
(-1.40259 1.1215 0)
(-1.57867 0.89765 0)
(-1.74571 0.603382 0)
(-1.90654 0.232221 0)
(-2.04005 -0.242236 0)
(-2.12083 -0.788616 0)
(-2.12869 -1.40881 0)
(-1.98556 -1.98439 0)
(-1.72193 -2.43871 0)
(-1.18839 -2.54201 0)
(-0.669907 -2.14437 0)
(0.0351755 -1.26427 0)
(2.21763e-231 -0.011935 0)
(-0.0235374 0.511765 0)
(-0.139749 1.14721 0)
(-0.329489 1.53111 0)
(-0.514257 1.6826 0)
(-0.691863 1.73345 0)
(-0.85864 1.68001 0)
(-1.00513 1.59397 0)
(-1.15376 1.4569 0)
(-1.28965 1.28663 0)
(-1.43833 1.06296 0)
(-1.58191 0.765241 0)
(-1.73733 0.384761 0)
(-1.88252 -0.12185 0)
(-2.00769 -0.720422 0)
(-2.08698 -1.4496 0)
(-2.04448 -2.16172 0)
(-1.88421 -2.83925 0)
(-1.4119 -3.10242 0)
(-0.87245 -2.85196 0)
(-0.00387126 -1.66019 0)
(5.51216e-202 4.43399e-184 0)
(-0.0406123 0.574836 0)
(-0.180663 1.27795 0)
(-0.386328 1.69437 0)
(-0.564789 1.83783 0)
(-0.708978 1.87976 0)
(-0.83584 1.80986 0)
(-0.923932 1.71589 0)
(-1.01588 1.57393 0)
(-1.08541 1.40616 0)
(-1.17639 1.19012 0)
(-1.26197 0.903089 0)
(-1.38348 0.534663 0)
(-1.50876 0.0305329 0)
(-1.66767 -0.580863 0)
(-1.80928 -1.36506 0)
(-1.91293 -2.18471 0)
(-1.9029 -3.05677 0)
(-1.61387 -3.56304 0)
(-1.12518 -3.53062 0)
(-0.010137 -2.1653 0)
(1.77359e-183 9.65763e-185 0)
(-0.0599032 0.740809 0)
(-0.221211 1.49721 0)
(-0.427782 1.92447 0)
(-0.581952 2.00651 0)
(-0.671611 2.01144 0)
(-0.735931 1.8955 0)
(-0.742516 1.77803 0)
(-0.752428 1.61888 0)
(-0.729467 1.44857 0)
(-0.732941 1.2404 0)
(-0.729311 0.97167 0)
(-0.779312 0.633198 0)
(-0.848416 0.159941 0)
(-0.997953 -0.417137 0)
(-1.18035 -1.20809 0)
(-1.41787 -2.06511 0)
(-1.62896 -3.14423 0)
(-1.64848 -3.88788 0)
(-1.45536 -4.47462 0)
(-0.454486 -2.83137 0)
(4.31768e-254 -4.43399e-184 0)
(-0.12532 0.841648 0)
(-0.353839 1.6326 0)
(-0.554323 2.04962 0)
(-0.663937 2.07178 0)
(-0.641588 2.03276 0)
(-0.600974 1.87569 0)
(-0.474855 1.73317 0)
(-0.3663 1.55971 0)
(-0.214831 1.38795 0)
(-0.104903 1.19202 0)
(0.015604 0.951153 0)
(0.0568927 0.659141 0)
(0.0771436 0.25225 0)
(-0.0467716 -0.240005 0)
(-0.216561 -0.937425 0)
(-0.617262 -1.72505 0)
(-0.999877 -2.80052 0)
(-1.64231 -3.73613 0)
(-1.73985 -4.63833 0)
(-2.04949 -3.69653 0)
(-2.50599e-264 -0.211225 0)
(-0.179756 1.24103 0)
(-0.439997 1.93043 0)
(-0.566271 2.25667 0)
(-0.568689 2.09405 0)
(-0.387835 1.96232 0)
(-0.200043 1.72856 0)
(0.0831884 1.55004 0)
(0.331717 1.35908 0)
(0.621273 1.18924 0)
(0.854027 1.0116 0)
(1.09434 0.80898 0)
(1.24003 0.576191 0)
(1.36076 0.259798 0)
(1.31376 -0.114228 0)
(1.2017 -0.648227 0)
(0.805117 -1.26498 0)
(0.322569 -2.14879 0)
(-0.53813 -3.10389 0)
(-1.19378 -4.15462 0)
(-1.86067 -4.4294 0)
(-0.844898 -2.28448 0)
(-0.399178 1.42682 0)
(-0.729769 1.99036 0)
(-0.54407 2.17242 0)
(-0.295538 1.87667 0)
(0.217911 1.66535 0)
(0.633641 1.39718 0)
(1.13718 1.20371 0)
(1.54459 1.01989 0)
(1.97512 0.867594 0)
(2.31421 0.721762 0)
(2.65043 0.567102 0)
(2.86786 0.40095 0)
(3.0627 0.18146 0)
(3.06144 -0.0654648 0)
(3.01764 -0.424921 0)
(2.6322 -0.823065 0)
(2.19998 -1.4562 0)
(1.22221 -2.18811 0)
(0.362467 -3.31748 0)
(-0.746683 -3.96905 0)
(-0.695898 -2.95637 0)
(-0.25418 2.43179 0)
(-0.0930585 2.06999 0)
(0.693039 1.8732 0)
(1.32767 1.32477 0)
(2.11984 1.05413 0)
(2.71524 0.803304 0)
(3.33217 0.645951 0)
(3.8075 0.51757 0)
(4.27269 0.420378 0)
(4.62715 0.336022 0)
(4.96443 0.253432 0)
(5.18014 0.168786 0)
(5.37227 0.062381 0)
(5.38157 -0.0566592 0)
(5.36096 -0.228744 0)
(5.03084 -0.425256 0)
(4.67365 -0.768614 0)
(3.76989 -1.233 0)
(2.82729 -2.25117 0)
(1.07456 -3.32539 0)
(-0.0432702 -3.8011 0)
(1.66949 1.67177 0)
(2.7133 0.977398 0)
(4.55979 0.75016 0)
(5.39796 0.423568 0)
(6.2572 0.284175 0)
(6.75329 0.174429 0)
(7.21494 0.117152 0)
(7.51963 0.0771587 0)
(7.80046 0.0519193 0)
(7.99048 0.0331231 0)
(8.16633 0.0168994 0)
(8.2576 0.00162851 0)
(8.33933 -0.0179416 0)
(8.29774 -0.0382146 0)
(8.25535 -0.0740914 0)
(7.98762 -0.108792 0)
(7.74574 -0.200475 0)
(7.00006 -0.295382 0)
(6.26736 -0.629221 0)
(4.04887 -1.00147 0)
(2.00994 -1.82322 0)
)
;

boundaryField
{
    movingWall
    {
        type            fixedValue;
        value           uniform (10 0 0);
    }
    fixedWalls
    {
        type            noSlip;
    }
    frontAndBack
    {
        type            empty;
    }
}


// ************************************************************************* //
