/*--------------------------------*- C++ -*----------------------------------*\
| =========                 |                                                 |
| \\      /  F ield         | OpenFOAM: The Open Source CFD Toolbox           |
|  \\    /   O peration     | Version:  4.1                                   |
|   \\  /    A nd           | Web:      www.OpenFOAM.org                      |
|    \\/     M anipulation  |                                                 |
\*---------------------------------------------------------------------------*/
FoamFile
{
    version     2.0;
    format      ascii;
    class       volVectorField;
    location    "0.0107";
    object      U;
}
// * * * * * * * * * * * * * * * * * * * * * * * * * * * * * * * * * * * * * //

dimensions      [0 1 -1 0 0 0 0];

internalField   nonuniform List<vector> 
441
(
(0.00351483 -0.0054432 0)
(0.00726421 -0.00370507 0)
(-0.000926888 -2.86011e-165 0)
(0.00143625 -1.95557e-266 0)
(-0.0128402 -0.00574591 0)
(-0.00143625 -2.5169e-232 0)
(-1.19082e-202 -3.12345e-203 0)
(-7.80595e-204 -3.75074e-228 0)
(-1.30594e-212 -1.58497e-213 0)
(-0.00469731 7.21882e-266 0)
(-0.0543811 0.0187866 0)
(-0.0706534 0.010501 0)
(-0.0826912 0.00533435 0)
(-0.0790444 0.00157477 0)
(-0.0734013 -6.55116e-05 0)
(-0.0604589 -0.00134688 0)
(-0.0476188 -0.00162204 0)
(-0.0314285 -0.00214616 0)
(-0.0168002 -0.00136564 0)
(-0.00506639 -0.000777653 0)
(0.00241372 0.0015106 0)
(0.00245914 -0.00506321 0)
(-0.00831388 0.00829477 0)
(-0.0366758 0.00763075 0)
(-0.0641585 0.0132695 0)
(-0.0998917 0.00785503 0)
(-0.126914 -0.00808345 0)
(-0.14944 -0.00118073 0)
(-0.169227 0.000811813 0)
(-0.185465 0.00909638 0)
(-0.204032 0.0480832 0)
(-0.217546 0.0455436 0)
(-0.214637 0.0181752 0)
(-0.211145 0.00262831 0)
(-0.193551 -0.0111865 0)
(-0.173405 -0.0185796 0)
(-0.143138 -0.0251468 0)
(-0.112398 -0.0272885 0)
(-0.0764742 -0.0296029 0)
(-0.0437322 -0.0247747 0)
(-0.0162917 -0.0192358 0)
(0.00162778 -0.00398845 0)
(0.00571187 -0.000489737 0)
(-0.0100337 0.0349298 0)
(-0.0567462 0.054033 0)
(-0.107114 0.0615096 0)
(-0.158877 0.0560038 0)
(-0.209165 0.0462864 0)
(-0.257483 0.0405648 0)
(-0.289376 0.0347911 0)
(-0.321647 0.0332309 0)
(-0.331499 0.0359006 0)
(-0.320389 0.030091 0)
(-0.308951 0.00522444 0)
(-0.29352 -0.0153182 0)
(-0.266994 -0.0358509 0)
(-0.236459 -0.0498327 0)
(-0.194554 -0.0623717 0)
(-0.151952 -0.0674069 0)
(-0.102614 -0.0710056 0)
(-0.0586058 -0.0605852 0)
(-0.0210722 -0.0463301 0)
(0.00264638 -0.0124254 0)
(0.00701249 -0.000775366 0)
(-0.00995403 0.0724001 0)
(-0.0746145 0.105036 0)
(-0.1382 0.117193 0)
(-0.204134 0.110154 0)
(-0.263648 0.0928736 0)
(-0.316095 0.0798833 0)
(-0.355984 0.0655229 0)
(-0.38547 0.052541 0)
(-0.398195 0.0446281 0)
(-0.393153 0.022591 0)
(-0.377206 -0.00950034 0)
(-0.355282 -0.0395833 0)
(-0.320472 -0.0689509 0)
(-0.281282 -0.0909786 0)
(-0.229245 -0.110591 0)
(-0.177046 -0.118914 0)
(-0.11656 -0.124159 0)
(-0.0643867 -0.105802 0)
(-0.0195075 -0.0817124 0)
(0.00525585 -0.0221204 0)
(6.42021e-165 0.00175312 0)
(-0.0130557 0.116161 0)
(-0.0956108 0.18148 0)
(-0.165329 0.189956 0)
(-0.24103 0.180664 0)
(-0.306485 0.156963 0)
(-0.36616 0.132099 0)
(-0.410033 0.103633 0)
(-0.442907 0.0750324 0)
(-0.455899 0.0443541 0)
(-0.451427 0.00939423 0)
(-0.434412 -0.0322129 0)
(-0.408076 -0.0715427 0)
(-0.36744 -0.109789 0)
(-0.321123 -0.14027 0)
(-0.259347 -0.166865 0)
(-0.198516 -0.178969 0)
(-0.125399 -0.184173 0)
(-0.0662086 -0.156264 0)
(-0.0117275 -0.116448 0)
(0.0119644 -0.0256144 0)
(-5.79104e-266 0.0052219 0)
(-0.070175 0.172453 0)
(-0.128014 0.25565 0)
(-0.205094 0.264362 0)
(-0.276996 0.251319 0)
(-0.34635 0.219122 0)
(-0.406441 0.183892 0)
(-0.454512 0.142587 0)
(-0.488795 0.0988822 0)
(-0.505956 0.0525616 0)
(-0.50641 0.00109632 0)
(-0.490407 -0.0535266 0)
(-0.462599 -0.10659 0)
(-0.417056 -0.156838 0)
(-0.364158 -0.198875 0)
(-0.292399 -0.234642 0)
(-0.221794 -0.252213 0)
(-0.134726 -0.258623 0)
(-0.0663823 -0.218205 0)
(0.0025614 -0.162593 0)
(0.0173462 -0.0213561 0)
(-0.0208876 0.0760769 0)
(-0.0935777 0.240415 0)
(-0.158612 0.317307 0)
(-0.23719 0.337409 0)
(-0.314669 0.321618 0)
(-0.388114 0.285461 0)
(-0.453546 0.239871 0)
(-0.50625 0.185524 0)
(-0.545168 0.126362 0)
(-0.566427 0.0619875 0)
(-0.570526 -0.00588902 0)
(-0.556232 -0.0759877 0)
(-0.527468 -0.14429 0)
(-0.477802 -0.208403 0)
(-0.418883 -0.263861 0)
(-0.336223 -0.309791 0)
(-0.256594 -0.334927 0)
(-0.151815 -0.340653 0)
(-0.0793899 -0.291166 0)
(0.015182 -0.201403 0)
(5.38622e-266 -0.00433655 0)
(-0.0149282 0.122069 0)
(-0.0833284 0.311218 0)
(-0.168335 0.400137 0)
(-0.25861 0.421408 0)
(-0.346102 0.402866 0)
(-0.427788 0.358663 0)
(-0.499419 0.302559 0)
(-0.558887 0.23444 0)
(-0.603145 0.159406 0)
(-0.630505 0.0776739 0)
(-0.639734 -0.00902234 0)
(-0.628804 -0.097219 0)
(-0.600777 -0.18502 0)
(-0.54852 -0.266629 0)
(-0.484054 -0.340207 0)
(-0.391652 -0.399109 0)
(-0.300941 -0.435504 0)
(-0.182555 -0.439756 0)
(-0.0984897 -0.381656 0)
(0.00101764 -0.249764 0)
(1.39106e-24 -2.44128e-24 0)
(-0.0124273 0.171559 0)
(-0.0844955 0.392007 0)
(-0.183702 0.491649 0)
(-0.285322 0.513762 0)
(-0.384823 0.490139 0)
(-0.475742 0.437793 0)
(-0.555687 0.370581 0)
(-0.622675 0.288696 0)
(-0.673537 0.197917 0)
(-0.707656 0.0983897 0)
(-0.722446 -0.00729556 0)
(-0.716378 -0.115005 0)
(-0.69046 -0.223836 0)
(-0.637495 -0.325358 0)
(-0.568447 -0.419286 0)
(-0.465864 -0.493703 0)
(-0.362623 -0.541367 0)
(-0.224462 -0.544998 0)
(-0.125316 -0.470103 0)
(-0.00232426 -0.303653 0)
(5.48297e-77 -3.47765e-25 0)
(-0.01086 0.220037 0)
(-0.0851092 0.484196 0)
(-0.196983 0.602246 0)
(-0.310203 0.623567 0)
(-0.421734 0.594354 0)
(-0.522768 0.530134 0)
(-0.610995 0.450265 0)
(-0.686178 0.35253 0)
(-0.743853 0.244787 0)
(-0.785872 0.126437 0)
(-0.807544 -0.000286095 0)
(-0.808636 -0.129835 0)
(-0.787528 -0.264139 0)
(-0.736888 -0.390067 0)
(-0.665427 -0.512012 0)
(-0.553573 -0.607727 0)
(-0.435889 -0.67635 0)
(-0.274456 -0.682075 0)
(-0.15535 -0.601209 0)
(-0.00708215 -0.383703 0)
(1.44165e-164 -1.37074e-77 0)
(-0.0116213 0.264703 0)
(-0.093826 0.576443 0)
(-0.221079 0.715043 0)
(-0.347827 0.736732 0)
(-0.471898 0.701671 0)
(-0.583103 0.625712 0)
(-0.678789 0.533481 0)
(-0.76149 0.420806 0)
(-0.825039 0.297518 0)
(-0.875214 0.161873 0)
(-0.90428 0.015776 0)
(-0.915484 -0.1349 0)
(-0.902357 -0.294729 0)
(-0.859672 -0.447394 0)
(-0.78973 -0.600796 0)
(-0.672982 -0.723885 0)
(-0.539971 -0.816848 0)
(-0.354983 -0.827808 0)
(-0.208417 -0.729838 0)
(-0.0584474 -0.464806 0)
(4.27446e-266 0.00580626 0)
(-0.0136202 0.326887 0)
(-0.10392 0.695995 0)
(-0.246254 0.85834 0)
(-0.385819 0.875674 0)
(-0.520877 0.83149 0)
(-0.640881 0.737731 0)
(-0.741989 0.629933 0)
(-0.830708 0.499101 0)
(-0.898616 0.359057 0)
(-0.956556 0.205646 0)
(-0.993675 0.039785 0)
(-1.01749 -0.132274 0)
(-1.0169 -0.320791 0)
(-0.988307 -0.50412 0)
(-0.927276 -0.699938 0)
(-0.810256 -0.860688 0)
(-0.662592 -0.995348 0)
(-0.438366 -1.01958 0)
(-0.244952 -0.897221 0)
(-0.0343901 -0.600219 0)
(0.023225 -0.0625448 0)
(-0.0187154 0.378105 0)
(-0.124982 0.806163 0)
(-0.29059 0.99431 0)
(-0.447066 1.00834 0)
(-0.592428 0.955262 0)
(-0.71961 0.844663 0)
(-0.821342 0.722669 0)
(-0.91249 0.57635 0)
(-0.980079 0.423232 0)
(-1.04389 0.256833 0)
(-1.08747 0.0769839 0)
(-1.12719 -0.111019 0)
(-1.14324 -0.323013 0)
(-1.14009 -0.536029 0)
(-1.09835 -0.776753 0)
(-0.996336 -0.988249 0)
(-0.841995 -1.18474 0)
(-0.567944 -1.24709 0)
(-0.319529 -1.1278 0)
(0.0446262 -0.73471 0)
(1.33865e-231 -0.00580626 0)
(-0.0255955 0.47374 0)
(-0.148334 0.971237 0)
(-0.33587 1.18467 0)
(-0.506981 1.1791 0)
(-0.658801 1.10761 0)
(-0.78927 0.967458 0)
(-0.887038 0.825088 0)
(-0.97625 0.658269 0)
(-1.03923 0.491265 0)
(-1.10519 0.313221 0)
(-1.15296 0.122449 0)
(-1.20803 -0.076638 0)
(-1.24481 -0.309902 0)
(-1.27554 -0.549882 0)
(-1.27079 -0.846962 0)
(-1.20832 -1.1201 0)
(-1.07708 -1.42757 0)
(-0.789196 -1.5509 0)
(-0.477682 -1.50858 0)
(-0.000776197 -0.940128 0)
(2.90945e-202 2.64741e-184 0)
(-0.0436919 0.544721 0)
(-0.200973 1.11028 0)
(-0.423505 1.3488 0)
(-0.613578 1.32561 0)
(-0.762934 1.23565 0)
(-0.888964 1.06927 0)
(-0.968606 0.909021 0)
(-1.0459 0.726977 0)
(-1.09232 0.552059 0)
(-1.15314 0.370741 0)
(-1.19707 0.179971 0)
(-1.26653 -0.0174915 0)
(-1.32206 -0.254759 0)
(-1.40051 -0.50721 0)
(-1.4434 -0.841307 0)
(-1.46366 -1.17935 0)
(-1.38016 -1.59682 0)
(-1.13316 -1.84895 0)
(-0.743884 -1.90166 0)
(-0.00155082 -1.22491 0)
(1.05896e-183 1.36806e-184 0)
(-0.0642211 0.726142 0)
(-0.254884 1.35563 0)
(-0.501079 1.60661 0)
(-0.698586 1.52006 0)
(-0.832952 1.39003 0)
(-0.942612 1.17379 0)
(-0.993526 0.986008 0)
(-1.04796 0.782413 0)
(-1.06791 0.599705 0)
(-1.11206 0.418459 0)
(-1.14124 0.234451 0)
(-1.2111 0.0490534 0)
(-1.27539 -0.18016 0)
(-1.38892 -0.427613 0)
(-1.48701 -0.791622 0)
(-1.60089 -1.18277 0)
(-1.63546 -1.7712 0)
(-1.50908 -2.1923 0)
(-1.19484 -2.66224 0)
(-0.349058 -1.7108 0)
(2.72928e-254 -2.64741e-184 0)
(-0.12983 0.848883 0)
(-0.396353 1.53356 0)
(-0.658592 1.78613 0)
(-0.845495 1.64699 0)
(-0.912338 1.47781 0)
(-0.969448 1.22405 0)
(-0.948131 1.01424 0)
(-0.950912 0.79928 0)
(-0.916165 0.616305 0)
(-0.92431 0.444807 0)
(-0.917987 0.278906 0)
(-0.974468 0.11998 0)
(-1.02524 -0.0770366 0)
(-1.16947 -0.289579 0)
(-1.2977 -0.627363 0)
(-1.55593 -1.02275 0)
(-1.70828 -1.67614 0)
(-1.98298 -2.28813 0)
(-1.75955 -3.01114 0)
(-1.69083 -2.46672 0)
(-2.04298e-264 -0.176008 0)
(-0.182475 1.27267 0)
(-0.480179 1.8884 0)
(-0.680897 2.07729 0)
(-0.786408 1.77397 0)
(-0.732678 1.52752 0)
(-0.689407 1.20934 0)
(-0.565916 0.97395 0)
(-0.488799 0.750485 0)
(-0.380309 0.574765 0)
(-0.331069 0.421116 0)
(-0.270072 0.282408 0)
(-0.283761 0.158494 0)
(-0.290131 0.00794253 0)
(-0.405851 -0.150541 0)
(-0.513991 -0.420103 0)
(-0.796751 -0.761415 0)
(-1.04808 -1.37589 0)
(-1.5103 -2.10926 0)
(-1.68557 -3.03742 0)
(-1.80847 -3.37148 0)
(-0.704034 -1.87876 0)
(-0.39596 1.47595 0)
(-0.741382 2.00249 0)
(-0.616993 2.0853 0)
(-0.471922 1.68168 0)
(-0.100496 1.3815 0)
(0.146239 1.0497 0)
(0.457645 0.815544 0)
(0.658031 0.611673 0)
(0.870816 0.459796 0)
(0.991922 0.336399 0)
(1.11809 0.231605 0)
(1.15159 0.14572 0)
(1.20121 0.0438236 0)
(1.12142 -0.0545285 0)
(1.07502 -0.23827 0)
(0.795565 -0.468444 0)
(0.566301 -0.96214 0)
(-0.0707037 -1.61412 0)
(-0.497103 -2.70568 0)
(-1.09023 -3.38545 0)
(-0.673725 -2.70221 0)
(-0.244926 2.47109 0)
(-0.062588 2.10371 0)
(0.703776 1.85921 0)
(1.2684 1.25211 0)
(1.94271 0.932518 0)
(2.38676 0.647979 0)
(2.82649 0.471375 0)
(3.11056 0.336169 0)
(3.37761 0.243304 0)
(3.53788 0.174762 0)
(3.6951 0.120686 0)
(3.75958 0.0790503 0)
(3.84439 0.0311723 0)
(3.80946 -0.0158227 0)
(3.82158 -0.108968 0)
(3.61337 -0.23442 0)
(3.45691 -0.539078 0)
(2.82121 -1.00933 0)
(2.18084 -2.0716 0)
(0.768804 -3.15437 0)
(-0.0566679 -3.72207 0)
(1.67871 1.68232 0)
(2.75228 0.988672 0)
(4.61209 0.755088 0)
(5.42962 0.419533 0)
(6.23584 0.272615 0)
(6.6556 0.158329 0)
(7.02592 0.099276 0)
(7.23286 0.0596758 0)
(7.41561 0.0366437 0)
(7.51387 0.0216427 0)
(7.61066 0.0110156 0)
(7.64347 0.00291586 0)
(7.6953 -0.00748745 0)
(7.66183 -0.0184378 0)
(7.6696 -0.0449221 0)
(7.49781 -0.0754872 0)
(7.38054 -0.169525 0)
(6.77019 -0.278513 0)
(6.14221 -0.636966 0)
(3.99677 -1.03054 0)
(2.0266 -1.86809 0)
)
;

boundaryField
{
    movingWall
    {
        type            fixedValue;
        value           uniform (10 0 0);
    }
    fixedWalls
    {
        type            noSlip;
    }
    frontAndBack
    {
        type            empty;
    }
}


// ************************************************************************* //
