/*--------------------------------*- C++ -*----------------------------------*\
| =========                 |                                                 |
| \\      /  F ield         | OpenFOAM: The Open Source CFD Toolbox           |
|  \\    /   O peration     | Version:  4.1                                   |
|   \\  /    A nd           | Web:      www.OpenFOAM.org                      |
|    \\/     M anipulation  |                                                 |
\*---------------------------------------------------------------------------*/
FoamFile
{
    version     2.0;
    format      ascii;
    class       volVectorField;
    location    "0.009";
    object      U;
}
// * * * * * * * * * * * * * * * * * * * * * * * * * * * * * * * * * * * * * //

dimensions      [0 1 -1 0 0 0 0];

internalField   nonuniform List<vector> 
441
(
(0.00351744 -0.00559151 0)
(0.0069253 -0.00393948 0)
(-0.000985636 -3.00356e-165 0)
(0.00141462 -1.85422e-266 0)
(-0.013454 -0.0056596 0)
(-0.00141462 -2.52525e-232 0)
(-1.2201e-202 -3.02876e-203 0)
(-7.56899e-204 -3.62384e-228 0)
(-1.31992e-212 -1.53756e-213 0)
(-0.00476759 7.33956e-266 0)
(-0.054894 0.0190663 0)
(-0.0714265 0.0106878 0)
(-0.0836648 0.00542009 0)
(-0.080271 0.00162717 0)
(-0.0749436 -4.94176e-05 0)
(-0.0623775 -0.00132808 0)
(-0.0499282 -0.00164792 0)
(-0.0338867 -0.00222241 0)
(-0.019087 -0.00157878 0)
(-0.00638463 -0.00107718 0)
(0.00213768 0.00127226 0)
(0.00228877 -0.00456653 0)
(-0.00949015 0.00862539 0)
(-0.0383222 0.00746534 0)
(-0.0653496 0.0136636 0)
(-0.10023 0.00771942 0)
(-0.126064 -0.00863902 0)
(-0.147528 -0.00125203 0)
(-0.166414 0.000786191 0)
(-0.181823 0.00915036 0)
(-0.199869 0.0485203 0)
(-0.212995 0.0459391 0)
(-0.209994 0.0184653 0)
(-0.206866 0.00298037 0)
(-0.190125 -0.010639 0)
(-0.171212 -0.01791 0)
(-0.142468 -0.0243596 0)
(-0.113337 -0.0267242 0)
(-0.0786164 -0.0295236 0)
(-0.046388 -0.0257121 0)
(-0.018015 -0.0209671 0)
(0.00128249 -0.00534348 0)
(0.0056078 0.000636152 0)
(-0.0106412 0.0361386 0)
(-0.0574309 0.0539575 0)
(-0.106103 0.0602495 0)
(-0.155126 0.0540405 0)
(-0.202971 0.0440372 0)
(-0.248825 0.0386332 0)
(-0.278545 0.0331162 0)
(-0.309113 0.0319024 0)
(-0.317707 0.0350813 0)
(-0.305777 0.0298972 0)
(-0.29451 0.00572723 0)
(-0.28002 -0.014027 0)
(-0.255342 -0.0336806 0)
(-0.227261 -0.0470785 0)
(-0.188334 -0.0591929 0)
(-0.148851 -0.0646363 0)
(-0.102166 -0.0693394 0)
(-0.0598854 -0.0612162 0)
(-0.0222453 -0.0489235 0)
(0.00236011 -0.0146899 0)
(0.00724235 0.000467632 0)
(-0.00918515 0.0733389 0)
(-0.0727451 0.103305 0)
(-0.133306 0.113123 0)
(-0.195175 0.104842 0)
(-0.250697 0.0874194 0)
(-0.299364 0.0751405 0)
(-0.336166 0.0616034 0)
(-0.363236 0.0496008 0)
(-0.374515 0.0429558 0)
(-0.368831 0.0223108 0)
(-0.353481 -0.00809036 0)
(-0.333154 -0.0364699 0)
(-0.301113 -0.0640787 0)
(-0.265463 -0.0849032 0)
(-0.217695 -0.103678 0)
(-0.16993 -0.112603 0)
(-0.113362 -0.119681 0)
(-0.0639988 -0.105146 0)
(-0.019758 -0.0844483 0)
(0.00513579 -0.0249459 0)
(6.51192e-165 0.00181059 0)
(-0.0120747 0.115723 0)
(-0.0922616 0.17727 0)
(-0.157596 0.181619 0)
(-0.227915 0.170661 0)
(-0.288191 0.146961 0)
(-0.343038 0.123321 0)
(-0.383017 0.0964891 0)
(-0.412915 0.0698493 0)
(-0.424213 0.0414886 0)
(-0.419128 0.00914897 0)
(-0.403038 -0.029477 0)
(-0.378769 -0.0659056 0)
(-0.341662 -0.101266 0)
(-0.299783 -0.129734 0)
(-0.243425 -0.154937 0)
(-0.18818 -0.167872 0)
(-0.120087 -0.175736 0)
(-0.0645612 -0.153461 0)
(-0.0111544 -0.11851 0)
(0.0119945 -0.028219 0)
(-6.03118e-266 0.00536725 0)
(-0.0703901 0.170109 0)
(-0.123793 0.247164 0)
(-0.195521 0.250544 0)
(-0.260806 0.235459 0)
(-0.324098 0.203675 0)
(-0.378505 0.17042 0)
(-0.422054 0.131799 0)
(-0.45279 0.0912486 0)
(-0.467929 0.0485811 0)
(-0.467581 0.0010956 0)
(-0.452526 -0.0491086 0)
(-0.426946 -0.0979209 0)
(-0.385429 -0.143964 0)
(-0.337638 -0.182988 0)
(-0.272343 -0.216674 0)
(-0.208365 -0.235337 0)
(-0.12739 -0.245415 0)
(-0.0633912 -0.212858 0)
(0.00452969 -0.16372 0)
(0.0177913 -0.0236395 0)
(-0.021469 0.0765897 0)
(-0.0934445 0.235612 0)
(-0.153676 0.303409 0)
(-0.225993 0.317082 0)
(-0.296191 0.298978 0)
(-0.362838 0.263723 0)
(-0.421896 0.220903 0)
(-0.469382 0.170332 0)
(-0.504061 0.115608 0)
(-0.522683 0.0563279 0)
(-0.525426 -0.00600984 0)
(-0.511754 -0.0700329 0)
(-0.485051 -0.132435 0)
(-0.439695 -0.190684 0)
(-0.386427 -0.241801 0)
(-0.311366 -0.284684 0)
(-0.239616 -0.311166 0)
(-0.142495 -0.321688 0)
(-0.0755998 -0.283041 0)
(0.0172802 -0.200891 0)
(5.4522e-266 -0.00444782 0)
(-0.0154598 0.122689 0)
(-0.0825968 0.303352 0)
(-0.162565 0.380628 0)
(-0.246091 0.394065 0)
(-0.325712 0.372957 0)
(-0.399953 0.330061 0)
(-0.464453 0.277502 0)
(-0.51791 0.214209 0)
(-0.557025 0.144879 0)
(-0.580873 0.0697172 0)
(-0.587853 -0.0097958 0)
(-0.576869 -0.0900831 0)
(-0.550386 -0.170037 0)
(-0.502484 -0.243727 0)
(-0.444053 -0.311143 0)
(-0.360559 -0.365558 0)
(-0.279225 -0.403173 0)
(-0.170977 -0.413252 0)
(-0.0939506 -0.36914 0)
(0.00139151 -0.247112 0)
(1.33005e-24 -2.59961e-24 0)
(-0.0128418 0.171904 0)
(-0.0834825 0.38086 0)
(-0.177473 0.466023 0)
(-0.271856 0.478809 0)
(-0.362933 0.452221 0)
(-0.445675 0.401492 0)
(-0.51765 0.338486 0)
(-0.577654 0.262374 0)
(-0.622257 0.178497 0)
(-0.651686 0.0870029 0)
(-0.662978 -0.00975449 0)
(-0.655779 -0.107503 0)
(-0.630465 -0.206146 0)
(-0.581534 -0.297147 0)
(-0.518633 -0.382374 0)
(-0.426263 -0.450145 0)
(-0.334113 -0.498222 0)
(-0.209029 -0.50864 0)
(-0.119004 -0.450991 0)
(-0.00218807 -0.298355 0)
(5.21781e-77 -3.32511e-25 0)
(-0.0112642 0.220106 0)
(-0.0840378 0.469695 0)
(-0.190518 0.570347 0)
(-0.296057 0.580596 0)
(-0.39855 0.547893 0)
(-0.490631 0.485421 0)
(-0.569937 0.410279 0)
(-0.637029 0.319088 0)
(-0.68712 0.219301 0)
(-0.723008 0.110328 0)
(-0.739569 -0.00573379 0)
(-0.738014 -0.123171 0)
(-0.716034 -0.244604 0)
(-0.668581 -0.356875 0)
(-0.602909 -0.466717 0)
(-0.502408 -0.552666 0)
(-0.397762 -0.620035 0)
(-0.253138 -0.633063 0)
(-0.146311 -0.573701 0)
(-0.00759025 -0.374367 0)
(1.35691e-164 -1.30445e-77 0)
(-0.0120375 0.264408 0)
(-0.0928622 0.558405 0)
(-0.214585 0.676391 0)
(-0.333235 0.685071 0)
(-0.447671 0.645801 0)
(-0.549128 0.571562 0)
(-0.634912 0.484393 0)
(-0.708322 0.37884 0)
(-0.762838 0.264371 0)
(-0.805212 0.139287 0)
(-0.827235 0.00550801 0)
(-0.83378 -0.130843 0)
(-0.817654 -0.274827 0)
(-0.776509 -0.410063 0)
(-0.711137 -0.546898 0)
(-0.606337 -0.655658 0)
(-0.48804 -0.744068 0)
(-0.324705 -0.761948 0)
(-0.194406 -0.68923 0)
(-0.0597445 -0.449992 0)
(2.86199e-266 0.00517048 0)
(-0.0140777 0.326469 0)
(-0.103106 0.674612 0)
(-0.239799 0.812901 0)
(-0.370911 0.815034 0)
(-0.495783 0.765726 0)
(-0.605284 0.673433 0)
(-0.695504 0.570802 0)
(-0.773712 0.447391 0)
(-0.831071 0.316744 0)
(-0.879419 0.174749 0)
(-0.907292 0.0225862 0)
(-0.923974 -0.133195 0)
(-0.917459 -0.30284 0)
(-0.887656 -0.46468 0)
(-0.828555 -0.638332 0)
(-0.722599 -0.778645 0)
(-0.5905 -0.902979 0)
(-0.392426 -0.932024 0)
(-0.221884 -0.838835 0)
(-0.0309305 -0.575822 0)
(0.0206819 -0.0649765 0)
(-0.0191848 0.37747 0)
(-0.124296 0.781195 0)
(-0.284223 0.941611 0)
(-0.432023 0.938064 0)
(-0.566795 0.87875 0)
(-0.682845 0.769156 0)
(-0.772849 0.652206 0)
(-0.852411 0.513362 0)
(-0.908127 0.369934 0)
(-0.960667 0.21546 0)
(-0.992853 0.0502732 0)
(-1.02264 -0.119929 0)
(-1.02922 -0.310396 0)
(-1.02072 -0.497806 0)
(-0.976368 -0.710132 0)
(-0.882174 -0.892996 0)
(-0.742074 -1.07059 0)
(-0.499405 -1.13147 0)
(-0.281563 -1.04511 0)
(0.0476159 -0.693731 0)
(1.2545e-231 -0.00517048 0)
(-0.0260535 0.473185 0)
(-0.147716 0.94308 0)
(-0.32967 1.125 0)
(-0.492151 1.0993 0)
(-0.633256 1.02024 0)
(-0.752265 0.880399 0)
(-0.837797 0.742724 0)
(-0.914791 0.583179 0)
(-0.96511 0.425843 0)
(-1.01874 0.259726 0)
(-1.05351 0.0838992 0)
(-1.09625 -0.0968773 0)
(-1.11983 -0.306928 0)
(-1.14024 -0.51828 0)
(-1.12627 -0.780436 0)
(-1.0656 -1.01565 0)
(-0.943449 -1.28994 0)
(-0.690422 -1.40042 0)
(-0.418036 -1.38508 0)
(-0.00011594 -0.876384 0)
(2.50777e-202 2.32065e-184 0)
(-0.0440341 0.543932 0)
(-0.200329 1.07864 0)
(-0.417784 1.28193 0)
(-0.599934 1.23602 0)
(-0.739239 1.137 0)
(-0.854384 0.970097 0)
(-0.922391 0.814125 0)
(-0.988138 0.639135 0)
(-1.0227 0.473763 0)
(-1.07181 0.304082 0)
(-1.10303 0.127878 0)
(-1.15936 -0.0518357 0)
(-1.19961 -0.26582 0)
(-1.26308 -0.48832 0)
(-1.28999 -0.78255 0)
(-1.30234 -1.07271 0)
(-1.21878 -1.43959 0)
(-1.00139 -1.65786 0)
(-0.655396 -1.72215 0)
(-0.000677171 -1.12166 0)
(9.28259e-184 1.05978e-185 0)
(-0.0644479 0.725389 0)
(-0.254709 1.32152 0)
(-0.497502 1.53411 0)
(-0.689463 1.42245 0)
(-0.81634 1.28189 0)
(-0.917897 1.06434 0)
(-0.960253 0.880574 0)
(-1.00661 0.683997 0)
(-1.01852 0.510764 0)
(-1.05487 0.340608 0)
(-1.07515 0.170081 0)
(-1.13499 0.000474319 0)
(-1.18598 -0.207504 0)
(-1.28417 -0.426898 0)
(-1.36249 -0.749281 0)
(-1.46016 -1.08618 0)
(-1.48071 -1.6046 0)
(-1.36851 -1.96795 0)
(-1.08099 -2.4076 0)
(-0.327049 -1.5553 0)
(2.36657e-254 -2.32065e-184 0)
(-0.129905 0.848131 0)
(-0.397703 1.4981 0)
(-0.660786 1.71029 0)
(-0.848158 1.54437 0)
(-0.914476 1.36357 0)
(-0.971159 1.10819 0)
(-0.949577 0.902661 0)
(-0.952973 0.695252 0)
(-0.91921 0.52209 0)
(-0.928474 0.361404 0)
(-0.922389 0.20783 0)
(-0.977326 0.0623377 0)
(-1.02349 -0.116848 0)
(-1.15849 -0.305608 0)
(-1.27188 -0.605001 0)
(-1.50835 -0.945919 0)
(-1.63607 -1.52051 0)
(-1.88493 -2.05441 0)
(-1.65799 -2.71841 0)
(-1.5924 -2.24212 0)
(-1.96399e-264 -0.168316 0)
(-0.18272 1.27341 0)
(-0.485915 1.85654 0)
(-0.695865 2.00621 0)
(-0.81334 1.67642 0)
(-0.772481 1.41849 0)
(-0.743205 1.09922 0)
(-0.63425 0.868878 0)
(-0.572275 0.653641 0)
(-0.478809 0.487911 0)
(-0.443942 0.344567 0)
(-0.396081 0.216693 0)
(-0.420717 0.103659 0)
(-0.435441 -0.0333247 0)
(-0.554705 -0.174156 0)
(-0.660311 -0.414614 0)
(-0.928896 -0.71206 0)
(-1.15227 -1.2604 0)
(-1.56591 -1.91694 0)
(-1.68645 -2.78291 0)
(-1.75165 -3.12029 0)
(-0.673263 -1.77299 0)
(-0.395875 1.48099 0)
(-0.749692 1.98158 0)
(-0.644588 2.03034 0)
(-0.526238 1.60367 0)
(-0.185805 1.2938 0)
(0.0283584 0.96206 0)
(0.307109 0.733316 0)
(0.475878 0.537487 0)
(0.658894 0.394665 0)
(0.752776 0.280212 0)
(0.854249 0.184325 0)
(0.866409 0.107125 0)
(0.897313 0.0155808 0)
(0.804061 -0.0698429 0)
(0.749256 -0.233204 0)
(0.474914 -0.43423 0)
(0.26705 -0.884075 0)
(-0.315457 -1.48445 0)
(-0.659676 -2.52603 0)
(-1.14923 -3.19492 0)
(-0.66727 -2.60165 0)
(-0.24314 2.47967 0)
(-0.0637011 2.09939 0)
(0.682421 1.83406 0)
(1.21392 1.2124 0)
(1.84744 0.88706 0)
(2.24923 0.603145 0)
(2.64786 0.430537 0)
(2.89402 0.300689 0)
(3.12707 0.213362 0)
(3.25757 0.150055 0)
(3.38918 0.100852 0)
(3.43224 0.0640655 0)
(3.4998 0.0216944 0)
(3.45305 -0.0181305 0)
(3.46028 -0.101149 0)
(3.25888 -0.212908 0)
(3.12553 -0.501041 0)
(2.53844 -0.955412 0)
(1.97428 -2.00406 0)
(0.666439 -3.07532 0)
(-0.0656271 -3.67136 0)
(1.68232 1.6867 0)
(2.76127 0.991203 0)
(4.61416 0.754049 0)
(5.41367 0.416043 0)
(6.19597 0.268217 0)
(6.59078 0.154166 0)
(6.93779 0.0958871 0)
(7.12431 0.0571707 0)
(7.28988 0.0349182 0)
(7.37393 0.0205402 0)
(7.45932 0.0104014 0)
(7.48321 0.00275167 0)
(7.52889 -0.00706381 0)
(7.49247 -0.0172024 0)
(7.50196 -0.042274 0)
(7.33853 -0.0711756 0)
(7.23818 -0.163198 0)
(6.65465 -0.271905 0)
(6.06 -0.633551 0)
(3.95301 -1.03237 0)
(2.02304 -1.87368 0)
)
;

boundaryField
{
    movingWall
    {
        type            fixedValue;
        value           uniform (10 0 0);
    }
    fixedWalls
    {
        type            noSlip;
    }
    frontAndBack
    {
        type            empty;
    }
}


// ************************************************************************* //
