/*--------------------------------*- C++ -*----------------------------------*\
| =========                 |                                                 |
| \\      /  F ield         | OpenFOAM: The Open Source CFD Toolbox           |
|  \\    /   O peration     | Version:  4.1                                   |
|   \\  /    A nd           | Web:      www.OpenFOAM.org                      |
|    \\/     M anipulation  |                                                 |
\*---------------------------------------------------------------------------*/
FoamFile
{
    version     2.0;
    format      ascii;
    class       volVectorField;
    location    "0.0786";
    object      U;
}
// * * * * * * * * * * * * * * * * * * * * * * * * * * * * * * * * * * * * * //

dimensions      [0 1 -1 0 0 0 0];

internalField   nonuniform List<vector> 
441
(
(0.00365901 -0.00477232 0)
(0.0095382 -0.00253969 0)
(-0.000634924 -2.19966e-165 0)
(0.00192238 -3.24371e-266 0)
(-0.00839221 -0.00768996 0)
(-0.00192238 -3.00205e-232 0)
(-1.12928e-202 -5.46104e-203 0)
(-1.36516e-203 -7.15708e-228 0)
(-1.68834e-212 -3.11967e-213 0)
(-0.00602712 8.94954e-266 0)
(-0.0737976 0.0241099 0)
(-0.0928451 0.012639 0)
(-0.104768 0.00581311 0)
(-0.0924435 0.00043285 0)
(-0.0763885 -0.00158514 0)
(-0.0512551 -0.00295291 0)
(-0.0295159 -0.00213511 0)
(-0.00997961 -0.00162289 0)
(0.00204957 0.000663544 0)
(0.00411295 0.00141649 0)
(0.00448019 0.00292591 0)
(0.00373261 -0.00823801 0)
(-0.00110898 0.00676723 0)
(-0.0272891 0.00835045 0)
(-0.0586628 0.010661 0)
(-0.105406 0.0106689 0)
(-0.149436 -0.00334163 0)
(-0.190861 -0.000178332 0)
(-0.230678 0.0016182 0)
(-0.266045 0.0129681 0)
(-0.301747 0.0656901 0)
(-0.326145 0.0605697 0)
(-0.320721 0.0187464 0)
(-0.306448 -0.0067991 0)
(-0.265351 -0.0295877 0)
(-0.216957 -0.039775 0)
(-0.155641 -0.0452252 0)
(-0.100016 -0.0389598 0)
(-0.0502179 -0.031216 0)
(-0.0163233 -0.0142397 0)
(-0.00164875 -0.00457521 0)
(0.00482835 0.00589219 0)
(0.00743431 -0.00790667 0)
(-0.00523449 0.0280947 0)
(-0.0535903 0.056167 0)
(-0.119015 0.0756058 0)
(-0.198866 0.0819239 0)
(-0.281484 0.0813632 0)
(-0.370222 0.0784025 0)
(-0.44236 0.0727366 0)
(-0.513286 0.0683461 0)
(-0.548065 0.0646249 0)
(-0.544284 0.0440104 0)
(-0.526812 -0.00582271 0)
(-0.491039 -0.0488717 0)
(-0.427524 -0.0888617 0)
(-0.351611 -0.110326 0)
(-0.25938 -0.120182 0)
(-0.173602 -0.106371 0)
(-0.094729 -0.0858371 0)
(-0.0388991 -0.0468007 0)
(-0.00855572 -0.0201807 0)
(0.00625098 0.00650193 0)
(0.00627732 -0.0107544 0)
(-0.0159037 0.0695396 0)
(-0.0953741 0.122106 0)
(-0.189036 0.158343 0)
(-0.299346 0.173503 0)
(-0.410357 0.170757 0)
(-0.519715 0.162405 0)
(-0.61442 0.145584 0)
(-0.692429 0.121113 0)
(-0.73855 0.093993 0)
(-0.748064 0.03905 0)
(-0.725252 -0.0356335 0)
(-0.676894 -0.106252 0)
(-0.593079 -0.170206 0)
(-0.492236 -0.207759 0)
(-0.369499 -0.22478 0)
(-0.253366 -0.203052 0)
(-0.143455 -0.167609 0)
(-0.0639366 -0.0995314 0)
(-0.0158923 -0.0511175 0)
(0.00791706 0.00397276 0)
(6.81709e-165 0.00156933 0)
(-0.0240678 0.129292 0)
(-0.138371 0.228508 0)
(-0.25535 0.278126 0)
(-0.394485 0.302133 0)
(-0.52975 0.299878 0)
(-0.664409 0.281141 0)
(-0.778599 0.24434 0)
(-0.873561 0.191739 0)
(-0.929937 0.120969 0)
(-0.947321 0.0311244 0)
(-0.925838 -0.0767343 0)
(-0.869901 -0.180277 0)
(-0.770338 -0.273884 0)
(-0.646632 -0.332818 0)
(-0.491738 -0.359964 0)
(-0.342807 -0.330919 0)
(-0.195065 -0.276412 0)
(-0.0892399 -0.172638 0)
(-0.0181048 -0.0929228 0)
(0.0145256 -0.000682381 0)
(-5.52725e-266 0.00570215 0)
(-0.088172 0.212654 0)
(-0.193291 0.351386 0)
(-0.33372 0.416302 0)
(-0.486007 0.447765 0)
(-0.642118 0.441757 0)
(-0.792987 0.411884 0)
(-0.926303 0.354992 0)
(-1.0365 0.273341 0)
(-1.11018 0.166962 0)
(-1.14476 0.0352515 0)
(-1.13161 -0.114092 0)
(-1.07662 -0.261506 0)
(-0.9661 -0.395128 0)
(-0.822418 -0.485917 0)
(-0.634074 -0.531126 0)
(-0.448235 -0.498672 0)
(-0.256067 -0.424366 0)
(-0.118422 -0.274492 0)
(-0.0200782 -0.158131 0)
(0.0161329 0.00172524 0)
(-0.0228086 0.0929515 0)
(-0.1229 0.319009 0)
(-0.244024 0.474419 0)
(-0.398574 0.568992 0)
(-0.569739 0.60969 0)
(-0.74423 0.605369 0)
(-0.915366 0.564483 0)
(-1.06872 0.486902 0)
(-1.19993 0.375363 0)
(-1.29416 0.228965 0)
(-1.34873 0.053043 0)
(-1.35037 -0.145199 0)
(-1.30301 -0.344785 0)
(-1.18784 -0.529055 0)
(-1.02854 -0.663385 0)
(-0.805609 -0.736074 0)
(-0.580148 -0.706645 0)
(-0.330238 -0.608723 0)
(-0.158053 -0.40535 0)
(-0.00705809 -0.229346 0)
(5.94823e-266 -0.00403323 0)
(-0.0168213 0.153861 0)
(-0.117681 0.43503 0)
(-0.266845 0.627604 0)
(-0.441843 0.742792 0)
(-0.632887 0.793635 0)
(-0.826564 0.787661 0)
(-1.01633 0.736665 0)
(-1.19087 0.639415 0)
(-1.34437 0.499204 0)
(-1.4638 0.315186 0)
(-1.54438 0.0918861 0)
(-1.56868 -0.160907 0)
(-1.53836 -0.42352 0)
(-1.42787 -0.671869 0)
(-1.26041 -0.867468 0)
(-1.00711 -0.98374 0)
(-0.739374 -0.972408 0)
(-0.426452 -0.852876 0)
(-0.205434 -0.59303 0)
(-0.0035774 -0.325759 0)
(2.57744e-24 -1.08318e-24 0)
(-0.0149468 0.223828 0)
(-0.121362 0.567158 0)
(-0.287266 0.796941 0)
(-0.477236 0.933148 0)
(-0.684758 0.993057 0)
(-0.89395 0.987157 0)
(-1.10065 0.927839 0)
(-1.29451 0.813761 0)
(-1.47037 0.648021 0)
(-1.61608 0.428297 0)
(-1.72546 0.158497 0)
(-1.77897 -0.15178 0)
(-1.77473 -0.484156 0)
(-1.68077 -0.80835 0)
(-1.51721 -1.08196 0)
(-1.24291 -1.2604 0)
(-0.937224 -1.28365 0)
(-0.555573 -1.14808 0)
(-0.275849 -0.82044 0)
(-0.00493475 -0.442746 0)
(1.05001e-76 -6.44359e-25 0)
(-0.0130083 0.290741 0)
(-0.119143 0.709059 0)
(-0.294602 0.984189 0)
(-0.493432 1.14084 0)
(-0.711034 1.21074 0)
(-0.930147 1.20347 0)
(-1.14754 1.13743 0)
(-1.35573 1.00868 0)
(-1.54936 0.820928 0)
(-1.71924 0.569528 0)
(-1.85765 0.255097 0)
(-1.94485 -0.11284 0)
(-1.97534 -0.521045 0)
(-1.91151 -0.932063 0)
(-1.76778 -1.30448 0)
(-1.48915 -1.56979 0)
(-1.15576 -1.65823 0)
(-0.707209 -1.52472 0)
(-0.359736 -1.13799 0)
(-0.00705203 -0.61706 0)
(2.92105e-164 -2.62501e-77 0)
(-0.0130545 0.352522 0)
(-0.120332 0.846989 0)
(-0.301342 1.16889 0)
(-0.503503 1.34728 0)
(-0.723407 1.42803 0)
(-0.943868 1.42159 0)
(-1.16203 1.35227 0)
(-1.37463 1.21407 0)
(-1.5759 1.0111 0)
(-1.7619 0.735712 0)
(-1.92327 0.384698 0)
(-2.04406 -0.0345048 0)
(-2.11437 -0.515462 0)
(-2.09489 -1.01686 0)
(-1.99101 -1.50091 0)
(-1.7342 -1.8763 0)
(-1.39695 -2.06063 0)
(-0.89947 -1.95252 0)
(-0.484545 -1.50883 0)
(-0.0801859 -0.815799 0)
(1.78051e-265 0.0132491 0)
(-0.0136171 0.425021 0)
(-0.117466 0.999519 0)
(-0.296504 1.36883 0)
(-0.492812 1.56359 0)
(-0.703852 1.65224 0)
(-0.913648 1.64202 0)
(-1.11884 1.56881 0)
(-1.32164 1.42208 0)
(-1.51547 1.20835 0)
(-1.70357 0.916178 0)
(-1.87577 0.537344 0)
(-2.02291 0.0772551 0)
(-2.13246 -0.469612 0)
(-2.16701 -1.05765 0)
(-2.12256 -1.66398 0)
(-1.9179 -2.17046 0)
(-1.60639 -2.49174 0)
(-1.07942 -2.4516 0)
(-0.58362 -1.95139 0)
(-0.0756819 -1.12146 0)
(0.0529964 -0.0759129 0)
(-0.016914 0.479222 0)
(-0.121251 1.12693 0)
(-0.299812 1.54133 0)
(-0.485829 1.75131 0)
(-0.676932 1.84705 0)
(-0.86249 1.834 0)
(-1.03614 1.75931 0)
(-1.21014 1.60917 0)
(-1.37453 1.39279 0)
(-1.54445 1.09552 0)
(-1.70674 0.704803 0)
(-1.86601 0.222655 0)
(-2.00474 -0.36868 0)
(-2.09814 -1.02593 0)
(-2.12866 -1.74456 0)
(-2.01049 -2.3942 0)
(-1.77285 -2.89243 0)
(-1.24222 -2.98423 0)
(-0.713808 -2.50613 0)
(0.0424527 -1.45961 0)
(2.44734e-231 -0.0132491 0)
(-0.0214716 0.566147 0)
(-0.123419 1.28547 0)
(-0.294236 1.7373 0)
(-0.45958 1.94183 0)
(-0.616845 2.03209 0)
(-0.762346 2.00164 0)
(-0.886128 1.91849 0)
(-1.01113 1.76062 0)
(-1.1237 1.5435 0)
(-1.25135 1.24847 0)
(-1.37897 0.858918 0)
(-1.52646 0.375343 0)
(-1.67549 -0.237485 0)
(-1.81856 -0.934098 0)
(-1.93253 -1.75055 0)
(-1.9374 -2.53043 0)
(-1.83333 -3.25846 0)
(-1.40565 -3.52885 0)
(-0.892458 -3.22961 0)
(-0.00307578 -1.87297 0)
(5.80716e-202 4.57835e-184 0)
(-0.0374473 0.617192 0)
(-0.154495 1.39364 0)
(-0.327566 1.87378 0)
(-0.470693 2.06852 0)
(-0.576745 2.14837 0)
(-0.664082 2.1 0)
(-0.711368 2.00801 0)
(-0.763214 1.84568 0)
(-0.795277 1.63368 0)
(-0.854611 1.3517 0)
(-0.917118 0.981406 0)
(-1.02742 0.521859 0)
(-1.15599 -0.0732099 0)
(-1.33551 -0.764729 0)
(-1.51716 -1.61757 0)
(-1.68028 -2.48997 0)
(-1.74603 -3.4076 0)
(-1.53446 -3.93366 0)
(-1.11007 -3.88517 0)
(-0.0113852 -2.38239 0)
(1.83134e-183 -1.20334e-184 0)
(-0.056115 0.766253 0)
(-0.188896 1.57992 0)
(-0.353357 2.06306 0)
(-0.460389 2.19247 0)
(-0.498445 2.23277 0)
(-0.509693 2.1371 0)
(-0.462675 2.02204 0)
(-0.421811 1.84547 0)
(-0.353408 1.63687 0)
(-0.320671 1.37185 0)
(-0.292517 1.03184 0)
(-0.332497 0.616729 0)
(-0.406917 0.0690555 0)
(-0.578842 -0.569379 0)
(-0.801034 -1.4088 0)
(-1.09898 -2.29793 0)
(-1.38923 -3.40891 0)
(-1.50477 -4.17149 0)
(-1.40062 -4.76959 0)
(-0.465304 -3.03026 0)
(4.39804e-254 -4.57835e-184 0)
(-0.121918 0.848437 0)
(-0.322488 1.67781 0)
(-0.478897 2.14029 0)
(-0.537432 2.204 0)
(-0.457806 2.19707 0)
(-0.358339 2.05938 0)
(-0.173157 1.9212 0)
(-0.00985698 1.73552 0)
(0.189349 1.53425 0)
(0.335494 1.29338 0)
(0.478585 0.995606 0)
(0.526129 0.642364 0)
(0.53732 0.176936 0)
(0.388238 -0.361155 0)
(0.181007 -1.0894 0)
(-0.27473 -1.8907 0)
(-0.724509 -2.97568 0)
(-1.46313 -3.92112 0)
(-1.65047 -4.83401 0)
(-2.07212 -3.85932 0)
(-2.58648e-264 -0.215708 0)
(-0.178222 1.23232 0)
(-0.419142 1.94128 0)
(-0.509611 2.30044 0)
(-0.467309 2.1716 0)
(-0.233601 2.06751 0)
(0.00983465 1.85201 0)
(0.349917 1.68013 0)
(0.65144 1.48306 0)
(0.98728 1.2937 0)
(1.25476 1.08451 0)
(1.5158 0.840802 0)
(1.66552 0.563089 0)
(1.77454 0.203654 0)
(1.70085 -0.203548 0)
(1.55216 -0.756722 0)
(1.10906 -1.37612 0)
(0.574603 -2.25204 0)
(-0.354495 -3.2016 0)
(-1.08555 -4.2509 0)
(-1.84253 -4.53079 0)
(-0.862832 -2.3152 0)
(-0.400468 1.41159 0)
(-0.726643 1.98054 0)
(-0.522495 2.18269 0)
(-0.244933 1.91101 0)
(0.307955 1.72084 0)
(0.768643 1.46781 0)
(1.32094 1.28154 0)
(1.77578 1.09609 0)
(2.24924 0.932909 0)
(2.62163 0.767865 0)
(2.97857 0.587317 0)
(3.20082 0.39239 0)
(3.385 0.145099 0)
(3.35801 -0.123156 0)
(3.27916 -0.494094 0)
(2.85174 -0.891296 0)
(2.37902 -1.51309 0)
(1.35725 -2.23154 0)
(0.453789 -3.3514 0)
(-0.708671 -4.00405 0)
(-0.700934 -2.96377 0)
(-0.257077 2.42137 0)
(-0.103713 2.05796 0)
(0.682809 1.86912 0)
(1.3285 1.33299 0)
(2.14296 1.07399 0)
(2.7686 0.83189 0)
(3.42161 0.678985 0)
(3.93413 0.550433 0)
(4.43427 0.448315 0)
(4.81655 0.354899 0)
(5.17148 0.260121 0)
(5.39147 0.162077 0)
(5.57445 0.0432028 0)
(5.56165 -0.084864 0)
(5.5108 -0.260459 0)
(5.14597 -0.454504 0)
(4.75743 -0.789082 0)
(3.82694 -1.24416 0)
(2.86444 -2.25344 0)
(1.09143 -3.33005 0)
(-0.0460893 -3.79903 0)
(1.66736 1.66968 0)
(2.70334 0.974728 0)
(4.54361 0.748374 0)
(5.38203 0.423699 0)
(6.24887 0.286214 0)
(6.75849 0.177826 0)
(7.23775 0.12108 0)
(7.56107 0.0807975 0)
(7.85918 0.054457 0)
(8.06208 0.033988 0)
(8.24473 0.0157281 0)
(8.33491 -0.00147127 0)
(8.40836 -0.0225503 0)
(8.35172 -0.0433693 0)
(8.29161 -0.0787385 0)
(8.00539 -0.11176 0)
(7.75011 -0.200965 0)
(6.99633 -0.293511 0)
(6.26274 -0.625385 0)
(4.04602 -0.997532 0)
(2.00548 -1.81818 0)
)
;

boundaryField
{
    movingWall
    {
        type            fixedValue;
        value           uniform (10 0 0);
    }
    fixedWalls
    {
        type            noSlip;
    }
    frontAndBack
    {
        type            empty;
    }
}


// ************************************************************************* //
