/*--------------------------------*- C++ -*----------------------------------*\
| =========                 |                                                 |
| \\      /  F ield         | OpenFOAM: The Open Source CFD Toolbox           |
|  \\    /   O peration     | Version:  4.1                                   |
|   \\  /    A nd           | Web:      www.OpenFOAM.org                      |
|    \\/     M anipulation  |                                                 |
\*---------------------------------------------------------------------------*/
FoamFile
{
    version     2.0;
    format      ascii;
    class       volVectorField;
    location    "0.0839";
    object      U;
}
// * * * * * * * * * * * * * * * * * * * * * * * * * * * * * * * * * * * * * //

dimensions      [0 1 -1 0 0 0 0];

internalField   nonuniform List<vector> 
441
(
(0.00370709 -0.00480821 0)
(0.00968342 -0.00253955 0)
(-0.000634887 -2.20585e-165 0)
(0.0019504 -3.30118e-266 0)
(-0.00837711 -0.00780199 0)
(-0.0019504 -3.03946e-232 0)
(-1.13762e-202 -5.56167e-203 0)
(-1.39033e-203 -7.29615e-228 0)
(-1.7117e-212 -3.18328e-213 0)
(-0.00611181 9.0686e-266 0)
(-0.0748947 0.0244484 0)
(-0.0941301 0.0127938 0)
(-0.106074 0.00586217 0)
(-0.0933862 0.000402497 0)
(-0.0769088 -0.00163891 0)
(-0.0513 -0.00300604 0)
(-0.0292199 -0.00215627 0)
(-0.00950891 -0.00160902 0)
(0.00249523 0.000717643 0)
(0.00435779 0.00148008 0)
(0.00453716 0.00297423 0)
(0.00380516 -0.00839652 0)
(-0.000979828 0.00681116 0)
(-0.0274006 0.00845016 0)
(-0.059174 0.0107072 0)
(-0.106593 0.0108244 0)
(-0.151401 -0.00327368 0)
(-0.193616 -0.000159906 0)
(-0.234248 0.00165279 0)
(-0.270337 0.0131709 0)
(-0.306706 0.0666787 0)
(-0.331448 0.0613935 0)
(-0.325761 0.0188093 0)
(-0.310918 -0.00720844 0)
(-0.268799 -0.0303535 0)
(-0.219268 -0.0406326 0)
(-0.156775 -0.0460025 0)
(-0.10023 -0.0394596 0)
(-0.0498528 -0.0313862 0)
(-0.0157915 -0.014064 0)
(-0.00131098 -0.00424711 0)
(0.00490597 0.00614663 0)
(0.00755719 -0.00814109 0)
(-0.00520527 0.0282788 0)
(-0.0541275 0.0568026 0)
(-0.120523 0.076642 0)
(-0.201721 0.0832495 0)
(-0.285792 0.0828789 0)
(-0.3762 0.0799559 0)
(-0.449844 0.0742264 0)
(-0.522166 0.0696791 0)
(-0.557645 0.0656971 0)
(-0.553709 0.0444384 0)
(-0.535673 -0.00648068 0)
(-0.498842 -0.0504107 0)
(-0.433797 -0.091045 0)
(-0.356165 -0.112688 0)
(-0.262168 -0.122331 0)
(-0.174921 -0.107885 0)
(-0.0949999 -0.0865708 0)
(-0.038667 -0.046716 0)
(-0.00830728 -0.0196657 0)
(0.00633358 0.00695959 0)
(0.00633874 -0.0110771 0)
(-0.0162037 0.0702634 0)
(-0.0968462 0.12373 0)
(-0.192066 0.160743 0)
(-0.304325 0.17646 0)
(-0.417408 0.17398 0)
(-0.528888 0.16563 0)
(-0.625495 0.148538 0)
(-0.705006 0.123454 0)
(-0.751933 0.095497 0)
(-0.761401 0.0391485 0)
(-0.737841 -0.0372043 0)
(-0.68813 -0.109256 0)
(-0.60239 -0.174233 0)
(-0.499365 -0.21211 0)
(-0.374338 -0.228807 0)
(-0.256205 -0.20607 0)
(-0.144722 -0.169339 0)
(-0.0642696 -0.0998701 0)
(-0.0158796 -0.0506432 0)
(0.00797772 0.00455984 0)
(6.90259e-165 0.00158469 0)
(-0.0245794 0.131005 0)
(-0.140764 0.231866 0)
(-0.259838 0.282646 0)
(-0.401518 0.307459 0)
(-0.539345 0.305558 0)
(-0.676576 0.286689 0)
(-0.792962 0.249213 0)
(-0.889622 0.19536 0)
(-0.946859 0.122812 0)
(-0.964204 0.0307572 0)
(-0.941896 -0.0794903 0)
(-0.884419 -0.185094 0)
(-0.782671 -0.280177 0)
(-0.656424 -0.339654 0)
(-0.498775 -0.366416 0)
(-0.347323 -0.336002 0)
(-0.197439 -0.279661 0)
(-0.0901999 -0.173827 0)
(-0.0183247 -0.0928079 0)
(0.0145886 -0.000153909 0)
(-5.59507e-266 0.00578622 0)
(-0.0896155 0.215827 0)
(-0.196726 0.356949 0)
(-0.339727 0.423359 0)
(-0.494856 0.455815 0)
(-0.653875 0.45012 0)
(-0.80752 0.419879 0)
(-0.943203 0.361841 0)
(-1.05517 0.278254 0)
(-1.1298 0.169283 0)
(-1.16445 0.034488 0)
(-1.15051 -0.118036 0)
(-1.09397 -0.268238 0)
(-0.981158 -0.403897 0)
(-0.834735 -0.495572 0)
(-0.643277 -0.540454 0)
(-0.454465 -0.506356 0)
(-0.259584 -0.429673 0)
(-0.120048 -0.276973 0)
(-0.0205994 -0.158691 0)
(0.0161353 0.00217257 0)
(-0.0231449 0.0944373 0)
(-0.124949 0.324118 0)
(-0.248298 0.482337 0)
(-0.405623 0.578898 0)
(-0.579835 0.620744 0)
(-0.75738 0.616704 0)
(-0.9314 0.575152 0)
(-1.08717 0.495893 0)
(-1.2202 0.381692 0)
(-1.31543 0.231831 0)
(-1.37017 0.0519567 0)
(-1.37112 -0.150302 0)
(-1.32233 -0.353443 0)
(-1.20494 -0.540394 0)
(-1.0429 -0.676078 0)
(-0.816672 -0.74864 0)
(-0.587915 -0.717414 0)
(-0.334737 -0.616603 0)
(-0.160181 -0.409521 0)
(-0.0075054 -0.230871 0)
(5.96746e-266 -0.00403384 0)
(-0.0170821 0.15635 0)
(-0.119651 0.442147 0)
(-0.271312 0.638158 0)
(-0.449199 0.755666 0)
(-0.643328 0.80777 0)
(-0.840031 0.801953 0)
(-1.03258 0.749955 0)
(-1.20945 0.650491 0)
(-1.36468 0.50693 0)
(-1.4851 0.318675 0)
(-1.56593 0.0906147 0)
(-1.58972 -0.166974 0)
(-1.55823 -0.433902 0)
(-1.44581 -0.685617 0)
(-1.27588 -0.883168 0)
(-1.01939 -0.999697 0)
(-0.7483 -0.986663 0)
(-0.431696 -0.863868 0)
(-0.207931 -0.59955 0)
(-0.00367281 -0.328487 0)
(2.60172e-24 -1.07034e-24 0)
(-0.0151725 0.227493 0)
(-0.123196 0.576452 0)
(-0.291502 0.810215 0)
(-0.484185 0.949 0)
(-0.694562 1.01019 0)
(-0.906493 1.00428 0)
(-1.11567 0.943598 0)
(-1.31155 0.826783 0)
(-1.4889 0.65706 0)
(-1.63546 0.43241 0)
(-1.74511 0.157167 0)
(-1.7983 -0.158567 0)
(-1.79324 -0.495911 0)
(-1.69785 -0.824109 0)
(-1.53238 -1.10031 0)
(-1.25541 -1.27954 0)
(-0.946722 -1.30145 0)
(-0.561401 -1.16245 0)
(-0.27874 -0.829707 0)
(-0.00498731 -0.44685 0)
(1.05868e-76 -6.50429e-25 0)
(-0.0131656 0.295279 0)
(-0.120578 0.72019 0)
(-0.298042 0.999842 0)
(-0.499122 1.15927 0)
(-0.719066 1.23045 0)
(-0.940369 1.22297 0)
(-1.15967 1.15521 0)
(-1.36936 1.02325 0)
(-1.56403 0.830996 0)
(-1.73448 0.574149 0)
(-1.87306 0.253787 0)
(-1.96008 -0.120047 0)
(-1.99015 -0.533661 0)
(-1.92555 -0.949152 0)
(-1.78077 -1.32475 0)
(-1.50039 -1.59146 0)
(-1.16483 -1.67916 0)
(-0.713112 -1.54241 0)
(-0.36288 -1.15026 0)
(-0.00716428 -0.622789 0)
(2.94331e-164 -2.64671e-77 0)
(-0.0131428 0.35775 0)
(-0.121213 0.859554 0)
(-0.303537 1.1864 0)
(-0.507196 1.3677 0)
(-0.72864 1.44968 0)
(-0.950477 1.4428 0)
(-1.16975 1.37143 0)
(-1.38311 1.22962 0)
(-1.58479 1.02175 0)
(-1.77091 0.740575 0)
(-1.93223 0.38338 0)
(-2.0529 -0.0418804 0)
(-2.12316 -0.528385 0)
(-2.10363 -1.03444 0)
(-1.99973 -1.52204 0)
(-1.74245 -1.89938 0)
(-1.40433 -2.08374 0)
(-0.904843 -1.9729 0)
(-0.487748 -1.52383 0)
(-0.0809203 -0.823162 0)
(1.78687e-265 0.0133067 0)
(-0.0136192 0.430522 0)
(-0.117617 1.01276 0)
(-0.297043 1.38729 0)
(-0.493856 1.58505 0)
(-0.705403 1.67486 0)
(-0.915562 1.66401 0)
(-1.12089 1.58847 0)
(-1.32358 1.43784 0)
(-1.51709 1.21897 0)
(-1.70478 0.920888 0)
(-1.87662 0.535889 0)
(-2.02362 0.0699002 0)
(-2.1334 -0.482293 0)
(-2.16856 -1.07479 0)
(-2.12511 -1.68468 0)
(-1.92138 -2.19347 0)
(-1.61056 -2.5155 0)
(-1.08309 -2.47353 0)
(-0.586106 -1.96828 0)
(-0.0759936 -1.13048 0)
(0.0532267 -0.0766545 0)
(-0.0168256 0.484597 0)
(-0.120591 1.14002 0)
(-0.298475 1.55973 0)
(-0.483858 1.77275 0)
(-0.674295 1.86957 0)
(-0.859101 1.85572 0)
(-1.03186 1.77851 0)
(-1.20486 1.62431 0)
(-1.36823 1.40273 0)
(-1.53723 1.09964 0)
(-1.69888 0.703016 0)
(-1.85796 0.215404 0)
(-1.99712 -0.380714 0)
(-2.09162 -1.04187 0)
(-2.12398 -1.7637 0)
(-2.00798 -2.41564 0)
(-1.77263 -2.91528 0)
(-1.24322 -3.00632 0)
(-0.715207 -2.5245 0)
(0.0429597 -1.46974 0)
(2.45863e-231 -0.0133067 0)
(-0.0212927 0.570909 0)
(-0.121938 1.29746 0)
(-0.290992 1.75446 0)
(-0.454533 1.962 0)
(-0.609948 2.05331 0)
(-0.753611 2.022 0)
(-0.875559 1.93628 0)
(-0.998818 1.77439 0)
(-1.10984 1.55221 0)
(-1.23627 1.25167 0)
(-1.36313 0.856668 0)
(-1.51047 0.368264 0)
(-1.66008 -0.248583 0)
(-1.80458 -0.948257 0)
(-1.92088 -1.76718 0)
(-1.92882 -2.54894 0)
(-1.82828 -3.27861 0)
(-1.4037 -3.54917 0)
(-0.892584 -3.24791 0)
(-0.00301639 -1.88354 0)
(5.81753e-202 4.58261e-184 0)
(-0.0371961 0.62093 0)
(-0.152324 1.40368 0)
(-0.322675 1.88863 0)
(-0.462954 2.08632 0)
(-0.566097 2.16723 0)
(-0.650673 2.11808 0)
(-0.695379 2.02366 0)
(-0.744996 1.85756 0)
(-0.775264 1.64089 0)
(-0.83337 1.35388 0)
(-0.89526 0.978745 0)
(-1.00564 0.515075 0)
(-1.13499 -0.0831979 0)
(-1.3161 -0.776872 0)
(-1.50021 -1.63125 0)
(-1.6667 -2.50477 0)
(-1.73656 -3.42374 0)
(-1.52929 -3.95053 0)
(-1.10854 -3.90155 0)
(-0.011429 -2.39271 0)
(1.83305e-183 -1.32317e-184 0)
(-0.0558241 0.768627 0)
(-0.186303 1.58727 0)
(-0.347393 2.07467 0)
(-0.45082 2.2069 0)
(-0.485198 2.24834 0)
(-0.493039 2.15214 0)
(-0.442983 2.03504 0)
(-0.399683 1.85524 0)
(-0.329518 1.64259 0)
(-0.295801 1.37323 0)
(-0.267408 1.02909 0)
(-0.307877 0.61054 0)
(-0.383401 0.0603619 0)
(-0.557063 -0.57947 0)
(-0.781595 -1.41959 0)
(-1.08271 -2.30893 0)
(-1.37688 -3.4206 0)
(-1.49718 -4.18382 0)
(-1.39744 -4.78259 0)
(-0.465741 -3.03932 0)
(4.39982e-254 -4.58261e-184 0)
(-0.121652 0.849333 0)
(-0.319949 1.68219 0)
(-0.472839 2.14821 0)
(-0.527506 2.21453 0)
(-0.44387 2.20886 0)
(-0.340727 2.07102 0)
(-0.15234 1.9314 0)
(0.0134015 1.74323 0)
(0.214222 1.53874 0)
(0.36105 1.29437 0)
(0.503984 0.993224 0)
(0.550601 0.637197 0)
(0.560326 0.169805 0)
(0.409298 -0.36922 0)
(0.199865 -1.09759 0)
(-0.258642 -1.89843 0)
(-0.71155 -2.98314 0)
(-1.45459 -3.9288 0)
(-1.64603 -4.84221 0)
(-2.07295 -3.86643 0)
(-2.59027e-264 -0.215909 0)
(-0.178084 1.23194 0)
(-0.417321 1.94285 0)
(-0.504819 2.30469 0)
(-0.459034 2.17814 0)
(-0.221546 2.07539 0)
(0.025429 1.86015 0)
(0.36864 1.68749 0)
(0.672541 1.48877 0)
(1.00992 1.29714 0)
(1.27797 1.08538 0)
(1.5387 0.839151 0)
(1.6873 0.559313 0)
(1.79462 0.198382 0)
(1.71884 -0.209496 0)
(1.56796 -0.762578 0)
(1.12251 -1.38127 0)
(0.585704 -2.25629 0)
(-0.34638 -3.20543 0)
(-1.08068 -4.25469 0)
(-1.84163 -4.53503 0)
(-0.863635 -2.3164 0)
(-0.40054 1.41056 0)
(-0.726137 1.98026 0)
(-0.520253 2.18416 0)
(-0.240237 1.91425 0)
(0.315664 1.7253 0)
(0.779407 1.47276 0)
(1.33459 1.28622 0)
(1.79176 1.09987 0)
(2.26684 0.935301 0)
(2.63995 0.768619 0)
(2.99675 0.58641 0)
(3.218 0.390058 0)
(3.40056 0.141755 0)
(3.37152 -0.126951 0)
(3.29052 -0.497778 0)
(2.86096 -0.894389 0)
(2.38643 -1.51532 0)
(1.36282 -2.23308 0)
(0.4576 -3.35257 0)
(-0.707078 -4.00541 0)
(-0.70119 -2.964 0)
(-0.257295 2.42057 0)
(-0.104374 2.05722 0)
(0.682486 1.86915 0)
(1.32935 1.334 0)
(2.14574 1.07574 0)
(2.77365 0.834028 0)
(3.42901 0.681096 0)
(3.94358 0.55217 0)
(4.44525 0.449413 0)
(4.82834 0.35522 0)
(5.1833 0.259654 0)
(5.40256 0.160942 0)
(5.58421 0.0416229 0)
(5.56967 -0.0866047 0)
(5.517 -0.262058 0)
(5.15045 -0.455739 0)
(4.76057 -0.789776 0)
(3.82906 -1.24443 0)
(2.86586 -2.25339 0)
(1.09209 -3.3302 0)
(-0.0462388 -3.79891 0)
(1.66718 1.6695 0)
(2.70258 0.974535 0)
(4.54253 0.748284 0)
(5.38118 0.423768 0)
(6.24881 0.286413 0)
(6.75954 0.17809 0)
(7.24003 0.121332 0)
(7.56444 0.0809806 0)
(7.86336 0.0545285 0)
(8.06662 0.0339359 0)
(8.24919 0.0155619 0)
(8.33885 -0.00171554 0)
(8.41148 -0.0228254 0)
(8.35383 -0.0436182 0)
(8.29276 -0.0789139 0)
(8.00572 -0.11183 0)
(7.74997 -0.200918 0)
(6.99598 -0.29338 0)
(6.26248 -0.625196 0)
(4.04588 -0.997366 0)
(2.00528 -1.81797 0)
)
;

boundaryField
{
    movingWall
    {
        type            fixedValue;
        value           uniform (10 0 0);
    }
    fixedWalls
    {
        type            noSlip;
    }
    frontAndBack
    {
        type            empty;
    }
}


// ************************************************************************* //
