/*--------------------------------*- C++ -*----------------------------------*\
| =========                 |                                                 |
| \\      /  F ield         | OpenFOAM: The Open Source CFD Toolbox           |
|  \\    /   O peration     | Version:  4.1                                   |
|   \\  /    A nd           | Web:      www.OpenFOAM.org                      |
|    \\/     M anipulation  |                                                 |
\*---------------------------------------------------------------------------*/
FoamFile
{
    version     2.0;
    format      ascii;
    class       volVectorField;
    location    "0.0085";
    object      U;
}
// * * * * * * * * * * * * * * * * * * * * * * * * * * * * * * * * * * * * * //

dimensions      [0 1 -1 0 0 0 0];

internalField   nonuniform List<vector> 
441
(
(0.00351009 -0.0056349 0)
(0.00679073 -0.0040185 0)
(-0.00100544 -3.0517e-165 0)
(0.00140732 -1.81925e-266 0)
(-0.0136542 -0.0056305 0)
(-0.00140732 -2.52825e-232 0)
(-1.23028e-202 -2.99924e-203 0)
(-7.4951e-204 -3.5839e-228 0)
(-1.32565e-212 -1.52171e-213 0)
(-0.0047944 7.38563e-266 0)
(-0.0550879 0.0191731 0)
(-0.0716991 0.0107559 0)
(-0.0839943 0.00544946 0)
(-0.0806675 0.00164105 0)
(-0.0754283 -4.97839e-05 0)
(-0.0629697 -0.00132926 0)
(-0.0506404 -0.00166169 0)
(-0.0346584 -0.00224972 0)
(-0.0198291 -0.00164888 0)
(-0.00684002 -0.00118136 0)
(0.00203613 0.00118153 0)
(0.00222331 -0.00437731 0)
(-0.00988933 0.00872863 0)
(-0.0388342 0.00738885 0)
(-0.0656599 0.0137876 0)
(-0.100229 0.00767492 0)
(-0.125665 -0.00882035 0)
(-0.146785 -0.00127322 0)
(-0.165384 0.000778109 0)
(-0.180523 0.00917436 0)
(-0.198389 0.048683 0)
(-0.211361 0.0460685 0)
(-0.208291 0.0185371 0)
(-0.205256 0.0030698 0)
(-0.188768 -0.0104884 0)
(-0.170242 -0.0177152 0)
(-0.141987 -0.024119 0)
(-0.113395 -0.0265302 0)
(-0.0791201 -0.0294578 0)
(-0.0471451 -0.0259599 0)
(-0.0185633 -0.0215097 0)
(0.00116509 -0.00580896 0)
(0.00556666 0.00103281 0)
(-0.0108269 0.0364944 0)
(-0.0575727 0.053839 0)
(-0.105595 0.0597522 0)
(-0.153653 0.0533577 0)
(-0.200674 0.0432953 0)
(-0.245721 0.0380133 0)
(-0.27474 0.0325753 0)
(-0.30476 0.0314594 0)
(-0.312931 0.0347805 0)
(-0.300707 0.0297849 0)
(-0.289478 0.00583411 0)
(-0.275281 -0.0136534 0)
(-0.251188 -0.0330156 0)
(-0.223894 -0.046208 0)
(-0.18593 -0.0581585 0)
(-0.147486 -0.0636701 0)
(-0.101739 -0.0686597 0)
(-0.060137 -0.0612411 0)
(-0.02259 -0.0496627 0)
(0.00226727 -0.0154329 0)
(0.00731558 0.000896288 0)
(-0.00890335 0.0735518 0)
(-0.072029 0.102555 0)
(-0.131514 0.111621 0)
(-0.191993 0.103011 0)
(-0.246191 0.0856095 0)
(-0.293624 0.0736016 0)
(-0.329435 0.06034 0)
(-0.355736 0.0486442 0)
(-0.366562 0.0423883 0)
(-0.360681 0.0221748 0)
(-0.34553 -0.00768752 0)
(-0.325719 -0.0355106 0)
(-0.294557 -0.0625504 0)
(-0.260032 -0.0829661 0)
(-0.213626 -0.101427 0)
(-0.16731 -0.11044 0)
(-0.112077 -0.117994 0)
(-0.0637346 -0.10463 0)
(-0.0198164 -0.0851542 0)
(0.00509761 -0.0258531 0)
(6.54001e-165 0.00182889 0)
(-0.0117374 0.115433 0)
(-0.0910739 0.175639 0)
(-0.154912 0.178659 0)
(-0.223444 0.16727 0)
(-0.282039 0.143667 0)
(-0.335336 0.120483 0)
(-0.374081 0.0941987 0)
(-0.403048 0.0681878 0)
(-0.41383 0.040552 0)
(-0.408576 0.00903911 0)
(-0.392802 -0.0286421 0)
(-0.369198 -0.0641432 0)
(-0.333202 -0.0985856 0)
(-0.292718 -0.126384 0)
(-0.238068 -0.151078 0)
(-0.18462 -0.16413 0)
(-0.118196 -0.172687 0)
(-0.0639469 -0.152146 0)
(-0.0109724 -0.11894 0)
(0.012007 -0.0290488 0)
(-6.11639e-266 0.00541982 0)
(-0.0704649 0.169155 0)
(-0.122316 0.244068 0)
(-0.192258 0.245763 0)
(-0.255382 0.230164 0)
(-0.316741 0.198638 0)
(-0.369348 0.166096 0)
(-0.411482 0.12837 0)
(-0.441122 0.0888378 0)
(-0.455656 0.0473263 0)
(-0.455093 0.00109503 0)
(-0.440365 -0.0477216 0)
(-0.415503 -0.0951971 0)
(-0.375249 -0.139919 0)
(-0.329052 -0.177962 0)
(-0.265777 -0.210904 0)
(-0.203905 -0.229724 0)
(-0.124914 -0.240773 0)
(-0.0623882 -0.210646 0)
(0.00514794 -0.163829 0)
(0.0179392 -0.0243717 0)
(-0.0216793 0.076766 0)
(-0.0933843 0.233794 0)
(-0.151945 0.298475 0)
(-0.222186 0.310166 0)
(-0.290033 0.291509 0)
(-0.354532 0.256698 0)
(-0.41159 0.214857 0)
(-0.457458 0.165538 0)
(-0.490836 0.112245 0)
(-0.508672 0.0545803 0)
(-0.511038 -0.00601304 0)
(-0.497602 -0.0681382 0)
(-0.471576 -0.128703 0)
(-0.427574 -0.185125 0)
(-0.376069 -0.234851 0)
(-0.303365 -0.276671 0)
(-0.234097 -0.303351 0)
(-0.139419 -0.315155 0)
(-0.0743595 -0.279879 0)
(0.0179498 -0.200457 0)
(5.47636e-266 -0.00448481 0)
(-0.0156565 0.122901 0)
(-0.0823272 0.300456 0)
(-0.160545 0.3738 0)
(-0.241836 0.38486 0)
(-0.318916 0.363172 0)
(-0.390808 0.32088 0)
(-0.453074 0.269563 0)
(-0.504676 0.207864 0)
(-0.542221 0.140376 0)
(-0.565027 0.067303 0)
(-0.571373 -0.00994948 0)
(-0.560438 -0.0877745 0)
(-0.534492 -0.1653 0)
(-0.487975 -0.236546 0)
(-0.43143 -0.302019 0)
(-0.350689 -0.35492 0)
(-0.272276 -0.39266 0)
(-0.167217 -0.4043 0)
(-0.0924805 -0.364536 0)
(0.00150894 -0.245991 0)
(1.31158e-24 -2.65167e-24 0)
(-0.0130003 0.172019 0)
(-0.0831206 0.376809 0)
(-0.175295 0.457125 0)
(-0.267268 0.467115 0)
(-0.355615 0.439876 0)
(-0.435764 0.389886 0)
(-0.505241 0.328357 0)
(-0.563091 0.25416 0)
(-0.605793 0.172521 0)
(-0.633837 0.0835901 0)
(-0.644138 -0.0103536 0)
(-0.636688 -0.105004 0)
(-0.611659 -0.200509 0)
(-0.564045 -0.288286 0)
(-0.503083 -0.370811 0)
(-0.413862 -0.436408 0)
(-0.325141 -0.484335 0)
(-0.204116 -0.496562 0)
(-0.117002 -0.444251 0)
(-0.00214571 -0.296375 0)
(5.13872e-77 -3.27896e-25 0)
(-0.0114221 0.220131 0)
(-0.0836588 0.464464 0)
(-0.188248 0.559316 0)
(-0.291205 0.566261 0)
(-0.390744 0.532802 0)
(-0.47997 0.47116 0)
(-0.556473 0.397695 0)
(-0.621072 0.308697 0)
(-0.66887 0.21151 0)
(-0.702958 0.105548 0)
(-0.71807 -0.00714339 0)
(-0.715848 -0.120812 0)
(-0.693751 -0.238294 0)
(-0.647407 -0.346407 0)
(-0.583603 -0.452544 0)
(-0.48662 -0.535391 0)
(-0.385984 -0.602094 0)
(-0.246522 -0.617053 0)
(-0.143523 -0.564321 0)
(-0.00774875 -0.371137 0)
(1.33148e-164 -1.28468e-77 0)
(-0.0122022 0.264311 0)
(-0.092518 0.551917 0)
(-0.212275 0.663038 0)
(-0.32817 0.667844 0)
(-0.439427 0.627661 0)
(-0.537753 0.554305 0)
(-0.62042 0.468975 0)
(-0.69097 0.365848 0)
(-0.742766 0.254299 0)
(-0.782863 0.132639 0)
(-0.802892 0.00277756 0)
(-0.808215 -0.129104 0)
(-0.791396 -0.268227 0)
(-0.750936 -0.398177 0)
(-0.687138 -0.529996 0)
(-0.586095 -0.634306 0)
(-0.472338 -0.721075 0)
(-0.315599 -0.740751 0)
(-0.190254 -0.675816 0)
(-0.0602043 -0.445078 0)
(2.43085e-266 0.00498065 0)
(-0.0142593 0.326337 0)
(-0.102803 0.666916 0)
(-0.23745 0.79718 0)
(-0.365641 0.794785 0)
(-0.487112 0.744352 0)
(-0.593212 0.652942 0)
(-0.679991 0.552257 0)
(-0.754966 0.431437 0)
(-0.809158 0.303957 0)
(-0.854717 0.165712 0)
(-0.879976 0.0179455 0)
(-0.894753 -0.132731 0)
(-0.886743 -0.296577 0)
(-0.8569 -0.451912 0)
(-0.798684 -0.618896 0)
(-0.696331 -0.752981 0)
(-0.56908 -0.874002 0)
(-0.378926 -0.904284 0)
(-0.21518 -0.820106 0)
(-0.0299015 -0.568129 0)
(0.0199226 -0.0657911 0)
(-0.0193739 0.377259 0)
(-0.124023 0.77217 0)
(-0.281835 0.923309 0)
(-0.426572 0.914521 0)
(-0.557748 0.853824 0)
(-0.670151 0.745068 0)
(-0.756424 0.630122 0)
(-0.832412 0.49398 0)
(-0.884567 0.353903 0)
(-0.933832 0.203423 0)
(-0.962792 0.0430054 0)
(-0.989893 -0.121561 0)
(-0.993985 -0.305376 0)
(-0.984288 -0.485016 0)
(-0.939584 -0.688825 0)
(-0.848138 -0.863066 0)
(-0.712572 -1.03494 0)
(-0.47938 -1.09533 0)
(-0.270534 -1.01935 0)
(0.0485713 -0.681179 0)
(1.2302e-231 -0.00498065 0)
(-0.0262397 0.472998 0)
(-0.147434 0.932829 0)
(-0.327223 1.10415 0)
(-0.486554 1.07243 0)
(-0.623922 0.991664 0)
(-0.739095 0.85256 0)
(-0.820677 0.7169 0)
(-0.893863 0.560113 0)
(-0.940358 0.406229 0)
(-0.990377 0.244207 0)
(-1.02143 0.0733301 0)
(-1.06076 -0.101572 0)
(-1.08072 -0.304388 0)
(-1.09849 -0.507022 0)
(-1.08219 -0.758702 0)
(-1.02253 -0.982607 0)
(-0.903381 -1.24707 0)
(-0.661016 -1.35393 0)
(-0.400247 -1.34742 0)
(7.1857e-05 -0.857271 0)
(2.38377e-202 2.21721e-184 0)
(-0.0441762 0.543628 0)
(-0.19998 1.06697 0)
(-0.415318 1.25833 0)
(-0.594391 1.2056 0)
(-0.730005 1.10452 0)
(-0.841343 0.938232 0)
(-0.905463 0.78429 0)
(-0.967505 0.612127 0)
(-0.998392 0.450295 0)
(-1.04398 0.284729 0)
(-1.07147 0.11346 0)
(-1.12401 -0.0604607 0)
(-1.15987 -0.267105 0)
(-1.2191 -0.480432 0)
(-1.24144 -0.762689 0)
(-1.25166 -1.0386 0)
(-1.16821 -1.39056 0)
(-0.960051 -1.59897 0)
(-0.627531 -1.66761 0)
(-0.000447699 -1.09049 0)
(8.86883e-184 -3.6054e-185 0)
(-0.0645284 0.725037 0)
(-0.254386 1.30871 0)
(-0.495439 1.50813 0)
(-0.684867 1.38887 0)
(-0.808628 1.24587 0)
(-0.907022 1.02885 0)
(-0.946242 0.847194 0)
(-0.98977 0.653576 0)
(-0.998984 0.483977 0)
(-1.03279 0.31785 0)
(-1.05023 0.151986 0)
(-1.1069 -0.0123878 0)
(-1.15367 -0.213623 0)
(-1.24704 -0.424434 0)
(-1.31905 -0.734338 0)
(-1.41156 -1.05512 0)
(-1.42754 -1.55256 0)
(-1.32026 -1.89846 0)
(-1.04205 -2.32876 0)
(-0.319738 -1.50732 0)
(2.24637e-254 -2.21721e-184 0)
(-0.129896 0.847584 0)
(-0.397744 1.48428 0)
(-0.660334 1.68242 0)
(-0.846924 1.50831 0)
(-0.912134 1.32481 0)
(-0.967871 1.07002 0)
(-0.945555 0.86685 0)
(-0.948622 0.662699 0)
(-0.914724 0.493364 0)
(-0.923913 0.336653 0)
(-0.91745 0.187381 0)
(-0.971383 0.0463485 0)
(-1.01548 -0.127203 0)
(-1.14688 -0.308785 0)
(-1.25479 -0.596723 0)
(-1.48369 -0.921366 0)
(-1.60321 -1.47167 0)
(-1.84458 -1.98066 0)
(-1.61867 -2.62459 0)
(-1.55809 -2.16951 0)
(-1.93819e-264 -0.165694 0)
(-0.182752 1.27312 0)
(-0.487504 1.84333 0)
(-0.699896 1.97901 0)
(-0.820531 1.641 0)
(-0.783056 1.38045 0)
(-0.757584 1.06207 0)
(-0.652668 0.834446 0)
(-0.59495 0.622753 0)
(-0.505679 0.460917 0)
(-0.474729 0.321341 0)
(-0.430303 0.197208 0)
(-0.457558 0.0876978 0)
(-0.473968 -0.045136 0)
(-0.593294 -0.180846 0)
(-0.69703 -0.41277 0)
(-0.960226 -0.697002 0)
(-1.17435 -1.22422 0)
(-1.57322 -1.85476 0)
(-1.67853 -2.69792 0)
(-1.7289 -3.03483 0)
(-0.662776 -1.73637 0)
(-0.395856 1.48201 0)
(-0.75284 1.97172 0)
(-0.654587 2.00797 0)
(-0.545393 1.57407 0)
(-0.215298 1.26212 0)
(-0.0117862 0.931625 0)
(0.256491 0.705692 0)
(0.415319 0.513279 0)
(0.589183 0.373955 0)
(0.674903 0.262724 0)
(0.769142 0.16985 0)
(0.775248 0.0953748 0)
(0.800928 0.00689651 0)
(0.704102 -0.0748862 0)
(0.647081 -0.232315 0)
(0.37461 -0.424416 0)
(0.173388 -0.859539 0)
(-0.391906 -1.44094 0)
(-0.710146 -2.46251 0)
(-1.16668 -3.1256 0)
(-0.664725 -2.56402 0)
(-0.242556 2.48238 0)
(-0.0650277 2.09616 0)
(0.672443 1.82283 0)
(1.19102 1.19649 0)
(1.8095 0.869984 0)
(2.19634 0.587101 0)
(2.58093 0.416483 0)
(2.81453 0.288866 0)
(3.03663 0.203642 0)
(3.15778 0.142186 0)
(3.28149 0.0946005 0)
(3.31806 0.0593139 0)
(3.38038 0.0185634 0)
(3.33003 -0.0192078 0)
(3.33552 -0.0992587 0)
(3.13592 -0.206806 0)
(3.00938 -0.489274 0)
(2.43798 -0.937151 0)
(1.89988 -1.97875 0)
(0.629275 -3.0441 0)
(-0.0689912 -3.65058 0)
(1.68373 1.68842 0)
(2.76418 0.992008 0)
(4.61332 0.753411 0)
(5.40522 0.414585 0)
(6.17823 0.266562 0)
(6.56392 0.152703 0)
(6.90279 0.0947586 0)
(7.08243 0.0563728 0)
(7.24237 0.0343832 0)
(7.32186 0.0201969 0)
(7.40366 0.0101899 0)
(7.42473 0.00265259 0)
(7.4684 -0.00701736 0)
(7.43089 -0.0169371 0)
(7.44062 -0.0415932 0)
(7.2794 -0.0699574 0)
(7.18399 -0.161236 0)
(6.60903 -0.269645 0)
(6.02618 -0.632057 0)
(3.93442 -1.03239 0)
(2.02103 -1.87484 0)
)
;

boundaryField
{
    movingWall
    {
        type            fixedValue;
        value           uniform (10 0 0);
    }
    fixedWalls
    {
        type            noSlip;
    }
    frontAndBack
    {
        type            empty;
    }
}


// ************************************************************************* //
