/*--------------------------------*- C++ -*----------------------------------*\
| =========                 |                                                 |
| \\      /  F ield         | OpenFOAM: The Open Source CFD Toolbox           |
|  \\    /   O peration     | Version:  4.1                                   |
|   \\  /    A nd           | Web:      www.OpenFOAM.org                      |
|    \\/     M anipulation  |                                                 |
\*---------------------------------------------------------------------------*/
FoamFile
{
    version     2.0;
    format      ascii;
    class       volVectorField;
    location    "0.0419";
    object      U;
}
// * * * * * * * * * * * * * * * * * * * * * * * * * * * * * * * * * * * * * //

dimensions      [0 1 -1 0 0 0 0];

internalField   nonuniform List<vector> 
441
(
(0.00331565 -0.0045643 0)
(0.00838083 -0.00260781 0)
(-0.00065198 -2.1914e-165 0)
(0.00166587 -2.68923e-266 0)
(-0.0090027 -0.00666407 0)
(-0.00166587 -2.6641e-232 0)
(-1.08181e-202 -4.37449e-203 0)
(-1.09345e-203 -5.54304e-228 0)
(-1.44554e-212 -2.33234e-213 0)
(-0.00510773 7.71098e-266 0)
(-0.0612245 0.0204332 0)
(-0.0775888 0.0109434 0)
(-0.0886011 0.00526091 0)
(-0.0800067 0.000825945 0)
(-0.0686911 -0.000875526 0)
(-0.0493225 -0.00218715 0)
(-0.0319892 -0.00174428 0)
(-0.0149539 -0.00164884 0)
(-0.00300925 0.000101565 0)
(0.00129847 0.000714122 0)
(0.00374811 0.00235918 0)
(0.00313578 -0.00693078 0)
(-0.00252685 0.00655222 0)
(-0.027261 0.00766906 0)
(-0.055649 0.0106634 0)
(-0.0966494 0.00924428 0)
(-0.13329 -0.0043662 0)
(-0.166533 -0.000463876 0)
(-0.197243 0.00122509 0)
(-0.223704 0.0106413 0)
(-0.250452 0.05426 0)
(-0.268828 0.0502963 0)
(-0.263986 0.0167279 0)
(-0.254081 -0.00326632 0)
(-0.223329 -0.0213857 0)
(-0.187502 -0.0298512 0)
(-0.14013 -0.0356259 0)
(-0.0959534 -0.032396 0)
(-0.0537184 -0.0284911 0)
(-0.0223902 -0.015897 0)
(-0.00557559 -0.00821324 0)
(0.003822 0.00289781 0)
(0.00640078 -0.00573007 0)
(-0.00591514 0.0274031 0)
(-0.0503254 0.0517483 0)
(-0.107837 0.067254 0)
(-0.175633 0.0699566 0)
(-0.244404 0.0662914 0)
(-0.315768 0.0616731 0)
(-0.37057 0.0552623 0)
(-0.423817 0.0511407 0)
(-0.447267 0.0490361 0)
(-0.441032 0.0348067 0)
(-0.425998 -0.00275549 0)
(-0.398993 -0.0347679 0)
(-0.351147 -0.0656053 0)
(-0.294534 -0.0831842 0)
(-0.22356 -0.093999 0)
(-0.15619 -0.0870561 0)
(-0.0908659 -0.0756751 0)
(-0.0417519 -0.0469903 0)
(-0.0116527 -0.0258886 0)
(0.00510622 0.00107583 0)
(0.00588915 -0.00762663 0)
(-0.0133714 0.0648627 0)
(-0.0834213 0.109674 0)
(-0.163502 0.138047 0)
(-0.255603 0.146136 0)
(-0.345793 0.138216 0)
(-0.431989 0.127052 0)
(-0.503786 0.10999 0)
(-0.561195 0.0892409 0)
(-0.592912 0.0690902 0)
(-0.596856 0.0287846 0)
(-0.577063 -0.0263291 0)
(-0.540057 -0.0782231 0)
(-0.476474 -0.126882 0)
(-0.400982 -0.157224 0)
(-0.306815 -0.175319 0)
(-0.216569 -0.164535 0)
(-0.127397 -0.144468 0)
(-0.0602203 -0.0943095 0)
(-0.0163273 -0.0563984 0)
(0.00697787 -0.00329092 0)
(6.15031e-165 0.00147229 0)
(-0.0194435 0.116302 0)
(-0.117449 0.201148 0)
(-0.214972 0.238187 0)
(-0.329077 0.251324 0)
(-0.437143 0.241116 0)
(-0.542132 0.218632 0)
(-0.627982 0.1836 0)
(-0.697654 0.139745 0)
(-0.736415 0.0853237 0)
(-0.745932 0.0193737 0)
(-0.726857 -0.0593222 0)
(-0.683873 -0.134618 0)
(-0.608175 -0.204957 0)
(-0.515501 -0.251777 0)
(-0.396858 -0.279147 0)
(-0.282216 -0.265038 0)
(-0.164047 -0.233001 0)
(-0.0774741 -0.156435 0)
(-0.0156971 -0.0938638 0)
(0.0134534 -0.0074336 0)
(-5.03712e-266 0.00501538 0)
(-0.0756743 0.186599 0)
(-0.161676 0.30349 0)
(-0.276789 0.351374 0)
(-0.399059 0.368261 0)
(-0.522225 0.352299 0)
(-0.638493 0.318472 0)
(-0.738609 0.265762 0)
(-0.819503 0.198413 0)
(-0.871595 0.116651 0)
(-0.894596 0.0194749 0)
(-0.882031 -0.0893218 0)
(-0.839872 -0.196659 0)
(-0.755589 -0.29668 0)
(-0.647539 -0.368045 0)
(-0.502895 -0.410778 0)
(-0.360083 -0.3963 0)
(-0.20749 -0.352079 0)
(-0.0969282 -0.240835 0)
(-0.0133009 -0.150384 0)
(0.0159677 -0.00444594 0)
(-0.0200615 0.0802431 0)
(-0.104293 0.274685 0)
(-0.202747 0.402703 0)
(-0.328066 0.473964 0)
(-0.464862 0.49615 0)
(-0.602052 0.479338 0)
(-0.734158 0.434424 0)
(-0.850111 0.363871 0)
(-0.947869 0.272616 0)
(-1.01664 0.160225 0)
(-1.05598 0.0302962 0)
(-1.05553 -0.114304 0)
(-1.01959 -0.260096 0)
(-0.931255 -0.39804 0)
(-0.810391 -0.502997 0)
(-0.637288 -0.568117 0)
(-0.463039 -0.558204 0)
(-0.263919 -0.498239 0)
(-0.127792 -0.347578 0)
(-0.000918851 -0.208435 0)
(5.64609e-266 -0.00399192 0)
(-0.0144946 0.131668 0)
(-0.0982803 0.370371 0)
(-0.220878 0.527917 0)
(-0.363604 0.614313 0)
(-0.517431 0.642634 0)
(-0.671128 0.622004 0)
(-0.819415 0.566955 0)
(-0.954007 0.47946 0)
(-1.07143 0.365381 0)
(-1.16244 0.224276 0)
(-1.22449 0.0587342 0)
(-1.24358 -0.126704 0)
(-1.22179 -0.320474 0)
(-1.13635 -0.507857 0)
(-1.00693 -0.661285 0)
(-0.806359 -0.761736 0)
(-0.595212 -0.767976 0)
(-0.34358 -0.693002 0)
(-0.167294 -0.499435 0)
(-0.00222386 -0.287128 0)
(2.2065e-24 -1.32922e-24 0)
(-0.0127076 0.18987 0)
(-0.101874 0.479357 0)
(-0.240652 0.666685 0)
(-0.398163 0.768908 0)
(-0.568504 0.802644 0)
(-0.738021 0.779992 0)
(-0.903637 0.716649 0)
(-1.05789 0.614964 0)
(-1.19768 0.480936 0)
(-1.31437 0.312752 0)
(-1.40369 0.112011 0)
(-1.4494 -0.117473 0)
(-1.44987 -0.366004 0)
(-1.37635 -0.613994 0)
(-1.246 -0.830864 0)
(-1.02141 -0.982424 0)
(-0.772012 -1.0174 0)
(-0.456731 -0.930576 0)
(-0.228492 -0.681968 0)
(-0.00409978 -0.382447 0)
(9.09323e-77 -5.51624e-25 0)
(-0.0112232 0.246975 0)
(-0.102334 0.599985 0)
(-0.25336 0.825107 0)
(-0.422948 0.94288 0)
(-0.607051 0.983134 0)
(-0.790582 0.957286 0)
(-0.971344 0.887254 0)
(-1.14439 0.773242 0)
(-1.30604 0.622114 0)
(-1.44997 0.429652 0)
(-1.56969 0.194015 0)
(-1.64806 -0.0816826 0)
(-1.67922 -0.393061 0)
(-1.62868 -0.714201 0)
(-1.50846 -1.01552 0)
(-1.26938 -1.24101 0)
(-0.983868 -1.33111 0)
(-0.599093 -1.24561 0)
(-0.304749 -0.946896 0)
(-0.00554661 -0.529291 0)
(2.5452e-164 -2.27331e-77 0)
(-0.0118477 0.300295 0)
(-0.108442 0.719829 0)
(-0.271355 0.98524 0)
(-0.451399 1.12054 0)
(-0.645775 1.16882 0)
(-0.839258 1.14249 0)
(-1.02999 1.06955 0)
(-1.21682 0.94835 0)
(-1.39505 0.786193 0)
(-1.56267 0.575608 0)
(-1.71051 0.310586 0)
(-1.8239 -0.0084014 0)
(-1.89159 -0.383683 0)
(-1.87657 -0.785679 0)
(-1.7822 -1.18715 0)
(-1.54718 -1.51031 0)
(-1.23987 -1.68296 0)
(-0.791823 -1.61669 0)
(-0.424321 -1.26476 0)
(-0.0690655 -0.698603 0)
(1.62279e-265 0.0120863 0)
(-0.0132966 0.368301 0)
(-0.113153 0.861674 0)
(-0.28392 1.16969 0)
(-0.46909 1.31811 0)
(-0.666776 1.37228 0)
(-0.86259 1.34157 0)
(-1.05415 1.26553 0)
(-1.24514 1.13787 0)
(-1.42936 0.96808 0)
(-1.61071 0.744293 0)
(-1.77801 0.455062 0)
(-1.92176 0.0981734 0)
(-2.02694 -0.340299 0)
(-2.05701 -0.826022 0)
(-2.00614 -1.34439 0)
(-1.8006 -1.78966 0)
(-1.49373 -2.08573 0)
(-0.992543 -2.07423 0)
(-0.530769 -1.66434 0)
(-0.0692848 -0.971708 0)
(0.0483451 -0.0651674 0)
(-0.0176628 0.422455 0)
(-0.126328 0.987542 0)
(-0.309057 1.33833 0)
(-0.497932 1.50014 0)
(-0.691212 1.56054 0)
(-0.879202 1.52729 0)
(-1.05639 1.45109 0)
(-1.2356 1.32191 0)
(-1.40648 1.15132 0)
(-1.58346 0.92349 0)
(-1.75133 0.621983 0)
(-1.91286 0.24059 0)
(-2.04715 -0.246409 0)
(-2.12876 -0.806132 0)
(-2.13784 -1.43907 0)
(-1.99559 -2.02474 0)
(-1.73269 -2.48516 0)
(-1.19728 -2.58781 0)
(-0.675992 -2.1814 0)
(0.0356821 -1.28394 0)
(2.24206e-231 -0.0120863 0)
(-0.0234086 0.515181 0)
(-0.13877 1.15614 0)
(-0.327429 1.54512 0)
(-0.511135 1.70135 0)
(-0.687691 1.75662 0)
(-0.853415 1.70699 0)
(-0.998813 1.6237 0)
(-1.14628 1.48778 0)
(-1.28097 1.31636 0)
(-1.42846 1.08871 0)
(-1.57104 0.783851 0)
(-1.72585 0.393433 0)
(-1.87117 -0.125215 0)
(-1.99745 -0.736387 0)
(-2.07924 -1.47766 0)
(-2.0402 -2.19959 0)
(-1.88419 -2.88415 0)
(-1.41465 -3.1486 0)
(-0.876294 -2.89238 0)
(-0.00382448 -1.68253 0)
(5.55141e-202 4.455e-184 0)
(-0.0403959 0.577483 0)
(-0.178929 1.28546 0)
(-0.382454 1.70671 0)
(-0.558551 1.8548 0)
(-0.70012 1.90105 0)
(-0.824147 1.83482 0)
(-0.909165 1.74348 0)
(-0.997882 1.60255 0)
(-1.06413 1.43364 0)
(-1.15202 1.21384 0)
(-1.23499 0.920142 0)
(-1.35474 0.542628 0)
(-1.47954 0.0277107 0)
(-1.63962 -0.59467 0)
(-1.78445 -1.38921 0)
(-1.89332 -2.21723 0)
(-1.89031 -3.09596 0)
(-1.60826 -3.60494 0)
(-1.12526 -3.57026 0)
(-0.0103025 -2.18905 0)
(1.782e-183 7.63256e-185 0)
(-0.0596321 0.742299 0)
(-0.218971 1.50249 0)
(-0.422614 1.93399 0)
(-0.573385 2.02029 0)
(-0.659144 2.02918 0)
(-0.719181 1.91659 0)
(-0.721119 1.80149 0)
(-0.726213 1.64329 0)
(-0.698461 1.47198 0)
(-0.697546 1.26051 0)
(-0.690292 0.985993 0)
(-0.73791 0.639727 0)
(-0.806212 0.157373 0)
(-0.956907 -0.428603 0)
(-1.14263 -1.2276 0)
(-1.38596 -2.09064 0)
(-1.60518 -3.17496 0)
(-1.63459 -3.92128 0)
(-1.4507 -4.50905 0)
(-0.455838 -2.85399 0)
(4.33078e-254 -4.455e-184 0)
(-0.125076 0.841822 0)
(-0.35165 1.63523 0)
(-0.549007 2.05568 0)
(-0.654824 2.08148 0)
(-0.627963 2.0459 0)
(-0.582349 1.89175 0)
(-0.450775 1.75132 0)
(-0.336608 1.57876 0)
(-0.179604 1.4063 0)
(-0.0647063 1.20777 0)
(0.0598163 0.962275 0)
(0.103611 0.664013 0)
(0.124645 0.24989 0)
(-0.000569924 -0.249225 0)
(-0.173506 -0.952344 0)
(-0.579781 -1.74358 0)
(-0.969746 -2.82158 0)
(-1.62293 -3.75883 0)
(-1.73057 -4.66216 0)
(-2.05252 -3.71575 0)
(-2.51493e-264 -0.211744 0)
(-0.179658 1.24013 0)
(-0.438622 1.93065 0)
(-0.562399 2.2593 0)
(-0.561504 2.09952 0)
(-0.376461 1.97055 0)
(-0.183886 1.73918 0)
(0.104691 1.56242 0)
(0.35878 1.37233 0)
(0.653873 1.20215 0)
(0.891607 1.02275 0)
(1.13592 0.816828 0)
(1.28403 0.5795 0)
(1.40539 0.257828 0)
(1.35699 -0.121175 0)
(1.24183 -0.659 0)
(0.840471 -1.2776 0)
(0.352027 -2.16158 0)
(-0.516715 -3.11643 0)
(-1.18134 -4.16694 0)
(-1.85878 -4.44184 0)
(-0.846977 -2.28843 0)
(-0.399297 1.42554 0)
(-0.729747 1.98923 0)
(-0.542904 2.17267 0)
(-0.292338 1.87885 0)
(0.224133 1.66949 0)
(0.643629 1.40307 0)
(1.15165 1.21091 0)
(1.56391 1.0278 0)
(1.99944 0.875407 0)
(2.34313 0.728542 0)
(2.68312 0.57184 0)
(2.90287 0.402825 0)
(3.09832 0.179969 0)
(3.09566 -0.0701311 0)
(3.04886 -0.431961 0)
(2.65905 -0.831005 0)
(2.22211 -1.46352 0)
(1.23894 -2.19404 0)
(0.373685 -3.32219 0)
(-0.742026 -3.97357 0)
(-0.696412 -2.95745 0)
(-0.254403 2.43099 0)
(-0.0939982 2.06892 0)
(0.691891 1.87263 0)
(1.32713 1.32512 0)
(2.12084 1.05549 0)
(2.71863 0.805578 0)
(3.33872 0.648903 0)
(3.81768 0.520877 0)
(4.28672 0.423634 0)
(4.64479 0.33877 0)
(4.98504 0.255203 0)
(5.20255 0.169213 0)
(5.39502 0.0612798 0)
(5.40297 -0.0591512 0)
(5.37965 -0.232143 0)
(5.04578 -0.428835 0)
(4.68478 -0.771464 0)
(3.77751 -1.23477 0)
(2.83218 -2.25176 0)
(1.07675 -3.32606 0)
(-0.0435421 -3.80091 0)
(1.66935 1.67163 0)
(2.71253 0.977183 0)
(4.55843 0.749985 0)
(5.39644 0.423531 0)
(6.25611 0.284298 0)
(6.7532 0.174688 0)
(7.21632 0.117498 0)
(7.52276 0.0775305 0)
(7.80545 0.0522428 0)
(7.99714 0.0333276 0)
(8.17424 0.0169172 0)
(8.26605 0.00142846 0)
(8.3475 -0.0183603 0)
(8.30472 -0.0387743 0)
(8.26054 -0.0746819 0)
(7.99064 -0.109247 0)
(7.74694 -0.20066 0)
(6.99999 -0.295252 0)
(6.26694 -0.628803 0)
(4.04854 -1.00098 0)
(2.00943 -1.82259 0)
)
;

boundaryField
{
    movingWall
    {
        type            fixedValue;
        value           uniform (10 0 0);
    }
    fixedWalls
    {
        type            noSlip;
    }
    frontAndBack
    {
        type            empty;
    }
}


// ************************************************************************* //
