/*--------------------------------*- C++ -*----------------------------------*\
| =========                 |                                                 |
| \\      /  F ield         | OpenFOAM: The Open Source CFD Toolbox           |
|  \\    /   O peration     | Version:  4.1                                   |
|   \\  /    A nd           | Web:      www.OpenFOAM.org                      |
|    \\/     M anipulation  |                                                 |
\*---------------------------------------------------------------------------*/
FoamFile
{
    version     2.0;
    format      ascii;
    class       volVectorField;
    location    "0.027";
    object      U;
}
// * * * * * * * * * * * * * * * * * * * * * * * * * * * * * * * * * * * * * //

dimensions      [0 1 -1 0 0 0 0];

internalField   nonuniform List<vector> 
441
(
(0.00328676 -0.00466083 0)
(0.00801466 -0.00277731 0)
(-0.000694432 -2.28393e-165 0)
(0.00156074 -2.42648e-266 0)
(-0.00983309 -0.00624352 0)
(-0.00156074 -2.54466e-232 0)
(-1.08694e-202 -3.83634e-203 0)
(-9.58894e-204 -4.73549e-228 0)
(-1.34217e-212 -1.9572e-213 0)
(-0.00473134 7.21059e-266 0)
(-0.0559254 0.018927 0)
(-0.0713461 0.0102892 0)
(-0.0821447 0.00507684 0)
(-0.075541 0.00107589 0)
(-0.0665974 -0.000514337 0)
(-0.0500704 -0.00179613 0)
(-0.0347315 -0.00160145 0)
(-0.0185189 -0.00170706 0)
(-0.00617893 -0.000251599 0)
(-0.000154666 0.000371874 0)
(0.00334191 0.00213679 0)
(0.0029224 -0.00642457 0)
(-0.00368667 0.00676986 0)
(-0.0287744 0.00759547 0)
(-0.0565279 0.0111558 0)
(-0.0953874 0.00864255 0)
(-0.128526 -0.00528468 0)
(-0.157631 -0.000687257 0)
(-0.183747 0.00103186 0)
(-0.205676 0.00961169 0)
(-0.228157 0.0494602 0)
(-0.243662 0.0460739 0)
(-0.239197 0.0162033 0)
(-0.231518 -0.00126831 0)
(-0.206082 -0.0171704 0)
(-0.176579 -0.0249811 0)
(-0.136205 -0.0310417 0)
(-0.0974395 -0.0297503 0)
(-0.0582242 -0.0279155 0)
(-0.0272332 -0.0177313 0)
(-0.00805815 -0.0106229 0)
(0.00316598 0.00124563 0)
(0.00605458 -0.00451286 0)
(-0.00679725 0.028523 0)
(-0.0509214 0.0514074 0)
(-0.105802 0.0646502 0)
(-0.168312 0.0647761 0)
(-0.230528 0.0588508 0)
(-0.293135 0.0531961 0)
(-0.338843 0.0464191 0)
(-0.382898 0.042627 0)
(-0.400224 0.0416785 0)
(-0.391956 0.0307424 0)
(-0.377785 -0.000853756 0)
(-0.354896 -0.0274764 0)
(-0.315143 -0.0536936 0)
(-0.268553 -0.0695851 0)
(-0.208851 -0.0811328 0)
(-0.150943 -0.0785652 0)
(-0.0920791 -0.0722905 0)
(-0.0454915 -0.0494143 0)
(-0.0140028 -0.0303492 0)
(0.00426582 -0.00222853 0)
(0.00597558 -0.00584237 0)
(-0.0123625 0.0652954 0)
(-0.0796409 0.10674 0)
(-0.154202 0.130489 0)
(-0.237753 0.133656 0)
(-0.317418 0.121887 0)
(-0.391301 0.108774 0)
(-0.450599 0.0914282 0)
(-0.496353 0.0726192 0)
(-0.519449 0.0562758 0)
(-0.518892 0.0233603 0)
(-0.499416 -0.0217965 0)
(-0.467298 -0.0640391 0)
(-0.41419 -0.104434 0)
(-0.352392 -0.131092 0)
(-0.274435 -0.149848 0)
(-0.198824 -0.146031 0)
(-0.1211 -0.134769 0)
(-0.0601547 -0.0950995 0)
(-0.017112 -0.0616388 0)
(0.00622164 -0.00815896 0)
(6.02788e-165 0.0014939 0)
(-0.0173336 0.113745 0)
(-0.109116 0.192519 0)
(-0.197595 0.221597 0)
(-0.299079 0.227137 0)
(-0.39252 0.210964 0)
(-0.480902 0.18546 0)
(-0.550258 0.15073 0)
(-0.604416 0.111031 0)
(-0.631245 0.0648379 0)
(-0.633379 0.0110887 0)
(-0.612879 -0.0521901 0)
(-0.574617 -0.112033 0)
(-0.511272 -0.16878 0)
(-0.43614 -0.20835 0)
(-0.339741 -0.235273 0)
(-0.246511 -0.230558 0)
(-0.146937 -0.211767 0)
(-0.0718992 -0.151873 0)
(-0.0145291 -0.0973864 0)
(0.0125205 -0.0122197 0)
(-5.01272e-266 0.00484923 0)
(-0.071414 0.178603 0)
(-0.148097 0.28536 0)
(-0.250506 0.322115 0)
(-0.356258 0.328557 0)
(-0.460598 0.304741 0)
(-0.556076 0.267049 0)
(-0.635338 0.215205 0)
(-0.696291 0.154244 0)
(-0.731819 0.0845735 0)
(-0.742818 0.00516885 0)
(-0.725474 -0.0814097 0)
(-0.686274 -0.16547 0)
(-0.615321 -0.244166 0)
(-0.528478 -0.302186 0)
(-0.413077 -0.341372 0)
(-0.300144 -0.337882 0)
(-0.17562 -0.311961 0)
(-0.0836253 -0.225871 0)
(-0.00850863 -0.148933 0)
(0.0158146 -0.0092713 0)
(-0.0193969 0.0761372 0)
(-0.0972794 0.258554 0)
(-0.184084 0.37214 0)
(-0.293597 0.428231 0)
(-0.41036 0.436729 0)
(-0.524771 0.409694 0)
(-0.631644 0.359712 0)
(-0.721801 0.290322 0)
(-0.794027 0.207434 0)
(-0.840249 0.111233 0)
(-0.861466 0.0051764 0)
(-0.851023 -0.108919 0)
(-0.814519 -0.22132 0)
(-0.739122 -0.327142 0)
(-0.642516 -0.409208 0)
(-0.506343 -0.464769 0)
(-0.372144 -0.465901 0)
(-0.213935 -0.429987 0)
(-0.106067 -0.316169 0)
(0.0038062 -0.198317 0)
(5.39176e-266 -0.00395365 0)
(-0.0137951 0.123804 0)
(-0.0899147 0.344343 0)
(-0.198588 0.482392 0)
(-0.323022 0.549257 0)
(-0.453895 0.560204 0)
(-0.581362 0.526523 0)
(-0.700259 0.464564 0)
(-0.803952 0.377672 0)
(-0.889692 0.273133 0)
(-0.951069 0.151614 0)
(-0.987364 0.0162433 0)
(-0.989435 -0.129247 0)
(-0.961527 -0.277034 0)
(-0.88678 -0.417884 0)
(-0.783229 -0.534321 0)
(-0.626917 -0.614808 0)
(-0.466744 -0.628686 0)
(-0.271736 -0.583026 0)
(-0.13588 -0.439513 0)
(-0.00117297 -0.263374 0)
(1.88303e-24 -1.6342e-24 0)
(-0.0118542 0.17689 0)
(-0.0926376 0.441659 0)
(-0.216459 0.60405 0)
(-0.354356 0.682043 0)
(-0.500022 0.694199 0)
(-0.6409 0.654896 0)
(-0.773774 0.581803 0)
(-0.892568 0.479009 0)
(-0.994721 0.354531 0)
(-1.0746 0.208519 0)
(-1.13007 0.0440788 0)
(-1.15074 -0.135106 0)
(-1.13803 -0.322803 0)
(-1.07083 -0.506254 0)
(-0.96546 -0.667076 0)
(-0.789934 -0.783181 0)
(-0.600755 -0.81767 0)
(-0.357392 -0.764319 0)
(-0.183348 -0.580555 0)
(-0.00335907 -0.3398 0)
(7.71393e-77 -4.70759e-25 0)
(-0.0104133 0.229127 0)
(-0.0934645 0.550607 0)
(-0.229933 0.74513 0)
(-0.380206 0.833641 0)
(-0.539626 0.84755 0)
(-0.693888 0.800602 0)
(-0.840386 0.716831 0)
(-0.975238 0.598574 0)
(-1.09515 0.455547 0)
(-1.19679 0.28653 0)
(-1.27602 0.092624 0)
(-1.32213 -0.122295 0)
(-1.33292 -0.356657 0)
(-1.28268 -0.592604 0)
(-1.18341 -0.814689 0)
(-0.993476 -0.983914 0)
(-0.772705 -1.05977 0)
(-0.471563 -1.00805 0)
(-0.244318 -0.789073 0)
(-0.00492776 -0.458572 0)
(2.14348e-164 -1.92848e-77 0)
(-0.0111822 0.277792 0)
(-0.101187 0.659537 0)
(-0.251774 0.888875 0)
(-0.414905 0.989807 0)
(-0.587041 1.00661 0)
(-0.753376 0.954066 0)
(-0.911479 0.862467 0)
(-1.06096 0.732726 0)
(-1.19737 0.575951 0)
(-1.32151 0.388857 0)
(-1.42647 0.169959 0)
(-1.50392 -0.0784881 0)
(-1.54608 -0.36076 0)
(-1.52488 -0.656432 0)
(-1.44372 -0.953563 0)
(-1.25078 -1.19631 0)
(-1.0032 -1.33499 0)
(-0.640644 -1.29804 0)
(-0.347258 -1.03744 0)
(-0.0604491 -0.59353 0)
(1.33148e-265 0.0103576 0)
(-0.0129836 0.342647 0)
(-0.109136 0.79341 0)
(-0.27197 1.0606 0)
(-0.445225 1.16986 0)
(-0.626246 1.18749 0)
(-0.800784 1.12532 0)
(-0.965866 1.02535 0)
(-1.12573 0.884311 0)
(-1.27427 0.716422 0)
(-1.41777 0.515089 0)
(-1.54681 0.27491 0)
(-1.65712 -0.00374962 0)
(-1.73618 -0.335891 0)
(-1.75473 -0.69724 0)
(-1.70665 -1.08881 0)
(-1.52774 -1.42993 0)
(-1.26416 -1.66949 0)
(-0.83578 -1.6749 0)
(-0.447031 -1.36496 0)
(-0.0596303 -0.821262 0)
(0.0414304 -0.0581173 0)
(-0.0178699 0.395689 0)
(-0.12705 0.91563 0)
(-0.308373 1.22218 0)
(-0.493068 1.3409 0)
(-0.678764 1.36048 0)
(-0.855716 1.29124 0)
(-1.01797 1.18654 0)
(-1.17873 1.03966 0)
(-1.32758 0.867684 0)
(-1.48052 0.660807 0)
(-1.6232 0.409658 0)
(-1.76154 0.110975 0)
(-1.87514 -0.261537 0)
(-1.94297 -0.685731 0)
(-1.94307 -1.17687 0)
(-1.80572 -1.64051 0)
(-1.55618 -2.02159 0)
(-1.0657 -2.12165 0)
(-0.595137 -1.80673 0)
(0.0329577 -1.08698 0)
(1.97836e-231 -0.0103576 0)
(-0.024333 0.490479 0)
(-0.145585 1.08704 0)
(-0.341193 1.43049 0)
(-0.530908 1.5414 0)
(-0.712163 1.55325 0)
(-0.881116 1.46483 0)
(-1.02802 1.35019 0)
(-1.17544 1.19378 0)
(-1.30818 1.01863 0)
(-1.45233 0.810258 0)
(-1.58971 0.555119 0)
(-1.73797 0.247406 0)
(-1.87357 -0.155914 0)
(-1.98736 -0.630824 0)
(-2.05003 -1.22741 0)
(-1.9906 -1.82175 0)
(-1.81106 -2.41114 0)
(-1.33928 -2.65181 0)
(-0.813015 -2.46005 0)
(-0.00392244 -1.44723 0)
(5.03576e-202 4.15576e-184 0)
(-0.0420364 0.558352 0)
(-0.191967 1.22637 0)
(-0.411349 1.60339 0)
(-0.604758 1.70617 0)
(-0.765058 1.70875 0)
(-0.908807 1.60336 0)
(-1.01444 1.48018 0)
(-1.12431 1.3181 0)
(-1.2116 1.14445 0)
(-1.3195 0.942273 0)
(-1.41979 0.695575 0)
(-1.55185 0.396153 0)
(-1.68056 -0.0105496 0)
(-1.83263 -0.506754 0)
(-1.9527 -1.1681 0)
(-2.02032 -1.87785 0)
(-1.9592 -2.66061 0)
(-1.62372 -3.12871 0)
(-1.09934 -3.12205 0)
(-0.00819657 -1.92569 0)
(1.66231e-183 2.52171e-184 0)
(-0.0618014 0.732103 0)
(-0.236758 1.46064 0)
(-0.463689 1.85237 0)
(-0.641834 1.89628 0)
(-0.759204 1.86406 0)
(-0.854212 1.71458 0)
(-0.894304 1.56948 0)
(-0.939711 1.3912 0)
(-0.953374 1.21493 0)
(-0.992662 1.01886 0)
(-1.02168 0.786226 0)
(-1.09733 0.509027 0)
(-1.18111 0.121466 0)
(-1.3294 -0.357011 0)
(-1.49009 -1.04483 0)
(-1.68163 -1.81338 0)
(-1.82189 -2.81571 0)
(-1.75501 -3.52009 0)
(-1.47997 -4.09646 0)
(-0.438141 -2.58969 0)
(4.12261e-254 -4.15576e-184 0)
(-0.127099 0.842342 0)
(-0.369715 1.61491 0)
(-0.593257 2.00266 0)
(-0.731675 1.99159 0)
(-0.744254 1.91983 0)
(-0.743237 1.73315 0)
(-0.661322 1.56616 0)
(-0.600008 1.37571 0)
(-0.497813 1.1983 0)
(-0.436047 1.01213 0)
(-0.359656 0.80123 0)
(-0.352853 0.560038 0)
(-0.353768 0.223426 0)
(-0.479099 -0.190056 0)
(-0.629704 -0.809513 0)
(-0.982496 -1.53588 0)
(-1.29407 -2.5637 0)
(-1.82762 -3.47103 0)
(-1.82235 -4.35945 0)
(-2.00873 -3.47887 0)
(-2.41212e-264 -0.205411 0)
(-0.180453 1.24967 0)
(-0.450131 1.93089 0)
(-0.595635 2.23621 0)
(-0.624635 2.04749 0)
(-0.478315 1.88939 0)
(-0.331112 1.6315 0)
(-0.0945576 1.43296 0)
(0.103241 1.22798 0)
(0.339178 1.053 0)
(0.519212 0.88216 0)
(0.71131 0.701709 0)
(0.819507 0.50694 0)
(0.917919 0.242948 0)
(0.869303 -0.0729678 0)
(0.776318 -0.552776 0)
(0.421983 -1.13264 0)
(0.000200384 -1.99917 0)
(-0.772113 -2.94866 0)
(-1.32678 -4.00017 0)
(-1.87704 -4.27972 0)
(-0.821643 -2.23401 0)
(-0.398125 1.43815 0)
(-0.729162 2.00125 0)
(-0.55228 2.17115 0)
(-0.320705 1.8577 0)
(0.166612 1.6277 0)
(0.548747 1.34222 0)
(1.01113 1.13438 0)
(1.37205 0.940559 0)
(1.75212 0.784419 0)
(2.04081 0.642816 0)
(2.33056 0.502513 0)
(2.51197 0.361046 0)
(2.68596 0.175584 0)
(2.68482 -0.0338125 0)
(2.66135 -0.358999 0)
(2.31647 -0.736546 0)
(1.93504 -1.36696 0)
(1.02042 -2.10983 0)
(0.228117 -3.2523 0)
(-0.802264 -3.90977 0)
(-0.691136 -2.93933 0)
(-0.252283 2.43876 0)
(-0.0845666 2.07969 0)
(0.703933 1.87874 0)
(1.3336 1.32183 0)
(2.11187 1.04161 0)
(2.68527 0.781873 0)
(3.27236 0.617359 0)
(3.71215 0.484285 0)
(4.13781 0.385652 0)
(4.45243 0.303899 0)
(4.75332 0.228651 0)
(4.94157 0.15605 0)
(5.11965 0.0654843 0)
(5.13277 -0.0366507 0)
(5.13377 -0.194645 0)
(4.84099 -0.384117 0)
(4.52755 -0.73135 0)
(3.66765 -1.2067 0)
(2.76204 -2.23922 0)
(1.04538 -3.31506 0)
(-0.0412942 -3.80154 0)
(1.67067 1.67299 0)
(2.72001 0.979334 0)
(4.57206 0.751792 0)
(5.41179 0.423975 0)
(6.26717 0.283102 0)
(6.75407 0.172055 0)
(7.20177 0.113865 0)
(7.48924 0.0734606 0)
(7.751 0.0484239 0)
(7.92246 0.0304847 0)
(8.08253 0.0158489 0)
(8.16393 0.00269203 0)
(8.2437 -0.0143986 0)
(8.21032 -0.0326286 0)
(8.18464 -0.0673249 0)
(7.94059 -0.102735 0)
(7.72164 -0.196961 0)
(6.99422 -0.295648 0)
(6.26917 -0.633407 0)
(4.05179 -1.00726 0)
(2.01543 -1.83087 0)
)
;

boundaryField
{
    movingWall
    {
        type            fixedValue;
        value           uniform (10 0 0);
    }
    fixedWalls
    {
        type            noSlip;
    }
    frontAndBack
    {
        type            empty;
    }
}


// ************************************************************************* //
