/*--------------------------------*- C++ -*----------------------------------*\
| =========                 |                                                 |
| \\      /  F ield         | OpenFOAM: The Open Source CFD Toolbox           |
|  \\    /   O peration     | Version:  4.1                                   |
|   \\  /    A nd           | Web:      www.OpenFOAM.org                      |
|    \\/     M anipulation  |                                                 |
\*---------------------------------------------------------------------------*/
FoamFile
{
    version     2.0;
    format      ascii;
    class       volVectorField;
    location    "0.082";
    object      U;
}
// * * * * * * * * * * * * * * * * * * * * * * * * * * * * * * * * * * * * * //

dimensions      [0 1 -1 0 0 0 0];

internalField   nonuniform List<vector> 
441
(
(0.00369028 -0.00479563 0)
(0.0096329 -0.00253953 0)
(-0.000634883 -2.20367e-165 0)
(0.00194075 -3.28144e-266 0)
(-0.00838136 -0.00776342 0)
(-0.00194075 -3.02658e-232 0)
(-1.13469e-202 -5.52741e-203 0)
(-1.38176e-203 -7.24904e-228 0)
(-1.70373e-212 -3.16184e-213 0)
(-0.00608299 9.02797e-266 0)
(-0.0745228 0.0243332 0)
(-0.0936955 0.0127411 0)
(-0.105634 0.00584545 0)
(-0.0930696 0.000412674 0)
(-0.0767357 -0.00162086 0)
(-0.0512877 -0.00298828 0)
(-0.0293224 -0.00214935 0)
(-0.00966981 -0.00161395 0)
(0.00234355 0.000699157 0)
(0.00427462 0.00145845 0)
(0.00451789 0.00295785 0)
(0.00377994 -0.0083414 0)
(-0.00102415 0.00679569 0)
(-0.0273604 0.00841523 0)
(-0.0589945 0.0106904 0)
(-0.106179 0.0107709 0)
(-0.15072 -0.00329626 0)
(-0.192665 -0.000165992 0)
(-0.233021 0.00164106 0)
(-0.268866 0.0131022 0)
(-0.305012 0.0663438 0)
(-0.329642 0.0611159 0)
(-0.324048 0.0187904 0)
(-0.309403 -0.0070675 0)
(-0.267634 -0.0300927 0)
(-0.218489 -0.0403418 0)
(-0.156395 -0.0457399 0)
(-0.100161 -0.0392915 0)
(-0.0499788 -0.0313299 0)
(-0.0159729 -0.0141246 0)
(-0.00142584 -0.00435893 0)
(0.00487968 0.00606024 0)
(0.00751456 -0.00806004 0)
(-0.00521458 0.0282134 0)
(-0.0539387 0.0565804 0)
(-0.119997 0.0762822 0)
(-0.20073 0.0827923 0)
(-0.284302 0.0823596 0)
(-0.374139 0.0794268 0)
(-0.447273 0.0737224 0)
(-0.519124 0.0692315 0)
(-0.554373 0.0653405 0)
(-0.550497 0.0443019 0)
(-0.53266 -0.00624889 0)
(-0.496194 -0.049882 0)
(-0.431673 -0.0903007 0)
(-0.354625 -0.111886 0)
(-0.261227 -0.121604 0)
(-0.174477 -0.107374 0)
(-0.0949098 -0.0863248 0)
(-0.0387463 -0.0467467 0)
(-0.00839164 -0.0198414 0)
(0.00630566 0.00680412 0)
(0.00631721 -0.0109659 0)
(-0.0160996 0.0700097 0)
(-0.0963347 0.123165 0)
(-0.191015 0.159911 0)
(-0.302602 0.175441 0)
(-0.414975 0.172876 0)
(-0.525732 0.164532 0)
(-0.621696 0.14754 0)
(-0.700703 0.122671 0)
(-0.747366 0.0950023 0)
(-0.75686 0.0391327 0)
(-0.733564 -0.0366552 0)
(-0.684319 -0.108225 0)
(-0.599236 -0.17286 0)
(-0.496953 -0.210632 0)
(-0.372702 -0.227444 0)
(-0.255245 -0.205051 0)
(-0.144294 -0.168756 0)
(-0.0641567 -0.0997579 0)
(-0.0158837 -0.0508053 0)
(0.00795728 0.00436062 0)
(6.87286e-165 0.0015793 0)
(-0.0244025 0.130408 0)
(-0.139935 0.2307 0)
(-0.258286 0.281084 0)
(-0.399091 0.305627 0)
(-0.536043 0.303615 0)
(-0.672399 0.284803 0)
(-0.788045 0.247569 0)
(-0.884138 0.194152 0)
(-0.941095 0.122213 0)
(-0.958465 0.0309105 0)
(-0.936448 -0.0785301 0)
(-0.879501 -0.183442 0)
(-0.778498 -0.278033 0)
(-0.653113 -0.337334 0)
(-0.496395 -0.364232 0)
(-0.345796 -0.334284 0)
(-0.196635 -0.278565 0)
(-0.0898742 -0.173427 0)
(-0.0182498 -0.0928481 0)
(0.0145674 -0.000333069 0)
(-5.57143e-266 0.00575704 0)
(-0.0891156 0.214725 0)
(-0.19554 0.355022 0)
(-0.337656 0.420924 0)
(-0.491812 0.453051 0)
(-0.64984 0.447264 0)
(-0.802545 0.417166 0)
(-0.937432 0.359535 0)
(-1.04881 0.276619 0)
(-1.12313 0.168535 0)
(-1.15777 0.0347876 0)
(-1.14411 -0.116664 0)
(-1.0881 -0.265932 0)
(-0.976071 -0.400912 0)
(-0.830575 -0.492297 0)
(-0.640169 -0.537298 0)
(-0.45236 -0.50376 0)
(-0.258394 -0.427881 0)
(-0.119497 -0.276136 0)
(-0.0204227 -0.158503 0)
(0.0161346 0.0020213 0)
(-0.0230281 0.0939225 0)
(-0.124241 0.322348 0)
(-0.246826 0.479601 0)
(-0.403199 0.575487 0)
(-0.576372 0.616955 0)
(-0.75288 0.61284 0)
(-0.925927 0.571539 0)
(-1.08089 0.492872 0)
(-1.21331 0.379592 0)
(-1.30822 0.230913 0)
(-1.36292 0.052378 0)
(-1.36412 -0.148529 0)
(-1.31581 -0.35048 0)
(-1.19918 -0.536539 0)
(-1.03806 -0.671778 0)
(-0.812943 -0.744392 0)
(-0.585295 -0.713778 0)
(-0.333218 -0.613944 0)
(-0.159462 -0.408113 0)
(-0.0073541 -0.230356 0)
(5.96097e-266 -0.00403365 0)
(-0.016992 0.15549 0)
(-0.118973 0.439688 0)
(-0.269779 0.634518 0)
(-0.446678 0.751242 0)
(-0.639758 0.802934 0)
(-0.835437 0.79709 0)
(-1.02705 0.745462 0)
(-1.20314 0.646777 0)
(-1.3578 0.504371 0)
(-1.47791 0.317561 0)
(-1.55866 0.0911104 0)
(-1.58264 -0.164867 0)
(-1.55154 -0.430353 0)
(-1.43978 -0.680948 0)
(-1.27068 -0.877855 0)
(-1.01526 -0.994308 0)
(-0.745296 -0.981854 0)
(-0.42993 -0.860161 0)
(-0.207089 -0.59735 0)
(-0.00364058 -0.327566 0)
(2.59353e-24 -1.07463e-24 0)
(-0.0150949 0.226228 0)
(-0.122568 0.573246 0)
(-0.290053 0.805646 0)
(-0.481812 0.943562 0)
(-0.691221 1.00434 0)
(-0.902229 0.998466 0)
(-1.11058 0.93828 0)
(-1.30579 0.822425 0)
(-1.48265 0.654073 0)
(-1.62893 0.431099 0)
(-1.73851 0.157693 0)
(-1.79181 -0.156211 0)
(-1.78703 -0.491897 0)
(-1.69212 -0.818763 0)
(-1.52729 -1.09411 0)
(-1.25121 -1.27309 0)
(-0.943533 -1.29545 0)
(-0.559443 -1.15761 0)
(-0.277767 -0.826583 0)
(-0.00496961 -0.445465 0)
(1.05576e-76 -6.48382e-25 0)
(-0.0131119 0.293716 0)
(-0.120089 0.716358 0)
(-0.296871 0.994464 0)
(-0.497187 1.15296 0)
(-0.716341 1.22373 0)
(-0.936909 1.21636 0)
(-1.15558 1.14922 0)
(-1.36477 1.01838 0)
(-1.55911 0.827675 0)
(-1.72937 0.572679 0)
(-1.86791 0.254315 0)
(-1.95499 -0.117545 0)
(-1.98521 -0.529357 0)
(-1.92086 -0.943362 0)
(-1.77643 -1.31791 0)
(-1.49663 -1.58416 0)
(-1.1618 -1.67211 0)
(-0.711133 -1.53645 0)
(-0.361824 -1.14613 0)
(-0.00712631 -0.620858 0)
(2.93583e-164 -2.63941e-77 0)
(-0.013113 0.355952 0)
(-0.120915 0.855235 0)
(-0.302795 1.18039 0)
(-0.505949 1.36072 0)
(-0.726877 1.44231 0)
(-0.948256 1.43562 0)
(-1.16716 1.36499 0)
(-1.38028 1.22443 0)
(-1.58183 1.01824 0)
(-1.76792 0.739033 0)
(-1.92927 0.383916 0)
(-2.04998 -0.0393198 0)
(-2.12026 -0.523979 0)
(-2.10073 -1.02849 0)
(-1.99684 -1.51491 0)
(-1.7397 -1.89161 0)
(-1.40187 -2.07597 0)
(-0.903047 -1.96604 0)
(-0.486676 -1.51878 0)
(-0.0806727 -0.820683 0)
(1.78476e-265 0.0132874 0)
(-0.0136189 0.428633 0)
(-0.117569 1.00821 0)
(-0.296868 1.38097 0)
(-0.493515 1.57772 0)
(-0.704897 1.66717 0)
(-0.914941 1.65658 0)
(-1.12023 1.58187 0)
(-1.32297 1.43259 0)
(-1.51659 1.21548 0)
(-1.70442 0.919403 0)
(-1.87639 0.536475 0)
(-2.02343 0.0724536 0)
(-2.13314 -0.477972 0)
(-2.16808 -1.069 0)
(-2.12429 -1.67771 0)
(-1.92024 -2.18574 0)
(-1.60918 -2.50752 0)
(-1.08187 -2.46617 0)
(-0.585277 -1.9626 0)
(-0.0758895 -1.12745 0)
(0.0531498 -0.0764042 0)
(-0.0168561 0.482753 0)
(-0.12082 1.13553 0)
(-0.29894 1.55343 0)
(-0.484544 1.76543 0)
(-0.675213 1.86192 0)
(-0.860279 1.84838 0)
(-1.03335 1.77207 0)
(-1.20668 1.61928 0)
(-1.3704 1.39947 0)
(-1.53971 1.09836 0)
(-1.70158 0.703713 0)
(-1.86071 0.21792 0)
(-1.99973 -0.376614 0)
(-2.09385 -1.03648 0)
(-2.12559 -1.75726 0)
(-2.00886 -2.40845 0)
(-1.77273 -2.90762 0)
(-1.2429 -2.99891 0)
(-0.714745 -2.51834 0)
(0.0427883 -1.46634 0)
(2.45484e-231 -0.0132874 0)
(-0.0213539 0.569277 0)
(-0.122446 1.29335 0)
(-0.292105 1.74858 0)
(-0.456264 1.95512 0)
(-0.612311 2.04611 0)
(-0.756598 2.01513 0)
(-0.879165 1.93032 0)
(-1.00301 1.76982 0)
(-1.11455 1.54937 0)
(-1.24138 1.25069 0)
(-1.3685 0.857517 0)
(-1.51587 0.370718 0)
(-1.66529 -0.244802 0)
(-1.8093 -0.943473 0)
(-1.92482 -1.76159 0)
(-1.93172 -2.54273 0)
(-1.82999 -3.27185 0)
(-1.40437 -3.54237 0)
(-0.892549 -3.24178 0)
(-0.00303649 -1.87999 0)
(5.81409e-202 4.58121e-184 0)
(-0.0372818 0.619647 0)
(-0.153066 1.40023 0)
(-0.324347 1.88355 0)
(-0.465598 2.08025 0)
(-0.56973 2.16083 0)
(-0.655239 2.11198 0)
(-0.700812 2.01841 0)
(-0.751173 1.85362 0)
(-0.782035 1.63855 0)
(-0.840543 1.35324 0)
(-0.90263 0.979724 0)
(-1.01298 0.517423 0)
(-1.14205 -0.0797949 0)
(-1.32263 -0.772768 0)
(-1.50591 -1.62665 0)
(-1.67126 -2.49981 0)
(-1.73975 -3.41834 0)
(-1.53104 -3.94488 0)
(-1.10906 -3.89607 0)
(-0.0114145 -2.38925 0)
(1.83248e-183 -1.28287e-184 0)
(-0.0559233 0.76781 0)
(-0.187189 1.58475 0)
(-0.34943 2.07069 0)
(-0.454086 2.20197 0)
(-0.489711 2.24305 0)
(-0.498702 2.14706 0)
(-0.449665 2.03068 0)
(-0.407175 1.852 0)
(-0.337588 1.64074 0)
(-0.304185 1.37284 0)
(-0.275858 1.03009 0)
(-0.316151 0.61268 0)
(-0.391296 0.0633246 0)
(-0.564371 -0.576058 0)
(-0.788116 -1.41596 0)
(-1.08816 -2.30525 0)
(-1.38102 -3.41669 0)
(-1.49973 -4.1797 0)
(-1.39851 -4.77824 0)
(-0.465595 -3.03629 0)
(4.39924e-254 -4.58121e-184 0)
(-0.121743 0.849022 0)
(-0.320817 1.68068 0)
(-0.474909 2.14549 0)
(-0.530895 2.21093 0)
(-0.44862 2.20485 0)
(-0.346718 2.06708 0)
(-0.159406 1.92798 0)
(0.00552651 1.74067 0)
(0.20582 1.53728 0)
(0.352437 1.2941 0)
(0.49544 0.994083 0)
(0.542383 0.638983 0)
(0.55261 0.172236 0)
(0.402241 -0.366491 0)
(0.193549 -1.09483 0)
(-0.26403 -1.89584 0)
(-0.71589 -2.98065 0)
(-1.45745 -3.92623 0)
(-1.64752 -4.83947 0)
(-2.07267 -3.86405 0)
(-2.589e-264 -0.215842 0)
(-0.178132 1.23207 0)
(-0.417946 1.94231 0)
(-0.506462 2.30322 0)
(-0.461866 2.1759 0)
(-0.225664 2.0727 0)
(0.0201144 1.85739 0)
(0.362275 1.68501 0)
(0.665386 1.48687 0)
(1.00226 1.29602 0)
(1.27014 1.08513 0)
(1.53099 0.839749 0)
(1.67998 0.560619 0)
(1.78789 0.200181 0)
(1.71281 -0.207482 0)
(1.56267 -0.760606 0)
(1.11801 -1.37954 0)
(0.581991 -2.25487 0)
(-0.349095 -3.20415 0)
(-1.08231 -4.25342 0)
(-1.84193 -4.53362 0)
(-0.863366 -2.316 0)
(-0.400516 1.41091 0)
(-0.726314 1.98035 0)
(-0.521028 2.18365 0)
(-0.241853 1.91313 0)
(0.313019 1.72377 0)
(0.775725 1.47108 0)
(1.32994 1.28464 0)
(1.78632 1.09861 0)
(2.26087 0.934514 0)
(2.63376 0.76839 0)
(2.99062 0.586741 0)
(3.21222 0.390866 0)
(3.39534 0.142897 0)
(3.36699 -0.125665 0)
(3.28671 -0.496537 0)
(2.85788 -0.893352 0)
(2.38396 -1.51458 0)
(1.36096 -2.23257 0)
(0.456327 -3.35218 0)
(-0.70761 -4.00496 0)
(-0.701104 -2.96392 0)
(-0.257221 2.42084 0)
(-0.104151 2.05747 0)
(0.682588 1.86914 0)
(1.32904 1.33365 0)
(2.14477 1.07514 0)
(2.77191 0.833299 0)
(3.42647 0.680381 0)
(3.94036 0.551587 0)
(4.44152 0.44905 0)
(4.82435 0.355122 0)
(5.17931 0.259822 0)
(5.39882 0.161334 0)
(5.58093 0.0421613 0)
(5.56698 -0.0860158 0)
(5.51493 -0.26152 0)
(5.14895 -0.455326 0)
(4.75953 -0.789545 0)
(3.82835 -1.24434 0)
(2.86539 -2.25341 0)
(1.09187 -3.33015 0)
(-0.0461886 -3.79895 0)
(1.66724 1.66956 0)
(2.70284 0.974601 0)
(4.5429 0.748314 0)
(5.38146 0.423744 0)
(6.24882 0.286344 0)
(6.75917 0.177999 0)
(7.23924 0.121247 0)
(7.56329 0.0809194 0)
(7.86193 0.0545056 0)
(8.06508 0.0339549 0)
(8.24768 0.0156192 0)
(8.33752 -0.00163235 0)
(8.41043 -0.0227325 0)
(8.35313 -0.0435347 0)
(8.29238 -0.0788555 0)
(8.00561 -0.111807 0)
(7.75002 -0.200935 0)
(6.9961 -0.293424 0)
(6.26257 -0.625259 0)
(4.04593 -0.997422 0)
(2.00535 -1.81804 0)
)
;

boundaryField
{
    movingWall
    {
        type            fixedValue;
        value           uniform (10 0 0);
    }
    fixedWalls
    {
        type            noSlip;
    }
    frontAndBack
    {
        type            empty;
    }
}


// ************************************************************************* //
