/*--------------------------------*- C++ -*----------------------------------*\
| =========                 |                                                 |
| \\      /  F ield         | OpenFOAM: The Open Source CFD Toolbox           |
|  \\    /   O peration     | Version:  4.1                                   |
|   \\  /    A nd           | Web:      www.OpenFOAM.org                      |
|    \\/     M anipulation  |                                                 |
\*---------------------------------------------------------------------------*/
FoamFile
{
    version     2.0;
    format      ascii;
    class       volVectorField;
    location    "0.102";
    object      U;
}
// * * * * * * * * * * * * * * * * * * * * * * * * * * * * * * * * * * * * * //

dimensions      [0 1 -1 0 0 0 0];

internalField   nonuniform List<vector> 
441
(
(0.00383865 -0.00490719 0)
(0.0100715 -0.00254099 0)
(-0.000635246 -2.22306e-165 0)
(0.00202109 -3.44466e-266 0)
(-0.00837397 -0.00808461 0)
(-0.00202109 -3.13375e-232 0)
(-1.1606e-202 -5.80128e-203 0)
(-1.45027e-203 -7.61864e-228 0)
(-1.76795e-212 -3.3269e-213 0)
(-0.00631317 9.35577e-266 0)
(-0.0774496 0.0252533 0)
(-0.097088 0.0131631 0)
(-0.109041 0.00597994 0)
(-0.095477 0.000335845 0)
(-0.0780064 -0.00175811 0)
(-0.0513001 -0.00312145 0)
(-0.0284494 -0.00219679 0)
(-0.00835961 -0.00156871 0)
(0.00356034 0.000849312 0)
(0.00493728 0.0016313 0)
(0.00466945 0.00308716 0)
(0.00399893 -0.00882005 0)
(-0.000655786 0.00693482 0)
(-0.0277486 0.00872596 0)
(-0.0605981 0.0108579 0)
(-0.109772 0.0112167 0)
(-0.156524 -0.00313256 0)
(-0.200658 -0.000123113 0)
(-0.243199 0.00173334 0)
(-0.280916 0.013644 0)
(-0.318734 0.0689727 0)
(-0.34413 0.0632541 0)
(-0.33766 0.0188705 0)
(-0.321344 -0.00823718 0)
(-0.27674 -0.0321811 0)
(-0.224506 -0.0426365 0)
(-0.159266 -0.0477876 0)
(-0.100603 -0.0405807 0)
(-0.0489176 -0.0317358 0)
(-0.0145072 -0.0136163 0)
(-0.000506748 -0.00345782 0)
(0.00508737 0.00674773 0)
(0.0078813 -0.00875001 0)
(-0.00515819 0.0288194 0)
(-0.0556314 0.0585373 0)
(-0.124592 0.0793752 0)
(-0.209257 0.0866267 0)
(-0.296965 0.0866081 0)
(-0.391422 0.0836577 0)
(-0.468572 0.0776564 0)
(-0.544022 0.0726304 0)
(-0.58089 0.0679493 0)
(-0.576312 0.0451338 0)
(-0.556688 -0.00831872 0)
(-0.517169 -0.0542418 0)
(-0.448406 -0.0962824 0)
(-0.366686 -0.118244 0)
(-0.268553 -0.12731 0)
(-0.1779 -0.11134 0)
(-0.0955714 -0.0881929 0)
(-0.0380985 -0.0464459 0)
(-0.00771897 -0.0184177 0)
(0.00652526 0.0080438 0)
(0.00650873 -0.0119042 0)
(-0.016997 0.0722669 0)
(-0.100758 0.128088 0)
(-0.200034 0.167014 0)
(-0.317249 0.183956 0)
(-0.435462 0.18189 0)
(-0.552027 0.173289 0)
(-0.653022 0.155292 0)
(-0.735827 0.128545 0)
(-0.784312 0.0984672 0)
(-0.79331 0.0387639 0)
(-0.767668 -0.041447 0)
(-0.714534 -0.116713 0)
(-0.624135 -0.183896 0)
(-0.515939 -0.222357 0)
(-0.385555 -0.238166 0)
(-0.262777 -0.213009 0)
(-0.147663 -0.173258 0)
(-0.0650509 -0.100571 0)
(-0.0158555 -0.0494842 0)
(0.00811614 0.00594452 0)
(7.13077e-165 0.00162718 0)
(-0.0259097 0.135618 0)
(-0.147019 0.240755 0)
(-0.271468 0.294334 0)
(-0.419545 0.32087 0)
(-0.563633 0.319427 0)
(-0.706955 0.299795 0)
(-0.828336 0.260274 0)
(-0.928656 0.203119 0)
(-0.987494 0.126178 0)
(-1.00432 0.0288982 0)
(-0.979723 -0.0868214 0)
(-0.918384 -0.197007 0)
(-0.811385 -0.295257 0)
(-0.679157 -0.35574 0)
(-0.515096 -0.381421 0)
(-0.357811 -0.347725 0)
(-0.202975 -0.287095 0)
(-0.0924622 -0.176506 0)
(-0.0188523 -0.092494 0)
(0.0147303 0.00108729 0)
(-5.778e-266 0.00600868 0)
(-0.0933934 0.224234 0)
(-0.205593 0.371506 0)
(-0.355095 0.441444 0)
(-0.517244 0.475931 0)
(-0.68326 0.470398 0)
(-0.843369 0.438628 0)
(-0.984347 0.377257 0)
(-1.10005 0.288635 0)
(-1.17643 0.173326 0)
(-1.2108 0.0312997 0)
(-1.19465 -0.128453 0)
(-1.13425 -0.284818 0)
(-1.01598 -0.424834 0)
(-0.863169 -0.518232 0)
(-0.664523 -0.562113 0)
(-0.468875 -0.524086 0)
(-0.267752 -0.441864 0)
(-0.12385 -0.282658 0)
(-0.0218217 -0.159963 0)
(0.0161387 0.0032113 0)
(-0.0240347 0.0983352 0)
(-0.130252 0.337489 0)
(-0.259198 0.502811 0)
(-0.423419 0.604033 0)
(-0.605031 0.648115 0)
(-0.789803 0.643967 0)
(-0.970425 0.599964 0)
(-1.13151 0.515945 0)
(-1.2683 0.394915 0)
(-1.36536 0.236666 0)
(-1.42004 0.0476051 0)
(-1.41907 -0.163711 0)
(-1.36673 -0.374666 0)
(-1.24414 -0.56735 0)
(-1.07576 -0.705754 0)
(-0.842011 -0.777732 0)
(-0.605742 -0.742214 0)
(-0.345101 -0.634706 0)
(-0.165111 -0.419113 0)
(-0.00854525 -0.234391 0)
(6.01165e-266 -0.00403468 0)
(-0.0177588 0.162821 0)
(-0.12465 0.460578 0)
(-0.282521 0.665179 0)
(-0.467485 0.788036 0)
(-0.668993 0.84247 0)
(-0.872739 0.83604 0)
(-1.07156 0.780601 0)
(-1.25343 0.674974 0)
(-1.41218 0.522908 0)
(-1.53441 0.324484 0)
(-1.61541 0.0854541 0)
(-1.63774 -0.182866 0)
(-1.60337 -0.459224 0)
(-1.48648 -0.718134 0)
(-1.31093 -0.919697 0)
(-1.04724 -1.03649 0)
(-0.768597 -1.01939 0)
(-0.443662 -0.889065 0)
(-0.213657 -0.614532 0)
(-0.0038935 -0.334779 0)
(2.65741e-24 -1.04223e-24 0)
(-0.0157434 0.236935 0)
(-0.127762 0.600298 0)
(-0.301946 0.843902 0)
(-0.501171 0.98852 0)
(-0.718268 1.05192 0)
(-0.936457 1.0448 0)
(-1.1511 0.979638 0)
(-1.35123 0.855323 0)
(-1.53153 0.675589 0)
(-1.6796 0.439223 0)
(-1.78952 0.151538 0)
(-1.84172 -0.176313 0)
(-1.83468 -0.52445 0)
(-1.73604 -0.861189 0)
(-1.56635 -1.1428 0)
(-1.28344 -1.32348 0)
(-0.968094 -1.34212 0)
(-0.574566 -1.19527 0)
(-0.285304 -0.850928 0)
(-0.00510699 -0.456283 0)
(1.07842e-76 -6.64352e-25 0)
(-0.0135495 0.306861 0)
(-0.124059 0.748506 0)
(-0.306338 1.03925 0)
(-0.512744 1.20488 0)
(-0.738095 1.27809 0)
(-0.964294 1.26876 0)
(-1.18771 1.19555 0)
(-1.40043 1.05493 0)
(-1.59708 0.851449 0)
(-1.76843 0.581752 0)
(-1.90714 0.247939 0)
(-1.99357 -0.138884 0)
(-2.02266 -0.564171 0)
(-1.95636 -0.989164 0)
(-1.80936 -1.37141 0)
(-1.52522 -1.64093 0)
(-1.18499 -1.72675 0)
(-0.726296 -1.5826 0)
(-0.369947 -1.17823 0)
(-0.00742526 -0.635893 0)
(2.99361e-164 -2.69604e-77 0)
(-0.0133476 0.370983 0)
(-0.123267 0.891282 0)
(-0.308651 1.23017 0)
(-0.515752 1.41791 0)
(-0.740643 1.50166 0)
(-0.965444 1.4923 0)
(-1.18698 1.4146 0)
(-1.40173 1.26316 0)
(-1.60403 1.04317 0)
(-1.79013 0.748444 0)
(-1.95116 0.377332 0)
(-2.07146 -0.0611645 0)
(-2.14164 -0.559542 0)
(-2.12209 -1.07542 0)
(-2.01834 -1.57043 0)
(-1.76024 -1.9518 0)
(-1.42044 -2.13601 0)
(-0.91668 -2.01898 0)
(-0.494872 -1.55783 0)
(-0.0826035 -0.839923 0)
(1.80032e-265 0.0134333 0)
(-0.0136091 0.444346 0)
(-0.117852 1.04599 0)
(-0.298051 1.43318 0)
(-0.495892 1.63753 0)
(-0.708428 1.7289 0)
(-0.91921 1.71503 0)
(-1.12462 1.63248 0)
(-1.32681 1.47156 0)
(-1.5194 1.24007 0)
(-1.70598 0.928231 0)
(-1.87695 0.529443 0)
(-2.0236 0.050668 0)
(-2.13401 -0.51281 0)
(-2.17067 -1.11461 0)
(-2.12967 -1.73189 0)
(-1.92827 -2.24545 0)
(-1.61926 -2.56897 0)
(-1.09097 -2.52284 0)
(-0.591528 -2.00634 0)
(-0.0766767 -1.1509 0)
(0.0537332 -0.0783635 0)
(-0.0165973 0.498044 0)
(-0.118855 1.17276 0)
(-0.294936 1.60529 0)
(-0.478625 1.82497 0)
(-0.667309 1.92318 0)
(-0.850209 1.90594 0)
(-1.0208 1.8213 0)
(-1.19143 1.65648 0)
(-1.35244 1.42218 0)
(-1.51937 1.1056 0)
(-1.67963 0.695832 0)
(-1.83834 0.196473 0)
(-1.97859 -0.409652 0)
(-2.07572 -1.07881 0)
(-2.11238 -1.80718 0)
(-2.00144 -2.46385 0)
(-1.77146 -2.96644 0)
(-1.24504 -3.05574 0)
(-0.718127 -2.56571 0)
(0.0441386 -1.49255 0)
(2.48391e-231 -0.0134333 0)
(-0.020851 0.582801 0)
(-0.118242 1.32738 0)
(-0.282891 1.79687 0)
(-0.441981 2.01106 0)
(-0.592909 2.10374 0)
(-0.732239 2.06899 0)
(-0.849977 1.97582 0)
(-0.969362 1.80345 0)
(-1.07702 1.56896 0)
(-1.20088 1.25564 0)
(-1.32623 0.848564 0)
(-1.47339 0.349852 0)
(-1.62447 -0.275285 0)
(-1.77229 -0.981068 0)
(-1.89395 -1.80489 0)
(-1.90889 -2.59038 0)
(-1.8164 -3.3235 0)
(-1.39892 -3.59441 0)
(-0.892647 -3.28875 0)
(-0.00287798 -1.90721 0)
(5.83963e-202 4.5914e-184 0)
(-0.0365861 0.630294 0)
(-0.146991 1.42876 0)
(-0.310659 1.9254 0)
(-0.444028 2.12963 0)
(-0.540252 2.21208 0)
(-0.61844 2.15981 0)
(-0.657362 2.05844 0)
(-0.70216 1.88256 0)
(-0.728695 1.6545 0)
(-0.784389 1.35584 0)
(-0.845226 0.96996 0)
(-0.956043 0.497524 0)
(-1.08735 -0.10726 0)
(-1.27216 -0.805059 0)
(-1.46185 -1.66228 0)
(-1.63592 -2.53784 0)
(-1.71502 -3.45955 0)
(-1.51747 -3.98789 0)
(-1.10492 -3.93794 0)
(-0.0115223 -2.4157 0)
(1.83656e-183 -1.59483e-184 0)
(-0.05512 0.774658 0)
(-0.179954 1.60579 0)
(-0.3328 2.10356 0)
(-0.427524 2.24215 0)
(-0.453194 2.28551 0)
(-0.453207 2.18699 0)
(-0.396409 2.06404 0)
(-0.347949 1.87581 0)
(-0.274271 1.65327 0)
(-0.238849 1.37382 0)
(-0.210382 1.02044 0)
(-0.252316 0.594598 0)
(-0.330572 0.0393767 0)
(-0.508271 -0.60297 0)
(-0.738091 -1.44412 0)
(-1.04629 -2.33353 0)
(-1.34918 -3.44646 0)
(-1.48013 -4.21101 0)
(-1.3902 -4.8113 0)
(-0.466697 -3.05942 0)
(4.40326e-254 -4.5914e-184 0)
(-0.121004 0.851748 0)
(-0.313696 1.69341 0)
(-0.457948 2.16811 0)
(-0.503246 2.24047 0)
(-0.410093 2.23722 0)
(-0.298485 2.0982 0)
(-0.102988 1.95431 0)
(0.0678817 1.75959 0)
(0.271805 1.54718 0)
(0.419578 1.29461 0)
(0.561609 0.985891 0)
(0.605697 0.62389 0)
(0.611817 0.152539 0)
(0.456243 -0.388083 0)
(0.241806 -1.11627 0)
(-0.222892 -1.91574 0)
(-0.682731 -2.99962 0)
(-1.43555 -3.94565 0)
(-1.63609 -4.86024 0)
(-2.07474 -3.88214 0)
(-2.59872e-264 -0.216354 0)
(-0.177735 1.23119 0)
(-0.412743 1.94716 0)
(-0.492859 2.31562 0)
(-0.438546 2.19449 0)
(-0.192001 2.09457 0)
(0.0632126 1.87939 0)
(0.413439 1.70425 0)
(0.722388 1.50112 0)
(1.06274 1.30381 0)
(1.33149 1.08597 0)
(1.59092 0.833999 0)
(1.73649 0.549545 0)
(1.83964 0.185563 0)
(1.75894 -0.223464 0)
(1.60301 -0.775993 0)
(1.15227 -1.39283 0)
(0.610249 -2.26569 0)
(-0.328432 -3.21379 0)
(-1.06988 -4.26295 0)
(-1.8396 -4.54434 0)
(-0.865415 -2.31902 0)
(-0.400698 1.40813 0)
(-0.724734 1.97989 0)
(-0.514408 2.18818 0)
(-0.228253 1.92253 0)
(0.335006 1.73631 0)
(0.806001 1.48461 0)
(1.3678 1.29705 0)
(1.83007 1.10821 0)
(2.30845 0.94013 0)
(2.68271 0.769509 0)
(3.03861 0.583479 0)
(3.25712 0.383994 0)
(3.43565 0.133601 0)
(3.4017 -0.135883 0)
(3.31571 -0.506231 0)
(2.88129 -0.901334 0)
(2.40272 -1.52023 0)
(1.37505 -2.23641 0)
(0.465977 -3.35507 0)
(-0.703572 -4.00838 0)
(-0.701766 -2.9645 0)
(-0.257827 2.41862 0)
(-0.105889 2.05551 0)
(0.681988 1.86944 0)
(1.33192 1.33668 0)
(2.15315 1.08017 0)
(2.78658 0.839238 0)
(3.44749 0.686058 0)
(3.96671 0.556072 0)
(4.47167 0.451678 0)
(4.85623 0.355605 0)
(5.21085 0.258213 0)
(5.42802 0.15803 0)
(5.60634 0.0377967 0)
(5.58764 -0.0906787 0)
(5.53073 -0.265702 0)
(5.16024 -0.458482 0)
(4.76739 -0.791262 0)
(3.83364 -1.24498 0)
(2.86893 -2.25323 0)
(1.09353 -3.3305 0)
(-0.0465762 -3.79863 0)
(1.66671 1.66904 0)
(2.70072 0.974067 0)
(4.53997 0.748089 0)
(5.37934 0.423972 0)
(6.249 0.286923 0)
(6.7625 0.178736 0)
(7.24594 0.121924 0)
(7.57287 0.081384 0)
(7.87353 0.0546529 0)
(8.07745 0.0337671 0)
(8.25962 0.0151359 0)
(8.34787 -0.00230488 0)
(8.41848 -0.0234643 0)
(8.35844 -0.0441776 0)
(8.29519 -0.0792915 0)
(8.00631 -0.111963 0)
(7.74955 -0.200789 0)
(6.99515 -0.293071 0)
(6.26186 -0.624767 0)
(4.04559 -0.996997 0)
(2.00483 -1.81751 0)
)
;

boundaryField
{
    movingWall
    {
        type            fixedValue;
        value           uniform (10 0 0);
    }
    fixedWalls
    {
        type            noSlip;
    }
    frontAndBack
    {
        type            empty;
    }
}


// ************************************************************************* //
