/*--------------------------------*- C++ -*----------------------------------*\
| =========                 |                                                 |
| \\      /  F ield         | OpenFOAM: The Open Source CFD Toolbox           |
|  \\    /   O peration     | Version:  4.1                                   |
|   \\  /    A nd           | Web:      www.OpenFOAM.org                      |
|    \\/     M anipulation  |                                                 |
\*---------------------------------------------------------------------------*/
FoamFile
{
    version     2.0;
    format      ascii;
    class       volVectorField;
    location    "0.0479";
    object      U;
}
// * * * * * * * * * * * * * * * * * * * * * * * * * * * * * * * * * * * * * //

dimensions      [0 1 -1 0 0 0 0];

internalField   nonuniform List<vector> 
441
(
(0.00336016 -0.00457801 0)
(0.0085605 -0.00258057 0)
(-0.000645159 -2.18196e-165 0)
(0.00171005 -2.7897e-266 0)
(-0.00881917 -0.00684081 0)
(-0.00171005 -2.72063e-232 0)
(-1.08571e-202 -4.58207e-203 0)
(-1.14535e-203 -5.86144e-228 0)
(-1.49027e-212 -2.49036e-213 0)
(-0.00528036 7.93858e-266 0)
(-0.0636445 0.0211237 0)
(-0.0805687 0.0112643 0)
(-0.091822 0.00536894 0)
(-0.0825391 0.000745503 0)
(-0.0703129 -0.00102175 0)
(-0.0497836 -0.00235391 0)
(-0.0315432 -0.00183432 0)
(-0.0139808 -0.00165797 0)
(-0.00199487 0.000207775 0)
(0.00185002 0.000846411 0)
(0.00390601 0.00246833 0)
(0.00323215 -0.0071448 0)
(-0.00222213 0.0065535 0)
(-0.0270819 0.00775479 0)
(-0.0558914 0.010595 0)
(-0.097833 0.00949089 0)
(-0.1358 -0.00412305 0)
(-0.170584 -0.000397724 0)
(-0.203059 0.00130143 0)
(-0.231319 0.0110924 0)
(-0.259917 0.0564665 0)
(-0.27965 0.0523451 0)
(-0.274911 0.0172303 0)
(-0.264364 -0.00384558 0)
(-0.231712 -0.0229324 0)
(-0.193468 -0.0317951 0)
(-0.143298 -0.037572 0)
(-0.096781 -0.0337441 0)
(-0.0529826 -0.0290799 0)
(-0.0211132 -0.0155651 0)
(-0.00477396 -0.00749079 0)
(0.00404599 0.00350208 0)
(0.00656808 -0.00613256 0)
(-0.00572227 0.0273482 0)
(-0.0506271 0.0523004 0)
(-0.109387 0.0685491 0)
(-0.179266 0.0720249 0)
(-0.250531 0.0690714 0)
(-0.325178 0.0648744 0)
(-0.38341 0.0587194 0)
(-0.440287 0.0546624 0)
(-0.466272 0.0523515 0)
(-0.460956 0.0369769 0)
(-0.445856 -0.00294337 0)
(-0.41749 -0.0371866 0)
(-0.366737 -0.0699992 0)
(-0.306339 -0.0885241 0)
(-0.231 -0.0993161 0)
(-0.159776 -0.0910267 0)
(-0.0915809 -0.0778084 0)
(-0.0410491 -0.0469356 0)
(-0.0109678 -0.02472 0)
(0.00537734 0.00219451 0)
(0.00592596 -0.00821967 0)
(-0.0137916 0.0653574 0)
(-0.085297 0.111483 0)
(-0.167672 0.141368 0)
(-0.263032 0.15097 0)
(-0.357116 0.144284 0)
(-0.447839 0.133905 0)
(-0.524311 0.117162 0)
(-0.586171 0.0959666 0)
(-0.621307 0.074693 0)
(-0.627077 0.0316899 0)
(-0.607359 -0.0272779 0)
(-0.568637 -0.0830733 0)
(-0.501245 -0.135155 0)
(-0.420628 -0.167321 0)
(-0.320372 -0.185533 0)
(-0.224484 -0.1726 0)
(-0.130738 -0.149384 0)
(-0.0608621 -0.0953549 0)
(-0.0161707 -0.0552636 0)
(0.0072183 -0.00172304 0)
(6.24684e-165 0.00148149 0)
(-0.020259 0.118152 0)
(-0.120997 0.205443 0)
(-0.221999 0.245002 0)
(-0.340765 0.260513 0)
(-0.454122 0.252264 0)
(-0.565136 0.230984 0)
(-0.657047 0.196138 0)
(-0.732494 0.151098 0)
(-0.77576 0.0938945 0)
(-0.787998 0.0234489 0)
(-0.769466 -0.0611503 0)
(-0.724638 -0.142549 0)
(-0.64436 -0.218309 0)
(-0.545164 -0.26832 0)
(-0.418426 -0.296241 0)
(-0.295937 -0.279206 0)
(-0.170914 -0.242454 0)
(-0.079929 -0.159852 0)
(-0.0161525 -0.0936088 0)
(0.0137457 -0.00593242 0)
(-5.09948e-266 0.00512092 0)
(-0.0777435 0.19071 0)
(-0.167266 0.311468 0)
(-0.287113 0.362858 0)
(-0.415267 0.383036 0)
(-0.545135 0.369691 0)
(-0.668801 0.337424 0)
(-0.776426 0.284769 0)
(-0.864483 0.215451 0)
(-0.922489 0.129463 0)
(-0.949541 0.025661 0)
(-0.938339 -0.0915951 0)
(-0.894591 -0.207924 0)
(-0.805161 -0.316109 0)
(-0.68927 -0.392761 0)
(-0.534347 -0.437018 0)
(-0.381144 -0.419055 0)
(-0.218892 -0.368346 0)
(-0.101802 -0.248243 0)
(-0.0148331 -0.152048 0)
(0.0160327 -0.00298216 0)
(-0.0204837 0.0823179 0)
(-0.107512 0.282091 0)
(-0.210313 0.415232 0)
(-0.341368 0.491357 0)
(-0.485206 0.517882 0)
(-0.630373 0.504535 0)
(-0.77129 0.461636 0)
(-0.896252 0.391036 0)
(-1.00277 0.297021 0)
(-1.07904 0.178743 0)
(-1.12391 0.0397902 0)
(-1.12592 -0.116379 0)
(-1.08896 -0.274746 0)
(-0.995223 -0.424436 0)
(-0.865448 -0.537655 0)
(-0.679932 -0.605987 0)
(-0.492591 -0.592403 0)
(-0.280398 -0.523989 0)
(-0.13511 -0.360803 0)
(-0.00236887 -0.21317 0)
(5.72583e-266 -0.00400818 0)
(-0.014884 0.135436 0)
(-0.101864 0.381642 0)
(-0.229699 0.545956 0)
(-0.379011 0.638564 0)
(-0.540811 0.672394 0)
(-0.703519 0.656153 0)
(-0.861758 0.603699 0)
(-1.00666 0.516203 0)
(-1.13427 0.39867 0)
(-1.23428 0.250091 0)
(-1.30335 0.0729274 0)
(-1.32614 -0.127577 0)
(-1.30418 -0.338144 0)
(-1.21355 -0.541667 0)
(-1.07474 -0.707327 0)
(-0.860172 -0.813642 0)
(-0.63363 -0.8169 0)
(-0.365354 -0.731699 0)
(-0.17707 -0.5218 0)
(-0.00255132 -0.296276 0)
(2.30203e-24 -1.25643e-24 0)
(-0.0131192 0.195834 0)
(-0.105678 0.495172 0)
(-0.250021 0.690981 0)
(-0.414467 0.800811 0)
(-0.593188 0.841295 0)
(-0.772205 0.824085 0)
(-0.948382 0.76406 0)
(-1.11369 0.662558 0)
(-1.26454 0.524488 0)
(-1.39121 0.347251 0)
(-1.48861 0.132214 0)
(-1.53904 -0.11606 0)
(-1.54034 -0.38598 0)
(-1.46243 -0.655037 0)
(-1.3232 -0.888893 0)
(-1.08435 -1.04988 0)
(-0.818523 -1.08362 0)
(-0.484119 -0.985235 0)
(-0.2413 -0.716422 0)
(-0.00432001 -0.397281 0)
(9.47227e-77 -5.75509e-25 0)
(-0.0115845 0.254923 0)
(-0.105836 0.62022 0)
(-0.262131 0.855606 0)
(-0.438319 0.98241 0)
(-0.630451 1.03072 0)
(-0.823141 1.01143 0)
(-1.01414 0.945549 0)
(-1.19796 0.832033 0)
(-1.37047 0.676408 0)
(-1.52432 0.473473 0)
(-1.65224 0.221007 0)
(-1.73577 -0.0770386 0)
(-1.76864 -0.414255 0)
(-1.71506 -0.761349 0)
(-1.58772 -1.08466 0)
(-1.33603 -1.32383 0)
(-1.03516 -1.41559 0)
(-0.63071 -1.3184 0)
(-0.320349 -0.996275 0)
(-0.00588318 -0.55173 0)
(2.64954e-164 -2.36807e-77 0)
(-0.012121 0.310059 0)
(-0.111139 0.744039 0)
(-0.278256 1.02135 0)
(-0.4637 1.16702 0)
(-0.664755 1.2246 0)
(-0.865931 1.2059 0)
(-1.0653 1.13791 0)
(-1.2612 1.01751 0)
(-1.44856 0.850463 0)
(-1.62451 0.628168 0)
(-1.77931 0.344156 0)
(-1.89734 -0.000142434 0)
(-1.96721 -0.404925 0)
(-1.95093 -0.836912 0)
(-1.85252 -1.26482 0)
(-1.60885 -1.60593 0)
(-1.29014 -1.78417 0)
(-0.825163 -1.70746 0)
(-0.442267 -1.33022 0)
(-0.0718837 -0.729561 0)
(1.6769e-265 0.0124487 0)
(-0.0134047 0.379182 0)
(-0.114417 0.888532 0)
(-0.2875 1.20975 0)
(-0.475913 1.36968 0)
(-0.677814 1.43419 0)
(-0.878582 1.41199 0)
(-1.07572 1.34148 0)
(-1.27248 1.21482 0)
(-1.46241 1.03979 0)
(-1.64885 0.803384 0)
(-1.82041 0.493688 0)
(-1.96716 0.109656 0)
(-2.0744 -0.360449 0)
(-2.10511 -0.87845 0)
(-2.05413 -1.42606 0)
(-1.8458 -1.89267 0)
(-1.53412 -2.19844 0)
(-1.02196 -2.17979 0)
(-0.547723 -1.74405 0)
(-0.0712937 -1.01265 0)
(0.0497946 -0.0677808 0)
(-0.0175486 0.433567 0)
(-0.125654 1.01522 0)
(-0.308106 1.37998 0)
(-0.497212 1.55406 0)
(-0.691213 1.62546 0)
(-0.880243 1.60121 0)
(-1.05863 1.53078 0)
(-1.23893 1.40255 0)
(-1.41072 1.2264 0)
(-1.58826 0.985428 0)
(-1.75659 0.662892 0)
(-1.91861 0.253986 0)
(-2.05422 -0.264786 0)
(-2.13806 -0.85673 0)
(-2.15115 -1.51937 0)
(-2.01278 -2.12793 0)
(-1.75373 -2.60197 0)
(-1.21599 -2.70229 0)
(-0.689585 -2.27433 0)
(0.0371882 -1.33359 0)
(2.30226e-231 -0.0124487 0)
(-0.0230256 0.525279 0)
(-0.13583 1.18216 0)
(-0.321177 1.58514 0)
(-0.501543 1.75387 0)
(-0.674662 1.8203 0)
(-0.836785 1.77967 0)
(-0.978282 1.70199 0)
(-1.12151 1.56679 0)
(-1.25179 1.38962 0)
(-1.39498 1.14892 0)
(-1.53399 0.823565 0)
(-1.68661 0.406888 0)
(-1.83218 -0.141591 0)
(-1.96178 -0.782397 0)
(-2.05084 -1.55111 0)
(-2.02199 -2.29472 0)
(-1.87835 -2.99489 0)
(-1.4178 -3.26185 0)
(-0.883979 -2.99191 0)
(-0.00367197 -1.73793 0)
(5.64019e-202 4.50089e-184 0)
(-0.0397712 0.585316 0)
(-0.17389 1.30728 0)
(-0.371173 1.74176 0)
(-0.54039 1.90198 0)
(-0.674346 1.95901 0)
(-0.79017 1.90131 0)
(-0.866342 1.81512 0)
(-0.945861 1.67465 0)
(-1.00296 1.50014 0)
(-1.08249 1.26806 0)
(-1.15868 0.955486 0)
(-1.27426 0.554308 0)
(-1.39841 0.0131545 0)
(-1.56229 -0.634431 0)
(-1.71612 -1.4517 0)
(-1.83911 -2.2976 0)
(-1.85463 -3.19084 0)
(-1.59126 -3.70576 0)
(-1.12362 -3.66603 0)
(-0.0106782 -2.24691 0)
(1.80035e-183 2.3333e-185 0)
(-0.0588639 0.746808 0)
(-0.212577 1.51785 0)
(-0.407872 1.96095 0)
(-0.549048 2.05836 0)
(-0.623911 2.07712 0)
(-0.672162 1.97229 0)
(-0.66152 1.86182 0)
(-0.653866 1.70406 0)
(-0.613806 1.52786 0)
(-0.602078 1.30574 0)
(-0.58641 1.01495 0)
(-0.629103 0.6486 0)
(-0.696601 0.144414 0)
(-0.851348 -0.461564 0)
(-1.04628 -1.27768 0)
(-1.30469 -2.1529 0)
(-1.54439 -3.24809 0)
(-1.59865 -4.00023 0)
(-1.43788 -4.59066 0)
(-0.458949 -2.90818 0)
(4.35814e-254 -4.50089e-184 0)
(-0.124388 0.842599 0)
(-0.345445 1.64311 0)
(-0.533991 2.07289 0)
(-0.62926 2.10824 0)
(-0.590053 2.08126 0)
(-0.531018 1.93394 0)
(-0.385112 1.79771 0)
(-0.256616 1.62588 0)
(-0.0859741 1.44978 0)
(0.0405722 1.24291 0)
(0.173841 0.984466 0)
(0.22229 0.670184 0)
(0.243645 0.238822 0)
(0.113837 -0.275532 0)
(-0.0677863 -0.990396 0)
(-0.488186 -1.78832 0)
(-0.896141 -2.8709 0)
(-1.57536 -3.8115 0)
(-1.70735 -4.7176 0)
(-2.05929 -3.76102 0)
(-2.53652e-264 -0.212976 0)
(-0.179375 1.23787 0)
(-0.434678 1.93173 0)
(-0.551427 2.26697 0)
(-0.541386 2.11469 0)
(-0.34499 1.99273 0)
(-0.139726 1.76709 0)
(0.162696 1.59407 0)
(0.43076 1.40509 0)
(0.739242 1.23275 0)
(0.988402 1.04764 0)
(1.24117 0.83251 0)
(1.39358 0.583564 0)
(1.51473 0.249317 0)
(1.46143 -0.140715 0)
(1.3378 -0.686272 0)
(0.924435 -1.30783 0)
(0.421819 -2.19115 0)
(-0.465938 -3.14497 0)
(-1.15167 -4.19498 0)
(-1.85406 -4.47062 0)
(-0.851906 -2.29739 0)
(-0.399606 1.42216 0)
(-0.729519 1.98644 0)
(-0.539357 2.17374 0)
(-0.283127 1.88505 0)
(0.241552 1.68075 0)
(0.671032 1.41859 0)
(1.19064 1.22938 0)
(1.6151 1.04745 0)
(2.0627 0.894043 0)
(2.41698 0.743808 0)
(2.76502 0.581404 0)
(2.98896 0.405059 0)
(3.18432 0.174177 0)
(3.17694 -0.0829654 0)
(3.12203 -0.449553 0)
(2.72136 -0.849808 0)
(2.27322 -1.48017 0)
(1.27753 -2.2072 0)
(0.399645 -3.33257 0)
(-0.731239 -3.98379 0)
(-0.697703 -2.95977 0)
(-0.255009 2.42882 0)
(-0.0964572 2.06614 0)
(0.689043 1.87124 0)
(1.32607 1.32625 0)
(2.1241 1.05927 0)
(2.72828 0.811639 0)
(3.35658 0.656528 0)
(3.84472 0.529147 0)
(4.32317 0.431445 0)
(4.68966 0.344972 0)
(5.03635 0.258713 0)
(5.25716 0.169304 0)
(5.44932 0.0577489 0)
(5.45306 -0.0657335 0)
(5.42258 -0.240455 0)
(5.07957 -0.437144 0)
(4.70969 -0.777759 0)
(3.79453 -1.2385 0)
(2.84314 -2.25283 0)
(1.08168 -3.3275 0)
(-0.0442469 -3.80041 0)
(1.66894 1.67123 0)
(2.71046 0.976609 0)
(4.55482 0.74954 0)
(5.39254 0.423463 0)
(6.25348 0.284653 0)
(6.75327 0.175389 0)
(7.22026 0.118399 0)
(7.53118 0.0784593 0)
(7.81842 0.0530041 0)
(8.01402 0.0337486 0)
(8.19379 0.0168491 0)
(8.28638 0.000827624 0)
(8.36663 -0.019454 0)
(8.32054 -0.0401418 0)
(8.27188 -0.0760431 0)
(7.99685 -0.110231 0)
(7.74908 -0.200981 0)
(6.99944 -0.294862 0)
(6.26581 -0.627787 0)
(4.04775 -0.999858 0)
(2.00821 -1.82115 0)
)
;

boundaryField
{
    movingWall
    {
        type            fixedValue;
        value           uniform (10 0 0);
    }
    fixedWalls
    {
        type            noSlip;
    }
    frontAndBack
    {
        type            empty;
    }
}


// ************************************************************************* //
