/*--------------------------------*- C++ -*----------------------------------*\
| =========                 |                                                 |
| \\      /  F ield         | OpenFOAM: The Open Source CFD Toolbox           |
|  \\    /   O peration     | Version:  4.1                                   |
|   \\  /    A nd           | Web:      www.OpenFOAM.org                      |
|    \\/     M anipulation  |                                                 |
\*---------------------------------------------------------------------------*/
FoamFile
{
    version     2.0;
    format      ascii;
    class       volVectorField;
    location    "0.0672";
    object      U;
}
// * * * * * * * * * * * * * * * * * * * * * * * * * * * * * * * * * * * * * //

dimensions      [0 1 -1 0 0 0 0];

internalField   nonuniform List<vector> 
441
(
(0.00354608 -0.0046905 0)
(0.00918785 -0.00254374 0)
(-0.000635939 -2.18673e-165 0)
(0.00185107 -3.09532e-266 0)
(-0.00847028 -0.00740481 0)
(-0.00185107 -2.9069e-232 0)
(-1.1105e-202 -5.18903e-203 0)
(-1.29712e-203 -6.77053e-228 0)
(-1.62592e-212 -2.93794e-213 0)
(-0.0057973 8.63151e-266 0)
(-0.0707562 0.023191 0)
(-0.0892363 0.0122188 0)
(-0.101046 0.00568007 0)
(-0.0896896 0.000521662 0)
(-0.0747951 -0.00142794 0)
(-0.0509996 -0.00279366 0)
(-0.0302421 -0.00206434 0)
(-0.0112306 -0.00165069 0)
(0.000834692 0.00051972 0)
(0.00343869 0.00124286 0)
(0.00431915 0.0027912 0)
(0.00355648 -0.00785355 0)
(-0.00144799 0.00666983 0)
(-0.0270826 0.00811989 0)
(-0.0575052 0.0105804 0)
(-0.102577 0.0102733 0)
(-0.144608 -0.00354861 0)
(-0.183932 -0.000235865 0)
(-0.221514 0.00152259 0)
(-0.254823 0.0124063 0)
(-0.288554 0.0629394 0)
(-0.311811 0.0582111 0)
(-0.306896 0.0184588 0)
(-0.294014 -0.00576426 0)
(-0.255621 -0.0275191 0)
(-0.210326 -0.0373975 0)
(-0.152284 -0.0430243 0)
(-0.0992653 -0.0375093 0)
(-0.0511373 -0.0306793 0)
(-0.0177603 -0.0146837 0)
(-0.00257499 -0.00546268 0)
(0.00460991 0.00518892 0)
(0.0071325 -0.00731852 0)
(-0.00534085 0.0277089 0)
(-0.0523735 0.0546809 0)
(-0.115433 0.0730846 0)
(-0.191903 0.078578 0)
(-0.270788 0.0774002 0)
(-0.355086 0.074209 0)
(-0.423056 0.0685727 0)
(-0.489969 0.0644724 0)
(-0.522516 0.0613504 0)
(-0.518799 0.0424394 0)
(-0.502546 -0.00439415 0)
(-0.469415 -0.0449209 0)
(-0.409955 -0.0829877 0)
(-0.338732 -0.103811 0)
(-0.251418 -0.114143 0)
(-0.169783 -0.10204 0)
(-0.0938962 -0.0836696 0)
(-0.0395211 -0.0469475 0)
(-0.00924443 -0.0215644 0)
(0.00601571 0.00523921 0)
(0.00613602 -0.0099321 0)
(-0.0151689 0.0678744 0)
(-0.0917976 0.118218 0)
(-0.18159 0.152426 0)
(-0.286946 0.165988 0)
(-0.392541 0.162294 0)
(-0.496177 0.153657 0)
(-0.585551 0.137261 0)
(-0.659135 0.114182 0)
(-0.702606 0.089154 0)
(-0.711764 0.0379877 0)
(-0.690582 -0.0320316 0)
(-0.645638 -0.098498 0)
(-0.566963 -0.159358 0)
(-0.472114 -0.195755 0)
(-0.355789 -0.21348 0)
(-0.245314 -0.194468 0)
(-0.139868 -0.162603 0)
(-0.0630124 -0.0984681 0)
(-0.0159388 -0.0523815 0)
(0.00773994 0.00234075 0)
(6.61066e-165 0.001534 0)
(-0.022788 0.1252 0)
(-0.132434 0.22033 0)
(-0.24411 0.266838 0)
(-0.376674 0.28847 0)
(-0.505131 0.284856 0)
(-0.632743 0.26597 0)
(-0.740655 0.23048 0)
(-0.830505 0.180844 0)
(-0.883934 0.114663 0)
(-0.900836 0.0308319 0)
(-0.881137 -0.0702733 0)
(-0.829122 -0.167774 0)
(-0.735466 -0.25686 0)
(-0.618824 -0.313896 0)
(-0.471726 -0.341823 0)
(-0.329982 -0.316474 0)
(-0.188365 -0.267088 0)
(-0.0865669 -0.169171 0)
(-0.0175081 -0.0931862 0)
(0.0143379 -0.00216097 0)
(-5.36615e-266 0.00549672 0)
(-0.0845926 0.204914 0)
(-0.184629 0.337627 0)
(-0.318431 0.398469 0)
(-0.463214 0.426901 0)
(-0.611448 0.419425 0)
(-0.754537 0.389803 0)
(-0.880935 0.335275 0)
(-0.985662 0.258317 0)
(-1.05602 0.158709 0)
(-1.08972 0.0354846 0)
(-1.07825 -0.104762 0)
(-1.02725 -0.243915 0)
(-0.923021 -0.37126 0)
(-0.787074 -0.459033 0)
(-0.60766 -0.504774 0)
(-0.430395 -0.476771 0)
(-0.246053 -0.409148 0)
(-0.113838 -0.267356 0)
(-0.0186157 -0.1565 0)
(0.016121 0.00045316 0)
(-0.0219869 0.0892791 0)
(-0.117749 0.306349 0)
(-0.233083 0.454545 0)
(-0.380329 0.543644 0)
(-0.543288 0.580705 0)
(-0.709321 0.574762 0)
(-0.872189 0.534677 0)
(-1.01829 0.460698 0)
(-1.14375 0.355706 0)
(-1.23441 0.218477 0)
(-1.28779 0.0535553 0)
(-1.29082 -0.133063 0)
(-1.2472 -0.322005 0)
(-1.13821 -0.497963 0)
(-0.986801 -0.627789 0)
(-0.773465 -0.700352 0)
(-0.557641 -0.675803 0)
(-0.317269 -0.586066 0)
(-0.151965 -0.393374 0)
(-0.00578769 -0.224978 0)
(5.89236e-266 -0.00403026 0)
(-0.0161673 0.147634 0)
(-0.112603 0.417153 0)
(-0.255179 0.60078 0)
(-0.422436 0.709461 0)
(-0.605007 0.75615 0)
(-0.79012 0.748629 0)
(-0.971682 0.69909 0)
(-1.13908 0.606711 0)
(-1.28695 0.474856 0)
(-1.40278 0.302192 0)
(-1.48191 0.0923028 0)
(-1.50716 -0.146444 0)
(-1.47993 -0.39601 0)
(-1.37495 -0.633867 0)
(-1.21477 -0.823086 0)
(-0.970938 -0.938042 0)
(-0.713159 -0.931313 0)
(-0.411126 -0.821101 0)
(-0.198187 -0.574234 0)
(-0.00330441 -0.317925 0)
(2.50704e-24 -1.12256e-24 0)
(-0.0143631 0.214554 0)
(-0.116521 0.543539 0)
(-0.275973 0.762814 0)
(-0.458522 0.89166 0)
(-0.658031 0.947112 0)
(-0.859281 0.93986 0)
(-1.05849 0.882753 0)
(-1.24594 0.774824 0)
(-1.41679 0.619148 0)
(-1.55927 0.41278 0)
(-1.66721 0.158505 0)
(-1.72124 -0.135598 0)
(-1.71919 -0.452795 0)
(-1.62945 -0.764432 0)
(-1.47165 -1.02963 0)
(-1.20548 -1.20513 0)
(-0.908916 -1.23197 0)
(-0.538298 -1.10627 0)
(-0.267338 -0.793561 0)
(-0.00478089 -0.430894 0)
(1.02454e-76 -6.26759e-25 0)
(-0.0125842 0.279121 0)
(-0.115237 0.680461 0)
(-0.285184 0.943535 0)
(-0.477712 1.09211 0)
(-0.688572 1.15735 0)
(-0.901146 1.14905 0)
(-1.11254 1.08599 0)
(-1.31577 0.964566 0)
(-1.50565 0.78834 0)
(-1.67321 0.551878 0)
(-1.81056 0.254566 0)
(-1.89798 -0.0956838 0)
(-1.92962 -0.487181 0)
(-1.86822 -0.884061 0)
(-1.72789 -1.24623 0)
(-1.45483 -1.50671 0)
(-1.12826 -1.59698 0)
(-0.68944 -1.47291 0)
(-0.35036 -1.10215 0)
(-0.00673296 -0.600396 0)
(2.8552e-164 -2.56134e-77 0)
(-0.0128015 0.338998 0)
(-0.117822 0.814405 0)
(-0.29508 1.12302 0)
(-0.492888 1.2928 0)
(-0.708176 1.36886 0)
(-0.924316 1.3618 0)
(-1.13874 1.29626 0)
(-1.34854 1.16644 0)
(-1.54796 0.976153 0)
(-1.73308 0.716804 0)
(-1.8942 0.383831 0)
(-2.01518 -0.0169867 0)
(-2.08566 -0.480603 0)
(-2.06658 -0.967138 0)
(-1.96313 -1.43971 0)
(-1.7082 -1.80856 0)
(-1.37403 -1.99246 0)
(-0.882999 -1.89234 0)
(-0.474854 -1.46469 0)
(-0.0780554 -0.794233 0)
(1.75996e-265 0.0130723 0)
(-0.0135906 0.410663 0)
(-0.116877 0.96491 0)
(-0.294617 1.3201 0)
(-0.489243 1.50591 0)
(-0.698514 1.58993 0)
(-0.906864 1.57955 0)
(-1.11117 1.51082 0)
(-1.31382 1.37329 0)
(-1.50812 1.173 0)
(-1.69713 0.897341 0)
(-1.87016 0.536676 0)
(-2.01772 0.0947038 0)
(-2.12668 -0.435288 0)
(-2.15971 -1.00887 0)
(-2.11267 -1.60355 0)
(-1.90576 -2.10242 0)
(-1.59271 -2.42106 0)
(-1.06774 -2.38635 0)
(-0.575904 -1.90129 0)
(-0.0747208 -1.09484 0)
(0.0522892 -0.0737783 0)
(-0.0171349 0.465099 0)
(-0.122863 1.09249 0)
(-0.303018 1.49248 0)
(-0.490499 1.69339 0)
(-0.683149 1.78466 0)
(-0.870519 1.77187 0)
(-1.04641 1.70224 0)
(-1.22305 1.56181 0)
(-1.39025 1.35914 0)
(-1.5628 1.07827 0)
(-1.727 0.70509 0)
(-1.887 0.239907 0)
(-2.02465 -0.336045 0)
(-2.11506 -0.98041 0)
(-2.14044 -1.68838 0)
(-2.01623 -2.33034 0)
(-1.77216 -2.82396 0)
(-1.23838 -2.918 0)
(-0.709218 -2.45125 0)
(0.0410124 -1.42946 0)
(2.41347e-231 -0.0130723 0)
(-0.0219467 0.553595 0)
(-0.127299 1.25385 0)
(-0.302718 1.6916 0)
(-0.472807 1.88714 0)
(-0.635026 1.9731 0)
(-0.785575 1.94317 0)
(-0.914549 1.86532 0)
(-1.04463 1.7172 0)
(-1.16188 1.51348 0)
(-1.29335 1.23406 0)
(-1.4235 0.860759 0)
(-1.57175 0.392315 0)
(-1.71934 -0.207365 0)
(-1.85845 -0.89357 0)
(-1.9657 -1.7015 0)
(-1.96167 -2.47497 0)
(-1.84732 -3.19765 0)
(-1.41075 -3.46747 0)
(-0.891661 -3.17452 0)
(-0.00324353 -1.84131 0)
(5.77395e-202 4.56419e-184 0)
(-0.0381282 0.607367 0)
(-0.160302 1.3672 0)
(-0.340647 1.83421 0)
(-0.491481 2.02025 0)
(-0.605554 2.09592 0)
(-0.700737 2.04805 0)
(-0.755592 1.96112 0)
(-0.814239 1.80799 0)
(-0.852019 1.60843 0)
(-0.915511 1.34067 0)
(-0.980379 0.984862 0)
(-1.09095 0.538306 0)
(-1.21754 -0.0461093 0)
(-1.39257 -0.72999 0)
(-1.56705 -1.57714 0)
(-1.7202 -2.44543 0)
(-1.77372 -3.35859 0)
(-1.54941 -3.88236 0)
(-1.1143 -3.83546 0)
(-0.0112448 -2.35125 0)
(1.82568e-183 -8.50087e-185 0)
(-0.0569081 0.7601 0)
(-0.195879 1.56069 0)
(-0.369422 2.03227 0)
(-0.486294 2.15347 0)
(-0.534604 2.18958 0)
(-0.555648 2.09399 0)
(-0.517691 1.98316 0)
(-0.484456 1.81449 0)
(-0.421927 1.61664 0)
(-0.392868 1.36385 0)
(-0.366168 1.0362 0)
(-0.405327 0.631885 0)
(-0.476908 0.0926263 0)
(-0.643926 -0.540587 0)
(-0.859236 -1.37695 0)
(-1.1477 -2.26472 0)
(-1.42615 -3.37321 0)
(-1.52734 -4.13373 0)
(-1.40997 -4.72988 0)
(-0.463947 -3.00274 0)
(4.39168e-254 -4.56419e-184 0)
(-0.122637 0.846273 0)
(-0.329291 1.66662 0)
(-0.495162 2.11955 0)
(-0.564244 2.17579 0)
(-0.495793 2.1646 0)
(-0.406904 2.02626 0)
(-0.231318 1.89096 0)
(-0.0757533 1.7113 0)
(0.11789 1.51848 0)
(0.261098 1.28741 0)
(0.403763 0.999604 0)
(0.453309 0.655073 0)
(0.468329 0.196231 0)
(0.324732 -0.338227 0)
(0.123963 -1.06531 0)
(-0.323458 -1.86738 0)
(-0.763732 -2.9528 0)
(-1.48893 -3.89747 0)
(-1.66379 -4.80875 0)
(-2.0695 -3.83757 0)
(-2.57504e-264 -0.215096 0)
(-0.178581 1.23356 0)
(-0.423918 1.93757 0)
(-0.522276 2.28959 0)
(-0.489375 2.15435 0)
(-0.2661 2.04608 0)
(-0.0327538 1.82912 0)
(0.298051 1.6586 0)
(0.592102 1.46539 0)
(0.922642 1.28193 0)
(1.18751 1.07982 0)
(1.44857 0.843501 0)
(1.60083 0.572349 0)
(1.71425 0.217875 0)
(1.64641 -0.186697 0)
(1.5041 -0.739554 0)
(1.06801 -1.36061 0)
(0.540704 -2.23894 0)
(-0.379261 -3.1897 0)
(-1.10036 -4.23911 0)
(-1.84523 -4.51774 0)
(-0.860385 -2.31145 0)
(-0.400253 1.41447 0)
(-0.727816 1.98163 0)
(-0.528131 2.17921 0)
(-0.257044 1.9027 0)
(0.287689 1.70896 0)
(0.73985 1.45416 0)
(1.2838 1.26808 0)
(1.73154 1.08466 0)
(2.19968 0.925006 0)
(2.56916 0.764428 0)
(2.92572 0.588672 0)
(3.15013 0.398083 0)
(3.33847 0.154098 0)
(3.31717 -0.112421 0)
(3.2445 -0.483294 0)
(2.82342 -0.881966 0)
(2.3562 -1.50617 0)
(1.34007 -2.22666 0)
(0.442057 -3.34767 0)
(-0.713572 -3.99979 0)
(-0.700167 -2.963 0)
(-0.256482 2.42353 0)
(-0.101812 2.0601 0)
(0.684019 1.86929 0)
(1.32677 1.33055 0)
(2.13619 1.06942 0)
(2.75567 0.826083 0)
(3.40205 0.673017 0)
(3.90855 0.545271 0)
(4.40387 0.444765 0)
(4.78329 0.353453 0)
(5.1375 0.260937 0)
(5.35904 0.164917 0)
(5.54541 0.0475063 0)
(5.53738 -0.0798959 0)
(5.49175 -0.255731 0)
(5.13205 -0.45073 0)
(4.7476 -0.786866 0)
(3.82028 -1.2432 0)
(2.86001 -2.25352 0)
(1.08938 -3.32956 0)
(-0.0456455 -3.79937 0)
(1.66785 1.67016 0)
(2.7054 0.975259 0)
(4.54666 0.748653 0)
(5.38458 0.423554 0)
(6.24946 0.285706 0)
(6.75613 0.177115 0)
(7.23198 0.120366 0)
(7.55214 0.0802437 0)
(7.84777 0.054194 0)
(8.04934 0.0340687 0)
(8.23192 0.0161466 0)
(8.32335 -0.000802664 0)
(8.39898 -0.0217583 0)
(8.34518 -0.0426225 0)
(8.28786 -0.078184 0)
(8.00413 -0.111509 0)
(7.75035 -0.201068 0)
(6.99727 -0.29388 0)
(6.26351 -0.625946 0)
(4.04641 -0.998039 0)
(2.0061 -1.81882 0)
)
;

boundaryField
{
    movingWall
    {
        type            fixedValue;
        value           uniform (10 0 0);
    }
    fixedWalls
    {
        type            noSlip;
    }
    frontAndBack
    {
        type            empty;
    }
}


// ************************************************************************* //
