/*--------------------------------*- C++ -*----------------------------------*\
| =========                 |                                                 |
| \\      /  F ield         | OpenFOAM: The Open Source CFD Toolbox           |
|  \\    /   O peration     | Version:  4.1                                   |
|   \\  /    A nd           | Web:      www.OpenFOAM.org                      |
|    \\/     M anipulation  |                                                 |
\*---------------------------------------------------------------------------*/
FoamFile
{
    version     2.0;
    format      ascii;
    class       volVectorField;
    location    "0.0134";
    object      U;
}
// * * * * * * * * * * * * * * * * * * * * * * * * * * * * * * * * * * * * * //

dimensions      [0 1 -1 0 0 0 0];

internalField   nonuniform List<vector> 
441
(
(0.00347158 -0.00522785 0)
(0.00757125 -0.00341853 0)
(-0.000855084 -2.6828e-165 0)
(0.00146338 -2.07779e-266 0)
(-0.0120327 -0.00585424 0)
(-0.00146338 -2.50856e-232 0)
(-1.15635e-202 -3.26054e-203 0)
(-8.14893e-204 -3.93337e-228 0)
(-1.29597e-212 -1.64937e-213 0)
(-0.00463426 7.10832e-266 0)
(-0.0539584 0.0185359 0)
(-0.0698827 0.010311 0)
(-0.0816099 0.00523384 0)
(-0.0775024 0.00148477 0)
(-0.071315 -0.000122794 0)
(-0.0577478 -0.00141281 0)
(-0.0443454 -0.0016092 0)
(-0.0280474 -0.0020461 0)
(-0.013826 -0.00108082 0)
(-0.0035139 -0.000422301 0)
(0.00271136 0.00175019 0)
(0.0026263 -0.00555824 0)
(-0.00689599 0.00785108 0)
(-0.0344455 0.00772066 0)
(-0.0622172 0.0127221 0)
(-0.0988656 0.00803075 0)
(-0.127394 -0.00735128 0)
(-0.151364 -0.00107312 0)
(-0.172418 0.000849336 0)
(-0.189782 0.00907745 0)
(-0.209028 0.0477148 0)
(-0.222931 0.0451151 0)
(-0.219903 0.017681 0)
(-0.215732 0.00197721 0)
(-0.196784 -0.0121491 0)
(-0.174834 -0.0196812 0)
(-0.142445 -0.0263248 0)
(-0.109671 -0.0279622 0)
(-0.0725333 -0.0294369 0)
(-0.0396827 -0.023205 0)
(-0.0140022 -0.0168882 0)
(0.00205243 -0.00237643 0)
(0.00581083 -0.0017716 0)
(-0.00918153 0.0331898 0)
(-0.0554137 0.0536238 0)
(-0.107422 0.0626536 0)
(-0.162325 0.0583298 0)
(-0.215659 0.049227 0)
(-0.267238 0.0432294 0)
(-0.302099 0.0371064 0)
(-0.336724 0.0350074 0)
(-0.348188 0.0368772 0)
(-0.337972 0.0301155 0)
(-0.326142 0.00418621 0)
(-0.309308 -0.017429 0)
(-0.280144 -0.03914 0)
(-0.246202 -0.0537849 0)
(-0.200279 -0.0666362 0)
(-0.153735 -0.0706173 0)
(-0.101436 -0.0722664 0)
(-0.0559511 -0.0586474 0)
(-0.0193283 -0.0423755 0)
(0.00303064 -0.00952796 0)
(0.0067077 -0.00226062 0)
(-0.0107665 0.0706878 0)
(-0.0764051 0.106227 0)
(-0.143364 0.12146 0)
(-0.214197 0.116514 0)
(-0.27881 0.0999011 0)
(-0.336268 0.0862764 0)
(-0.380382 0.0709007 0)
(-0.413235 0.0565384 0)
(-0.428012 0.0467883 0)
(-0.42388 0.0227007 0)
(-0.407129 -0.0118103 0)
(-0.383006 -0.0442409 0)
(-0.344311 -0.0759994 0)
(-0.300193 -0.09947 0)
(-0.24231 -0.119779 0)
(-0.184336 -0.126453 0)
(-0.119145 -0.128463 0)
(-0.0640274 -0.104758 0)
(-0.0190249 -0.0770868 0)
(0.00542942 -0.0183694 0)
(6.29318e-165 0.00167693 0)
(-0.0142368 0.115912 0)
(-0.0994193 0.185441 0)
(-0.174417 0.199354 0)
(-0.256917 0.192971 0)
(-0.329223 0.169986 0)
(-0.395457 0.143977 0)
(-0.444772 0.113494 0)
(-0.481911 0.0822218 0)
(-0.497437 0.0482401 0)
(-0.493995 0.00954086 0)
(-0.475845 -0.0363046 0)
(-0.446702 -0.0797052 0)
(-0.401095 -0.121949 0)
(-0.348521 -0.154953 0)
(-0.279165 -0.182818 0)
(-0.210834 -0.192615 0)
(-0.131327 -0.193145 0)
(-0.0678841 -0.157368 0)
(-0.0124839 -0.112342 0)
(0.0119563 -0.0221017 0)
(-5.51815e-266 0.00506395 0)
(-0.0699871 0.174461 0)
(-0.133044 0.264754 0)
(-0.216827 0.280679 0)
(-0.297342 0.271316 0)
(-0.37495 0.239537 0)
(-0.44293 0.2023 0)
(-0.497459 0.157662 0)
(-0.536921 0.109713 0)
(-0.557218 0.0582782 0)
(-0.559111 0.00114562 0)
(-0.542034 -0.0598116 0)
(-0.511236 -0.118973 0)
(-0.459999 -0.175178 0)
(-0.399815 -0.221144 0)
(-0.318846 -0.258993 0)
(-0.239103 -0.273573 0)
(-0.143925 -0.273642 0)
(-0.0701925 -0.222261 0)
(-0.000154387 -0.15964 0)
(0.0167906 -0.0182854 0)
(-0.0202558 0.0755264 0)
(-0.0937936 0.24536 0)
(-0.164562 0.333072 0)
(-0.251093 0.362142 0)
(-0.338236 0.350742 0)
(-0.421086 0.314605 0)
(-0.495508 0.266076 0)
(-0.555767 0.20699 0)
(-0.600967 0.141879 0)
(-0.62636 0.0704097 0)
(-0.632814 -0.00534123 0)
(-0.618035 -0.0842008 0)
(-0.586619 -0.161079 0)
(-0.5309 -0.233635 0)
(-0.463889 -0.294965 0)
(-0.370259 -0.344219 0)
(-0.279522 -0.365733 0)
(-0.164146 -0.363251 0)
(-0.0845115 -0.298674 0)
(0.0123394 -0.200595 0)
(5.32099e-266 -0.00419764 0)
(-0.014378 0.121462 0)
(-0.0842611 0.319809 0)
(-0.175298 0.422883 0)
(-0.274181 0.455314 0)
(-0.372165 0.441895 0)
(-0.464192 0.397438 0)
(-0.545928 0.337505 0)
(-0.614161 0.263324 0)
(-0.666105 0.180678 0)
(-0.699014 0.0898493 0)
(-0.712073 -0.00704888 0)
(-0.701851 -0.106698 0)
(-0.672128 -0.20603 0)
(-0.613919 -0.299222 0)
(-0.540859 -0.381439 0)
(-0.435517 -0.445709 0)
(-0.331324 -0.478452 0)
(-0.198516 -0.472767 0)
(-0.104863 -0.395106 0)
(0.000496802 -0.251969 0)
(1.4829e-24 -2.23506e-24 0)
(-0.0120292 0.171354 0)
(-0.0857909 0.404513 0)
(-0.191221 0.521985 0)
(-0.301999 0.55759 0)
(-0.412661 0.540049 0)
(-0.514873 0.487356 0)
(-0.606095 0.415641 0)
(-0.683292 0.326579 0)
(-0.743571 0.226688 0)
(-0.785143 0.116147 0)
(-0.805846 -0.00215142 0)
(-0.802386 -0.124282 0)
(-0.776499 -0.248176 0)
(-0.718373 -0.365275 0)
(-0.640779 -0.47179 0)
(-0.52337 -0.55479 0)
(-0.403962 -0.599888 0)
(-0.246715 -0.591919 0)
(-0.134604 -0.492725 0)
(-0.00252087 -0.309581 0)
(5.89175e-77 -3.70725e-25 0)
(-0.0104903 0.220271 0)
(-0.0864879 0.50069 0)
(-0.204706 0.6403 0)
(-0.327492 0.677742 0)
(-0.450832 0.655774 0)
(-0.564096 0.591423 0)
(-0.664879 0.506666 0)
(-0.751894 0.400985 0)
(-0.821038 0.282939 0)
(-0.872863 0.151922 0)
(-0.903161 0.0102716 0)
(-0.909558 -0.136763 0)
(-0.891176 -0.290159 0)
(-0.837188 -0.436535 0)
(-0.758145 -0.576442 0)
(-0.630052 -0.685642 0)
(-0.493216 -0.754297 0)
(-0.306742 -0.747627 0)
(-0.169351 -0.636279 0)
(-0.0063747 -0.395797 0)
(1.57162e-164 -1.47294e-77 0)
(-0.0112528 0.265478 0)
(-0.0950604 0.597062 0)
(-0.228655 0.761233 0)
(-0.365257 0.801911 0)
(-0.501677 0.775568 0)
(-0.626009 0.70002 0)
(-0.735536 0.602906 0)
(-0.831807 0.48194 0)
(-0.909074 0.347581 0)
(-0.971782 0.198002 0)
(-1.01275 0.0349295 0)
(-1.03282 -0.136241 0)
(-1.02629 -0.319537 0)
(-0.983533 -0.498432 0)
(-0.908611 -0.676895 0)
(-0.775343 -0.82075 0)
(-0.620816 -0.919269 0)
(-0.403087 -0.918657 0)
(-0.231255 -0.784978 0)
(-0.0571263 -0.485438 0)
(6.34678e-266 0.0067737 0)
(-0.0132152 0.327918 0)
(-0.104899 0.720395 0)
(-0.253439 0.912489 0)
(-0.402952 0.951965 0)
(-0.550723 0.918286 0)
(-0.684595 0.825893 0)
(-0.80074 0.713677 0)
(-0.904723 0.574754 0)
(-0.988638 0.423443 0)
(-1.062 0.255475 0)
(-1.11468 0.0711703 0)
(-1.15167 -0.12385 0)
(-1.16281 -0.340119 0)
(-1.1393 -0.555849 0)
(-1.07824 -0.785578 0)
(-0.946998 -0.977131 0)
(-0.776797 -1.12713 0)
(-0.512667 -1.14412 0)
(-0.282693 -0.980748 0)
(-0.0396885 -0.636755 0)
(0.0270948 -0.0596241 0)
(-0.0183072 0.379436 0)
(-0.125687 0.834385 0)
(-0.297168 1.05661 0)
(-0.463368 1.09614 0)
(-0.621438 1.05568 0)
(-0.762865 0.94782 0)
(-0.880445 0.82236 0)
(-0.988163 0.668693 0)
(-1.0736 0.504727 0)
(-1.15534 0.323867 0)
(-1.21788 0.12496 0)
(-1.27528 -0.087565 0)
(-1.30893 -0.330794 0)
(-1.31779 -0.582244 0)
(-1.2836 -0.866717 0)
(-1.17299 -1.12239 0)
(-0.998501 -1.34914 0)
(-0.676723 -1.41546 0)
(-0.379816 -1.25149 0)
(0.0406158 -0.79772 0)
(1.47163e-231 -0.0067737 0)
(-0.0251877 0.474982 0)
(-0.148678 1.00255 0)
(-0.341377 1.25428 0)
(-0.521381 1.27768 0)
(-0.685207 1.22121 0)
(-0.829524 1.08557 0)
(-0.94309 0.941135 0)
(-1.04913 0.768209 0)
(-1.13054 0.591368 0)
(-1.2155 0.399815 0)
(-1.28412 0.190492 0)
(-1.36003 -0.0330753 0)
(-1.41945 -0.299464 0)
(-1.46923 -0.582244 0)
(-1.48134 -0.933241 0)
(-1.4192 -1.26581 0)
(-1.27526 -1.62674 0)
(-0.936443 -1.7732 0)
(-0.56589 -1.6963 0)
(-0.00177929 -1.03916 0)
(3.47283e-202 3.08311e-184 0)
(-0.0433644 0.545987 0)
(-0.200847 1.14443 0)
(-0.427074 1.42513 0)
(-0.623988 1.43428 0)
(-0.783125 1.36188 0)
(-0.920823 1.20202 0)
(-1.01408 1.0413 0)
(-1.10595 0.854528 0)
(-1.16838 0.670996 0)
(-1.24595 0.477558 0)
(-1.30871 0.269687 0)
(-1.39829 0.0492992 0)
(-1.47724 -0.220661 0)
(-1.57895 -0.517776 0)
(-1.64583 -0.913482 0)
(-1.67826 -1.32647 0)
(-1.59465 -1.82367 0)
(-1.30752 -2.1293 0)
(-0.860716 -2.17 0)
(-0.00302185 -1.3797 0)
(1.23324e-183 2.56208e-184 0)
(-0.0638808 0.726835 0)
(-0.253308 1.39071 0)
(-0.499992 1.6866 0)
(-0.699804 1.63509 0)
(-0.838781 1.52491 0)
(-0.954458 1.31704 0)
(-1.01286 1.13012 0)
(-1.07511 0.922828 0)
(-1.10362 0.732474 0)
(-1.1566 0.540527 0)
(-1.1963 0.341405 0)
(-1.27837 0.136043 0)
(-1.35901 -0.122982 0)
(-1.49157 -0.412832 0)
(-1.6139 -0.841354 0)
(-1.74806 -1.31651 0)
(-1.80075 -2.0097 0)
(-1.6616 -2.51363 0)
(-1.32271 -3.02315 0)
(-0.376384 -1.93126 0)
(3.17737e-254 -3.08311e-184 0)
(-0.129478 0.848281 0)
(-0.392197 1.56701 0)
(-0.648944 1.86533 0)
(-0.829528 1.76262 0)
(-0.890662 1.61474 0)
(-0.942261 1.37037 0)
(-0.915811 1.16192 0)
(-0.912961 0.943314 0)
(-0.872413 0.752753 0)
(-0.874625 0.571081 0)
(-0.863152 0.391497 0)
(-0.916359 0.215353 0)
(-0.967098 -0.00734863 0)
(-1.1171 -0.25694 0)
(-1.25838 -0.65429 0)
(-1.54108 -1.13164 0)
(-1.72574 -1.89497 0)
(-2.04453 -2.60755 0)
(-1.84544 -3.39726 0)
(-1.80279 -2.75842 0)
(-2.14506e-264 -0.185208 0)
(-0.181956 1.26887 0)
(-0.471812 1.91413 0)
(-0.658225 2.14546 0)
(-0.744735 1.87691 0)
(-0.669748 1.65118 0)
(-0.60361 1.34194 0)
(-0.456424 1.10734 0)
(-0.354745 0.879531 0)
(-0.221395 0.695866 0)
(-0.147549 0.532213 0)
(-0.0627606 0.381053 0)
(-0.0547896 0.242399 0)
(-0.0423311 0.0711128 0)
(-0.145631 -0.116403 0)
(-0.250377 -0.431745 0)
(-0.547876 -0.836978 0)
(-0.836793 -1.53687 0)
(-1.37119 -2.35851 0)
(-1.63491 -3.34804 0)
(-1.85626 -3.66952 0)
(-0.740831 -2.00065 0)
(-0.396237 1.46672 0)
(-0.733921 2.014 0)
(-0.589024 2.13158 0)
(-0.413477 1.7573 0)
(-0.00465133 1.47466 0)
(0.282976 1.14976 0)
(0.637011 0.915344 0)
(0.880165 0.706652 0)
(1.13487 0.547175 0)
(1.2959 0.414659 0)
(1.45968 0.299183 0)
(1.52692 0.201041 0)
(1.60648 0.0828943 0)
(1.54865 -0.037046 0)
(1.51491 -0.252708 0)
(1.22765 -0.524066 0)
(0.966338 -1.0698 0)
(0.254842 -1.77227 0)
(-0.280226 -2.90464 0)
(-1.00726 -3.5863 0)
(-0.679799 -2.8025 0)
(-0.247157 2.46048 0)
(-0.0657505 2.10135 0)
(0.715846 1.87637 0)
(1.31084 1.28688 0)
(2.02676 0.97768 0)
(2.51737 0.696783 0)
(3.00543 0.519229 0)
(3.3366 0.380382 0)
(3.64807 0.282541 0)
(3.84896 0.208341 0)
(4.04235 0.148137 0)
(4.13778 0.0995056 0)
(4.24727 0.0429806 0)
(4.22845 -0.0155255 0)
(4.24485 -0.124135 0)
(4.02332 -0.268556 0)
(3.8312 -0.592032 0)
(3.13161 -1.0744 0)
(2.4016 -2.13994 0)
(0.876476 -3.22679 0)
(-0.0481409 -3.76465 0)
(1.67533 1.6783 0)
(2.74146 0.985587 0)
(4.60341 0.755067 0)
(5.43492 0.422344 0)
(6.2635 0.277029 0)
(6.70932 0.163101 0)
(7.1062 0.103612 0)
(7.33807 0.0632128 0)
(7.54307 0.0392834 0)
(7.66054 0.0234117 0)
(7.77315 0.0119363 0)
(7.8183 0.00295104 0)
(7.87818 -0.00860961 0)
(7.84743 -0.0209872 0)
(7.85051 -0.0495855 0)
(7.66416 -0.0821826 0)
(7.52143 -0.177987 0)
(6.87577 -0.285878 0)
(6.21093 -0.638941 0)
(4.0307 -1.0255 0)
(2.02687 -1.85826 0)
)
;

boundaryField
{
    movingWall
    {
        type            fixedValue;
        value           uniform (10 0 0);
    }
    fixedWalls
    {
        type            noSlip;
    }
    frontAndBack
    {
        type            empty;
    }
}


// ************************************************************************* //
