/*--------------------------------*- C++ -*----------------------------------*\
| =========                 |                                                 |
| \\      /  F ield         | OpenFOAM: The Open Source CFD Toolbox           |
|  \\    /   O peration     | Version:  4.1                                   |
|   \\  /    A nd           | Web:      www.OpenFOAM.org                      |
|    \\/     M anipulation  |                                                 |
\*---------------------------------------------------------------------------*/
FoamFile
{
    version     2.0;
    format      ascii;
    class       volVectorField;
    location    "0.0166";
    object      U;
}
// * * * * * * * * * * * * * * * * * * * * * * * * * * * * * * * * * * * * * //

dimensions      [0 1 -1 0 0 0 0];

internalField   nonuniform List<vector> 
441
(
(0.00340878 -0.00502128 0)
(0.00775707 -0.00317528 0)
(-0.000794136 -2.53087e-165 0)
(0.00148915 -2.18615e-266 0)
(-0.0112801 -0.00595721 0)
(-0.00148915 -2.50612e-232 0)
(-1.12807e-202 -3.40933e-203 0)
(-8.52108e-204 -4.13371e-228 0)
(-1.29642e-212 -1.72024e-213 0)
(-0.0046105 7.06018e-266 0)
(-0.0539288 0.0184419 0)
(-0.0695617 0.0101989 0)
(-0.0809647 0.00515348 0)
(-0.0762578 0.00137578 0)
(-0.0693886 -0.000213699 0)
(-0.0550717 -0.00150848 0)
(-0.0411019 -0.00160396 0)
(-0.0248005 -0.00194042 0)
(-0.0111283 -0.000805919 0)
(-0.00223809 -0.000124619 0)
(0.00294094 0.00191586 0)
(0.00274085 -0.00590232 0)
(-0.00570561 0.00744891 0)
(-0.0323953 0.00771344 0)
(-0.0602151 0.0121894 0)
(-0.097572 0.00819898 0)
(-0.127498 -0.00666302 0)
(-0.152919 -0.000958648 0)
(-0.175313 0.000892404 0)
(-0.193853 0.00912963 0)
(-0.213827 0.0476855 0)
(-0.228074 0.0449271 0)
(-0.224725 0.0171517 0)
(-0.219679 0.00114896 0)
(-0.199117 -0.0133725 0)
(-0.175175 -0.0210119 0)
(-0.140577 -0.0276056 0)
(-0.105945 -0.0285222 0)
(-0.0680103 -0.0290276 0)
(-0.0355526 -0.0214739 0)
(-0.0119037 -0.0146959 0)
(0.00242651 -0.00103285 0)
(0.0058812 -0.00279579 0)
(-0.00836547 0.0315257 0)
(-0.0538993 0.0529117 0)
(-0.106991 0.0633536 0)
(-0.164469 0.0603437 0)
(-0.220563 0.0520572 0)
(-0.275331 0.0459666 0)
(-0.313207 0.0395385 0)
(-0.350292 0.036879 0)
(-0.36333 0.0378947 0)
(-0.353796 0.0300579 0)
(-0.341394 0.0028397 0)
(-0.322972 -0.0199706 0)
(-0.290964 -0.042893 0)
(-0.253493 -0.0580412 0)
(-0.20358 -0.0708403 0)
(-0.153466 -0.0732379 0)
(-0.0988877 -0.072606 0)
(-0.0527327 -0.0559422 0)
(-0.0175679 -0.03835 0)
(0.0034044 -0.00694088 0)
(0.00643153 -0.0035226 0)
(-0.0113657 0.068812 0)
(-0.077565 0.106557 0)
(-0.147177 0.124616 0)
(-0.222225 0.122025 0)
(-0.291542 0.10653 0)
(-0.353862 0.0926569 0)
(-0.402247 0.0764357 0)
(-0.438591 0.0606839 0)
(-0.45553 0.0490157 0)
(-0.452327 0.0226554 0)
(-0.434745 -0.0145277 0)
(-0.408345 -0.0494699 0)
(-0.365603 -0.0836449 0)
(-0.316443 -0.108286 0)
(-0.252729 -0.128676 0)
(-0.189365 -0.132822 0)
(-0.120176 -0.131042 0)
(-0.0629772 -0.102196 0)
(-0.0184419 -0.072051 0)
(0.00562246 -0.0148836 0)
(6.17749e-165 0.00160788 0)
(-0.015259 0.115134 0)
(-0.102548 0.187961 0)
(-0.182057 0.206903 0)
(-0.270687 0.203891 0)
(-0.349507 0.182351 0)
(-0.422237 0.155826 0)
(-0.477149 0.123642 0)
(-0.518821 0.0897421 0)
(-0.537171 0.0523069 0)
(-0.534978 0.00960063 0)
(-0.51584 -0.0408046 0)
(-0.483901 -0.0885341 0)
(-0.433165 -0.134849 0)
(-0.374142 -0.170035 0)
(-0.29707 -0.198314 0)
(-0.221463 -0.204575 0)
(-0.136071 -0.199629 0)
(-0.0690822 -0.156244 0)
(-0.0131727 -0.107498 0)
(0.0120081 -0.0187781 0)
(-5.3026e-266 0.00494857 0)
(-0.0699976 0.175638 0)
(-0.137521 0.271712 0)
(-0.227303 0.294449 0)
(-0.315825 0.289463 0)
(-0.401504 0.259152 0)
(-0.477449 0.22079 0)
(-0.53876 0.173313 0)
(-0.583837 0.12125 0)
(-0.607777 0.0645621 0)
(-0.611561 0.0014045 0)
(-0.593737 -0.0663541 0)
(-0.560068 -0.132076 0)
(-0.502978 -0.194473 0)
(-0.435206 -0.244066 0)
(-0.344658 -0.282981 0)
(-0.255701 -0.293034 0)
(-0.152551 -0.285739 0)
(-0.0738352 -0.223673 0)
(-0.00280462 -0.155879 0)
(0.0163285 -0.0153527 0)
(-0.0197943 0.0752265 0)
(-0.0942399 0.249189 0)
(-0.170055 0.345961 0)
(-0.263846 0.383704 0)
(-0.360173 0.377695 0)
(-0.452385 0.342979 0)
(-0.536039 0.292654 0)
(-0.604354 0.229502 0)
(-0.656474 0.158669 0)
(-0.686739 0.0799732 0)
(-0.696259 -0.00409698 0)
(-0.681572 -0.0923735 0)
(-0.64782 -0.17857 0)
(-0.58598 -0.260065 0)
(-0.510526 -0.327138 0)
(-0.405303 -0.378642 0)
(-0.303018 -0.394786 0)
(-0.176656 -0.382827 0)
(-0.089853 -0.303431 0)
(0.00959905 -0.198983 0)
(5.29046e-266 -0.00408213 0)
(-0.014006 0.121302 0)
(-0.0853627 0.326941 0)
(-0.181766 0.442106 0)
(-0.288573 0.485497 0)
(-0.396607 0.478555 0)
(-0.499008 0.43561 0)
(-0.591193 0.373274 0)
(-0.668853 0.293919 0)
(-0.729341 0.204031 0)
(-0.768844 0.104036 0)
(-0.786814 -0.0035799 0)
(-0.778288 -0.115548 0)
(-0.747572 -0.227511 0)
(-0.683639 -0.333199 0)
(-0.601725 -0.424302 0)
(-0.48264 -0.493031 0)
(-0.36407 -0.520326 0)
(-0.21578 -0.503238 0)
(-0.111979 -0.406169 0)
(-1.89839e-05 -0.253645 0)
(1.58548e-24 -2.04201e-24 0)
(-0.0117967 0.171749 0)
(-0.0872359 0.415218 0)
(-0.198199 0.548105 0)
(-0.317364 0.597112 0)
(-0.438683 0.587382 0)
(-0.552185 0.536519 0)
(-0.655068 0.462076 0)
(-0.743272 0.367024 0)
(-0.814084 0.258634 0)
(-0.864547 0.13717 0)
(-0.89277 0.0057613 0)
(-0.89354 -0.131821 0)
(-0.869055 -0.272282 0)
(-0.806594 -0.406422 0)
(-0.720569 -0.526426 0)
(-0.5875 -0.617579 0)
(-0.450549 -0.65861 0)
(-0.272178 -0.63746 0)
(-0.145561 -0.513884 0)
(-0.00273345 -0.315477 0)
(6.35767e-77 -3.9637e-25 0)
(-0.0102932 0.221274 0)
(-0.0880071 0.515018 0)
(-0.211776 0.67338 0)
(-0.343178 0.726917 0)
(-0.477629 0.714321 0)
(-0.602982 0.652484 0)
(-0.716664 0.565069 0)
(-0.816417 0.45306 0)
(-0.89842 0.325723 0)
(-0.961976 0.182455 0)
(-1.00319 0.0255494 0)
(-1.01741 -0.140068 0)
(-1.00412 -0.314452 0)
(-0.948637 -0.483452 0)
(-0.862883 -0.643224 0)
(-0.718008 -0.766521 0)
(-0.560152 -0.8346 0)
(-0.34532 -0.814285 0)
(-0.186544 -0.672144 0)
(-0.00571373 -0.409122 0)
(1.71962e-164 -1.58942e-77 0)
(-0.0110667 0.267166 0)
(-0.0964212 0.615047 0)
(-0.235391 0.801472 0)
(-0.380612 0.861131 0)
(-0.528373 0.846052 0)
(-0.665436 0.77412 0)
(-0.789002 0.674949 0)
(-0.899783 0.547926 0)
(-0.992403 0.40413 0)
(-1.07007 0.241609 0)
(-1.12601 0.0616545 0)
(-1.15854 -0.13095 0)
(-1.16226 -0.339889 0)
(-1.12267 -0.547965 0)
(-1.04484 -0.754797 0)
(-0.895179 -0.921734 0)
(-0.716989 -1.0271 0)
(-0.461847 -1.0146 0)
(-0.259668 -0.844893 0)
(-0.0566159 -0.5093 0)
(8.51075e-266 0.00782887 0)
(-0.0130012 0.330036 0)
(-0.105924 0.741611 0)
(-0.259415 0.95948 0)
(-0.417223 1.02102 0)
(-0.576223 1.00081 0)
(-0.723125 0.913627 0)
(-0.854165 0.800558 0)
(-0.974187 0.656592 0)
(-1.07579 0.496513 0)
(-1.16732 0.315835 0)
(-1.23924 0.113913 0)
(-1.29396 -0.104564 0)
(-1.32169 -0.350825 0)
(-1.30795 -0.602712 0)
(-1.25015 -0.871374 0)
(-1.10576 -1.09859 0)
(-0.910787 -1.26813 0)
(-0.601205 -1.27965 0)
(-0.327721 -1.07494 0)
(-0.0455145 -0.68022 0)
(0.0313155 -0.0575174 0)
(-0.0180816 0.381919 0)
(-0.126257 0.858569 0)
(-0.301941 1.11006 0)
(-0.47562 1.17485 0)
(-0.644202 1.15038 0)
(-0.798298 1.04978 0)
(-0.930888 0.925293 0)
(-1.05537 0.768326 0)
(-1.15989 0.597121 0)
(-1.26209 0.404788 0)
(-1.34719 0.188701 0)
(-1.42701 -0.0480775 0)
(-1.48343 -0.324597 0)
(-1.50948 -0.618935 0)
(-1.4866 -0.954118 0)
(-1.3689 -1.2618 0)
(-1.17246 -1.52683 0)
(-0.798102 -1.60147 0)
(-0.446637 -1.39382 0)
(0.0370231 -0.871599 0)
(1.61921e-231 -0.00782887 0)
(-0.0249193 0.47738 0)
(-0.148504 1.0287 0)
(-0.344084 1.31285 0)
(-0.529897 1.36461 0)
(-0.702462 1.3268 0)
(-0.857836 1.20085 0)
(-0.985071 1.05968 0)
(-1.10683 0.885762 0)
(-1.20661 0.70389 0)
(-1.31177 0.50304 0)
(-1.40341 0.278187 0)
(-1.5034 0.0312294 0)
(-1.58894 -0.270082 0)
(-1.66134 -0.600819 0)
(-1.69237 -1.0144 0)
(-1.63156 -1.41683 0)
(-1.47374 -1.8418 0)
(-1.08369 -2.01757 0)
(-0.653625 -1.90775 0)
(-0.00271824 -1.1519 0)
(4.01435e-202 3.47711e-184 0)
(-0.043069 0.548037 0)
(-0.19959 1.17159 0)
(-0.426475 1.48727 0)
(-0.62611 1.52751 0)
(-0.790359 1.47634 0)
(-0.93524 1.32866 0)
(-1.03808 1.1736 0)
(-1.14135 0.988192 0)
(-1.21743 0.801934 0)
(-1.3103 0.601621 0)
(-1.391 0.380553 0)
(-1.50032 0.138846 0)
(-1.602 -0.165571 0)
(-1.72611 -0.513136 0)
(-1.81495 -0.980038 0)
(-1.85822 -1.47885 0)
(-1.77454 -2.06529 0)
(-1.45399 -2.4279 0)
(-0.960901 -2.45729 0)
(-0.00462934 -1.54467 0)
(1.39085e-183 3.13507e-184 0)
(-0.0634289 0.727631 0)
(-0.249982 1.41648 0)
(-0.493541 1.74846 0)
(-0.690723 1.72973 0)
(-0.828373 1.64269 0)
(-0.943949 1.44897 0)
(-1.00386 1.26956 0)
(-1.06854 1.06534 0)
(-1.10064 0.873889 0)
(-1.15787 0.676914 0)
(-1.20334 0.466731 0)
(-1.29264 0.24273 0)
(-1.38365 -0.0484071 0)
(-1.52901 -0.38706 0)
(-1.66877 -0.889214 0)
(-1.81963 -1.45665 0)
(-1.8913 -2.25715 0)
(-1.75363 -2.83883 0)
(-1.41088 -3.37951 0)
(-0.399687 -2.14847 0)
(3.55149e-254 -3.47711e-184 0)
(-0.128906 0.846625 0)
(-0.386383 1.58823 0)
(-0.63467 1.92184 0)
(-0.804755 1.85197 0)
(-0.8547 1.72789 0)
(-0.894872 1.49852 0)
(-0.857184 1.29828 0)
(-0.842813 1.08312 0)
(-0.790472 0.891681 0)
(-0.780559 0.70531 0)
(-0.757006 0.515558 0)
(-0.799297 0.322661 0)
(-0.841371 0.0712567 0)
(-0.988431 -0.221858 0)
(-1.13462 -0.685767 0)
(-1.43725 -1.24798 0)
(-1.6556 -2.11333 0)
(-2.03052 -2.90928 0)
(-1.87722 -3.74604 0)
(-1.88881 -3.0188 0)
(-2.23759e-264 -0.192831 0)
(-0.181424 1.26336 0)
(-0.464161 1.92621 0)
(-0.636731 2.18843 0)
(-0.704203 1.94987 0)
(-0.606721 1.7464 0)
(-0.515877 1.45125 0)
(-0.342477 1.22408 0)
(-0.213297 0.998811 0)
(-0.0513419 0.81346 0)
(0.0516808 0.644546 0)
(0.165833 0.483567 0)
(0.201711 0.329839 0)
(0.239416 0.134507 0)
(0.154171 -0.087885 0)
(0.0566451 -0.453898 0)
(-0.254231 -0.921953 0)
(-0.58197 -1.6934 0)
(-1.19196 -2.57855 0)
(-1.55031 -3.60448 0)
(-1.87826 -3.9103 0)
(-0.771325 -2.096 0)
(-0.396708 1.4571 0)
(-0.730226 2.01444 0)
(-0.571152 2.1555 0)
(-0.37259 1.80529 0)
(0.0665523 1.54084 0)
(0.389036 1.22717 0)
(0.781215 0.998235 0)
(1.06426 0.790583 0)
(1.35987 0.628618 0)
(1.56143 0.490658 0)
(1.7647 0.366395 0)
(1.86817 0.255674 0)
(1.97951 0.118956 0)
(1.94397 -0.0263958 0)
(1.92031 -0.2767 0)
(1.6213 -0.587249 0)
(1.32463 -1.17276 0)
(0.542566 -1.90393 0)
(-0.0888531 -3.05294 0)
(-0.931423 -3.72852 0)
(-0.683967 -2.86817 0)
(-0.249047 2.45195 0)
(-0.0712322 2.09519 0)
(0.716687 1.88207 0)
(1.32954 1.30617 0)
(2.07359 1.00738 0)
(2.59872 0.732657 0)
(3.12546 0.557628 0)
(3.49679 0.418561 0)
(3.84842 0.318528 0)
(4.08782 0.240525 0)
(4.31677 0.174999 0)
(4.4431 0.119132 0)
(4.57669 0.0528616 0)
(4.57198 -0.0185995 0)
(4.58862 -0.143407 0)
(4.34894 -0.305235 0)
(4.1186 -0.641983 0)
(3.36092 -1.1277 0)
(2.55961 -2.1863 0)
(0.951923 -3.27069 0)
(-0.0433556 -3.78684 0)
(1.67321 1.67583 0)
(2.73294 0.983127 0)
(4.593 0.754263 0)
(5.43079 0.423643 0)
(6.27291 0.279929 0)
(6.73691 0.166792 0)
(7.15435 0.107419 0)
(7.40719 0.0666904 0)
(7.6323 0.0421518 0)
(7.76806 0.0254988 0)
(7.89629 0.0130641 0)
(7.95358 0.00293881 0)
(8.02085 -0.0101286 0)
(7.99119 -0.0242222 0)
(7.98724 -0.054959 0)
(7.78388 -0.0890864 0)
(7.61536 -0.185423 0)
(6.93846 -0.290958 0)
(6.24657 -0.638557 0)
(4.04611 -1.01952 0)
(2.02428 -1.84844 0)
)
;

boundaryField
{
    movingWall
    {
        type            fixedValue;
        value           uniform (10 0 0);
    }
    fixedWalls
    {
        type            noSlip;
    }
    frontAndBack
    {
        type            empty;
    }
}


// ************************************************************************* //
