/*--------------------------------*- C++ -*----------------------------------*\
| =========                 |                                                 |
| \\      /  F ield         | OpenFOAM: The Open Source CFD Toolbox           |
|  \\    /   O peration     | Version:  4.1                                   |
|   \\  /    A nd           | Web:      www.OpenFOAM.org                      |
|    \\/     M anipulation  |                                                 |
\*---------------------------------------------------------------------------*/
FoamFile
{
    version     2.0;
    format      ascii;
    class       volVectorField;
    location    "0.0987";
    object      U;
}
// * * * * * * * * * * * * * * * * * * * * * * * * * * * * * * * * * * * * * //

dimensions      [0 1 -1 0 0 0 0];

internalField   nonuniform List<vector> 
441
(
(0.00381865 -0.00489218 0)
(0.0100133 -0.00254072 0)
(-0.000635179 -2.22049e-165 0)
(0.00201086 -3.42398e-266 0)
(-0.00837159 -0.00804368 0)
(-0.00201086 -3.12011e-232 0)
(-1.15712e-202 -5.76775e-203 0)
(-1.44188e-203 -7.57423e-228 0)
(-1.76003e-212 -3.30745e-213 0)
(-0.00628501 9.31526e-266 0)
(-0.0770968 0.0251408 0)
(-0.0966823 0.0131113 0)
(-0.108637 0.00596334 0)
(-0.0951969 0.000344712 0)
(-0.0778644 -0.00174212 0)
(-0.0513091 -0.00310615 0)
(-0.0285632 -0.00219189 0)
(-0.0085235 -0.00157495 0)
(0.0034103 0.000830592 0)
(0.00485613 0.00161008 0)
(0.00465112 0.00307147 0)
(0.0039698 -0.0087564 0)
(-0.000702988 0.00691586 0)
(-0.0276929 0.00868383 0)
(-0.0603805 0.0108333 0)
(-0.109295 0.0111599 0)
(-0.155768 -0.00315052 0)
(-0.19963 -0.000127635 0)
(-0.241907 0.00172222 0)
(-0.279404 0.0135786 0)
(-0.31703 0.0686566 0)
(-0.342348 0.0630019 0)
(-0.336001 0.018869 0)
(-0.319901 -0.00808882 0)
(-0.275649 -0.0319248 0)
(-0.223793 -0.0423588 0)
(-0.158934 -0.0475427 0)
(-0.100562 -0.0404291 0)
(-0.0490547 -0.0316913 0)
(-0.0146894 -0.0136817 0)
(-0.00061985 -0.00356943 0)
(0.00506211 0.00666361 0)
(0.00783295 -0.00865982 0)
(-0.00516294 0.0287347 0)
(-0.0554005 0.0582746 0)
(-0.123979 0.0789688 0)
(-0.208135 0.0861345 0)
(-0.295319 0.0860758 0)
(-0.389203 0.0831395 0)
(-0.465869 0.0771865 0)
(-0.540897 0.0722361 0)
(-0.577593 0.0676589 0)
(-0.573128 0.0450629 0)
(-0.553746 -0.00803936 0)
(-0.514617 -0.0536917 0)
(-0.446382 -0.0955454 0)
(-0.365235 -0.117471 0)
(-0.267677 -0.126623 0)
(-0.177495 -0.110867 0)
(-0.0954974 -0.0879754 0)
(-0.03818 -0.0464897 0)
(-0.00780154 -0.018595 0)
(0.00649865 0.00789177 0)
(0.00648278 -0.0117826 0)
(-0.0168785 0.0719611 0)
(-0.100173 0.127433 0)
(-0.198849 0.166086 0)
(-0.315341 0.182866 0)
(-0.432817 0.180762 0)
(-0.548667 0.172218 0)
(-0.649059 0.15437 0)
(-0.731426 0.127873 0)
(-0.779723 0.0981017 0)
(-0.788816 0.0388683 0)
(-0.76349 -0.040812 0)
(-0.710851 -0.115644 0)
(-0.621112 -0.182535 0)
(-0.513641 -0.220929 0)
(-0.384002 -0.236871 0)
(-0.261868 -0.212054 0)
(-0.147256 -0.172723 0)
(-0.0649421 -0.100481 0)
(-0.0158585 -0.0496497 0)
(0.00809709 0.00575074 0)
(7.09655e-165 0.0016207 0)
(-0.0257126 0.134923 0)
(-0.14609 0.239428 0)
(-0.26975 0.292613 0)
(-0.416899 0.318926 0)
(-0.560095 0.317454 0)
(-0.702565 0.297969 0)
(-0.823265 0.25877 0)
(-0.923102 0.202105 0)
(-0.981753 0.12579 0)
(-0.998687 0.0292385 0)
(-0.974435 -0.085732 0)
(-0.913653 -0.195301 0)
(-0.807396 -0.293133 0)
(-0.676003 -0.353496 0)
(-0.512832 -0.379342 0)
(-0.356355 -0.346108 0)
(-0.202205 -0.286074 0)
(-0.0921458 -0.176142 0)
(-0.0187778 -0.0925415 0)
(0.0147109 0.00091395 0)
(-5.75044e-266 0.00597545 0)
(-0.092832 0.222977 0)
(-0.204285 0.369346 0)
(-0.35284 0.438793 0)
(-0.51398 0.473027 0)
(-0.679006 0.467523 0)
(-0.838219 0.436024 0)
(-0.978482 0.375171 0)
(-1.0937 0.287288 0)
(-1.16987 0.17288 0)
(-1.20432 0.0318567 0)
(-1.1885 -0.12691 0)
(-1.12865 -0.282448 0)
(-1.01116 -0.42189 0)
(-0.859233 -0.515074 0)
(-0.661581 -0.559112 0)
(-0.466878 -0.521637 0)
(-0.266617 -0.440184 0)
(-0.12332 -0.281876 0)
(-0.0216511 -0.159789 0)
(0.0161384 0.00306709 0)
(-0.0239018 0.0977554 0)
(-0.129468 0.335503 0)
(-0.2576 0.49979 0)
(-0.420825 0.600367 0)
(-0.601383 0.644181 0)
(-0.785142 0.640118 0)
(-0.964857 0.596533 0)
(-1.12523 0.513245 0)
(-1.26153 0.393211 0)
(-1.35838 0.236147 0)
(-1.4131 0.0483556 0)
(-1.41243 -0.16173 0)
(-1.3606 -0.371639 0)
(-1.23873 -0.563566 0)
(-1.07123 -0.701625 0)
(-0.838517 -0.773705 0)
(-0.603281 -0.73879 0)
(-0.343667 -0.63221 0)
(-0.164427 -0.417789 0)
(-0.00840079 -0.233904 0)
(6.00554e-266 -0.0040346 0)
(-0.0176587 0.161863 0)
(-0.123918 0.457855 0)
(-0.280891 0.661213 0)
(-0.464841 0.783336 0)
(-0.665306 0.837505 0)
(-0.868074 0.831248 0)
(-1.06605 0.776382 0)
(-1.24725 0.671692 0)
(-1.40555 0.52086 0)
(-1.52756 0.323867 0)
(-1.60858 0.0863459 0)
(-1.63113 -0.180522 0)
(-1.59717 -0.45562 0)
(-1.4809 -0.71358 0)
(-1.30612 -0.914625 0)
(-1.04342 -1.0314 0)
(-0.765808 -1.01487 0)
(-0.442015 -0.885593 0)
(-0.212867 -0.612464 0)
(-0.00386292 -0.333908 0)
(2.64972e-24 -1.04601e-24 0)
(-0.01566 0.235543 0)
(-0.127101 0.59679 0)
(-0.300441 0.83898 0)
(-0.498736 0.982807 0)
(-0.714892 1.04597 0)
(-0.93222 1.03913 0)
(-1.14613 0.974697 0)
(-1.3457 0.851514 0)
(-1.52562 0.673226 0)
(-1.67352 0.438501 0)
(-1.78343 0.15252 0)
(-1.83579 -0.173698 0)
(-1.82903 -0.520396 0)
(-1.73084 -0.856008 0)
(-1.56172 -1.13692 0)
(-1.27962 -1.31742 0)
(-0.965175 -1.33652 0)
(-0.572764 -1.19076 0)
(-0.284403 -0.848004 0)
(-0.00509053 -0.454981 0)
(1.07571e-76 -6.62431e-25 0)
(-0.0134945 0.305162 0)
(-0.123562 0.74436 0)
(-0.305157 1.03351 0)
(-0.510813 1.19831 0)
(-0.735414 1.27133 0)
(-0.960946 1.26237 0)
(-1.18381 1.19004 0)
(-1.39615 1.05072 0)
(-1.59255 0.848853 0)
(-1.76381 0.580949 0)
(-1.90252 0.248971 0)
(-1.98905 -0.136107 0)
(-2.01828 -0.559845 0)
(-1.95221 -0.983586 0)
(-1.8055 -1.36496 0)
(-1.52186 -1.63413 0)
(-1.18225 -1.72022 0)
(-0.724502 -1.57708 0)
(-0.368982 -1.17439 0)
(-0.00738898 -0.634088 0)
(2.98673e-164 -2.68927e-77 0)
(-0.0133191 0.36905 0)
(-0.12298 0.886653 0)
(-0.307937 1.22382 0)
(-0.51456 1.4107 0)
(-0.73898 1.4943 0)
(-0.963385 1.48541 0)
(-1.18463 1.40873 0)
(-1.39921 1.25873 0)
(-1.60146 1.04047 0)
(-1.78757 0.747626 0)
(-1.94866 0.378406 0)
(-2.06901 -0.058321 0)
(-2.13921 -0.555129 0)
(-2.11965 -1.06972 0)
(-2.01587 -1.56376 0)
(-1.75787 -1.94461 0)
(-1.41828 -2.12886 0)
(-0.915082 -2.01267 0)
(-0.493905 -1.55317 0)
(-0.0823713 -0.83762 0)
(1.79855e-265 0.0134162 0)
(-0.0136117 0.442334 0)
(-0.117828 1.04115 0)
(-0.297929 1.42654 0)
(-0.495636 1.63002 0)
(-0.708047 1.72127 0)
(-0.918757 1.70796 0)
(-1.12418 1.62651 0)
(-1.32645 1.46711 0)
(-1.51918 1.23743 0)
(-1.70592 0.927498 0)
(-1.87702 0.530578 0)
(-2.02372 0.0535051 0)
(-2.13403 -0.50849 0)
(-2.17047 -1.10908 0)
(-2.12913 -1.7254 0)
(-1.92739 -2.23834 0)
(-1.61812 -2.56167 0)
(-1.08992 -2.51611 0)
(-0.5908 -2.00114 0)
(-0.0765848 -1.1481 0)
(0.0536649 -0.0781271 0)
(-0.0166309 0.49609 0)
(-0.119112 1.16801 0)
(-0.295462 1.59871 0)
(-0.479402 1.8175 0)
(-0.668343 1.91562 0)
(-0.851518 1.89899 0)
(-1.02241 1.81551 0)
(-1.19337 1.65226 0)
(-1.35471 1.41978 0)
(-1.52192 1.10506 0)
(-1.68237 0.697068 0)
(-1.84112 0.199265 0)
(-1.98122 -0.405555 0)
(-2.07797 -1.07368 0)
(-2.11404 -1.80121 0)
(-2.0024 -2.45727 0)
(-1.77167 -2.95947 0)
(-1.24482 -3.04902 0)
(-0.717745 -2.56009 0)
(0.0439748 -1.48943 0)
(2.48047e-231 -0.0134162 0)
(-0.0209146 0.581074 0)
(-0.118777 1.32304 0)
(-0.284063 1.79075 0)
(-0.443792 2.00405 0)
(-0.595356 2.09663 0)
(-0.73529 2.06249 0)
(-0.853605 1.97048 0)
(-0.973512 1.79965 0)
(-1.08161 1.56692 0)
(-1.20581 1.25536 0)
(-1.33135 0.849917 0)
(-1.47852 0.352564 0)
(-1.62939 -0.271501 0)
(-1.77675 -0.976512 0)
(-1.89768 -1.79972 0)
(-1.91165 -2.58474 0)
(-1.81806 -3.3174 0)
(-1.3996 -3.58827 0)
(-0.892655 -3.2832 0)
(-0.00289723 -1.90398 0)
(5.83671e-202 4.59026e-184 0)
(-0.0366731 0.628931 0)
(-0.147757 1.42512 0)
(-0.312384 1.92009 0)
(-0.446737 2.12344 0)
(-0.543934 2.20575 0)
(-0.623005 2.15404 0)
(-0.662711 2.05374 0)
(-0.708148 1.8793 0)
(-0.735165 1.65286 0)
(-0.791159 1.35581 0)
(-0.852114 0.971387 0)
(-0.96285 0.500104 0)
(-1.09388 -0.103846 0)
(-1.27817 -0.801139 0)
(-1.4671 -1.65802 0)
(-1.64014 -2.53334 0)
(-1.71798 -3.4547 0)
(-1.5191 -3.98283 0)
(-1.10543 -3.93301 0)
(-0.0115099 -2.41258 0)
(1.8361e-183 -1.55757e-184 0)
(-0.0552204 0.773773 0)
(-0.180865 1.60309 0)
(-0.334892 2.09937 0)
(-0.430854 2.2371 0)
(-0.457747 2.28026 0)
(-0.458839 2.18215 0)
(-0.402951 2.06011 0)
(-0.355165 1.87312 0)
(-0.281929 1.652 0)
(-0.246698 1.37394 0)
(-0.218205 1.02182 0)
(-0.259911 0.596939 0)
(-0.337775 0.0423588 0)
(-0.514914 -0.599693 0)
(-0.744011 -1.44075 0)
(-1.05125 -2.33018 0)
(-1.35295 -3.44296 0)
(-1.48245 -4.20734 0)
(-1.39119 -4.80741 0)
(-0.466569 -3.0567 0)
(4.40284e-254 -4.59026e-184 0)
(-0.121097 0.851382 0)
(-0.314597 1.69175 0)
(-0.46009 2.16521 0)
(-0.506724 2.23673 0)
(-0.414911 2.23319 0)
(-0.304473 2.09441 0)
(-0.109936 1.95119 0)
(0.0602662 1.75744 0)
(0.26381 1.54617 0)
(0.411503 1.29474 0)
(0.553701 0.987055 0)
(0.59817 0.625845 0)
(0.604806 0.154999 0)
(0.449865 -0.385445 0)
(0.236115 -1.11369 0)
(-0.227741 -1.91338 0)
(-0.686642 -2.99739 0)
(-1.43813 -3.94338 0)
(-1.63744 -4.85781 0)
(-2.07451 -3.88002 0)
(-2.59757e-264 -0.216293 0)
(-0.177786 1.23128 0)
(-0.413411 1.9465 0)
(-0.494596 2.314 0)
(-0.441507 2.19211 0)
(-0.196246 2.09183 0)
(0.0578205 1.87668 0)
(0.407093 1.70194 0)
(0.71538 1.49948 0)
(1.05537 1.30299 0)
(1.32407 1.086 0)
(1.58373 0.834822 0)
(1.72975 0.550985 0)
(1.8335 0.187394 0)
(1.75349 -0.221505 0)
(1.59826 -0.774137 0)
(1.14825 -1.39125 0)
(0.606928 -2.26441 0)
(-0.330861 -3.21266 0)
(-1.07134 -4.26184 0)
(-1.83988 -4.54308 0)
(-0.865174 -2.31867 0)
(-0.400677 1.40847 0)
(-0.724951 1.97992 0)
(-0.515279 2.18757 0)
(-0.230016 1.92131 0)
(0.332187 1.73472 0)
(0.80216 1.48293 0)
(1.36305 1.29555 0)
(1.82463 1.10709 0)
(2.30259 0.939518 0)
(2.67673 0.769456 0)
(3.03281 0.583954 0)
(3.25173 0.384891 0)
(3.43084 0.134769 0)
(3.39758 -0.134628 0)
(3.31229 -0.505061 0)
(2.87854 -0.900384 0)
(2.40052 -1.51957 0)
(1.3734 -2.23597 0)
(0.464847 -3.35473 0)
(-0.704045 -4.00798 0)
(-0.701687 -2.96443 0)
(-0.257751 2.4189 0)
(-0.105681 2.05574 0)
(0.682034 1.86938 0)
(1.33151 1.33628 0)
(2.15203 1.07952 0)
(2.78467 0.838492 0)
(3.4448 0.685363 0)
(3.96339 0.555541 0)
(4.46791 0.451387 0)
(4.8523 0.355581 0)
(5.207 0.258443 0)
(5.42449 0.158458 0)
(5.6033 0.0383426 0)
(5.58519 -0.0901081 0)
(5.52887 -0.265199 0)
(5.15892 -0.458108 0)
(4.76647 -0.791064 0)
(3.83303 -1.24491 0)
(2.86852 -2.25325 0)
(1.09333 -3.33046 0)
(-0.04653 -3.79867 0)
(1.66678 1.66911 0)
(2.70099 0.974134 0)
(4.54033 0.748114 0)
(5.37959 0.42394 0)
(6.24894 0.286847 0)
(6.76204 0.178643 0)
(7.24506 0.121842 0)
(7.57165 0.0813298 0)
(7.87207 0.0546391 0)
(8.07592 0.0337946 0)
(8.25816 0.0151985 0)
(8.34662 -0.00222098 0)
(8.41752 -0.0233753 0)
(8.35782 -0.044101 0)
(8.29487 -0.0792412 0)
(8.00624 -0.111947 0)
(7.74962 -0.200808 0)
(6.99527 -0.293114 0)
(6.26195 -0.624826 0)
(4.04563 -0.997047 0)
(2.00489 -1.81757 0)
)
;

boundaryField
{
    movingWall
    {
        type            fixedValue;
        value           uniform (10 0 0);
    }
    fixedWalls
    {
        type            noSlip;
    }
    frontAndBack
    {
        type            empty;
    }
}


// ************************************************************************* //
