/*--------------------------------*- C++ -*----------------------------------*\
| =========                 |                                                 |
| \\      /  F ield         | OpenFOAM: The Open Source CFD Toolbox           |
|  \\    /   O peration     | Version:  4.1                                   |
|   \\  /    A nd           | Web:      www.OpenFOAM.org                      |
|    \\/     M anipulation  |                                                 |
\*---------------------------------------------------------------------------*/
FoamFile
{
    version     2.0;
    format      ascii;
    class       volVectorField;
    location    "0.011338";
    object      U;
}
// * * * * * * * * * * * * * * * * * * * * * * * * * * * * * * * * * * * * * //

dimensions      [0 1 -1 0 0 0 0];

internalField   nonuniform List<vector> 
441
(
(0.000297872 -0.000280844 0)
(-0.00130583 0.000480684 0)
(-0.00578222 0.00102022 0)
(-0.0116471 0.00134251 0)
(-0.0182547 0.00140611 0)
(-0.0246862 0.00133595 0)
(-0.0305486 0.00116536 0)
(-0.0354561 0.000943337 0)
(-0.0392239 0.000681943 0)
(-0.0416821 0.000394671 0)
(-0.0427339 8.6118e-05 0)
(-0.0423001 -0.000236963 0)
(-0.0403583 -0.000565308 0)
(-0.0369208 -0.000887043 0)
(-0.0321088 -0.00117671 0)
(-0.0261024 -0.00140791 0)
(-0.0193428 -0.0015156 0)
(-0.0123151 -0.00145757 0)
(-0.0060702 -0.00110434 0)
(-0.00134217 -0.000516099 0)
(0.000320614 0.000295141 0)
(-0.000420147 0.00127236 0)
(-0.00623698 0.00623786 0)
(-0.0176168 0.00994336 0)
(-0.0316598 0.0120102 0)
(-0.0470464 0.0124537 0)
(-0.0619746 0.0117746 0)
(-0.0755321 0.0102965 0)
(-0.0868777 0.00830284 0)
(-0.0955482 0.00594832 0)
(-0.101158 0.00334537 0)
(-0.103479 0.000570876 0)
(-0.10235 -0.00229769 0)
(-0.0977408 -0.00516669 0)
(-0.0897177 -0.00791156 0)
(-0.078574 -0.0103441 0)
(-0.0647632 -0.0122167 0)
(-0.0492279 -0.0131507 0)
(-0.0330502 -0.0127616 0)
(-0.0182745 -0.0105345 0)
(-0.0063839 -0.00654419 0)
(-0.000404107 -0.00129385 0)
(-0.000995914 0.00574297 0)
(-0.0104773 0.0177004 0)
(-0.0273447 0.0260993 0)
(-0.0474793 0.0305789 0)
(-0.0691503 0.0314153 0)
(-0.0900218 0.029584 0)
(-0.108886 0.0258323 0)
(-0.124631 0.0207851 0)
(-0.136628 0.0148338 0)
(-0.144359 0.00825998 0)
(-0.147521 0.00127305 0)
(-0.145903 -0.00592271 0)
(-0.139468 -0.0130873 0)
(-0.128315 -0.0199058 0)
(-0.112837 -0.0259295 0)
(-0.0936482 -0.0305619 0)
(-0.0719886 -0.0329691 0)
(-0.0492832 -0.0322668 0)
(-0.0281882 -0.0274509 0)
(-0.0106503 -0.0184305 0)
(-0.000967039 -0.00584031 0)
(-0.00142882 0.0120498 0)
(-0.0138255 0.0329301 0)
(-0.0351079 0.0468801 0)
(-0.06002 0.0539853 0)
(-0.0865073 0.0550436 0)
(-0.111829 0.0516241 0)
(-0.134611 0.0449791 0)
(-0.153576 0.0361263 0)
(-0.168009 0.025733 0)
(-0.177319 0.0142775 0)
(-0.181154 0.00212369 0)
(-0.179268 -0.0103772 0)
(-0.1716 -0.022816 0)
(-0.158246 -0.0346559 0)
(-0.139636 -0.0451436 0)
(-0.116456 -0.0532702 0)
(-0.0901347 -0.0576674 0)
(-0.0623159 -0.0568447 0)
(-0.0361605 -0.049177 0)
(-0.0140099 -0.0341679 0)
(-0.00137703 -0.0122067 0)
(-0.00171671 0.019971 0)
(-0.0165173 0.051626 0)
(-0.0416552 0.0719947 0)
(-0.0707696 0.0819433 0)
(-0.101478 0.0830394 0)
(-0.13065 0.0775963 0)
(-0.156792 0.0674693 0)
(-0.178511 0.0541229 0)
(-0.195054 0.0385338 0)
(-0.205791 0.021393 0)
(-0.210337 0.00322756 0)
(-0.208406 -0.0154596 0)
(-0.199892 -0.0340816 0)
(-0.184838 -0.0518592 0)
(-0.163654 -0.0676957 0)
(-0.137031 -0.0801004 0)
(-0.106541 -0.0870704 0)
(-0.074019 -0.0863671 0)
(-0.0431728 -0.0755669 0)
(-0.0167923 -0.053548 0)
(-0.0016422 -0.0201922 0)
(-0.00197829 0.0291393 0)
(-0.0190872 0.0732507 0)
(-0.0480452 0.100869 0)
(-0.0813558 0.113865 0)
(-0.116278 0.114807 0)
(-0.149266 0.106926 0)
(-0.178721 0.0927975 0)
(-0.203165 0.0743894 0)
(-0.221838 0.0530142 0)
(-0.234093 0.0295748 0)
(-0.239527 0.00474902 0)
(-0.237799 -0.0208269 0)
(-0.228725 -0.0464036 0)
(-0.212247 -0.0709575 0)
(-0.188687 -0.0930208 0)
(-0.158681 -0.110543 0)
(-0.123908 -0.120761 0)
(-0.0864037 -0.120494 0)
(-0.0505289 -0.106295 0)
(-0.0196329 -0.0762099 0)
(-0.00189261 -0.0294855 0)
(-0.00226356 0.0396726 0)
(-0.0219516 0.0980856 0)
(-0.055193 0.133888 0)
(-0.0931937 0.150168 0)
(-0.132792 0.15074 0)
(-0.169978 0.139957 0)
(-0.203054 0.12126 0)
(-0.230481 0.0971918 0)
(-0.251527 0.0694292 0)
(-0.26556 0.0390777 0)
(-0.272164 0.00693862 0)
(-0.270938 -0.0262571 0)
(-0.261579 -0.0596337 0)
(-0.243865 -0.0919365 0)
(-0.217944 -0.121303 0)
(-0.18431 -0.145024 0)
(-0.144698 -0.1594 0)
(-0.101355 -0.160039 0)
(-0.059448 -0.142169 0)
(-0.0230694 -0.102759 0)
(-0.00218883 -0.0403255 0)
(-0.00263818 0.0518119 0)
(-0.0254986 0.126663 0)
(-0.0639108 0.171698 0)
(-0.107482 0.191472 0)
(-0.152537 0.191367 0)
(-0.194543 0.177108 0)
(-0.23172 0.153191 0)
(-0.262515 0.122816 0)
(-0.286274 0.088059 0)
(-0.302426 0.050203 0)
(-0.310567 0.010124 0)
(-0.310234 -0.0314206 0)
(-0.30096 -0.0734981 0)
(-0.282278 -0.114666 0)
(-0.25404 -0.152663 0)
(-0.216462 -0.184005 0)
(-0.171224 -0.203835 0)
(-0.120754 -0.206156 0)
(-0.0712024 -0.18444 0)
(-0.0276809 -0.134209 0)
(-0.00261472 -0.0531333 0)
(-0.00314664 0.0659866 0)
(-0.0300879 0.159874 0)
(-0.0749643 0.215338 0)
(-0.125316 0.23874 0)
(-0.176823 0.237488 0)
(-0.224381 0.218996 0)
(-0.266171 0.189068 0)
(-0.300714 0.151657 0)
(-0.327513 0.109274 0)
(-0.346141 0.0633389 0)
(-0.356248 0.0147273 0)
(-0.357324 -0.0358825 0)
(-0.348696 -0.0876169 0)
(-0.329555 -0.138936 0)
(-0.299282 -0.187218 0)
(-0.257602 -0.22809 0)
(-0.205916 -0.255261 0)
(-0.146712 -0.260566 0)
(-0.087289 -0.235088 0)
(-0.0341572 -0.172242 0)
(-0.00325587 -0.0686674 0)
(-0.00387729 0.0829416 0)
(-0.0361608 0.199107 0)
(-0.0891846 0.266323 0)
(-0.147778 0.293265 0)
(-0.206815 0.290077 0)
(-0.260606 0.266284 0)
(-0.307381 0.229334 0)
(-0.345886 0.184045 0)
(-0.375905 0.133398 0)
(-0.397282 0.0788827 0)
(-0.409797 0.0212642 0)
(-0.412939 -0.0390147 0)
(-0.405797 -0.101323 0)
(-0.387119 -0.164195 0)
(-0.355582 -0.224769 0)
(-0.310114 -0.277709 0)
(-0.251428 -0.314988 0)
(-0.181784 -0.325481 0)
(-0.109671 -0.29692 0)
(-0.0434918 -0.219419 0)
(-0.00427428 -0.0881845 0)
(-0.00492803 0.103425 0)
(-0.0443169 0.245788 0)
(-0.107632 0.326132 0)
(-0.176131 0.356154 0)
(-0.243685 0.349814 0)
(-0.304114 0.319273 0)
(-0.355856 0.274073 0)
(-0.398132 0.219996 0)
(-0.43119 0.16053 0)
(-0.455329 0.0971305 0)
(-0.47058 0.0303073 0)
(-0.476528 -0.0399462 0)
(-0.472023 -0.113509 0)
(-0.455294 -0.189267 0)
(-0.42404 -0.264393 0)
(-0.375983 -0.332617 0)
(-0.31049 -0.383928 0)
(-0.229019 -0.403185 0)
(-0.140965 -0.373354 0)
(-0.0571483 -0.279103 0)
(-0.0059163 -0.113409 0)
(-0.00655193 0.129193 0)
(-0.0554169 0.302621 0)
(-0.131517 0.397288 0)
(-0.211525 0.429097 0)
(-0.288122 0.417561 0)
(-0.354938 0.378148 0)
(-0.410859 0.323079 0)
(-0.455974 0.259172 0)
(-0.491216 0.190432 0)
(-0.517598 0.118136 0)
(-0.535565 0.0423429 0)
(-0.544955 -0.0376787 0)
(-0.544449 -0.122682 0)
(-0.531764 -0.212333 0)
(-0.503359 -0.304331 0)
(-0.455318 -0.391736 0)
(-0.384703 -0.462513 0)
(-0.291219 -0.496229 0)
(-0.184188 -0.469089 0)
(-0.0771773 -0.356534 0)
(-0.0086519 -0.147494 0)
(-0.00903194 0.161378 0)
(-0.0707364 0.371222 0)
(-0.162437 0.480902 0)
(-0.255134 0.512107 0)
(-0.340175 0.492455 0)
(-0.411758 0.441469 0)
(-0.469598 0.374715 0)
(-0.515242 0.300039 0)
(-0.550584 0.221928 0)
(-0.577661 0.141287 0)
(-0.597523 0.057503 0)
(-0.610496 -0.031182 0)
(-0.615251 -0.126826 0)
(-0.609161 -0.230444 0)
(-0.587323 -0.34103 0)
(-0.543871 -0.451623 0)
(-0.472374 -0.548598 0)
(-0.36943 -0.60502 0)
(-0.242055 -0.587864 0)
(-0.106186 -0.45713 0)
(-0.0131347 -0.194106 0)
(-0.0131392 0.204666 0)
(-0.0917988 0.456984 0)
(-0.201129 0.580736 0)
(-0.305987 0.60637 0)
(-0.396453 0.573736 0)
(-0.468749 0.507187 0)
(-0.523908 0.426362 0)
(-0.565717 0.339925 0)
(-0.597266 0.252687 0)
(-0.621928 0.164889 0)
(-0.64152 0.0749911 0)
(-0.657118 -0.0201045 0)
(-0.667659 -0.124212 0)
(-0.670592 -0.240362 0)
(-0.659853 -0.369907 0)
(-0.627785 -0.507046 0)
(-0.563345 -0.63788 0)
(-0.458575 -0.728368 0)
(-0.314184 -0.733864 0)
(-0.14658 -0.589281 0)
(-0.0205184 -0.260686 0)
(-0.0197095 0.259487 0)
(-0.12108 0.558426 0)
(-0.248273 0.692949 0)
(-0.361263 0.705781 0)
(-0.449391 0.654309 0)
(-0.513891 0.568127 0)
(-0.557766 0.471401 0)
(-0.588098 0.373097 0)
(-0.609265 0.278014 0)
(-0.626167 0.185403 0)
(-0.641379 0.0925818 0)
(-0.656926 -0.00506716 0)
(-0.672321 -0.113398 0)
(-0.685807 -0.238003 0)
(-0.690852 -0.383739 0)
(-0.679069 -0.547653 0)
(-0.634285 -0.718091 0)
(-0.543199 -0.854975 0)
(-0.394098 -0.901274 0)
(-0.199664 -0.754439 0)
(-0.0321088 -0.352239 0)
(-0.0308714 0.340152 0)
(-0.159134 0.686401 0)
(-0.297113 0.821315 0)
(-0.406287 0.807095 0)
(-0.476575 0.727125 0)
(-0.518787 0.615654 0)
(-0.538243 0.501142 0)
(-0.546253 0.391604 0)
(-0.548101 0.291021 0)
(-0.550026 0.197114 0)
(-0.554999 0.105816 0)
(-0.565935 0.0109652 0)
(-0.583128 -0.0953283 0)
(-0.606526 -0.221423 0)
(-0.630409 -0.376606 0)
(-0.648099 -0.562765 0)
(-0.639344 -0.774408 0)
(-0.587013 -0.969245 0)
(-0.459828 -1.08132 0)
(-0.26075 -0.957352 0)
(-0.0499052 -0.48416 0)
(-0.0492719 0.43631 0)
(-0.209858 0.818344 0)
(-0.338677 0.937474 0)
(-0.418418 0.88177 0)
(-0.442021 0.766865 0)
(-0.438179 0.62922 0)
(-0.413989 0.499586 0)
(-0.385459 0.383316 0)
(-0.357379 0.282473 0)
(-0.336355 0.192876 0)
(-0.324742 0.109092 0)
(-0.325777 0.0238471 0)
(-0.340366 -0.0721007 0)
(-0.370938 -0.189177 0)
(-0.414144 -0.340877 0)
(-0.468831 -0.535197 0)
(-0.513905 -0.777018 0)
(-0.534304 -1.02924 0)
(-0.472632 -1.22744 0)
(-0.317636 -1.16368 0)
(-0.0748084 -0.648219 0)
(-0.0767988 0.599495 0)
(-0.251982 0.976234 0)
(-0.319551 1.03884 0)
(-0.323541 0.912126 0)
(-0.261001 0.752343 0)
(-0.184656 0.589541 0)
(-0.0994415 0.451148 0)
(-0.0240455 0.336382 0)
(0.0400822 0.243399 0)
(0.087897 0.165612 0)
(0.119169 0.0963296 0)
(0.131387 0.0278925 0)
(0.123697 -0.0490796 0)
(0.0911511 -0.145546 0)
(0.0337521 -0.277528 0)
(-0.0568334 -0.458931 0)
(-0.164468 -0.708385 0)
(-0.288865 -1.00432 0)
(-0.348614 -1.30435 0)
(-0.324097 -1.35725 0)
(-0.1036 -0.875779 0)
(-0.113628 0.733118 0)
(-0.266887 1.03463 0)
(-0.16386 1.00853 0)
(-0.0197007 0.815882 0)
(0.179634 0.630914 0)
(0.35232 0.467689 0)
(0.507646 0.341841 0)
(0.629999 0.245634 0)
(0.726226 0.172945 0)
(0.79578 0.115925 0)
(0.842297 0.0677734 0)
(0.865191 0.0218656 0)
(0.864494 -0.0294136 0)
(0.833513 -0.0950339 0)
(0.769235 -0.189335 0)
(0.652057 -0.327935 0)
(0.488151 -0.538899 0)
(0.244864 -0.823719 0)
(0.0142704 -1.18196 0)
(-0.209762 -1.37241 0)
(-0.114547 -1.04844 0)
(-0.0398834 1.03196 0)
(0.0596424 1.02345 0)
(0.475581 0.829528 0)
(0.800519 0.571897 0)
(1.11778 0.392876 0)
(1.35081 0.264091 0)
(1.53651 0.177979 0)
(1.67077 0.119736 0)
(1.77004 0.0798919 0)
(1.839 0.0513363 0)
(1.8845 0.028811 0)
(1.90786 0.00811958 0)
(1.91019 -0.015069 0)
(1.88501 -0.0459856 0)
(1.82879 -0.0935268 0)
(1.71652 -0.169998 0)
(1.54571 -0.303391 0)
(1.24601 -0.516893 0)
(0.876503 -0.874114 0)
(0.308529 -1.21229 0)
(0.0277803 -1.25901 0)
(0.848486 0.579977 0)
(1.32557 0.401997 0)
(2.06909 0.260873 0)
(2.44779 0.150791 0)
(2.74567 0.086511 0)
(2.92267 0.0494807 0)
(3.04545 0.0281319 0)
(3.12326 0.016203 0)
(3.17565 0.00918974 0)
(3.20906 0.00495601 0)
(3.22963 0.00197191 0)
(3.23879 -0.000722519 0)
(3.23753 -0.00393734 0)
(3.22135 -0.00893434 0)
(3.18774 -0.0173631 0)
(3.11608 -0.0330301 0)
(3.00126 -0.0629046 0)
(2.7587 -0.118418 0)
(2.41178 -0.229134 0)
(1.61523 -0.387001 0)
(0.923252 -0.588238 0)
)
;

boundaryField
{
    movingWall
    {
        type            fixedValue;
        value           uniform (4 0 0);
    }
    fixedWalls
    {
        type            noSlip;
    }
    frontAndBack
    {
        type            empty;
    }
}


// ************************************************************************* //
