/*--------------------------------*- C++ -*----------------------------------*\
| =========                 |                                                 |
| \\      /  F ield         | OpenFOAM: The Open Source CFD Toolbox           |
|  \\    /   O peration     | Version:  4.1                                   |
|   \\  /    A nd           | Web:      www.OpenFOAM.org                      |
|    \\/     M anipulation  |                                                 |
\*---------------------------------------------------------------------------*/
FoamFile
{
    version     2.0;
    format      ascii;
    class       volVectorField;
    location    "0.0401";
    object      U;
}
// * * * * * * * * * * * * * * * * * * * * * * * * * * * * * * * * * * * * * //

dimensions      [0 1 -1 0 0 0 0];

internalField   nonuniform List<vector> 
441
(
(0.00330474 -0.00456386 0)
(0.00832988 -0.00261865 0)
(-0.000654696 -2.1961e-165 0)
(0.0016528 -2.65884e-266 0)
(-0.00906826 -0.00661179 0)
(-0.0016528 -2.64777e-232 0)
(-1.08109e-202 -4.31154e-203 0)
(-1.07771e-203 -5.4467e-228 0)
(-1.43228e-212 -2.28515e-213 0)
(-0.00505703 7.64409e-266 0)
(-0.060513 0.0202304 0)
(-0.076718 0.0108498 0)
(-0.0876638 0.00522975 0)
(-0.0792805 0.000850865 0)
(-0.0682386 -0.000831895 0)
(-0.0492178 -0.0021372 0)
(-0.0321516 -0.0017186 0)
(-0.0152655 -0.00164693 0)
(-0.00332457 6.84158e-05 0)
(0.00113364 0.000675124 0)
(0.0036996 0.00232795 0)
(0.00310796 -0.00686815 0)
(-0.00262834 0.00655793 0)
(-0.0273441 0.00764781 0)
(-0.055619 0.0106932 0)
(-0.0963449 0.00917093 0)
(-0.132583 -0.00444784 0)
(-0.165357 -0.000485473 0)
(-0.195531 0.00120204 0)
(-0.221448 0.0105076 0)
(-0.247646 0.0536122 0)
(-0.265621 0.0496985 0)
(-0.260758 0.0165898 0)
(-0.251053 -0.00308434 0)
(-0.220881 -0.0209163 0)
(-0.185783 -0.0292688 0)
(-0.139254 -0.0350464 0)
(-0.0957736 -0.0320055 0)
(-0.0539928 -0.0283304 0)
(-0.0228085 -0.0160167 0)
(-0.00582515 -0.00843994 0)
(0.00375104 0.00271432 0)
(0.00635291 -0.00560476 0)
(-0.00598411 0.0274471 0)
(-0.0502746 0.051614 0)
(-0.10743 0.0668867 0)
(-0.174602 0.069339 0)
(-0.242619 0.0654449 0)
(-0.312982 0.0606981 0)
(-0.366738 0.0542151 0)
(-0.418883 0.050084 0)
(-0.441567 0.0480542 0)
(-0.435049 0.0341757 0)
(-0.420037 -0.00267837 0)
(-0.393445 -0.0340247 0)
(-0.346484 -0.0642712 0)
(-0.291021 -0.0815758 0)
(-0.221377 -0.0924049 0)
(-0.155176 -0.0858877 0)
(-0.0907119 -0.0750679 0)
(-0.0420098 -0.0470531 0)
(-0.0118747 -0.0262689 0)
(0.00501794 0.000729295 0)
(0.00588315 -0.00744146 0)
(-0.0132479 0.0647631 0)
(-0.0828894 0.109182 0)
(-0.162293 0.13708 0)
(-0.25341 0.144681 0)
(-0.342412 0.136365 0)
(-0.427219 0.12496 0)
(-0.497581 0.107809 0)
(-0.553621 0.087207 0)
(-0.584285 0.0674106 0)
(-0.587651 0.0279244 0)
(-0.567816 -0.0260251 0)
(-0.531314 -0.0767437 0)
(-0.468887 -0.124366 0)
(-0.394964 -0.154162 0)
(-0.302678 -0.172226 0)
(-0.214177 -0.162121 0)
(-0.126417 -0.143021 0)
(-0.0600626 -0.0940612 0)
(-0.0163869 -0.0567879 0)
(0.00689773 -0.00378736 0)
(6.12479e-165 0.00147079 0)
(-0.0191982 0.115811 0)
(-0.116405 0.19993 0)
(-0.21288 0.236169 0)
(-0.325562 0.248543 0)
(-0.431999 0.237707 0)
(-0.535126 0.214848 0)
(-0.619096 0.179764 0)
(-0.686966 0.136278 0)
(-0.724306 0.0827074 0)
(-0.732928 0.0181206 0)
(-0.713628 -0.058783 0)
(-0.671153 -0.132221 0)
(-0.596838 -0.200889 0)
(-0.506176 -0.246724 0)
(-0.390076 -0.273911 0)
(-0.277913 -0.26072 0)
(-0.161919 -0.230143 0)
(-0.0767342 -0.155468 0)
(-0.0155621 -0.0939952 0)
(0.0133539 -0.00791474 0)
(-5.02217e-266 0.00498646 0)
(-0.0750798 0.185437 0)
(-0.160013 0.301163 0)
(-0.273682 0.347929 0)
(-0.394131 0.363759 0)
(-0.515215 0.346955 0)
(-0.62917 0.312633 0)
(-0.726925 0.259901 0)
(-0.80554 0.193145 0)
(-0.855714 0.11266 0)
(-0.877339 0.0174886 0)
(-0.864228 -0.0887263 0)
(-0.822445 -0.193291 0)
(-0.739702 -0.290752 0)
(-0.634093 -0.36043 0)
(-0.492739 -0.402633 0)
(-0.353285 -0.389237 0)
(-0.203835 -0.347041 0)
(-0.0953852 -0.238611 0)
(-0.0128078 -0.149916 0)
(0.0159441 -0.0049264 0)
(-0.0199458 0.0796517 0)
(-0.103354 0.272538 0)
(-0.200476 0.39898 0)
(-0.324026 0.468693 0)
(-0.458623 0.48948 0)
(-0.593307 0.471549 0)
(-0.722624 0.42598 0)
(-0.835693 0.35541 0)
(-0.930598 0.264959 0)
(-0.996859 0.154321 0)
(-1.03425 0.0271178 0)
(-1.03281 -0.113929 0)
(-0.996996 -0.255789 0)
(-0.910247 -0.389972 0)
(-0.792191 -0.492217 0)
(-0.623147 -0.556196 0)
(-0.453237 -0.547393 0)
(-0.258484 -0.49009 0)
(-0.125403 -0.343469 0)
(-0.000444152 -0.206982 0)
(5.619e-266 -0.00398603 0)
(-0.0143844 0.130579 0)
(-0.0972123 0.367051 0)
(-0.218202 0.522495 0)
(-0.35888 0.606904 0)
(-0.510195 0.633437 0)
(-0.661026 0.611374 0)
(-0.806106 0.555452 0)
(-0.937322 0.467873 0)
(-1.05133 0.354754 0)
(-1.13922 0.215839 0)
(-1.1987 0.0538017 0)
(-1.21628 -0.126971 0)
(-1.19424 -0.315401 0)
(-1.11029 -0.497503 0)
(-0.983871 -0.646805 0)
(-0.788005 -0.745139 0)
(-0.582112 -0.752209 0)
(-0.336193 -0.680485 0)
(-0.164011 -0.492276 0)
(-0.00211609 -0.284214 0)
(2.17416e-24 -1.35546e-24 0)
(-0.0125869 0.188125 0)
(-0.100723 0.474648 0)
(-0.237778 0.659322 0)
(-0.393109 0.759091 0)
(-0.560775 0.790614 0)
(-0.727216 0.76615 0)
(-0.889351 0.701643 0)
(-1.03988 0.599734 0)
(-1.17582 0.466757 0)
(-1.28891 0.301177 0)
(-1.37515 0.104745 0)
(-1.41885 -0.118857 0)
(-1.41865 -0.360463 0)
(-1.34635 -0.601397 0)
(-1.21891 -0.812382 0)
(-0.999269 -0.960483 0)
(-0.755681 -0.995635 0)
(-0.447172 -0.912517 0)
(-0.224069 -0.670655 0)
(-0.0040248 -0.377602 0)
(8.96198e-77 -5.4354e-25 0)
(-0.0111143 0.244626 0)
(-0.101256 0.593909 0)
(-0.25063 0.815796 0)
(-0.418111 0.930627 0)
(-0.599601 0.968205 0)
(-0.780093 0.940117 0)
(-0.957373 0.868564 0)
(-1.12664 0.75411 0)
(-1.28435 0.604054 0)
(-1.42452 0.414547 0)
(-1.54093 0.183993 0)
(-1.61701 -0.0846171 0)
(-1.64714 -0.387455 0)
(-1.59739 -0.699686 0)
(-1.4796 -0.99319 0)
(-1.2451 -1.21357 0)
(-0.965275 -1.30276 0)
(-0.587726 -1.22105 0)
(-0.299218 -0.930309 0)
(-0.0054443 -0.521785 0)
(2.50848e-164 -2.2405e-77 0)
(-0.0117626 0.297383 0)
(-0.107592 0.712502 0)
(-0.269155 0.974135 0)
(-0.447432 1.10602 0)
(-0.639569 1.15116 0)
(-0.830401 1.12215 0)
(-1.01807 1.04732 0)
(-1.20153 0.925428 0)
(-1.37623 0.764324 0)
(-1.54047 0.556989 0)
(-1.68528 0.297735 0)
(-1.79649 -0.0130981 0)
(-1.86297 -0.37841 0)
(-1.84819 -0.769845 0)
(-1.75533 -1.16168 0)
(-1.52373 -1.47803 0)
(-1.22096 -1.6483 0)
(-0.779453 -1.58542 0)
(-0.417783 -1.24227 0)
(-0.0681274 -0.688044 0)
(1.60174e-265 0.0119509 0)
(-0.01326 0.365028 0)
(-0.112729 0.853486 0)
(-0.28271 1.15727 0)
(-0.466758 1.30187 0)
(-0.662941 1.35248 0)
(-0.856921 1.3187 0)
(-1.04633 1.24043 0)
(-1.23495 1.11187 0)
(-1.41668 0.943112 0)
(-1.59566 0.722793 0)
(-1.76082 0.43983 0)
(-1.90296 0.0918415 0)
(-2.00704 -0.335691 0)
(-2.0368 -0.809751 0)
(-1.9862 -1.31719 0)
(-1.78216 -1.75422 0)
(-1.47768 -2.04634 0)
(-0.981123 -2.03712 0)
(-0.524351 -1.63639 0)
(-0.0685323 -0.957458 0)
(0.0478036 -0.0643205 0)
(-0.0176938 0.419089 0)
(-0.126496 0.979045 0)
(-0.309239 1.32532 0)
(-0.497926 1.483 0)
(-0.690798 1.53955 0)
(-0.878196 1.50297 0)
(-1.05464 1.42434 0)
(-1.23302 1.29414 0)
(-1.40305 1.12459 0)
(-1.57924 0.900361 0)
(-1.74638 0.605368 0)
(-1.9073 0.233163 0)
(-2.0409 -0.242593 0)
(-2.12177 -0.790372 0)
(-2.12974 -1.41191 0)
(-1.98669 -1.98857 0)
(-1.72312 -2.44354 0)
(-1.18935 -2.54679 0)
(-0.670559 -2.14823 0)
(0.0352258 -1.26632 0)
(2.22019e-231 -0.0119509 0)
(-0.0235246 0.512107 0)
(-0.139651 1.14811 0)
(-0.329284 1.53253 0)
(-0.513948 1.68451 0)
(-0.691452 1.73582 0)
(-0.858129 1.68277 0)
(-1.00452 1.59703 0)
(-1.15304 1.4601 0)
(-1.28882 1.28973 0)
(-1.43739 1.06568 0)
(-1.58088 0.767242 0)
(-1.73625 0.385744 0)
(-1.88145 -0.122121 0)
(-2.00673 -0.722023 0)
(-2.08627 -1.45249 0)
(-2.04412 -2.16566 0)
(-1.88427 -2.84394 0)
(-1.41223 -3.10726 0)
(-0.872872 -2.85619 0)
(-0.00386676 -1.66252 0)
(5.51635e-202 4.43625e-184 0)
(-0.0405906 0.575101 0)
(-0.180488 1.2787 0)
(-0.385938 1.69562 0)
(-0.564162 1.83955 0)
(-0.708089 1.88194 0)
(-0.834666 1.81242 0)
(-0.922449 1.71874 0)
(-1.01408 1.5769 0)
(-1.08327 1.40904 0)
(-1.17394 1.19264 0)
(-1.25925 0.904936 0)
(-1.38057 0.535574 0)
(-1.5058 0.0303153 0)
(-1.66482 -0.582247 0)
(-1.80676 -1.36755 0)
(-1.91094 -2.18811 0)
(-1.90163 -3.06089 0)
(-1.61332 -3.56745 0)
(-1.12521 -3.53479 0)
(-0.0101546 -2.16779 0)
(1.7745e-183 9.44915e-185 0)
(-0.0598757 0.740957 0)
(-0.220985 1.49774 0)
(-0.427259 1.92543 0)
(-0.581085 2.00792 0)
(-0.670349 2.01326 0)
(-0.734233 1.89767 0)
(-0.740344 1.78046 0)
(-0.749761 1.62143 0)
(-0.726306 1.45103 0)
(-0.729323 1.24254 0)
(-0.72531 0.97323 0)
(-0.775055 0.633953 0)
(-0.844063 0.15974 0)
(-0.993709 -0.418286 0)
(-1.17644 -1.21011 0)
(-1.41456 -2.06779 0)
(-1.62649 -3.14748 0)
(-1.64704 -3.89141 0)
(-1.45489 -4.47826 0)
(-0.45463 -2.83376 0)
(4.3191e-254 -4.43625e-184 0)
(-0.125295 0.841663 0)
(-0.353617 1.63286 0)
(-0.553784 2.05023 0)
(-0.663012 2.07277 0)
(-0.640202 2.03411 0)
(-0.599076 1.87735 0)
(-0.472395 1.73506 0)
(-0.363259 1.5617 0)
(-0.211212 1.38989 0)
(-0.10076 1.1937 0)
(0.0201773 0.952368 0)
(0.0617428 0.65971 0)
(0.082092 0.252057 0)
(-0.0419445 -0.240932 0)
(-0.212053 -0.938972 0)
(-0.613333 -1.727 0)
(-0.996717 -2.80276 0)
(-1.64028 -3.73854 0)
(-1.73889 -4.64086 0)
(-2.04981 -3.69857 0)
(-2.50693e-264 -0.21128 0)
(-0.179746 1.24094 0)
(-0.439858 1.93045 0)
(-0.565878 2.25693 0)
(-0.567958 2.09461 0)
(-0.386675 1.96316 0)
(-0.198391 1.72966 0)
(0.0853929 1.55133 0)
(0.3345 1.36047 0)
(0.624638 1.1906 0)
(0.85792 1.01279 0)
(1.09867 0.809837 0)
(1.24462 0.576578 0)
(1.36544 0.25963 0)
(1.31831 -0.114929 0)
(1.20594 -0.649347 0)
(0.808852 -1.26631 0)
(0.325684 -2.15015 0)
(-0.535866 -3.10523 0)
(-1.19247 -4.15593 0)
(-1.86047 -4.43073 0)
(-0.845118 -2.28491 0)
(-0.399191 1.42669 0)
(-0.729768 1.99024 0)
(-0.543954 2.17244 0)
(-0.295214 1.87689 0)
(0.218544 1.66578 0)
(0.634663 1.39779 0)
(1.13866 1.20445 0)
(1.54658 1.02072 0)
(1.97763 0.868418 0)
(2.31721 0.722485 0)
(2.65385 0.567619 0)
(2.87153 0.40117 0)
(3.06645 0.181325 0)
(3.06505 -0.0659393 0)
(3.02095 -0.425655 0)
(2.63506 -0.823904 0)
(2.20233 -1.45698 0)
(1.224 -2.18875 0)
(0.363661 -3.31798 0)
(-0.746187 -3.96953 0)
(-0.695951 -2.95649 0)
(-0.254203 2.43171 0)
(-0.0931556 2.06988 0)
(0.692919 1.87314 0)
(1.32761 1.32481 0)
(2.11993 1.05427 0)
(2.71559 0.803538 0)
(3.33284 0.646257 0)
(3.80855 0.517916 0)
(4.27415 0.420721 0)
(4.62899 0.336315 0)
(4.96658 0.253626 0)
(5.1825 0.168841 0)
(5.37467 0.062274 0)
(5.38384 -0.0569155 0)
(5.36295 -0.229101 0)
(5.03244 -0.425637 0)
(4.67484 -0.76892 0)
(3.77071 -1.23319 0)
(2.82781 -2.25123 0)
(1.0748 -3.32546 0)
(-0.0432982 -3.80108 0)
(1.66948 1.67176 0)
(2.71322 0.977376 0)
(4.55965 0.750142 0)
(5.3978 0.423564 0)
(6.25708 0.284187 0)
(6.75328 0.174456 0)
(7.21508 0.117188 0)
(7.51995 0.0771975 0)
(7.80098 0.0519535 0)
(7.99118 0.0331453 0)
(8.16716 0.0169024 0)
(8.25849 0.00160864 0)
(8.3402 -0.0179848 0)
(8.29849 -0.0382733 0)
(8.25591 -0.0741542 0)
(7.98795 -0.108841 0)
(7.74587 -0.200495 0)
(7.00005 -0.295369 0)
(6.26732 -0.629177 0)
(4.04883 -1.00141 0)
(2.00988 -1.82316 0)
)
;

boundaryField
{
    movingWall
    {
        type            fixedValue;
        value           uniform (10 0 0);
    }
    fixedWalls
    {
        type            noSlip;
    }
    frontAndBack
    {
        type            empty;
    }
}


// ************************************************************************* //
