/*--------------------------------*- C++ -*----------------------------------*\
| =========                 |                                                 |
| \\      /  F ield         | OpenFOAM: The Open Source CFD Toolbox           |
|  \\    /   O peration     | Version:  4.1                                   |
|   \\  /    A nd           | Web:      www.OpenFOAM.org                      |
|    \\/     M anipulation  |                                                 |
\*---------------------------------------------------------------------------*/
FoamFile
{
    version     2.0;
    format      ascii;
    class       volVectorField;
    location    "0.0468";
    object      U;
}
// * * * * * * * * * * * * * * * * * * * * * * * * * * * * * * * * * * * * * //

dimensions      [0 1 -1 0 0 0 0];

internalField   nonuniform List<vector> 
441
(
(0.00335122 -0.00457432 0)
(0.00852657 -0.00258472 0)
(-0.000646199 -2.1831e-165 0)
(0.00170189 -2.77137e-266 0)
(-0.00884941 -0.00680816 0)
(-0.00170189 -2.71007e-232 0)
(-1.08484e-202 -4.54431e-203 0)
(-1.1359e-203 -5.80355e-228 0)
(-1.48204e-212 -2.46149e-213 0)
(-0.00524851 7.89656e-266 0)
(-0.0631988 0.0209964 0)
(-0.0800191 0.011205 0)
(-0.0912278 0.005349 0)
(-0.0820702 0.000760024 0)
(-0.0700105 -0.000995037 0)
(-0.0496929 -0.00232365 0)
(-0.0316186 -0.00181774 0)
(-0.0141541 -0.00165633 0)
(-0.00217727 0.000188609 0)
(0.00174909 0.000821981 0)
(0.0038777 0.00244801 0)
(0.00321412 -0.00710502 0)
(-0.00227486 0.00655134 0)
(-0.0271054 0.0077376 0)
(-0.0558332 0.0106045 0)
(-0.0975995 0.00944545 0)
(-0.135324 -0.00416482 0)
(-0.169828 -0.000409261 0)
(-0.201983 0.00128752 0)
(-0.229916 0.0110096 0)
(-0.258176 0.05606 0)
(-0.277661 0.0519674 0)
(-0.272903 0.0171368 0)
(-0.262474 -0.00374029 0)
(-0.230168 -0.0226504 0)
(-0.192365 -0.0314398 0)
(-0.142704 -0.0372165 0)
(-0.0966146 -0.0334955 0)
(-0.0531039 -0.0289695 0)
(-0.0213369 -0.015621 0)
(-0.00491779 -0.00762036 0)
(0.00400644 0.0033925 0)
(0.00653667 -0.00606013 0)
(-0.00575407 0.0273495 0)
(-0.0505589 0.052189 0)
(-0.109084 0.0683045 0)
(-0.17858 0.0716445 0)
(-0.24939 0.0685658 0)
(-0.323441 0.0642931 0)
(-0.381052 0.0580911 0)
(-0.43727 0.0540208 0)
(-0.462797 0.0517456 0)
(-0.457321 0.0365797 0)
(-0.442237 -0.00290937 0)
(-0.414123 -0.036745 0)
(-0.363899 -0.0691987 0)
(-0.304188 -0.087551 0)
(-0.229637 -0.0983479 0)
(-0.15911 -0.0902992 0)
(-0.091436 -0.0774136 0)
(-0.0411643 -0.0469346 0)
(-0.0110877 -0.0249259 0)
(0.00533029 0.00199363 0)
(0.00591761 -0.00811323 0)
(-0.0137136 0.065251 0)
(-0.0849429 0.111135 0)
(-0.166894 0.140749 0)
(-0.261658 0.150085 0)
(-0.355035 0.143182 0)
(-0.44494 0.132663 0)
(-0.520569 0.115863 0)
(-0.58163 0.0947478 0)
(-0.616156 0.0736777 0)
(-0.621609 0.031167 0)
(-0.601891 -0.0270988 0)
(-0.563492 -0.0821856 0)
(-0.496795 -0.13365 0)
(-0.417103 -0.165489 0)
(-0.317937 -0.183684 0)
(-0.223057 -0.171136 0)
(-0.130127 -0.148487 0)
(-0.0607356 -0.0951496 0)
(-0.0161951 -0.0554581 0)
(0.00717731 -0.00200086 0)
(6.22805e-165 0.0014794 0)
(-0.0201096 0.117792 0)
(-0.12034 0.204632 0)
(-0.220706 0.243743 0)
(-0.338626 0.258836 0)
(-0.451029 0.250243 0)
(-0.56096 0.228751 0)
(-0.651787 0.193875 0)
(-0.726207 0.149054 0)
(-0.768683 0.0923599 0)
(-0.780459 0.0227347 0)
(-0.761859 -0.0607935 0)
(-0.71739 -0.141092 0)
(-0.637947 -0.215885 0)
(-0.539921 -0.265333 0)
(-0.414616 -0.293168 0)
(-0.29351 -0.276657 0)
(-0.169691 -0.240751 0)
(-0.0794847 -0.15922 0)
(-0.0160687 -0.0936421 0)
(0.0136966 -0.00619635 0)
(-5.08684e-266 0.00510072 0)
(-0.0773561 0.189933 0)
(-0.166238 0.309984 0)
(-0.285226 0.360752 0)
(-0.412321 0.380352 0)
(-0.540989 0.36655 0)
(-0.663337 0.334013 0)
(-0.769632 0.281359 0)
(-0.856433 0.21241 0)
(-0.913421 0.127199 0)
(-0.9398 0.0246061 0)
(-0.928407 -0.0911221 0)
(-0.884989 -0.205843 0)
(-0.796501 -0.312589 0)
(-0.682006 -0.388325 0)
(-0.52888 -0.432339 0)
(-0.377481 -0.415005 0)
(-0.216901 -0.365452 0)
(-0.100944 -0.246908 0)
(-0.0145647 -0.15174 0)
(0.0160225 -0.00323535 0)
(-0.0204029 0.081928 0)
(-0.106915 0.280711 0)
(-0.20893 0.412925 0)
(-0.338952 0.488188 0)
(-0.481532 0.513954 0)
(-0.625281 0.500005 0)
(-0.764643 0.456764 0)
(-0.88803 0.386197 0)
(-0.993039 0.292708 0)
(-1.06804 0.175519 0)
(-1.11202 0.0382119 0)
(-1.11367 -0.115879 0)
(-1.07697 -0.272019 0)
(-0.984221 -0.419665 0)
(-0.856017 -0.531475 0)
(-0.67264 -0.599293 0)
(-0.487537 -0.586381 0)
(-0.277569 -0.519463 0)
(-0.133846 -0.358458 0)
(-0.00211771 -0.212326 0)
(5.7124e-266 -0.00400562 0)
(-0.0148107 0.134733 0)
(-0.101208 0.37956 0)
(-0.228098 0.542657 0)
(-0.376232 0.63417 0)
(-0.536617 0.667041 0)
(-0.697738 0.650045 0)
(-0.854243 0.597163 0)
(-0.997372 0.509713 0)
(-1.12326 0.392854 0)
(-1.22179 0.245668 0)
(-1.28975 0.0706206 0)
(-1.312 -0.127195 0)
(-1.29017 -0.334821 0)
(-1.20051 -0.535573 0)
(-1.06333 -0.699179 0)
(-0.851131 -0.804558 0)
(-0.627171 -0.808385 0)
(-0.361681 -0.724983 0)
(-0.175409 -0.517898 0)
(-0.00249488 -0.294676 0)
(2.28586e-24 -1.26827e-24 0)
(-0.0130433 0.194729 0)
(-0.104988 0.492268 0)
(-0.248334 0.686562 0)
(-0.411548 0.795058 0)
(-0.588797 0.834377 0)
(-0.766161 0.816246 0)
(-0.940527 0.75569 0)
(-1.10397 0.654234 0)
(-1.25299 0.516975 0)
(-1.37806 0.341438 0)
(-1.47422 0.128997 0)
(-1.52399 -0.11595 0)
(-1.52527 -0.38217 0)
(-1.44817 -0.647663 0)
(-1.31046 -0.87871 0)
(-1.07398 -1.0382 0)
(-0.810843 -1.07223 0)
(-0.479578 -0.975866 0)
(-0.239162 -0.710497 0)
(-0.00428292 -0.394722 0)
(9.40902e-77 -5.71466e-25 0)
(-0.011519 0.253461 0)
(-0.105207 0.616525 0)
(-0.260568 0.850086 0)
(-0.435596 0.975318 0)
(-0.626334 1.02225 0)
(-0.817459 1.00187 0)
(-1.00674 0.935346 0)
(-1.18879 0.821863 0)
(-1.35956 0.66717 0)
(-1.51187 0.466214 0)
(-1.63857 0.216793 0)
(-1.7214 -0.077334 0)
(-1.75411 -0.410139 0)
(-1.7011 -0.75291 0)
(-1.57495 -1.07264 0)
(-1.32528 -1.30965 0)
(-1.02686 -1.40124 0)
(-0.625562 -1.30608 0)
(-0.317785 -0.987894 0)
(-0.00582297 -0.547911 0)
(2.6323e-164 -2.35225e-77 0)
(-0.0120725 0.308272 0)
(-0.110663 0.73964 0)
(-0.277045 1.01484 0)
(-0.461556 1.15872 0)
(-0.661475 1.21473 0)
(-0.861368 1.19479 0)
(-1.05933 1.12606 0)
(-1.25379 1.00569 0)
(-1.43976 0.839684 0)
(-1.61448 0.61961 0)
(-1.76831 0.339015 0)
(-1.88573 -0.000893129 0)
(-1.95536 -0.40071 0)
(-1.93933 -0.827778 0)
(-1.84154 -1.25144 0)
(-1.59918 -1.58975 0)
(-1.2822 -1.76719 0)
(-0.81984 -1.69228 0)
(-0.439367 -1.31925 0)
(-0.0714027 -0.724351 0)
(1.66853e-265 0.012391 0)
(-0.0133866 0.377201 0)
(-0.114204 0.883675 0)
(-0.286896 1.20257 0)
(-0.474769 1.36053 0)
(-0.675983 1.42331 0)
(-0.875966 1.39975 0)
(-1.07225 1.32844 0)
(-1.26817 1.20182 0)
(-1.4573 1.02794 0)
(-1.64308 0.793924 0)
(-1.81412 0.487885 0)
(-1.96052 0.108508 0)
(-2.06752 -0.35635 0)
(-2.09812 -0.869142 0)
(-2.04708 -1.41214 0)
(-1.83906 -1.87544 0)
(-1.52797 -2.17976 0)
(-1.0174 -2.16235 0)
(-0.54505 -1.73086 0)
(-0.0709747 -1.00584 0)
(0.049564 -0.0673281 0)
(-0.0175706 0.431553 0)
(-0.125789 1.01023 0)
(-0.308315 1.37255 0)
(-0.497418 1.54454 0)
(-0.691351 1.61412 0)
(-0.880282 1.58846 0)
(-1.05858 1.51724 0)
(-1.23883 1.38909 0)
(-1.41063 1.21416 0)
(-1.58824 0.975677 0)
(-1.75664 0.656869 0)
(-1.91869 0.252627 0)
(-2.05413 -0.26095 0)
(-2.13758 -0.847778 0)
(-2.1499 -1.5058 0)
(-2.01073 -2.11086 0)
(-1.75085 -2.58283 0)
(-1.21327 -2.68359 0)
(-0.687521 -2.25912 0)
(0.0369183 -1.32543 0)
(2.29251e-231 -0.012391 0)
(-0.023095 0.523454 0)
(-0.136366 1.17749 0)
(-0.322323 1.57803 0)
(-0.50331 1.74464 0)
(-0.677081 1.80925 0)
(-0.839895 1.76722 0)
(-0.98215 1.6888 0)
(-1.1262 1.55374 0)
(-1.25734 1.37783 0)
(-1.40135 1.13959 0)
(-1.54104 0.817841 0)
(-1.69406 0.405568 0)
(-1.83958 -0.138097 0)
(-1.96856 -0.774276 0)
(-2.05633 -1.5388 0)
(-2.02567 -2.27915 0)
(-1.87985 -2.97696 0)
(-1.41764 -3.24356 0)
(-0.882905 -2.9758 0)
(-0.00370039 -1.72892 0)
(5.62658e-202 4.49402e-184 0)
(-0.0398825 0.583899 0)
(-0.174792 1.30337 0)
(-0.373194 1.73555 0)
(-0.543641 1.89373 0)
(-0.678957 1.949 0)
(-0.796237 1.89 0)
(-0.873971 1.80314 0)
(-0.955097 1.66285 0)
(-1.01377 1.48956 0)
(-1.09471 1.25978 0)
(-1.17202 0.950503 0)
(-1.28823 0.553261 0)
(-1.41242 0.0162917 0)
(-1.57559 -0.627421 0)
(-1.72785 -1.4413 0)
(-1.84843 -2.28457 0)
(-1.86084 -3.17564 0)
(-1.59431 -3.68966 0)
(-1.12406 -3.6507 0)
(-0.0106205 -2.23759 0)
(1.79761e-183 3.22111e-185 0)
(-0.0589994 0.745983 0)
(-0.213711 1.51509 0)
(-0.410484 1.95618 0)
(-0.55335 2.05172 0)
(-0.630117 2.06887 0)
(-0.680407 1.96286 0)
(-0.671915 1.85178 0)
(-0.666404 1.69417 0)
(-0.628372 1.51903 0)
(-0.618374 1.29891 0)
(-0.603998 1.01095 0)
(-0.647377 0.647919 0)
(-0.714878 0.147188 0)
(-0.868847 -0.45576 0)
(-1.06219 -1.26938 0)
(-1.31809 -2.14288 0)
(-1.55444 -3.23649 0)
(-1.60462 -3.98776 0)
(-1.44008 -4.57774 0)
(-0.458465 -2.89954 0)
(4.35417e-254 -4.49402e-184 0)
(-0.12451 0.842433 0)
(-0.346542 1.64167 0)
(-0.536641 2.06983 0)
(-0.633753 2.10357 0)
(-0.596681 2.07518 0)
(-0.539938 1.92681 0)
(-0.396441 1.79001 0)
(-0.270309 1.61823 0)
(-0.101861 1.44294 0)
(0.0228774 1.23763 0)
(0.154862 0.98143 0)
(0.202722 0.669792 0)
(0.224191 0.241148 0)
(0.0952643 -0.270915 0)
(-0.0848629 -0.984107 0)
(-0.50294 -1.78116 0)
(-0.907996 -2.86315 0)
(-1.58304 -3.80327 0)
(-1.71114 -4.70892 0)
(-2.05826 -3.75388 0)
(-2.53306e-264 -0.212781 0)
(-0.179426 1.23824 0)
(-0.435381 1.93149 0)
(-0.55337 2.26558 0)
(-0.544925 2.11203 0)
(-0.350486 1.9889 0)
(-0.147377 1.76236 0)
(0.152731 1.58881 0)
(0.418508 1.39977 0)
(0.724857 1.22793 0)
(0.972266 1.04388 0)
(1.22382 0.830359 0)
(1.37571 0.583332 0)
(1.49708 0.251069 0)
(1.44471 -0.137306 0)
(1.32253 -0.681782 0)
(0.911131 -1.30302 0)
(0.410775 -2.18654 0)
(-0.473977 -3.14056 0)
(-1.15639 -4.19065 0)
(-1.85483 -4.46612 0)
(-0.851124 -2.29601 0)
(-0.399554 1.42274 0)
(-0.729577 1.98689 0)
(-0.540013 2.17351 0)
(-0.284778 1.88394 0)
(0.23848 1.67879 0)
(0.66626 1.41595 0)
(1.18393 1.2263 0)
(1.60639 1.04424 0)
(2.05206 0.891089 0)
(2.40471 0.74149 0)
(2.75158 0.580079 0)
(2.975 0.404947 0)
(3.17054 0.175333 0)
(3.16405 -0.0807498 0)
(3.11052 -0.446676 0)
(2.71162 -0.846833 0)
(2.26526 -1.4776 0)
(1.27152 -2.20521 0)
(0.395593 -3.331 0)
(-0.732924 -3.98222 0)
(-0.697491 -2.95943 0)
(-0.254904 2.4292 0)
(-0.0960422 2.06661 0)
(0.689506 1.87146 0)
(1.3262 1.32603 0)
(2.12347 1.05861 0)
(2.72655 0.8106 0)
(3.35347 0.655248 0)
(3.84009 0.527791 0)
(4.31703 0.430201 0)
(4.68221 0.344028 0)
(5.02795 0.258235 0)
(5.24834 0.169391 0)
(5.44067 0.058406 0)
(5.44518 -0.0646211 0)
(5.41591 -0.239113 0)
(5.07438 -0.435846 0)
(4.70588 -0.776808 0)
(3.79193 -1.23795 0)
(2.84146 -2.25269 0)
(1.08092 -3.32729 0)
(-0.0441297 -3.8005 0)
(1.66901 1.6713 0)
(2.71082 0.976707 0)
(4.55543 0.749614 0)
(5.39319 0.423471 0)
(6.2539 0.284589 0)
(6.75322 0.175268 0)
(7.21955 0.118247 0)
(7.52973 0.0783072 0)
(7.81623 0.0528847 0)
(8.01122 0.0336895 0)
(8.1906 0.0168723 0)
(8.28312 0.000936466 0)
(8.36362 -0.0192703 0)
(8.3181 -0.0399213 0)
(8.27018 -0.0758318 0)
(7.99595 -0.110085 0)
(7.74881 -0.200942 0)
(6.99956 -0.294932 0)
(6.266 -0.62795 0)
(4.04787 -1.00003 0)
(2.0084 -1.82137 0)
)
;

boundaryField
{
    movingWall
    {
        type            fixedValue;
        value           uniform (10 0 0);
    }
    fixedWalls
    {
        type            noSlip;
    }
    frontAndBack
    {
        type            empty;
    }
}


// ************************************************************************* //
