/*--------------------------------*- C++ -*----------------------------------*\
| =========                 |                                                 |
| \\      /  F ield         | OpenFOAM: The Open Source CFD Toolbox           |
|  \\    /   O peration     | Version:  4.1                                   |
|   \\  /    A nd           | Web:      www.OpenFOAM.org                      |
|    \\/     M anipulation  |                                                 |
\*---------------------------------------------------------------------------*/
FoamFile
{
    version     2.0;
    format      ascii;
    class       volVectorField;
    location    "0.0249";
    object      U;
}
// * * * * * * * * * * * * * * * * * * * * * * * * * * * * * * * * * * * * * //

dimensions      [0 1 -1 0 0 0 0];

internalField   nonuniform List<vector> 
441
(
(0.00329919 -0.00470422 0)
(0.00797233 -0.00282695 0)
(-0.000706868 -2.31402e-165 0)
(0.00154649 -2.38501e-266 0)
(-0.0100368 -0.00618649 0)
(-0.00154649 -2.53239e-232 0)
(-1.09118e-202 -3.75513e-203 0)
(-9.38586e-204 -4.6179e-228 0)
(-1.32979e-212 -1.90766e-213 0)
(-0.00469162 7.1576e-266 0)
(-0.0553485 0.0187679 0)
(-0.0707369 0.0102337 0)
(-0.0815991 0.00507374 0)
(-0.0753466 0.00112619 0)
(-0.0667858 -0.000458637 0)
(-0.0506733 -0.00174262 0)
(-0.0355841 -0.00159747 0)
(-0.0193861 -0.00173855 0)
(-0.00686172 -0.00033126 0)
(-0.000431048 0.000305881 0)
(0.00327967 0.00210775 0)
(0.00289355 -0.00634773 0)
(-0.00395739 0.00685235 0)
(-0.0292398 0.00760985 0)
(-0.056977 0.0112969 0)
(-0.0955563 0.00855746 0)
(-0.128137 -0.0054876 0)
(-0.156581 -0.000731337 0)
(-0.181998 0.0010039 0)
(-0.20327 0.00948942 0)
(-0.225214 0.0489435 0)
(-0.240419 0.0456766 0)
(-0.236138 0.0162938 0)
(-0.228925 -0.00084863 0)
(-0.204393 -0.0164658 0)
(-0.175902 -0.0242406 0)
(-0.136575 -0.0304063 0)
(-0.0985379 -0.0294995 0)
(-0.0595807 -0.0280398 0)
(-0.0284006 -0.0182591 0)
(-0.008587 -0.0111776 0)
(0.0030506 0.000933169 0)
(0.00601679 -0.00427246 0)
(-0.00701621 0.0289058 0)
(-0.0512888 0.0515658 0)
(-0.105854 0.0643793 0)
(-0.167537 0.0639975 0)
(-0.228707 0.0576567 0)
(-0.289921 0.0518719 0)
(-0.334204 0.0451068 0)
(-0.376922 0.0414673 0)
(-0.393417 0.0408223 0)
(-0.384925 0.0304562 0)
(-0.37105 -0.000259331 0)
(-0.348951 -0.0261236 0)
(-0.310585 -0.0517189 0)
(-0.265613 -0.0674861 0)
(-0.207641 -0.0792889 0)
(-0.151083 -0.0775902 0)
(-0.0929878 -0.0722355 0)
(-0.0465223 -0.0503291 0)
(-0.0145148 -0.0314538 0)
(0.0041203 -0.00288897 0)
(0.00602783 -0.00550038 0)
(-0.012209 0.0657085 0)
(-0.0792341 0.106598 0)
(-0.15298 0.129471 0)
(-0.235142 0.131691 0)
(-0.313071 0.119236 0)
(-0.384947 0.105882 0)
(-0.44228 0.0886284 0)
(-0.486282 0.0702887 0)
(-0.508183 0.0547223 0)
(-0.507084 0.0230265 0)
(-0.487872 -0.020605 0)
(-0.456714 -0.0614507 0)
(-0.40541 -0.100703 0)
(-0.345826 -0.127014 0)
(-0.270381 -0.146106 0)
(-0.196921 -0.143678 0)
(-0.120739 -0.13398 0)
(-0.0605015 -0.0960427 0)
(-0.0173058 -0.0630682 0)
(0.00610294 -0.00913289 0)
(6.0356e-165 0.00150696 0)
(-0.0169944 0.113776 0)
(-0.107953 0.191605 0)
(-0.194974 0.219133 0)
(-0.294353 0.223241 0)
(-0.385343 0.206044 0)
(-0.471006 0.180179 0)
(-0.53776 0.145722 0)
(-0.58958 0.106931 0)
(-0.614736 0.0622496 0)
(-0.61594 0.0105171 0)
(-0.595505 -0.0503619 0)
(-0.558224 -0.107931 0)
(-0.497014 -0.162768 0)
(-0.424698 -0.201543 0)
(-0.331749 -0.228736 0)
(-0.241704 -0.225912 0)
(-0.14478 -0.209431 0)
(-0.0712825 -0.15225 0)
(-0.0143232 -0.0986982 0)
(0.0123891 -0.01318 0)
(-5.0389e-266 0.00484712 0)
(-0.0709874 0.177855 0)
(-0.14616 0.282941 0)
(-0.246484 0.317535 0)
(-0.349413 0.322037 0)
(-0.450593 0.296923 0)
(-0.54266 0.258826 0)
(-0.618651 0.207469 0)
(-0.676597 0.147886 0)
(-0.709787 0.0804275 0)
(-0.719199 0.00395472 0)
(-0.701445 -0.0791561 0)
(-0.662961 -0.159782 0)
(-0.594288 -0.235452 0)
(-0.51079 -0.291861 0)
(-0.399911 -0.330945 0)
(-0.291462 -0.32972 0)
(-0.171073 -0.306932 0)
(-0.0817177 -0.2249 0)
(-0.00761154 -0.149585 0)
(0.0158372 -0.010205 0)
(-0.0193885 0.0757712 0)
(-0.0964971 0.256631 0)
(-0.181432 0.367653 0)
(-0.288325 0.420867 0)
(-0.401684 0.426868 0)
(-0.51229 0.398223 0)
(-0.615055 0.347761 0)
(-0.701178 0.279053 0)
(-0.769543 0.19799 0)
(-0.812506 0.104731 0)
(-0.831165 0.00259375 0)
(-0.819454 -0.106769 0)
(-0.783015 -0.214245 0)
(-0.709741 -0.31547 0)
(-0.61686 -0.394559 0)
(-0.486415 -0.449166 0)
(-0.358344 -0.452668 0)
(-0.206423 -0.420809 0)
(-0.102809 -0.312942 0)
(0.00470725 -0.197711 0)
(5.35734e-266 -0.0039593 0)
(-0.0137624 0.123014 0)
(-0.0888776 0.340949 0)
(-0.19539 0.475493 0)
(-0.31683 0.538661 0)
(-0.443844 0.546489 0)
(-0.56696 0.510808 0)
(-0.68108 0.448206 0)
(-0.779914 0.362057 0)
(-0.860763 0.259649 0)
(-0.917663 0.141666 0)
(-0.950024 0.0111852 0)
(-0.949478 -0.128176 0)
(-0.920463 -0.269187 0)
(-0.847231 -0.403275 0)
(-0.747502 -0.514571 0)
(-0.598163 -0.59243 0)
(-0.446101 -0.608141 0)
(-0.260319 -0.567333 0)
(-0.130961 -0.431992 0)
(-0.00098428 -0.260669 0)
(1.82733e-24 -1.69827e-24 0)
(-0.011783 0.175478 0)
(-0.0914478 0.436567 0)
(-0.212971 0.59443 0)
(-0.347666 0.66784 0)
(-0.48919 0.676152 0)
(-0.625294 0.63432 0)
(-0.752778 0.560233 0)
(-0.865847 0.458014 0)
(-0.961935 0.335725 0)
(-1.03585 0.193626 0)
(-1.08564 0.0349291 0)
(-1.10185 -0.136656 0)
(-1.08629 -0.315357 0)
(-1.01945 -0.489195 0)
(-0.91753 -0.641674 0)
(-0.750004 -0.752378 0)
(-0.571023 -0.78715 0)
(-0.340309 -0.739248 0)
(-0.17571 -0.566249 0)
(-0.00323747 -0.334076 0)
(7.46338e-77 -4.56832e-25 0)
(-0.0103368 0.227095 0)
(-0.0922847 0.543797 0)
(-0.226494 0.732752 0)
(-0.373564 0.81572 0)
(-0.528766 0.824944 0)
(-0.67802 0.774753 0)
(-0.818665 0.689382 0)
(-0.947013 0.571201 0)
(-1.0597 0.430054 0)
(-1.15382 0.264967 0)
(-1.22543 0.0774083 0)
(-1.26493 -0.128489 0)
(-1.27074 -0.351348 0)
(-1.21917 -0.574132 0)
(-1.12245 -0.783536 0)
(-0.941022 -0.943173 0)
(-0.732306 -1.01642 0)
(-0.447381 -0.96998 0)
(-0.233135 -0.764746 0)
(-0.00494848 -0.447884 0)
(2.06682e-164 -1.86584e-77 0)
(-0.0111139 0.275143 0)
(-0.100177 0.651082 0)
(-0.248762 0.873815 0)
(-0.40895 0.968203 0)
(-0.577082 0.979364 0)
(-0.73848 0.92266 0)
(-0.890586 0.82857 0)
(-1.03311 0.698042 0)
(-1.16146 0.542424 0)
(-1.27684 0.358861 0)
(-1.37252 0.146581 0)
(-1.44142 -0.091578 0)
(-1.47652 -0.35968 0)
(-1.45207 -0.6381 0)
(-1.372 -0.917164 0)
(-1.18717 -1.14477 0)
(-0.95234 -1.27624 0)
(-0.608683 -1.24343 0)
(-0.331462 -0.999125 0)
(-0.0592729 -0.576242 0)
(1.25925e-265 0.00995866 0)
(-0.0129512 0.339557 0)
(-0.1085 0.783664 0)
(-0.269867 1.0433 0)
(-0.44078 1.14502 0)
(-0.618424 1.15598 0)
(-0.788585 1.08857 0)
(-0.948104 0.984989 0)
(-1.10124 0.841977 0)
(-1.2417 0.674149 0)
(-1.37611 0.475547 0)
(-1.49524 0.241888 0)
(-1.59604 -0.0255106 0)
(-1.66675 -0.34094 0)
(-1.68048 -0.680862 0)
(-1.63173 -1.04856 0)
(-1.4592 -1.36812 0)
(-1.20723 -1.59457 0)
(-0.797892 -1.60129 0)
(-0.427586 -1.31011 0)
(-0.0573962 -0.794157 0)
(0.0398346 -0.057392 0)
(-0.0178943 0.392383 0)
(-0.126998 0.905107 0)
(-0.307701 1.20332 0)
(-0.49107 1.3136 0)
(-0.674564 1.32549 0)
(-0.848393 1.24992 0)
(-1.00641 1.14038 0)
(-1.16176 0.990215 0)
(-1.30387 0.817031 0)
(-1.44901 0.611871 0)
(-1.58296 0.36687 0)
(-1.71266 0.0800683 0)
(-1.8183 -0.273667 0)
(-1.8808 -0.672843 0)
(-1.87852 -1.13489 0)
(-1.74455 -1.57085 0)
(-1.50243 -1.93226 0)
(-1.02785 -2.02913 0)
(-0.573595 -1.73273 0)
(0.0330757 -1.04838 0)
(1.92062e-231 -0.00995866 0)
(-0.024451 0.487371 0)
(-0.146371 1.07661 0)
(-0.342558 1.41126 0)
(-0.532452 1.51305 0)
(-0.713327 1.51644 0)
(-0.881259 1.42075 0)
(-1.02632 1.30021 0)
(-1.17102 1.13935 0)
(-1.30005 0.961854 0)
(-1.43966 0.754231 0)
(-1.57173 0.504745 0)
(-1.71452 0.20907 0)
(-1.84466 -0.174319 0)
(-1.95407 -0.622166 0)
(-2.01315 -1.18637 0)
(-1.95284 -1.74906 0)
(-1.77394 -2.31314 0)
(-1.30953 -2.54547 0)
(-0.792917 -2.36769 0)
(-0.00383296 -1.39767 0)
(4.89685e-202 4.0689e-184 0)
(-0.0422604 0.555938 0)
(-0.193723 1.21709 0)
(-0.415136 1.58527 0)
(-0.610635 1.67865 0)
(-0.772973 1.67235 0)
(-0.918588 1.55916 0)
(-1.02578 1.42945 0)
(-1.13686 1.26222 0)
(-1.22493 1.08552 0)
(-1.33323 0.883481 0)
(-1.43348 0.641973 0)
(-1.56509 0.354276 0)
(-1.6926 -0.0326516 0)
(-1.8426 -0.501941 0)
(-1.95881 -1.1309 0)
(-2.02117 -1.80856 0)
(-1.95262 -2.56378 0)
(-1.61254 -3.01892 0)
(-1.08578 -3.01878 0)
(-0.00766292 -1.86615 0)
(1.62756e-183 2.77145e-184 0)
(-0.0621302 0.730958 0)
(-0.239445 1.45378 0)
(-0.469875 1.83724 0)
(-0.652157 1.87205 0)
(-0.774225 1.83113 0)
(-0.874325 1.6739 0)
(-0.919795 1.52224 0)
(-0.970809 1.33872 0)
(-0.990253 1.1593 0)
(-1.03539 0.96314 0)
(-1.0701 0.73527 0)
(-1.15074 0.468917 0)
(-1.23805 0.0996057 0)
(-1.38726 -0.35452 0)
(-1.54482 -1.01325 0)
(-1.72816 -1.75365 0)
(-1.8543 -2.73028 0)
(-1.77043 -3.42078 0)
(-1.47897 -3.99385 0)
(-0.433244 -2.52564 0)
(4.0558e-254 -4.0689e-184 0)
(-0.127432 0.842894 0)
(-0.372708 1.61147 0)
(-0.600673 1.99211 0)
(-0.744746 1.97286 0)
(-0.764196 1.89315 0)
(-0.770966 1.69936 0)
(-0.697703 1.52635 0)
(-0.645742 1.33114 0)
(-0.553578 1.15092 0)
(-0.50216 0.964771 0)
(-0.436072 0.758164 0)
(-0.438438 0.526483 0)
(-0.446464 0.20549 0)
(-0.574874 -0.187763 0)
(-0.723615 -0.784066 0)
(-1.06686 -1.48921 0)
(-1.36208 -2.49871 0)
(-1.86907 -3.39485 0)
(-1.83862 -4.27848 0)
(-1.9952 -3.41727 0)
(-2.38735e-264 -0.203767 0)
(-0.180594 1.25179 0)
(-0.452212 1.93109 0)
(-0.601797 2.23111 0)
(-0.636616 2.03577 0)
(-0.497898 1.8711 0)
(-0.359676 1.60726 0)
(-0.133465 1.40372 0)
(0.0529182 1.19488 0)
(0.276435 1.01772 0)
(0.443614 0.847039 0)
(0.623 0.670126 0)
(0.719983 0.482928 0)
(0.809894 0.231026 0)
(0.757411 -0.0695995 0)
(0.666042 -0.532902 0)
(0.320349 -1.09908 0)
(-0.0863188 -1.95659 0)
(-0.834817 -2.90153 0)
(-1.36153 -3.95213 0)
(-1.87992 -4.23441 0)
(-0.815067 -2.2179 0)
(-0.397886 1.44088 0)
(-0.729002 2.0038 0)
(-0.554202 2.17047 0)
(-0.326761 1.85239 0)
(0.154184 1.61761 0)
(0.528123 1.32781 0)
(0.980484 1.11636 0)
(1.32999 0.919877 0)
(1.69741 0.76233 0)
(1.97296 0.62101 0)
(2.24981 0.483283 0)
(2.42006 0.347054 0)
(2.58592 0.169744 0)
(2.58166 -0.0295446 0)
(2.56063 -0.34411 0)
(2.2246 -0.713674 0)
(1.85638 -1.34066 0)
(0.959856 -2.08483 0)
(0.187948 -3.23026 0)
(-0.818809 -3.89013 0)
(-0.690041 -2.93274 0)
(-0.251835 2.44048 0)
(-0.0825321 2.08204 0)
(0.706449 1.87991 0)
(1.33465 1.32073 0)
(2.10914 1.03803 0)
(2.67671 0.776048 0)
(3.25602 0.609745 0)
(3.68658 0.475456 0)
(4.10188 0.376311 0)
(4.40576 0.294934 0)
(4.69636 0.221153 0)
(4.87601 0.151258 0)
(5.04847 0.0646151 0)
(5.06041 -0.0328366 0)
(5.06531 -0.18628 0)
(4.78153 -0.37267 0)
(4.48023 -0.71977 0)
(3.63363 -1.19763 0)
(2.74016 -2.23424 0)
(1.03551 -3.31108 0)
(-0.0410895 -3.80096 0)
(1.67096 1.67331 0)
(2.72167 0.979823 0)
(4.57505 0.752185 0)
(5.41502 0.424044 0)
(6.26921 0.28279 0)
(6.75356 0.171422 0)
(7.19753 0.113011 0)
(7.48044 0.0725033 0)
(7.73715 0.0474976 0)
(7.90356 0.0297345 0)
(8.05908 0.0154481 0)
(8.13719 0.00279113 0)
(8.21556 -0.0136517 0)
(8.18338 -0.0312647 0)
(8.1615 -0.0654735 0)
(7.92371 -0.10088 0)
(7.71163 -0.195641 0)
(6.99031 -0.295389 0)
(6.26848 -0.634401 0)
(4.05216 -1.00895 0)
(2.01686 -1.83316 0)
)
;

boundaryField
{
    movingWall
    {
        type            fixedValue;
        value           uniform (10 0 0);
    }
    fixedWalls
    {
        type            noSlip;
    }
    frontAndBack
    {
        type            empty;
    }
}


// ************************************************************************* //
