/*--------------------------------*- C++ -*----------------------------------*\
| =========                 |                                                 |
| \\      /  F ield         | OpenFOAM: The Open Source CFD Toolbox           |
|  \\    /   O peration     | Version:  4.1                                   |
|   \\  /    A nd           | Web:      www.OpenFOAM.org                      |
|    \\/     M anipulation  |                                                 |
\*---------------------------------------------------------------------------*/
FoamFile
{
    version     2.0;
    format      ascii;
    class       volVectorField;
    location    "0.0943";
    object      U;
}
// * * * * * * * * * * * * * * * * * * * * * * * * * * * * * * * * * * * * * //

dimensions      [0 1 -1 0 0 0 0];

internalField   nonuniform List<vector> 
441
(
(0.00378921 -0.00487003 0)
(0.00992711 -0.00254031 0)
(-0.000635078 -2.21665e-165 0)
(0.00199548 -3.39287e-266 0)
(-0.00836971 -0.0079822 0)
(-0.00199548 -3.0996e-232 0)
(-1.15198e-202 -5.71669e-203 0)
(-1.42911e-203 -7.50615e-228 0)
(-1.74799e-212 -3.27743e-213 0)
(-0.0062421 9.25377e-266 0)
(-0.0765565 0.0249693 0)
(-0.0960594 0.0130326 0)
(-0.108016 0.00593814 0)
(-0.0947626 0.000358495 0)
(-0.0776409 -0.00171736 0)
(-0.0513172 -0.00308235 0)
(-0.0287326 -0.00218398 0)
(-0.00877098 -0.00158408 0)
(0.00318262 0.000802282 0)
(0.00473269 0.00157783 0)
(0.00462311 0.00304753 0)
(0.00392676 -0.00866233 0)
(-0.000773559 0.00688801 0)
(-0.0276123 0.00862195 0)
(-0.0600607 0.0107979 0)
(-0.10859 0.0110745 0)
(-0.15464 -0.00317899 0)
(-0.198091 -0.000134919 0)
(-0.239964 0.00170519 0)
(-0.277121 0.0134785 0)
(-0.314449 0.0681721 0)
(-0.339639 0.0626128 0)
(-0.333471 0.0188625 0)
(-0.317693 -0.00786553 0)
(-0.273975 -0.0315348 0)
(-0.222695 -0.0419343 0)
(-0.158418 -0.0471668 0)
(-0.100493 -0.040195 0)
(-0.0492594 -0.0316209 0)
(-0.014965 -0.0137795 0)
(-0.000791574 -0.00373853 0)
(0.00502361 0.00653564 0)
(0.00776127 -0.00852579 0)
(-0.00517127 0.0286114 0)
(-0.055062 0.0578872 0)
(-0.123073 0.078365 0)
(-0.20647 0.0853972 0)
(-0.292864 0.0852715 0)
(-0.385879 0.0823504 0)
(-0.461804 0.0764645 0)
(-0.536181 0.0716239 0)
(-0.572602 0.0672015 0)
(-0.568294 0.0449389 0)
(-0.549268 -0.00762734 0)
(-0.510725 -0.0528625 0)
(-0.443289 -0.0944256 0)
(-0.363013 -0.116291 0)
(-0.266333 -0.125571 0)
(-0.176871 -0.110141 0)
(-0.095381 -0.0876386 0)
(-0.0383027 -0.0465525 0)
(-0.00792697 -0.0188631 0)
(0.00645806 0.00766067 0)
(0.00644465 -0.0116013 0)
(-0.0167029 0.0715116 0)
(-0.0993058 0.126465 0)
(-0.197089 0.164704 0)
(-0.312499 0.181232 0)
(-0.428866 0.179057 0)
(-0.543629 0.170587 0)
(-0.643096 0.152952 0)
(-0.724782 0.126825 0)
(-0.772774 0.0975145 0)
(-0.781994 0.0389965 0)
(-0.757134 -0.03987 0)
(-0.70524 -0.114031 0)
(-0.616501 -0.180468 0)
(-0.510132 -0.218751 0)
(-0.381629 -0.23489 0)
(-0.260478 -0.210592 0)
(-0.146634 -0.171902 0)
(-0.0647763 -0.10034 0)
(-0.0158633 -0.0498995 0)
(0.00806793 0.00545598 0)
(7.04592e-165 0.00161116 0)
(-0.0254197 0.133897 0)
(-0.144711 0.237461 0)
(-0.267194 0.290047 0)
(-0.412951 0.316009 0)
(-0.554798 0.314469 0)
(-0.695971 0.295182 0)
(-0.815624 0.256453 0)
(-0.914709 0.200516 0)
(-0.973051 0.125149 0)
(-0.990126 0.029708 0)
(-0.966386 -0.0841117 0)
(-0.906443 -0.192727 0)
(-0.80131 -0.289909 0)
(-0.67119 -0.350077 0)
(-0.509377 -0.376165 0)
(-0.354134 -0.343633 0)
(-0.20103 -0.284509 0)
(-0.0916643 -0.175581 0)
(-0.0186649 -0.0926115 0)
(0.0146812 0.000650084 0)
(-5.70974e-266 0.00592621 0)
(-0.0919987 0.221115 0)
(-0.202337 0.366136 0)
(-0.349475 0.434833 0)
(-0.509097 0.468661 0)
(-0.672624 0.463169 0)
(-0.830468 0.432048 0)
(-0.969626 0.371951 0)
(-1.08408 0.285173 0)
(-1.15992 0.172127 0)
(-1.19446 0.0326378 0)
(-1.17913 -0.124613 0)
(-1.12012 -0.278871 0)
(-1.00379 -0.417418 0)
(-0.853222 -0.510262 0)
(-0.65709 -0.554528 0)
(-0.463829 -0.517893 0)
(-0.264887 -0.437613 0)
(-0.122513 -0.280678 0)
(-0.0213913 -0.159522 0)
(0.0161378 0.00284709 0)
(-0.0237048 0.0968949 0)
(-0.128302 0.332553 0)
(-0.255215 0.495293 0)
(-0.416945 0.594881 0)
(-0.595911 0.638259 0)
(-0.77813 0.63428 0)
(-0.956455 0.591285 0)
(-1.11573 0.509069 0)
(-1.25127 0.390528 0)
(-1.34776 0.235262 0)
(-1.40253 0.049413 0)
(-1.40229 -0.158778 0)
(-1.35122 -0.367066 0)
(-1.23046 -0.557816 0)
(-1.0643 -0.695329 0)
(-0.833173 -0.767552 0)
(-0.599518 -0.733554 0)
(-0.341477 -0.62839 0)
(-0.163383 -0.415765 0)
(-0.00818046 -0.23316 0)
(5.9962e-266 -0.00403445 0)
(-0.0175098 0.160438 0)
(-0.122826 0.453802 0)
(-0.278452 0.655295 0)
(-0.460874 0.776292 0)
(-0.65976 0.830017 0)
(-0.861034 0.823969 0)
(-1.05769 0.769917 0)
(-1.23787 0.666609 0)
(-1.39546 0.51763 0)
(-1.51712 0.32281 0)
(-1.59813 0.0876019 0)
(-1.62102 -0.177026 0)
(-1.58768 -0.450172 0)
(-1.47236 -0.706653 0)
(-1.29875 -0.906886 0)
(-1.03756 -1.02363 0)
(-0.761538 -1.00797 0)
(-0.439494 -0.88028 0)
(-0.211659 -0.609303 0)
(-0.00381624 -0.332579 0)
(2.63797e-24 -1.05184e-24 0)
(-0.0155354 0.23347 0)
(-0.126109 0.591563 0)
(-0.298181 0.831623 0)
(-0.495071 0.974229 0)
(-0.709796 1.03699 0)
(-0.925805 1.0305 0)
(-1.13858 0.967115 0)
(-1.33728 0.845605 0)
(-1.51662 0.669491 0)
(-1.66423 0.437263 0)
(-1.77411 0.153899 0)
(-1.82669 -0.169796 0)
(-1.82036 -0.514264 0)
(-1.72285 -0.848122 0)
(-1.55461 -1.12793 0)
(-1.27375 -1.30815 0)
(-0.960694 -1.32795 0)
(-0.570001 -1.18384 0)
(-0.283023 -0.84353 0)
(-0.00506535 -0.452989 0)
(1.07155e-76 -6.59493e-25 0)
(-0.0134117 0.302627 0)
(-0.122813 0.738169 0)
(-0.303375 1.02493 0)
(-0.507894 1.18844 0)
(-0.731351 1.2611 0)
(-0.955858 1.25264 0)
(-1.17788 1.18158 0)
(-1.3896 1.04418 0)
(-1.58562 0.844743 0)
(-1.75671 0.579572 0)
(-1.89542 0.250415 0)
(-1.98208 -0.131966 0)
(-2.01152 -0.553297 0)
(-1.9458 -0.975089 0)
(-1.79955 -1.35511 0)
(-1.51669 -1.62371 0)
(-1.17805 -1.71021 0)
(-0.721746 -1.56863 0)
(-0.367501 -1.1685 0)
(-0.00733368 -0.631326 0)
(2.97616e-164 -2.67889e-77 0)
(-0.0132757 0.366161 0)
(-0.122544 0.879732 0)
(-0.306851 1.21431 0)
(-0.512747 1.39985 0)
(-0.736445 1.48316 0)
(-0.960238 1.47492 0)
(-1.18102 1.39969 0)
(-1.39534 1.25182 0)
(-1.59747 1.03618 0)
(-1.78361 0.746212 0)
(-1.94478 0.379904 0)
(-2.06521 -0.0540811 0)
(-2.13542 -0.548448 0)
(-2.11586 -1.06103 0)
(-2.01204 -1.55355 0)
(-1.75419 -1.93359 0)
(-1.41494 -2.11788 0)
(-0.912619 -2.00299 0)
(-0.492418 -1.54602 0)
(-0.0820163 -0.834093 0)
(1.79579e-265 0.0133899 0)
(-0.013615 0.439322 0)
(-0.117787 1.03392 0)
(-0.297732 1.41659 0)
(-0.495232 1.6187 0)
(-0.707446 1.70971 0)
(-0.918039 1.69716 0)
(-1.12346 1.61731 0)
(-1.32585 1.46019 0)
(-1.51879 1.23323 0)
(-1.70577 0.926207 0)
(-1.87706 0.532167 0)
(-2.02383 0.0577341 0)
(-2.13401 -0.50195 0)
(-2.17013 -1.10065 0)
(-2.12826 -1.71546 0)
(-1.92602 -2.22743 0)
(-1.61635 -2.55047 0)
(-1.0883 -2.50578 0)
(-0.589675 -1.99316 0)
(-0.0764429 -1.14381 0)
(0.0535595 -0.0777659 0)
(-0.016681 0.493166 0)
(-0.119495 1.16089 0)
(-0.296244 1.58884 0)
(-0.480559 1.80625 0)
(-0.669885 1.90417 0)
(-0.853473 1.88837 0)
(-1.02483 1.80658 0)
(-1.1963 1.64567 0)
(-1.35813 1.41592 0)
(-1.52577 1.10406 0)
(-1.68651 0.698811 0)
(-1.84533 0.203426 0)
(-1.98519 -0.399353 0)
(-2.08139 -1.06586 0)
(-2.11655 -1.79206 0)
(-2.00383 -2.44717 0)
(-1.77196 -2.94877 0)
(-1.24447 -3.03868 0)
(-0.717149 -2.55146 0)
(0.043725 -1.48465 0)
(2.47518e-231 -0.0133899 0)
(-0.0210101 0.578489 0)
(-0.11958 1.31654 0)
(-0.285822 1.78156 0)
(-0.446514 1.99348 0)
(-0.599041 2.08586 0)
(-0.739896 2.05256 0)
(-0.859097 1.96224 0)
(-0.979811 1.79371 0)
(-1.08861 1.56363 0)
(-1.21333 1.25477 0)
(-1.33917 0.851843 0)
(-1.48637 0.356608 0)
(-1.63692 -0.265777 0)
(-1.78357 -0.969564 0)
(-1.90337 -1.79179 0)
(-1.91587 -2.57606 0)
(-1.82059 -3.30802 0)
(-1.40063 -3.57882 0)
(-0.892657 -3.27466 0)
(-0.00292658 -1.89903 0)
(5.83216e-202 4.58847e-184 0)
(-0.0368045 0.626893 0)
(-0.14891 1.41966 0)
(-0.314981 1.91212 0)
(-0.45082 2.11411 0)
(-0.549494 2.19617 0)
(-0.629915 2.14521 0)
(-0.67083 2.04649 0)
(-0.717259 1.8742 0)
(-0.745035 1.65021 0)
(-0.801507 1.35563 0)
(-0.862658 0.973438 0)
(-0.973282 0.503954 0)
(-1.10388 -0.0986843 0)
(-1.2874 -0.795166 0)
(-1.47515 -1.6515 0)
(-1.6466 -2.52642 0)
(-1.72251 -3.44722 0)
(-1.52159 -3.97504 0)
(-1.1062 -3.92541 0)
(-0.0114908 -2.40777 0)
(1.83539e-183 -1.50047e-184 0)
(-0.0553718 0.772453 0)
(-0.182236 1.59905 0)
(-0.338042 2.0931 0)
(-0.435873 2.22949 0)
(-0.464623 2.2723 0)
(-0.467366 2.17477 0)
(-0.412882 2.05406 0)
(-0.366153 1.86892 0)
(-0.293617 1.64993 0)
(-0.258705 1.37401 0)
(-0.230194 1.02382 0)
(-0.271566 0.600432 0)
(-0.348841 0.0468647 0)
(-0.525125 -0.594707 0)
(-0.753112 -1.43559 0)
(-1.05887 -2.32503 0)
(-1.35875 -3.43757 0)
(-1.48603 -4.20168 0)
(-1.39271 -4.80143 0)
(-0.46637 -3.0525 0)
(4.40215e-254 -4.58847e-184 0)
(-0.121237 0.850843 0)
(-0.31595 1.68929 0)
(-0.46331 2.16087 0)
(-0.511959 2.23112 0)
(-0.422178 2.2271 0)
(-0.313528 2.08864 0)
(-0.120472 1.94639 0)
(0.048684 1.75409 0)
(0.251619 1.54453 0)
(0.399158 1.29484 0)
(0.541586 0.988741 0)
(0.586618 0.628761 0)
(0.594032 0.15871 0)
(0.440057 -0.381436 0)
(0.227359 -1.10976 0)
(-0.235203 -1.90975 0)
(-0.692658 -2.99396 0)
(-1.44211 -3.93987 0)
(-1.63952 -4.85406 0)
(-2.07414 -3.87675 0)
(-2.5958e-264 -0.216201 0)
(-0.177862 1.23143 0)
(-0.414409 1.94553 0)
(-0.497197 2.3116 0)
(-0.445949 2.18855 0)
(-0.202629 2.08769 0)
(0.0496903 1.87258 0)
(0.397495 1.69842 0)
(0.704748 1.49693 0)
(1.04415 1.30168 0)
(1.31275 1.08599 0)
(1.57272 0.836012 0)
(1.71942 0.553129 0)
(1.82407 0.190154 0)
(1.74511 -0.218531 0)
(1.59094 -0.771305 0)
(1.14204 -1.38883 0)
(0.601812 -2.26246 0)
(-0.334601 -3.21093 0)
(-1.0736 -4.26013 0)
(-1.8403 -4.54115 0)
(-0.864803 -2.31813 0)
(-0.400644 1.40898 0)
(-0.725266 1.97998 0)
(-0.516568 2.18667 0)
(-0.232642 1.9195 0)
(0.327975 1.73234 0)
(0.796398 1.48039 0)
(1.35589 1.29325 0)
(1.81641 1.10535 0)
(2.29371 0.93855 0)
(2.66765 0.769332 0)
(3.02395 0.584636 0)
(3.24349 0.386225 0)
(3.42348 0.136526 0)
(3.39127 -0.132725 0)
(3.30703 -0.503275 0)
(2.87431 -0.898927 0)
(2.39713 -1.51854 0)
(1.37086 -2.23528 0)
(0.463105 -3.35422 0)
(-0.704774 -4.00737 0)
(-0.701567 -2.96433 0)
(-0.257636 2.41932 0)
(-0.105361 2.0561 0)
(0.682119 1.8693 0)
(1.33092 1.33568 0)
(2.15038 1.07856 0)
(2.78183 0.837369 0)
(3.44078 0.684306 0)
(3.95839 0.554724 0)
(4.46224 0.450928 0)
(4.84635 0.355527 0)
(5.20115 0.258775 0)
(5.41911 0.159096 0)
(5.59864 0.0391657 0)
(5.58143 -0.0892415 0)
(5.52601 -0.264431 0)
(5.15689 -0.457535 0)
(4.76506 -0.790757 0)
(3.83208 -1.2448 0)
(2.86789 -2.25329 0)
(1.09304 -3.3304 0)
(-0.0464592 -3.79873 0)
(1.66688 1.66921 0)
(2.70139 0.974234 0)
(4.54087 0.748154 0)
(5.37997 0.423893 0)
(6.24887 0.286736 0)
(6.76137 0.178503 0)
(7.24376 0.121716 0)
(7.56981 0.081246 0)
(7.86988 0.054616 0)
(8.0736 0.033834 0)
(8.25594 0.0152918 0)
(8.34472 -0.00209437 0)
(8.41605 -0.0232398 0)
(8.35686 -0.0439837 0)
(8.29437 -0.0791632 0)
(8.00613 -0.111921 0)
(7.74971 -0.200837 0)
(6.99545 -0.29318 0)
(6.26208 -0.624916 0)
(4.04569 -0.997124 0)
(2.00499 -1.81767 0)
)
;

boundaryField
{
    movingWall
    {
        type            fixedValue;
        value           uniform (10 0 0);
    }
    fixedWalls
    {
        type            noSlip;
    }
    frontAndBack
    {
        type            empty;
    }
}


// ************************************************************************* //
