/*--------------------------------*- C++ -*----------------------------------*\
| =========                 |                                                 |
| \\      /  F ield         | OpenFOAM: The Open Source CFD Toolbox           |
|  \\    /   O peration     | Version:  4.1                                   |
|   \\  /    A nd           | Web:      www.OpenFOAM.org                      |
|    \\/     M anipulation  |                                                 |
\*---------------------------------------------------------------------------*/
FoamFile
{
    version     2.0;
    format      ascii;
    class       volVectorField;
    location    "0.261";
    object      U;
}
// * * * * * * * * * * * * * * * * * * * * * * * * * * * * * * * * * * * * * //

dimensions      [0 1 -1 0 0 0 0];

internalField   nonuniform List<vector> 
441
(
(-8.01253e-05 5.99882e-05 0)
(-0.000678155 0.000481908 0)
(-0.00196205 0.000957383 0)
(-0.0038429 0.00132377 0)
(-0.00612145 0.00152835 0)
(-0.00855631 0.00156481 0)
(-0.0109114 0.00144723 0)
(-0.0129783 0.00119939 0)
(-0.014587 0.000849585 0)
(-0.0156116 0.00042853 0)
(-0.0159724 -3.12643e-05 0)
(-0.0156383 -0.000495466 0)
(-0.0146286 -0.000927922 0)
(-0.0130154 -0.0012912 0)
(-0.0109235 -0.0015481 0)
(-0.00852957 -0.00166442 0)
(-0.00605464 -0.00161343 0)
(-0.0037497 -0.00138286 0)
(-0.00186784 -0.000986013 0)
(-0.000611042 -0.000486012 0)
(-5.96562e-05 -5.22433e-05 0)
(-0.000553248 0.000629437 0)
(-0.00283952 0.00262115 0)
(-0.00668562 0.00465968 0)
(-0.0118452 0.00620872 0)
(-0.0178533 0.00705939 0)
(-0.0241477 0.00717648 0)
(-0.0301701 0.00661492 0)
(-0.0354203 0.00547589 0)
(-0.0394872 0.00388381 0)
(-0.0420647 0.00197557 0)
(-0.0429609 -0.000103363 0)
(-0.0421032 -0.00219985 0)
(-0.0395428 -0.00415364 0)
(-0.0354576 -0.00580007 0)
(-0.0301521 -0.00697676 0)
(-0.0240503 -0.00753596 0)
(-0.0176769 -0.00736436 0)
(-0.0116193 -0.0064132 0)
(-0.00646409 -0.00474448 0)
(-0.00268292 -0.00260954 0)
(-0.000505486 -0.000588105 0)
(-0.00113048 0.00194002 0)
(-0.00530445 0.00643806 0)
(-0.0116711 0.0106134 0)
(-0.0197907 0.0136732 0)
(-0.0289822 0.0152823 0)
(-0.0384527 0.0153882 0)
(-0.0474201 0.014103 0)
(-0.0551844 0.0116311 0)
(-0.0611704 0.00822658 0)
(-0.0649508 0.00417165 0)
(-0.0662589 -0.000232846 0)
(-0.0649955 -0.00467033 0)
(-0.0612345 -0.00881074 0)
(-0.0552255 -0.0123167 0)
(-0.0473929 -0.0148572 0)
(-0.038326 -0.0161329 0)
(-0.0287537 -0.0159152 0)
(-0.0194947 -0.0141021 0)
(-0.0113751 -0.0107969 0)
(-0.00508958 -0.00641902 0)
(-0.00106165 -0.0018568 0)
(-0.00170406 0.0040197 0)
(-0.0077541 0.0119931 0)
(-0.0165585 0.0188491 0)
(-0.027443 0.0236712 0)
(-0.0395068 0.0260677 0)
(-0.0517567 0.0260089 0)
(-0.0632379 0.0236944 0)
(-0.0731084 0.0194603 0)
(-0.0806828 0.0137191 0)
(-0.0854556 0.00692795 0)
(-0.0871126 -0.00042636 0)
(-0.0855374 -0.00783267 0)
(-0.0808155 -0.0147589 0)
(-0.0732386 -0.0206613 0)
(-0.0633049 -0.0250061 0)
(-0.0517118 -0.0273075 0)
(-0.0393325 -0.0271875 0)
(-0.0271655 -0.0244574 0)
(-0.0162489 -0.0192227 0)
(-0.00751122 -0.0120097 0)
(-0.00161941 -0.00389914 0)
(-0.00225407 0.00684896 0)
(-0.0101184 0.0192684 0)
(-0.0212764 0.0293426 0)
(-0.0347963 0.0361424 0)
(-0.0495425 0.0393051 0)
(-0.0643296 0.0388861 0)
(-0.0780568 0.0352182 0)
(-0.0897766 0.0288037 0)
(-0.0987318 0.0202415 0)
(-0.104371 0.010186 0)
(-0.106353 -0.000671162 0)
(-0.104549 -0.0116063 0)
(-0.0990455 -0.0218659 0)
(-0.0901504 -0.0306772 0)
(-0.0783984 -0.0372743 0)
(-0.0645533 -0.040949 0)
(-0.0495944 -0.041129 0)
(-0.034676 -0.0374852 0)
(-0.021047 -0.0300606 0)
(-0.00989378 -0.0194094 0)
(-0.00216241 -0.00671307 0)
(-0.00278907 0.0104011 0)
(-0.0124238 0.0282215 0)
(-0.0258755 0.0420409 0)
(-0.0419388 0.0510084 0)
(-0.0592313 0.0548815 0)
(-0.0763782 0.0538776 0)
(-0.092151 0.0485217 0)
(-0.105526 0.0395243 0)
(-0.115706 0.0276979 0)
(-0.122122 0.0139098 0)
(-0.124424 -0.000935001 0)
(-0.122474 -0.015895 0)
(-0.116349 -0.0299889 0)
(-0.106348 -0.0422016 0)
(-0.0930094 -0.0515108 0)
(-0.0771247 -0.056946 0)
(-0.0597483 -0.0576839 0)
(-0.0421732 -0.0531813 0)
(-0.0258633 -0.0433336 0)
(-0.0122882 -0.0286354 0)
(-0.0027052 -0.0102969 0)
(-0.00332446 0.014666 0)
(-0.0147252 0.0388266 0)
(-0.0304391 0.0568964 0)
(-0.0489696 0.0681876 0)
(-0.0686769 0.0726773 0)
(-0.088003 0.0708349 0)
(-0.105613 0.0634485 0)
(-0.12044 0.0514851 0)
(-0.131682 0.035997 0)
(-0.138779 0.0180742 0)
(-0.141394 -0.00116787 0)
(-0.139385 -0.0205785 0)
(-0.13281 -0.0389557 0)
(-0.121934 -0.0550396 0)
(-0.107259 -0.0675329 0)
(-0.0895671 -0.0751604 0)
(-0.0699466 -0.0767793 0)
(-0.0498061 -0.0715393 0)
(-0.0308231 -0.059081 0)
(-0.0147749 -0.0397361 0)
(-0.00326982 -0.014674 0)
(-0.00387591 0.019654 0)
(-0.0170779 0.0510808 0)
(-0.0350416 0.0738649 0)
(-0.0559504 0.0875789 0)
(-0.077899 0.0925351 0)
(-0.0991598 0.0895622 0)
(-0.118325 0.0797946 0)
(-0.134326 0.064509 0)
(-0.1464 0.0450226 0)
(-0.154038 0.0226488 0)
(-0.156936 -0.00130245 0)
(-0.154961 -0.0254954 0)
(-0.14814 -0.0485304 0)
(-0.136679 -0.0689158 0)
(-0.121002 -0.0850696 0)
(-0.101824 -0.095371 0)
(-0.0802158 -0.0982787 0)
(-0.0576581 -0.0925212 0)
(-0.0360269 -0.0773469 0)
(-0.0174287 -0.0527928 0)
(-0.00387741 -0.0198968 0)
(-0.00445729 0.025395 0)
(-0.0195285 0.0649973 0)
(-0.039728 0.0928901 0)
(-0.0628775 0.109033 0)
(-0.0867984 0.114219 0)
(-0.109622 0.109769 0)
(-0.129918 0.0972602 0)
(-0.146678 0.0783367 0)
(-0.159236 0.0546008 0)
(-0.167184 0.0275789 0)
(-0.170288 -0.00125597 0)
(-0.168438 -0.0304264 0)
(-0.161625 -0.0583793 0)
(-0.149965 -0.0834233 0)
(-0.133755 -0.103698 0)
(-0.113572 -0.117205 0)
(-0.09039 -0.121917 0)
(-0.0656922 -0.116005 0)
(-0.0415129 -0.0981477 0)
(-0.0203006 -0.0679038 0)
(-0.00454417 -0.0260421 0)
(-0.00508073 0.0319365 0)
(-0.0221118 0.0805936 0)
(-0.0445032 0.113875 0)
(-0.0696576 0.132308 0)
(-0.0951218 0.137363 0)
(-0.118936 0.131013 0)
(-0.139724 0.115395 0)
(-0.156623 0.0925794 0)
(-0.169145 0.0644646 0)
(-0.177044 0.0327646 0)
(-0.180202 -0.000935619 0)
(-0.178554 -0.0350826 0)
(-0.172055 -0.0680387 0)
(-0.160705 -0.0979716 0)
(-0.144613 -0.122775 0)
(-0.124134 -0.140054 0)
(-0.100036 -0.147217 0)
(-0.0736945 -0.141711 0)
(-0.0472223 -0.121416 0)
(-0.0234022 -0.0851532 0)
(-0.00527848 -0.0332033 0)
(-0.00575677 0.0393419 0)
(-0.0248487 0.097873 0)
(-0.0493179 0.136644 0)
(-0.0760758 0.157015 0)
(-0.102411 0.161399 0)
(-0.126356 0.152632 0)
(-0.146707 0.133538 0)
(-0.162857 0.106669 0)
(-0.174598 0.0742165 0)
(-0.181922 0.0380354 0)
(-0.184878 -0.000250535 0)
(-0.183478 -0.0391019 0)
(-0.177649 -0.0768934 0)
(-0.167251 -0.111743 0)
(-0.15215 -0.141364 0)
(-0.132379 -0.162985 0)
(-0.108359 -0.17338 0)
(-0.0811999 -0.169096 0)
(-0.0529538 -0.146919 0)
(-0.0266865 -0.104564 0)
(-0.00607682 -0.0414775 0)
(-0.00649327 0.0476909 0)
(-0.0277374 0.116799 0)
(-0.0540372 0.160882 0)
(-0.0817354 0.182532 0)
(-0.107917 0.185473 0)
(-0.130749 0.173664 0)
(-0.14936 0.150752 0)
(-0.163553 0.11981 0)
(-0.173505 0.0832917 0)
(-0.179533 0.0431223 0)
(-0.181908 0.000866708 0)
(-0.180751 -0.0420627 0)
(-0.175979 -0.0841763 0)
(-0.167302 -0.123668 0)
(-0.1543 -0.158187 0)
(-0.136584 -0.184648 0)
(-0.114071 -0.19917 0)
(-0.087383 -0.197226 0)
(-0.058292 -0.174149 0)
(-0.0300145 -0.126033 0)
(-0.00691634 -0.0509482 0)
(-0.00728988 0.0570771 0)
(-0.0307243 0.137253 0)
(-0.0583684 0.186043 0)
(-0.0859373 0.207891 0)
(-0.110446 0.208334 0)
(-0.130426 0.192758 0)
(-0.145561 0.165761 0)
(-0.156231 0.130936 0)
(-0.163123 0.0909276 0)
(-0.16694 0.0476288 0)
(-0.168224 0.00242706 0)
(-0.167237 -0.0435209 0)
(-0.163907 -0.0890032 0)
(-0.157813 -0.132448 0)
(-0.14823 -0.171601 0)
(-0.134278 -0.20321 0)
(-0.115207 -0.22279 0)
(-0.0908895 -0.224618 0)
(-0.0624843 -0.202172 0)
(-0.0330927 -0.149233 0)
(-0.00774009 -0.0616598 0)
(-0.00812135 0.0675982 0)
(-0.0336263 0.158949 0)
(-0.061696 0.211204 0)
(-0.087439 0.231609 0)
(-0.108083 0.22819 0)
(-0.122875 0.208084 0)
(-0.132335 0.176905 0)
(-0.137598 0.138692 0)
(-0.139942 0.0961535 0)
(-0.140495 0.0510099 0)
(-0.140076 0.00434192 0)
(-0.139107 -0.0430784 0)
(-0.137558 -0.090459 0)
(-0.13492 -0.136634 0)
(-0.130205 -0.179658 0)
(-0.12203 -0.21634 0)
(-0.108868 -0.241779 0)
(-0.089566 -0.249054 0)
(-0.0642235 -0.229424 0)
(-0.0353518 -0.173471 0)
(-0.00842686 -0.0735756 0)
(-0.00889252 0.0793176 0)
(-0.0359383 0.181269 0)
(-0.0627243 0.234805 0)
(-0.0839845 0.251448 0)
(-0.0976978 0.242549 0)
(-0.104324 0.217261 0)
(-0.105525 0.18214 0)
(-0.103316 0.141472 0)
(-0.099568 0.0978225 0)
(-0.0957904 0.0525754 0)
(-0.0930362 0.00637894 0)
(-0.0918696 -0.0404821 0)
(-0.0923353 -0.0877469 0)
(-0.0939128 -0.134812 0)
(-0.0954625 -0.18027 0)
(-0.0952076 -0.221315 0)
(-0.0908529 -0.252986 0)
(-0.0800237 -0.267413 0)
(-0.0612494 -0.253442 0)
(-0.0356992 -0.19746 0)
(-0.00872715 -0.0865024 0)
(-0.00932182 0.0921536 0)
(-0.0363659 0.202912 0)
(-0.0587077 0.254218 0)
(-0.071409 0.264083 0)
(-0.0741078 0.248078 0)
(-0.0690744 0.217381 0)
(-0.0593301 0.179152 0)
(-0.0477303 0.137551 0)
(-0.0365992 0.0947237 0)
(-0.0276604 0.0515431 0)
(-0.0220737 0.00813755 0)
(-0.0204819 -0.0357389 0)
(-0.0230209 -0.0803982 0)
(-0.029268 -0.125889 0)
(-0.0381303 -0.171544 0)
(-0.0476971 -0.215306 0)
(-0.0551479 -0.252711 0)
(-0.0569334 -0.275551 0)
(-0.0496098 -0.270523 0)
(-0.0319967 -0.21896 0)
(-0.008119 -0.099944 0)
(-0.00861393 0.105549 0)
(-0.0316765 0.221156 0)
(-0.0438164 0.265026 0)
(-0.0419872 0.26473 0)
(-0.0287332 0.24059 0)
(-0.00856717 0.205227 0)
(0.0142536 0.165666 0)
(0.0363797 0.125394 0)
(0.0554101 0.0858217 0)
(0.0697169 0.0471851 0)
(0.0782531 0.00908086 0)
(0.0804147 -0.0292144 0)
(0.075984 -0.0685162 0)
(0.0651689 -0.109494 0)
(0.0487501 -0.152304 0)
(0.0283409 -0.195952 0)
(0.00672222 -0.23714 0)
(-0.01192 -0.268381 0)
(-0.0222795 -0.275316 0)
(-0.0199086 -0.234135 0)
(-0.00544226 -0.112767 0)
(-0.00445837 0.117697 0)
(-0.0137788 0.230488 0)
(-0.005683 0.260101 0)
(0.0184597 0.24702 0)
(0.0523599 0.215489 0)
(0.089712 0.177952 0)
(0.125885 0.140129 0)
(0.157845 0.104224 0)
(0.183737 0.0706874 0)
(0.202459 0.0391119 0)
(0.213354 0.00867349 0)
(0.216011 -0.0216556 0)
(0.210173 -0.0529914 0)
(0.195751 -0.0864254 0)
(0.172948 -0.122815 0)
(0.14255 -0.162313 0)
(0.106409 -0.203342 0)
(0.068078 -0.240493 0)
(0.0334052 -0.260606 0)
(0.00974453 -0.236574 0)
(0.00216719 -0.122503 0)
(0.0111093 0.122706 0)
(0.0379248 0.219205 0)
(0.0814812 0.228376 0)
(0.134994 0.203601 0)
(0.190659 0.169123 0)
(0.24292 0.134468 0)
(0.288689 0.10286 0)
(0.32647 0.0748967 0)
(0.355663 0.0501287 0)
(0.376092 0.0277122 0)
(0.387713 0.00666239 0)
(0.390438 -0.0140672 0)
(0.384044 -0.035576 0)
(0.368149 -0.0590189 0)
(0.342262 -0.0855617 0)
(0.30594 -0.116175 0)
(0.259146 -0.15101 0)
(0.202875 -0.187737 0)
(0.140261 -0.217467 0)
(0.0772896 -0.215099 0)
(0.0233747 -0.123148 0)
(0.0705478 0.108178 0)
(0.177151 0.169143 0)
(0.26986 0.158424 0)
(0.348999 0.130753 0)
(0.416178 0.102667 0)
(0.471684 0.0782146 0)
(0.516278 0.0578806 0)
(0.550896 0.0410729 0)
(0.57647 0.0269512 0)
(0.593767 0.0146793 0)
(0.603311 0.00347811 0)
(0.605321 -0.00739339 0)
(0.599678 -0.0186835 0)
(0.585872 -0.0312011 0)
(0.562945 -0.0458612 0)
(0.529407 -0.0636883 0)
(0.483127 -0.0856701 0)
(0.421081 -0.112106 0)
(0.339124 -0.140348 0)
(0.229907 -0.155641 0)
(0.0900998 -0.103708 0)
(0.344571 0.0280817 0)
(0.541208 0.0402082 0)
(0.650751 0.040155 0)
(0.715666 0.0336332 0)
(0.760446 0.0260202 0)
(0.792726 0.0193603 0)
(0.816362 0.0139562 0)
(0.833506 0.00962794 0)
(0.845517 0.0061008 0)
(0.85327 0.00311535 0)
(0.857295 0.000444906 0)
(0.857841 -0.00211344 0)
(0.854888 -0.00475376 0)
(0.848124 -0.00767456 0)
(0.836851 -0.0110823 0)
(0.819782 -0.0151646 0)
(0.794555 -0.0199729 0)
(0.756385 -0.0250888 0)
(0.694952 -0.0287938 0)
(0.580147 -0.0279753 0)
(0.355936 -0.0276837 0)
)
;

boundaryField
{
    movingWall
    {
        type            fixedValue;
        value           uniform (1 0 0);
    }
    fixedWalls
    {
        type            noSlip;
    }
    frontAndBack
    {
        type            empty;
    }
}


// ************************************************************************* //
