/*--------------------------------*- C++ -*----------------------------------*\
| =========                 |                                                 |
| \\      /  F ield         | OpenFOAM: The Open Source CFD Toolbox           |
|  \\    /   O peration     | Version:  4.1                                   |
|   \\  /    A nd           | Web:      www.OpenFOAM.org                      |
|    \\/     M anipulation  |                                                 |
\*---------------------------------------------------------------------------*/
FoamFile
{
    version     2.0;
    format      ascii;
    class       volVectorField;
    location    "0.0452";
    object      U;
}
// * * * * * * * * * * * * * * * * * * * * * * * * * * * * * * * * * * * * * //

dimensions      [0 1 -1 0 0 0 0];

internalField   nonuniform List<vector> 
441
(
(0.00333878 -0.00456982 0)
(0.00847796 -0.00259137 0)
(-0.000647865 -2.18519e-165 0)
(0.00169006 -2.74463e-266 0)
(-0.00889592 -0.00676085 0)
(-0.00169006 -2.69485e-232 0)
(-1.08369e-202 -4.48912e-203 0)
(-1.12211e-203 -5.71888e-228 0)
(-1.47008e-212 -2.41934e-213 0)
(-0.00520227 7.83558e-266 0)
(-0.0625507 0.0208114 0)
(-0.0792201 0.0111189 0)
(-0.0903637 0.00531999 0)
(-0.0813888 0.000781315 0)
(-0.0695718 -0.000956021 0)
(-0.0495635 -0.00227925 0)
(-0.031732 -0.00179352 0)
(-0.0144096 -0.0016538 0)
(-0.00244536 0.000160535 0)
(0.0016019 0.000786537 0)
(0.00383594 0.0024186 0)
(0.00318816 -0.00704756 0)
(-0.00235384 0.0065496 0)
(-0.0271465 0.0077137 0)
(-0.0557587 0.0106206 0)
(-0.0972721 0.00937952 0)
(-0.134644 -0.00422766 0)
(-0.168739 -0.000426492 0)
(-0.200425 0.0012672 0)
(-0.227879 0.0108891 0)
(-0.255645 0.0554689 0)
(-0.274768 0.051418 0)
(-0.269981 0.0170007 0)
(-0.259723 -0.00358714 0)
(-0.227922 -0.0222389 0)
(-0.190762 -0.0309214 0)
(-0.141846 -0.0366972 0)
(-0.0963804 -0.0331336 0)
(-0.0532889 -0.0288096 0)
(-0.0216698 -0.0157054 0)
(-0.00512949 -0.00781091 0)
(0.00394767 0.00323196 0)
(0.00649152 -0.00595381 0)
(-0.00580295 0.0273578 0)
(-0.0504693 0.0520344 0)
(-0.108657 0.0679541 0)
(-0.177597 0.0710921 0)
(-0.247743 0.0678273 0)
(-0.320922 0.0634429 0)
(-0.377623 0.0571719 0)
(-0.432877 0.0530827 0)
(-0.457731 0.0508601 0)
(-0.452012 0.0359983 0)
(-0.436946 -0.00286222 0)
(-0.409196 -0.0361027 0)
(-0.359745 -0.0680303 0)
(-0.30104 -0.0861293 0)
(-0.227647 -0.0969314 0)
(-0.158144 -0.0892372 0)
(-0.0912331 -0.0768392 0)
(-0.0413413 -0.0469397 0)
(-0.0112665 -0.0252312 0)
(0.00525973 0.00169794 0)
(0.00590663 -0.00795672 0)
(-0.0136009 0.0651077 0)
(-0.0844355 0.11064 0)
(-0.165771 0.139856 0)
(-0.259668 0.148796 0)
(-0.352011 0.14157 0)
(-0.440717 0.130844 0)
(-0.515108 0.113958 0)
(-0.57499 0.0929602 0)
(-0.608613 0.0721865 0)
(-0.613589 0.0303934 0)
(-0.593857 -0.0268467 0)
(-0.555921 -0.0808955 0)
(-0.490236 -0.131452 0)
(-0.411903 -0.162806 0)
(-0.314346 -0.18097 0)
(-0.220956 -0.168988 0)
(-0.129233 -0.147173 0)
(-0.0605571 -0.094858 0)
(-0.0162339 -0.0557502 0)
(0.00711522 -0.00241267 0)
(6.20152e-165 0.00147666 0)
(-0.0198923 0.117284 0)
(-0.119389 0.20347 0)
(-0.218828 0.24192 0)
(-0.335511 0.256391 0)
(-0.446512 0.247285 0)
(-0.554851 0.225477 0)
(-0.644077 0.190552 0)
(-0.716976 0.146046 0)
(-0.758271 0.0900909 0)
(-0.769344 0.0216618 0)
(-0.750617 -0.0602978 0)
(-0.706652 -0.138978 0)
(-0.628428 -0.212339 0)
(-0.532127 -0.260946 0)
(-0.408951 -0.288641 0)
(-0.289903 -0.272902 0)
(-0.167881 -0.238241 0)
(-0.0788322 -0.1583 0)
(-0.0159468 -0.0936988 0)
(0.0136216 -0.00658921 0)
(-5.06934e-266 0.00507195 0)
(-0.0767983 0.18882 0)
(-0.164745 0.307841 0)
(-0.282476 0.357689 0)
(-0.408016 0.376429 0)
(-0.534913 0.361943 0)
(-0.655312 0.328997 0)
(-0.759633 0.276333 0)
(-0.84456 0.207911 0)
(-0.900009 0.123827 0)
(-0.925351 0.022998 0)
(-0.913632 -0.0904864 0)
(-0.870664 -0.202832 0)
(-0.783548 -0.307433 0)
(-0.67112 -0.381788 0)
(-0.520681 -0.425416 0)
(-0.371991 -0.409005 0)
(-0.213922 -0.361162 0)
(-0.0996654 -0.244939 0)
(-0.0141643 -0.151292 0)
(0.0160062 -0.00361557 0)
(-0.0202878 0.0813676 0)
(-0.106051 0.278719 0)
(-0.206913 0.409576 0)
(-0.335418 0.483563 0)
(-0.476141 0.508195 0)
(-0.617791 0.493342 0)
(-0.754842 0.449579 0)
(-0.875873 0.379036 0)
(-0.978605 0.286293 0)
(-1.05167 0.17068 0)
(-1.09425 0.0357746 0)
(-1.09532 -0.115254 0)
(-1.05893 -0.268086 0)
(-0.96763 -0.412665 0)
(-0.841765 -0.522335 0)
(-0.661612 -0.589345 0)
(-0.479894 -0.577411 0)
(-0.2733 -0.512713 0)
(-0.131943 -0.354975 0)
(-0.00174078 -0.211075 0)
(5.69193e-266 -0.00400156 0)
(-0.0147054 0.133719 0)
(-0.100251 0.376541 0)
(-0.225755 0.53785 0)
(-0.37215 0.627736 0)
(-0.53044 0.65917 0)
(-0.689199 0.641035 0)
(-0.843107 0.587488 0)
(-0.983559 0.500064 0)
(-1.10682 0.384149 0)
(-1.20306 0.238971 0)
(-1.26926 0.0670181 0)
(-1.29064 -0.126821 0)
(-1.26893 -0.330049 0)
(-1.18065 -0.526614 0)
(-1.04592 -0.687078 0)
(-0.837332 -0.790985 0)
(-0.617318 -0.795624 0)
(-0.356087 -0.714902 0)
(-0.17289 -0.512056 0)
(-0.00240992 -0.292283 0)
(2.26129e-24 -1.28662e-24 0)
(-0.012933 0.193129 0)
(-0.103977 0.488044 0)
(-0.245853 0.680102 0)
(-0.407243 0.786612 0)
(-0.582297 0.824178 0)
(-0.757187 0.804643 0)
(-0.928815 0.743249 0)
(-1.08941 0.641791 0)
(-1.23562 0.505655 0)
(-1.35818 0.33256 0)
(-1.45234 0.123924 0)
(-1.501 -0.116081 0)
(-1.50216 -0.376733 0)
(-1.42625 -0.6368 0)
(-1.29083 -0.863517 0)
(-1.05799 -1.02065 0)
(-0.799021 -1.05506 0)
(-0.472603 -0.961714 0)
(-0.235889 -0.701561 0)
(-0.00422641 -0.390868 0)
(9.31221e-77 -5.65324e-25 0)
(-0.0114229 0.251335 0)
(-0.104281 0.611133 0)
(-0.258255 0.841995 0)
(-0.431556 0.964875 0)
(-0.620205 1.00972 0)
(-0.80896 0.987667 0)
(-0.995611 0.920108 0)
(-1.17492 0.80657 0)
(-1.34297 0.65315 0)
(-1.49283 0.455031 0)
(-1.61755 0.210082 0)
(-1.69917 -0.0781904 0)
(-1.73154 -0.404312 0)
(-1.67937 -0.740446 0)
(-1.55503 -1.05461 0)
(-1.30853 -1.28822 0)
(-1.01395 -1.37947 0)
(-0.617583 -1.28735 0)
(-0.31383 -0.975171 0)
(-0.00573388 -0.542122 0)
(2.60578e-164 -2.32805e-77 0)
(-0.0120005 0.305667 0)
(-0.109955 0.733203 0)
(-0.275237 1.00529 0)
(-0.458346 1.14647 0)
(-0.656543 1.20009 0)
(-0.854469 1.17821 0)
(-1.05025 1.10827 0)
(-1.24245 0.987796 0)
(-1.42617 0.823202 0)
(-1.59888 0.60631 0)
(-1.75107 0.330752 0)
(-1.86744 -0.00255862 0)
(-1.93661 -0.394796 0)
(-1.92094 -0.814256 0)
(-1.82415 -1.23129 0)
(-1.5839 -1.56515 0)
(-1.26969 -1.74127 0)
(-0.811509 -1.66907 0)
(-0.434855 -1.3025 0)
(-0.0706747 -0.71641 0)
(1.65522e-265 0.0123006 0)
(-0.0133589 0.374305 0)
(-0.113878 0.876549 0)
(-0.285975 1.19199 0)
(-0.473021 1.34697 0)
(-0.673169 1.40711 0)
(-0.871915 1.3814 0)
(-1.06683 1.30877 0)
(-1.26136 1.18203 0)
(-1.44915 1.00968 0)
(-1.63377 0.779099 0)
(-1.80387 0.478472 0)
(-1.94963 0.106131 0)
(-2.05618 -0.350657 0)
(-2.08663 -0.855326 0)
(-2.03556 -1.39104 0)
(-1.82813 -1.84909 0)
(-1.51811 -2.15106 0)
(-1.01016 -2.13552 0)
(-0.54084 -1.71058 0)
(-0.0704742 -0.995402 0)
(0.0492024 -0.0666479 0)
(-0.0176019 0.428601 0)
(-0.125977 1.0029 0)
(-0.308594 1.36157 0)
(-0.497663 1.5304 0)
(-0.691449 1.59719 0)
(-0.880168 1.56928 0)
(-1.05823 1.49669 0)
(-1.23831 1.36847 0)
(-1.41 1.19517 0)
(-1.58759 0.960266 0)
(-1.756 0.647 0)
(-1.91802 0.249851 0)
(-2.05317 -0.255677 0)
(-2.13603 -0.834464 0)
(-2.14726 -1.48515 0)
(-2.00698 -2.08461 0)
(-1.74597 -2.55327 0)
(-1.20881 -2.65466 0)
(-0.684208 -2.2356 0)
(0.0365193 -1.31284 0)
(2.27735e-231 -0.0123006 0)
(-0.0231967 0.520775 0)
(-0.137149 1.17061 0)
(-0.323993 1.5675 0)
(-0.50588 1.7309 0)
(-0.680584 1.79269 0)
(-0.844385 1.74844 0)
(-0.987718 1.66871 0)
(-1.13294 1.53365 0)
(-1.2653 1.35942 0)
(-1.4105 1.12473 0)
(-1.55116 0.808361 0)
(-1.70477 0.402824 0)
(-1.85023 -0.133337 0)
(-1.97833 -0.762181 0)
(-2.06418 -1.51999 0)
(-2.03083 -2.25507 0)
(-1.88176 -2.94909 0)
(-1.41712 -3.21511 0)
(-0.881107 -2.95076 0)
(-0.00374165 -1.71495 0)
(5.60484e-202 4.48291e-184 0)
(-0.0400471 0.58182 0)
(-0.176122 1.29761 0)
(-0.376174 1.72635 0)
(-0.548439 1.88141 0)
(-0.685763 1.93397 0)
(-0.805205 1.87287 0)
(-0.885264 1.78482 0)
(-0.968798 1.6446 0)
(-1.02985 1.47294 0)
(-1.11295 1.24649 0)
(-1.19198 0.942155 0)
(-1.30922 0.550957 0)
(-1.43352 0.0205515 0)
(-1.59567 -0.616973 0)
(-1.74558 -1.42534 0)
(-1.86251 -2.26433 0)
(-1.87016 -3.1519 0)
(-1.59882 -3.66447 0)
(-1.12461 -3.62674 0)
(-0.0105284 -2.22308 0)
(1.79317e-183 4.57792e-185 0)
(-0.0592009 0.744779 0)
(-0.215392 1.51103 0)
(-0.414359 1.9491 0)
(-0.559738 2.04179 0)
(-0.639351 2.05646 0)
(-0.692704 1.94854 0)
(-0.687465 1.8364 0)
(-0.685226 1.67884 0)
(-0.650324 1.50513 0)
(-0.64304 1.28788 0)
(-0.630732 1.00417 0)
(-0.675271 0.646259 0)
(-0.742879 0.150967 0)
(-0.895735 -0.447103 0)
(-1.08669 -1.25662 0)
(-1.33874 -2.12726 0)
(-1.5699 -3.21829 0)
(-1.61379 -3.96815 0)
(-1.44341 -4.55745 0)
(-0.457699 -2.88602 0)
(4.34766e-254 -4.48291e-184 0)
(-0.12469 0.842208 0)
(-0.34817 1.63957 0)
(-0.540577 2.06531 0)
(-0.640442 2.0966 0)
(-0.606577 2.06603 0)
(-0.553298 1.91598 0)
(-0.413478 1.7782 0)
(-0.290987 1.60637 0)
(-0.125965 1.43214 0)
(-0.00410463 1.22908 0)
(0.125775 0.976264 0)
(0.172587 0.6687 0)
(0.194102 0.244344 0)
(0.0664385 -0.264018 0)
(-0.111432 -0.974434 0)
(-0.525927 -1.76997 0)
(-0.926466 -2.85093 0)
(-1.595 -3.79026 0)
(-1.71701 -4.69522 0)
(-2.05661 -3.74264 0)
(-2.52765e-264 -0.212474 0)
(-0.179501 1.23881 0)
(-0.43642 1.93117 0)
(-0.556251 2.26355 0)
(-0.550189 2.10806 0)
(-0.358692 1.98316 0)
(-0.15885 1.75519 0)
(0.13772 1.58075 0)
(0.399961 1.39152 0)
(0.702964 1.22032 0)
(0.947568 1.03783 0)
(1.19711 0.826704 0)
(1.34805 0.582633 0)
(1.46961 0.253497 0)
(1.41858 -0.132202 0)
(1.2986 -0.674863 0)
(0.890239 -1.29547 0)
(0.393421 -2.17925 0)
(-0.486606 -3.13356 0)
(-1.16378 -4.18376 0)
(-1.85602 -4.45902 0)
(-0.849898 -2.29381 0)
(-0.399475 1.42361 0)
(-0.729649 1.98759 0)
(-0.540962 2.1732 0)
(-0.287209 1.88231 0)
(0.23392 1.67587 0)
(0.659128 1.41196 0)
(1.17383 1.22158 0)
(1.59321 1.03928 0)
(2.03586 0.886447 0)
(2.3859 0.737763 0)
(2.73085 0.57784 0)
(2.95334 0.404573 0)
(3.14902 0.176957 0)
(3.14382 -0.0774158 0)
(3.09239 -0.44223 0)
(2.69623 -0.842158 0)
(2.25265 -1.47351 0)
(1.262 -2.202 0)
(0.389184 -3.32848 0)
(-0.735588 -3.97971 0)
(-0.697165 -2.95887 0)
(-0.254747 2.42976 0)
(-0.0954113 2.06732 0)
(0.690224 1.8718 0)
(1.32644 1.32572 0)
(2.12259 1.05762 0)
(2.72402 0.809035 0)
(3.34883 0.653298 0)
(3.83312 0.525698 0)
(4.30769 0.428252 0)
(4.67079 0.342512 0)
(5.01498 0.25742 0)
(5.23463 0.169444 0)
(5.42713 0.059359 0)
(5.43277 -0.0629298 0)
(5.40533 -0.237026 0)
(5.0661 -0.433793 0)
(4.6998 -0.775278 0)
(3.78778 -1.23706 0)
(2.83878 -2.25245 0)
(1.07971 -3.32694 0)
(-0.0439498 -3.80063 0)
(1.66912 1.6714 0)
(2.71136 0.976856 0)
(4.55636 0.749727 0)
(5.39418 0.423486 0)
(6.25456 0.284495 0)
(6.75318 0.175086 0)
(7.21851 0.118016 0)
(7.52755 0.0780724 0)
(7.81291 0.052696 0)
(8.00693 0.0335903 0)
(8.18567 0.0168985 0)
(8.27804 0.0010963 0)
(8.35888 -0.0189901 0)
(8.31422 -0.0395781 0)
(8.26743 -0.0754965 0)
(7.99448 -0.109848 0)
(7.74833 -0.200871 0)
(6.99973 -0.295035 0)
(6.26629 -0.628205 0)
(4.04807 -1.00031 0)
(2.0087 -1.82173 0)
)
;

boundaryField
{
    movingWall
    {
        type            fixedValue;
        value           uniform (10 0 0);
    }
    fixedWalls
    {
        type            noSlip;
    }
    frontAndBack
    {
        type            empty;
    }
}


// ************************************************************************* //
