/*--------------------------------*- C++ -*----------------------------------*\
| =========                 |                                                 |
| \\      /  F ield         | OpenFOAM: The Open Source CFD Toolbox           |
|  \\    /   O peration     | Version:  4.1                                   |
|   \\  /    A nd           | Web:      www.OpenFOAM.org                      |
|    \\/     M anipulation  |                                                 |
\*---------------------------------------------------------------------------*/
FoamFile
{
    version     2.0;
    format      ascii;
    class       volVectorField;
    location    "0.0956";
    object      U;
}
// * * * * * * * * * * * * * * * * * * * * * * * * * * * * * * * * * * * * * //

dimensions      [0 1 -1 0 0 0 0];

internalField   nonuniform List<vector> 
441
(
(0.00379824 -0.00487683 0)
(0.0099536 -0.00254043 0)
(-0.000635108 -2.21784e-165 0)
(0.00200023 -3.40251e-266 0)
(-0.00837006 -0.00800123 0)
(-0.00200023 -3.10595e-232 0)
(-1.15356e-202 -5.73258e-203 0)
(-1.43309e-203 -7.5274e-228 0)
(-1.75173e-212 -3.28683e-213 0)
(-0.00625546 9.27288e-266 0)
(-0.076725 0.0250226 0)
(-0.0962539 0.0130571 0)
(-0.10821 0.00594598 0)
(-0.0948987 0.000354169 0)
(-0.0777114 -0.00172512 0)
(-0.0513154 -0.00308982 0)
(-0.0286803 -0.0021865 0)
(-0.00869422 -0.00158129 0)
(0.00325339 0.000811068 0)
(0.0047711 0.00158786 0)
(0.00463184 0.00305499 0)
(0.00393999 -0.00869125 0)
(-0.000751756 0.00689654 0)
(-0.0276368 0.00864092 0)
(-0.0601588 0.0108086 0)
(-0.108807 0.0111009 0)
(-0.154988 -0.00316999 0)
(-0.198567 -0.000132601 0)
(-0.240565 0.0017105 0)
(-0.277829 0.0135097 0)
(-0.31525 0.0683232 0)
(-0.340482 0.0627346 0)
(-0.334259 0.0188651 0)
(-0.318381 -0.00793468 0)
(-0.274497 -0.0316561 0)
(-0.223038 -0.0420666 0)
(-0.15858 -0.0472841 0)
(-0.100515 -0.0402683 0)
(-0.0491962 -0.0316432 0)
(-0.0148794 -0.0137493 0)
(-0.000738185 -0.003686 0)
(0.0050356 0.00657546 0)
(0.00778333 -0.00856708 0)
(-0.00516853 0.028649 0)
(-0.0551657 0.0580061 0)
(-0.123352 0.078551 0)
(-0.206983 0.0856251 0)
(-0.293621 0.085521 0)
(-0.386906 0.082596 0)
(-0.463063 0.07669 0)
(-0.537643 0.0718159 0)
(-0.574152 0.0673458 0)
(-0.569796 0.0449796 0)
(-0.550661 -0.00775381 0)
(-0.511937 -0.0531195 0)
(-0.444253 -0.0947738 0)
(-0.363706 -0.116659 0)
(-0.266752 -0.125899 0)
(-0.177066 -0.110368 0)
(-0.0954177 -0.0877442 0)
(-0.0382646 -0.0465334 0)
(-0.00788796 -0.0187799 0)
(0.00647071 0.00773255 0)
(0.00645634 -0.0116572 0)
(-0.0167569 0.0716494 0)
(-0.0995724 0.126763 0)
(-0.197631 0.16513 0)
(-0.313375 0.181737 0)
(-0.430086 0.179586 0)
(-0.545187 0.171095 0)
(-0.644943 0.153395 0)
(-0.726842 0.127154 0)
(-0.774931 0.0977013 0)
(-0.784114 0.0389606 0)
(-0.759111 -0.0401599 0)
(-0.706987 -0.114531 0)
(-0.617937 -0.181111 0)
(-0.511225 -0.219429 0)
(-0.382369 -0.235508 0)
(-0.260911 -0.211048 0)
(-0.146828 -0.172159 0)
(-0.0648279 -0.100384 0)
(-0.0158618 -0.049822 0)
(0.00807703 0.00554769 0)
(7.06149e-165 0.00161408 0)
(-0.02551 0.134212 0)
(-0.145136 0.238066 0)
(-0.267982 0.290839 0)
(-0.414169 0.316912 0)
(-0.556435 0.315396 0)
(-0.698011 0.29605 0)
(-0.817992 0.257178 0)
(-0.917313 0.201016 0)
(-0.975754 0.125355 0)
(-0.992788 0.0295683 0)
(-0.968891 -0.0846109 0)
(-0.908689 -0.193525 0)
(-0.803206 -0.290912 0)
(-0.67269 -0.351142 0)
(-0.510454 -0.377155 0)
(-0.354826 -0.344405 0)
(-0.201396 -0.284998 0)
(-0.0918141 -0.175757 0)
(-0.0187 -0.09259 0)
(0.0146905 0.000732211 0)
(-5.72224e-266 0.00594136 0)
(-0.0922553 0.221688 0)
(-0.202938 0.367125 0)
(-0.350513 0.436056 0)
(-0.510606 0.470013 0)
(-0.674598 0.464521 0)
(-0.832869 0.433287 0)
(-0.972373 0.372959 0)
(-1.08707 0.28584 0)
(-1.16301 0.172371 0)
(-1.19753 0.0324035 0)
(-1.18205 -0.125321 0)
(-1.12278 -0.27998 0)
(-1.00609 -0.418808 0)
(-0.855095 -0.51176 0)
(-0.65849 -0.555957 0)
(-0.464779 -0.519061 0)
(-0.265426 -0.438415 0)
(-0.122764 -0.281052 0)
(-0.0214722 -0.159605 0)
(0.016138 0.00291563 0)
(-0.0237654 0.0971598 0)
(-0.128661 0.333462 0)
(-0.255951 0.49668 0)
(-0.418144 0.596576 0)
(-0.597603 0.640093 0)
(-0.780301 0.636094 0)
(-0.95906 0.592921 0)
(-1.11868 0.510377 0)
(-1.25446 0.391375 0)
(-1.35106 0.23555 0)
(-1.40582 0.0490952 0)
(-1.40545 -0.159688 0)
(-1.35415 -0.368484 0)
(-1.23304 -0.559604 0)
(-1.06646 -0.69729 0)
(-0.834839 -0.76947 0)
(-0.600691 -0.735187 0)
(-0.34216 -0.629582 0)
(-0.163709 -0.416396 0)
(-0.0082491 -0.233392 0)
(5.99911e-266 -0.0040345 0)
(-0.0175557 0.160877 0)
(-0.123163 0.455051 0)
(-0.279206 0.657121 0)
(-0.462101 0.77847 0)
(-0.661478 0.832338 0)
(-0.863217 0.826232 0)
(-1.06029 0.771934 0)
(-1.24078 0.668203 0)
(-1.3986 0.51865 0)
(-1.52038 0.323154 0)
(-1.60139 0.0872245 0)
(-1.62417 -0.178104 0)
(-1.59064 -0.451862 0)
(-1.47502 -0.708808 0)
(-1.30105 -0.909297 0)
(-1.03939 -1.02605 0)
(-0.762871 -1.01012 0)
(-0.440281 -0.881938 0)
(-0.212036 -0.610289 0)
(-0.00383079 -0.332993 0)
(2.64164e-24 -1.05001e-24 0)
(-0.0155739 0.234109 0)
(-0.126416 0.593175 0)
(-0.298881 0.833895 0)
(-0.496207 0.976883 0)
(-0.711377 1.03978 0)
(-0.927797 1.03318 0)
(-1.14092 0.969483 0)
(-1.3399 0.847459 0)
(-1.51942 0.670671 0)
(-1.66713 0.437667 0)
(-1.77702 0.153485 0)
(-1.82953 -0.171 0)
(-1.82307 -0.516167 0)
(-1.72535 -0.850576 0)
(-1.55683 -1.13073 0)
(-1.27558 -1.31104 0)
(-0.962094 -1.33063 0)
(-0.570864 -1.186 0)
(-0.283454 -0.844926 0)
(-0.00507321 -0.45361 0)
(1.07285e-76 -6.60409e-25 0)
(-0.0134374 0.303409 0)
(-0.123045 0.74008 0)
(-0.303927 1.02758 0)
(-0.5088 1.19149 0)
(-0.732613 1.26427 0)
(-0.957441 1.25567 0)
(-1.17973 1.18422 0)
(-1.39164 1.04623 0)
(-1.58778 0.846043 0)
(-1.75893 0.580021 0)
(-1.89764 0.249982 0)
(-1.98426 -0.133244 0)
(-2.01364 -0.55533 0)
(-1.94781 -0.977735 0)
(-1.80142 -1.35818 0)
(-1.51831 -1.62696 0)
(-1.17936 -1.71333 0)
(-0.722607 -1.57127 0)
(-0.367964 -1.17034 0)
(-0.0073509 -0.632188 0)
(2.97946e-164 -2.68213e-77 0)
(-0.0132892 0.367053 0)
(-0.122679 0.88187 0)
(-0.307189 1.21725 0)
(-0.513311 1.40321 0)
(-0.737235 1.48662 0)
(-0.961219 1.47819 0)
(-1.18215 1.40251 0)
(-1.39655 1.25399 0)
(-1.59872 1.03754 0)
(-1.78486 0.746675 0)
(-1.946 0.379456 0)
(-2.06641 -0.055389 0)
(-2.13661 -0.550523 0)
(-2.11705 -1.06373 0)
(-2.01324 -1.55674 0)
(-1.75534 -1.93703 0)
(-1.41598 -2.12131 0)
(-0.91339 -2.00601 0)
(-0.492883 -1.54825 0)
(-0.082127 -0.835193 0)
(1.79666e-265 0.0133981 0)
(-0.013614 0.440253 0)
(-0.1178 1.03615 0)
(-0.297795 1.41967 0)
(-0.49536 1.62221 0)
(-0.707636 1.7133 0)
(-0.918267 1.70052 0)
(-1.12369 1.62019 0)
(-1.32604 1.46237 0)
(-1.51892 1.23456 0)
(-1.70583 0.926632 0)
(-1.87705 0.531691 0)
(-2.0238 0.0564297 0)
(-2.13402 -0.503981 0)
(-2.17024 -1.10327 0)
(-2.12854 -1.71856 0)
(-1.92645 -2.23083 0)
(-1.6169 -2.55397 0)
(-1.08881 -2.50901 0)
(-0.590028 -1.99565 0)
(-0.0764873 -1.14515 0)
(0.0535925 -0.0778785 0)
(-0.0166655 0.49407 0)
(-0.119377 1.16309 0)
(-0.296003 1.59189 0)
(-0.480203 1.80974 0)
(-0.66941 1.90772 0)
(-0.85287 1.89168 0)
(-1.02409 1.80938 0)
(-1.19539 1.64775 0)
(-1.35707 1.41715 0)
(-1.52458 1.1044 0)
(-1.68522 0.698286 0)
(-1.84402 0.202143 0)
(-1.98396 -0.401279 0)
(-2.08033 -1.06829 0)
(-2.11577 -1.79492 0)
(-2.00339 -2.45033 0)
(-1.77188 -2.95212 0)
(-1.24458 -3.04191 0)
(-0.717336 -2.55416 0)
(0.0438028 -1.48615 0)
(2.47683e-231 -0.0133981 0)
(-0.0209805 0.579288 0)
(-0.119331 1.31855 0)
(-0.285278 1.78441 0)
(-0.445671 1.99676 0)
(-0.597899 2.08921 0)
(-0.738468 2.05565 0)
(-0.857391 1.96482 0)
(-0.977853 1.79558 0)
(-1.08643 1.56467 0)
(-1.21099 1.25498 0)
(-1.33674 0.851261 0)
(-1.48392 0.35536 0)
(-1.63457 -0.267554 0)
(-1.78145 -0.971728 0)
(-1.9016 -1.79427 0)
(-1.91456 -2.57877 0)
(-1.8198 -3.31095 0)
(-1.40031 -3.58178 0)
(-0.892658 -3.27733 0)
(-0.00291744 -1.90058 0)
(5.83359e-202 4.58904e-184 0)
(-0.0367637 0.627523 0)
(-0.148553 1.42135 0)
(-0.314176 1.91458 0)
(-0.449554 2.117 0)
(-0.54777 2.19915 0)
(-0.627769 2.14796 0)
(-0.668306 2.04875 0)
(-0.714424 1.87581 0)
(-0.74196 1.65105 0)
(-0.798281 1.35571 0)
(-0.859368 0.972815 0)
(-0.970026 0.502766 0)
(-1.10076 -0.100287 0)
(-1.28452 -0.797026 0)
(-1.47264 -1.65353 0)
(-1.64458 -2.52858 0)
(-1.72109 -3.44956 0)
(-1.52081 -3.97748 0)
(-1.10596 -3.92779 0)
(-0.0114968 -2.40928 0)
(1.83561e-183 -1.51829e-184 0)
(-0.0553248 0.77286 0)
(-0.181811 1.6003 0)
(-0.337066 2.09504 0)
(-0.434317 2.23184 0)
(-0.46249 2.27477 0)
(-0.464718 2.17707 0)
(-0.409794 2.05595 0)
(-0.362733 1.87025 0)
(-0.289975 1.65059 0)
(-0.25496 1.37401 0)
(-0.226452 1.02321 0)
(-0.267925 0.599354 0)
(-0.345383 0.0454665 0)
(-0.521934 -0.596259 0)
(-0.750267 -1.4372 0)
(-1.05649 -2.32664 0)
(-1.35694 -3.43926 0)
(-1.48491 -4.20345 0)
(-1.39224 -4.8033 0)
(-0.466432 -3.05381 0)
(4.40237e-254 -4.58904e-184 0)
(-0.121194 0.851008 0)
(-0.315531 1.69005 0)
(-0.462313 2.16221 0)
(-0.510337 2.23285 0)
(-0.419925 2.22899 0)
(-0.310717 2.09044 0)
(-0.117198 1.94789 0)
(0.0522879 1.75514 0)
(0.255417 1.54505 0)
(0.403007 1.29483 0)
(0.545368 0.988228 0)
(0.590226 0.627861 0)
(0.597399 0.157559 0)
(0.443123 -0.382683 0)
(0.230097 -1.11098 0)
(-0.232869 -1.91089 0)
(-0.690777 -2.99503 0)
(-1.44087 -3.94097 0)
(-1.63887 -4.85523 0)
(-2.07425 -3.87777 0)
(-2.59636e-264 -0.21623 0)
(-0.177839 1.23138 0)
(-0.414101 1.94583 0)
(-0.496393 2.31234 0)
(-0.444575 2.18965 0)
(-0.200652 2.08897 0)
(0.0522111 1.87386 0)
(0.400474 1.69952 0)
(0.708053 1.49773 0)
(1.04764 1.30209 0)
(1.31628 1.086 0)
(1.57616 0.83565 0)
(1.72264 0.552467 0)
(1.82702 0.189298 0)
(1.74773 -0.219456 0)
(1.59323 -0.772188 0)
(1.14398 -1.38958 0)
(0.603413 -2.26307 0)
(-0.333431 -3.21147 0)
(-1.07289 -4.26066 0)
(-1.84017 -4.54175 0)
(-0.864919 -2.3183 0)
(-0.400655 1.40882 0)
(-0.72517 1.97996 0)
(-0.516172 2.18694 0)
(-0.231832 1.92006 0)
(0.329276 1.73307 0)
(0.798181 1.48118 0)
(1.35811 1.29397 0)
(1.81896 1.1059 0)
(2.29647 0.938856 0)
(2.67048 0.769376 0)
(3.02671 0.584429 0)
(3.24606 0.385814 0)
(3.42578 0.135982 0)
(3.39324 -0.133317 0)
(3.30868 -0.503831 0)
(2.87563 -0.899382 0)
(2.39819 -1.51886 0)
(1.37166 -2.23549 0)
(0.46365 -3.35438 0)
(-0.704546 -4.00756 0)
(-0.701605 -2.96436 0)
(-0.257672 2.41919 0)
(-0.105461 2.05599 0)
(0.68209 1.86932 0)
(1.3311 1.33586 0)
(2.15089 1.07886 0)
(2.78271 0.837717 0)
(3.44202 0.684635 0)
(3.95994 0.554979 0)
(4.464 0.451073 0)
(4.8482 0.355546 0)
(5.20297 0.258674 0)
(5.42079 0.158899 0)
(5.6001 0.0389105 0)
(5.5826 -0.089511 0)
(5.5269 -0.26467 0)
(5.15753 -0.457714 0)
(4.7655 -0.790854 0)
(3.83238 -1.24483 0)
(2.86808 -2.25328 0)
(1.09313 -3.33042 0)
(-0.0464813 -3.79871 0)
(1.66685 1.66917 0)
(2.70127 0.974203 0)
(4.5407 0.748142 0)
(5.37985 0.423907 0)
(6.24889 0.28677 0)
(6.76157 0.178547 0)
(7.24416 0.121755 0)
(7.57038 0.0812722 0)
(7.87056 0.0546235 0)
(8.07432 0.0338221 0)
(8.25663 0.015263 0)
(8.34531 -0.00213364 0)
(8.41651 -0.0232819 0)
(8.35716 -0.0440204 0)
(8.29453 -0.0791876 0)
(8.00616 -0.111929 0)
(7.74968 -0.200828 0)
(6.99539 -0.29316 0)
(6.26204 -0.624888 0)
(4.04567 -0.9971 0)
(2.00496 -1.81764 0)
)
;

boundaryField
{
    movingWall
    {
        type            fixedValue;
        value           uniform (10 0 0);
    }
    fixedWalls
    {
        type            noSlip;
    }
    frontAndBack
    {
        type            empty;
    }
}


// ************************************************************************* //
