/*--------------------------------*- C++ -*----------------------------------*\
| =========                 |                                                 |
| \\      /  F ield         | OpenFOAM: The Open Source CFD Toolbox           |
|  \\    /   O peration     | Version:  4.1                                   |
|   \\  /    A nd           | Web:      www.OpenFOAM.org                      |
|    \\/     M anipulation  |                                                 |
\*---------------------------------------------------------------------------*/
FoamFile
{
    version     2.0;
    format      ascii;
    class       volVectorField;
    location    "0.0556";
    object      U;
}
// * * * * * * * * * * * * * * * * * * * * * * * * * * * * * * * * * * * * * //

dimensions      [0 1 -1 0 0 0 0];

internalField   nonuniform List<vector> 
441
(
(0.00342957 -0.00461431 0)
(0.00880678 -0.00255907 0)
(-0.000639777 -2.1793e-165 0)
(0.00176749 -2.91651e-266 0)
(-0.00864164 -0.00707056 0)
(-0.00176749 -2.7959e-232 0)
(-1.09366e-202 -4.84004e-203 0)
(-1.20985e-203 -6.25407e-228 0)
(-1.54727e-212 -2.68593e-213 0)
(-0.00550002 8.22998e-266 0)
(-0.0667019 0.0220023 0)
(-0.0843267 0.0116721 0)
(-0.0958627 0.00550421 0)
(-0.0857144 0.000647484 0)
(-0.072347 -0.00120176 0)
(-0.0503883 -0.00255378 0)
(-0.0310302 -0.00194292 0)
(-0.0128115 -0.00166388 0)
(-0.000768875 0.000339078 0)
(0.00253743 0.00101537 0)
(0.00409172 0.0026082 0)
(0.00336132 -0.00742792 0)
(-0.00188184 0.00658575 0)
(-0.0270029 0.007889 0)
(-0.0564263 0.0105582 0)
(-0.0996181 0.00980988 0)
(-0.139263 -0.00385909 0)
(-0.17596 -0.000323698 0)
(-0.21062 0.00139628 0)
(-0.241086 0.011658 0)
(-0.27196 0.0592541 0)
(-0.293326 0.0549147 0)
(-0.288651 0.0178365 0)
(-0.27723 -0.00459881 0)
(-0.242185 -0.0248718 0)
(-0.200927 -0.0342149 0)
(-0.147323 -0.0399692 0)
(-0.0979363 -0.0354202 0)
(-0.0522064 -0.0298178 0)
(-0.0196462 -0.0151991 0)
(-0.00381338 -0.00661791 0)
(0.00430146 0.00423918 0)
(0.0067935 -0.00662631 0)
(-0.00553379 0.0274197 0)
(-0.0512228 0.0531756 0)
(-0.111679 0.0703275 0)
(-0.184241 0.0746923 0)
(-0.258658 0.0725494 0)
(-0.337382 0.0688406 0)
(-0.399816 0.0629795 0)
(-0.461109 0.0589842 0)
(-0.490107 0.0564028 0)
(-0.485735 0.0395728 0)
(-0.470385 -0.00330313 0)
(-0.440175 -0.0403033 0)
(-0.385774 -0.0754946 0)
(-0.320714 -0.0951311 0)
(-0.240108 -0.105829 0)
(-0.164254 -0.095914 0)
(-0.0926128 -0.0804536 0)
(-0.0403498 -0.0469742 0)
(-0.0101937 -0.0233548 0)
(0.00567336 0.00353211 0)
(0.00599867 -0.00894048 0)
(-0.0143445 0.0662459 0)
(-0.0878617 0.114074 0)
(-0.173236 0.145785 0)
(-0.272723 0.157136 0)
(-0.371644 0.151843 0)
(-0.467901 0.142346 0)
(-0.550018 0.12592 0)
(-0.61715 0.104095 0)
(-0.656208 0.0813642 0)
(-0.663843 0.0349499 0)
(-0.643867 -0.0287926 0)
(-0.602745 -0.0893289 0)
(-0.530586 -0.145443 0)
(-0.44376 -0.179681 0)
(-0.336334 -0.197877 0)
(-0.233868 -0.182349 0)
(-0.134813 -0.155341 0)
(-0.0617734 -0.0967731 0)
(-0.0160414 -0.0540056 0)
(0.00746825 9.17506e-05 0)
(6.38733e-165 0.00149967 0)
(-0.0212976 0.120851 0)
(-0.125634 0.211316 0)
(-0.231045 0.25386 0)
(-0.355599 0.272103 0)
(-0.47541 0.266047 0)
(-0.593656 0.246061 0)
(-0.692711 0.211256 0)
(-0.774789 0.164562 0)
(-0.822991 0.103751 0)
(-0.837856 0.0276525 0)
(-0.819351 -0.0641645 0)
(-0.771778 -0.152824 0)
(-0.685786 -0.234804 0)
(-0.57885 -0.288298 0)
(-0.442856 -0.316551 0)
(-0.311522 -0.295964 0)
(-0.178836 -0.253617 0)
(-0.0828778 -0.164069 0)
(-0.0167305 -0.0934351 0)
(0.0140371 -0.00422914 0)
(-5.19859e-266 0.00526889 0)
(-0.0805045 0.196333 0)
(-0.174422 0.322005 0)
(-0.300138 0.377506 0)
(-0.435417 0.401425 0)
(-0.573286 0.390945 0)
(-0.705606 0.360254 0)
(-0.821817 0.307302 0)
(-0.917774 0.235184 0)
(-0.981955 0.143679 0)
(-1.01276 0.0315902 0)
(-1.00216 -0.0958543 0)
(-0.955709 -0.222635 0)
(-0.859874 -0.339909 0)
(-0.734906 -0.422127 0)
(-0.568613 -0.467555 0)
(-0.404124 -0.445308 0)
(-0.231475 -0.387024 0)
(-0.107302 -0.256959 0)
(-0.0165531 -0.154081 0)
(0.0160853 -0.00139093 0)
(-0.0210756 0.0851111 0)
(-0.111709 0.291891 0)
(-0.219839 0.431348 0)
(-0.35784 0.513156 0)
(-0.510028 0.544545 0)
(-0.664483 0.534909 0)
(-0.815411 0.493893 0)
(-0.950304 0.422586 0)
(-1.06606 0.324525 0)
(-1.14975 0.198508 0)
(-1.19949 0.0483481 0)
(-1.20287 -0.121513 0)
(-1.16353 -0.294117 0)
(-1.06309 -0.456471 0)
(-0.923299 -0.578081 0)
(-0.724567 -0.649062 0)
(-0.523568 -0.630831 0)
(-0.297844 -0.552743 0)
(-0.142999 -0.375821 0)
(-0.00395015 -0.2186 0)
(5.80644e-266 -0.00402133 0)
(-0.0154056 0.140403 0)
(-0.106381 0.396216 0)
(-0.240561 0.568743 0)
(-0.397704 0.668496 0)
(-0.56875 0.708381 0)
(-0.741657 0.696672 0)
(-0.910814 0.646438 0)
(-1.0666 0.557871 0)
(-1.20441 0.435053 0)
(-1.31283 0.276564 0)
(-1.38774 0.0850989 0)
(-1.41271 -0.132875 0)
(-1.38903 -0.361917 0)
(-1.29198 -0.582264 0)
(-1.143 -0.759935 0)
(-0.914172 -0.871216 0)
(-0.672287 -0.870354 0)
(-0.387471 -0.773661 0)
(-0.187173 -0.546314 0)
(-0.00290324 -0.306364 0)
(2.40016e-24 -1.18869e-24 0)
(-0.0136431 0.203556 0)
(-0.110342 0.515279 0)
(-0.2613 0.721203 0)
(-0.4338 0.839624 0)
(-0.621977 0.887325 0)
(-0.811376 0.875496 0)
(-0.998652 0.81804 0)
(-1.17503 0.71512 0)
(-1.33631 0.570549 0)
(-1.47168 0.38122 0)
(-1.57536 0.148797 0)
(-1.6286 -0.120759 0)
(-1.62902 -0.413472 0)
(-1.54568 -0.703735 0)
(-1.39731 -0.953727 0)
(-1.14474 -1.12275 0)
(-0.86338 -1.15391 0)
(-0.510826 -1.04281 0)
(-0.254011 -0.752987 0)
(-0.00454292 -0.413143 0)
(9.8487e-77 -6.00039e-25 0)
(-0.0120221 0.265037 0)
(-0.109988 0.645558 0)
(-0.272388 0.893015 0)
(-0.456013 1.02981 0)
(-0.656885 1.08648 0)
(-0.859147 1.07337 0)
(-1.06032 1.01039 0)
(-1.25425 0.895138 0)
(-1.43624 0.731888 0)
(-1.59801 0.514898 0)
(-1.73178 0.242273 0)
(-1.81823 -0.0804277 0)
(-1.85111 -0.444278 0)
(-1.79379 -0.816574 0)
(-1.6597 -1.1601 0)
(-1.39677 -1.41088 0)
(-1.08241 -1.50273 0)
(-0.66026 -1.39288 0)
(-0.335266 -1.04713 0)
(-0.00627217 -0.575006 0)
(2.75082e-164 -2.46218e-77 0)
(-0.0124331 0.322294 0)
(-0.114197 0.773943 0)
(-0.285991 1.06504 0)
(-0.477248 1.22195 0)
(-0.685194 1.28886 0)
(-0.893893 1.27699 0)
(-1.10118 1.2121 0)
(-1.30478 1.08959 0)
(-1.49924 0.913884 0)
(-1.68098 0.675881 0)
(-1.84009 0.369535 0)
(-1.96045 -0.00190573 0)
(-2.03102 -0.436064 0)
(-2.0132 -0.896125 0)
(-1.91167 -1.34755 0)
(-1.66141 -1.7037 0)
(-1.33392 -1.8856 0)
(-0.854925 -1.79774 0)
(-0.458773 -1.39568 0)
(-0.0748257 -0.760854 0)
(1.72157e-265 0.0127701 0)
(-0.0135071 0.392627 0)
(-0.115678 0.921288 0)
(-0.291088 1.25761 0)
(-0.482656 1.42975 0)
(-0.688435 1.50431 0)
(-0.893423 1.48932 0)
(-1.09486 1.42191 0)
(-1.29554 1.2927 0)
(-1.48881 1.10816 0)
(-1.67769 0.854922 0)
(-1.85097 0.521649 0)
(-1.99874 0.109345 0)
(-2.10698 -0.391181 0)
(-2.13847 -0.938287 0)
(-2.08864 -1.51103 0)
(-1.87988 -1.99518 0)
(-1.56624 -2.30826 0)
(-1.04641 -2.28194 0)
(-0.562428 -1.82157 0)
(-0.0730664 -1.05292 0)
(0.0510805 -0.0706 0)
(-0.0173858 0.447139 0)
(-0.124603 1.0486 0)
(-0.306309 1.42914 0)
(-0.49506 1.616 0)
(-0.68896 1.69781 0)
(-0.877882 1.68081 0)
(-1.05591 1.6132 0)
(-1.23537 1.48191 0)
(-1.40588 1.29564 0)
(-1.58179 1.03736 0)
(-1.74868 0.691108 0)
(-1.90994 0.25434 0)
(-2.04644 -0.293968 0)
(-2.13303 -0.913873 0)
(-2.15142 -1.60114 0)
(-2.01902 -2.22803 0)
(-1.76625 -2.71279 0)
(-1.2292 -2.81021 0)
(-0.700349 -2.36252 0)
(0.0389358 -1.38113 0)
(2.35816e-231 -0.0127701 0)
(-0.0225591 0.537523 0)
(-0.132187 1.21327 0)
(-0.313338 1.63191 0)
(-0.489376 1.81349 0)
(-0.657912 1.89024 0)
(-0.815129 1.85657 0)
(-0.951245 1.78128 0)
(-1.08869 1.64262 0)
(-1.21308 1.45518 0)
(-1.3508 1.19753 0)
(-1.48547 0.849497 0)
(-1.63573 0.40688 0)
(-1.78188 -0.168465 0)
(-1.91561 -0.833994 0)
(-2.01303 -1.62448 0)
(-1.99573 -2.38481 0)
(-1.86585 -3.09728 0)
(-1.41624 -3.36591 0)
(-0.888864 -3.08398 0)
(-0.00348072 -1.78975 0)
(5.71231e-202 4.53608e-184 0)
(-0.0390419 0.594834 0)
(-0.167926 1.3333 0)
(-0.357791 1.78246 0)
(-0.518892 1.95507 0)
(-0.643963 2.02195 0)
(-0.750381 1.97071 0)
(-0.816625 1.88648 0)
(-0.886151 1.74246 0)
(-0.933708 1.55816 0)
(-1.00499 1.31036 0)
(-1.07503 0.977201 0)
(-1.18744 0.553092 0)
(-1.31209 -0.0110664 0)
(-1.48087 -0.678864 0)
(-1.64446 -1.51326 0)
(-1.78202 -2.37215 0)
(-1.81613 -3.27646 0)
(-1.57176 -3.79612 0)
(-1.11989 -3.75242 0)
(-0.0109839 -2.29976 0)
(1.81443e-183 -2.95478e-185 0)
(-0.0579866 0.752449 0)
(-0.205171 1.53633 0)
(-0.390812 1.99227 0)
(-0.521075 2.10103 0)
(-0.58381 2.12886 0)
(-0.619336 2.02993 0)
(-0.595567 1.92128 0)
(-0.5752 1.76046 0)
(-0.523531 1.57577 0)
(-0.50236 1.34012 0)
(-0.480147 1.03175 0)
(-0.519975 0.646149 0)
(-0.588536 0.123158 0)
(-0.748673 -0.498313 0)
(-0.953351 -1.32654 0)
(-1.22659 -2.20967 0)
(-1.4857 -3.31257 0)
(-1.56346 -4.06926 0)
(-1.42445 -4.66243 0)
(-0.461574 -2.95656 0)
(4.37759e-254 -4.53608e-184 0)
(-0.123605 0.843957 0)
(-0.338289 1.65298 0)
(-0.51675 2.09314 0)
(-0.600208 2.13836 0)
(-0.547551 2.11944 0)
(-0.474417 1.97753 0)
(-0.314062 1.8433 0)
(-0.171875 1.66943 0)
(0.0109528 1.48685 0)
(0.146956 1.26934 0)
(0.286296 0.99694 0)
(0.336677 0.667351 0)
(0.356036 0.221237 0)
(0.220145 -0.304692 0)
(0.0293504 -1.0273 0)
(-0.404535 -1.82862 0)
(-0.828923 -2.91348 0)
(-1.53161 -3.85643 0)
(-1.68552 -4.76511 0)
(-2.06475 -3.80056 0)
(-2.55608e-264 -0.214065 0)
(-0.179034 1.23571 0)
(-0.430008 1.93378 0)
(-0.538656 2.27647 0)
(-0.518367 2.13209 0)
(-0.309653 2.01691 0)
(-0.0911567 1.79612 0)
(0.225075 1.62536 0)
(0.5063 1.43558 0)
(0.826523 1.25904 0)
(1.08471 1.06654 0)
(1.34307 0.841421 0)
(1.49686 0.581317 0)
(1.6154 0.236269 0)
(1.55568 -0.162131 0)
(1.42312 -0.71254 0)
(0.998405 -1.33481 0)
(0.48313 -2.2162 0)
(-0.42127 -3.16864 0)
(-1.12534 -4.21829 0)
(-1.84963 -4.49519 0)
(-0.85626 -2.30482 0)
(-0.399918 1.41859 0)
(-0.728958 1.9839 0)
(-0.534756 2.17567 0)
(-0.272011 1.89253 0)
(0.26171 1.6933 0)
(0.701724 1.43501 0)
(1.23301 1.2479 0)
(1.66909 1.06601 0)
(2.12743 0.910338 0)
(2.49024 0.755671 0)
(2.84379 0.587029 0)
(3.0693 0.403589 0)
(3.26234 0.165761 0)
(3.24884 -0.0967519 0)
(3.18546 -0.466258 0)
(2.77459 -0.86634 0)
(2.31663 -1.49395 0)
(1.31026 -2.21771 0)
(0.421781 -3.34075 0)
(-0.722026 -3.99225 0)
(-0.698929 -2.96154 0)
(-0.255675 2.42644 0)
(-0.0989906 2.06328 0)
(0.686423 1.8701 0)
(1.32577 1.32789 0)
(2.12877 1.06366 0)
(2.73988 0.818191 0)
(3.37667 0.664311 0)
(3.87376 0.537086 0)
(4.36082 0.438374 0)
(4.73435 0.349826 0)
(5.08567 0.260646 0)
(5.30785 0.167945 0)
(5.49804 0.053277 0)
(5.49656 -0.0724854 0)
(5.45881 -0.248121 0)
(5.10741 -0.444236 0)
(4.72993 -0.782719 0)
(3.8083 -1.24119 0)
(2.8521 -2.25337 0)
(1.08575 -3.32863 0)
(-0.0449371 -3.7999 0)
(1.66847 1.67076 0)
(2.70818 0.975992 0)
(4.55102 0.749104 0)
(5.38866 0.423457 0)
(6.25122 0.285093 0)
(6.75405 0.176163 0)
(7.22513 0.119325 0)
(7.54049 0.079345 0)
(7.83197 0.0536491 0)
(8.03082 0.0340019 0)
(8.21242 0.0166074 0)
(8.30491 0.000105201 0)
(8.38328 -0.0205606 0)
(8.3336 -0.0413956 0)
(8.28067 -0.0771812 0)
(8.00114 -0.110961 0)
(7.75013 -0.201106 0)
(6.99852 -0.294411 0)
(6.26469 -0.626858 0)
(4.04706 -0.998907 0)
(2.00712 -1.81992 0)
)
;

boundaryField
{
    movingWall
    {
        type            fixedValue;
        value           uniform (10 0 0);
    }
    fixedWalls
    {
        type            noSlip;
    }
    frontAndBack
    {
        type            empty;
    }
}


// ************************************************************************* //
