/*--------------------------------*- C++ -*----------------------------------*\
| =========                 |                                                 |
| \\      /  F ield         | OpenFOAM: The Open Source CFD Toolbox           |
|  \\    /   O peration     | Version:  4.1                                   |
|   \\  /    A nd           | Web:      www.OpenFOAM.org                      |
|    \\/     M anipulation  |                                                 |
\*---------------------------------------------------------------------------*/
FoamFile
{
    version     2.0;
    format      ascii;
    class       volVectorField;
    location    "0.0675";
    object      U;
}
// * * * * * * * * * * * * * * * * * * * * * * * * * * * * * * * * * * * * * //

dimensions      [0 1 -1 0 0 0 0];

internalField   nonuniform List<vector> 
441
(
(0.00354914 -0.00469265 0)
(0.00919755 -0.00254353 0)
(-0.000635887 -2.18703e-165 0)
(0.00185311 -3.09963e-266 0)
(-0.00846721 -0.007413 0)
(-0.00185311 -2.90963e-232 0)
(-1.11098e-202 -5.19716e-203 0)
(-1.29915e-203 -6.7823e-228 0)
(-1.62777e-212 -2.94357e-213 0)
(-0.00580419 8.64094e-266 0)
(-0.0708487 0.0232186 0)
(-0.0893471 0.0122314 0)
(-0.101161 0.00568408 0)
(-0.0897764 0.000518873 0)
(-0.0748468 -0.00143289 0)
(-0.0510101 -0.00279877 0)
(-0.0302219 -0.00206676 0)
(-0.0111935 -0.00165007 0)
(0.000871371 0.000523978 0)
(0.00345918 0.0012481 0)
(0.00432414 0.00279532 0)
(0.00356139 -0.00786426 0)
(-0.00143796 0.00667232 0)
(-0.0270869 0.00812606 0)
(-0.0575355 0.010582 0)
(-0.102654 0.0102847 0)
(-0.144743 -0.00354196 0)
(-0.184129 -0.000233996 0)
(-0.221779 0.00152549 0)
(-0.255152 0.0124234 0)
(-0.288944 0.0630233 0)
(-0.31224 0.0582844 0)
(-0.307314 0.0184699 0)
(-0.294394 -0.00579363 0)
(-0.255922 -0.0275809 0)
(-0.210533 -0.0374699 0)
(-0.152391 -0.0430923 0)
(-0.0992915 -0.0375549 0)
(-0.0511111 -0.030697 0)
(-0.0177171 -0.014671 0)
(-0.00254689 -0.00543604 0)
(0.00461667 0.00521037 0)
(0.00714097 -0.00733533 0)
(-0.00533711 0.0277182 0)
(-0.0524055 0.054721 0)
(-0.115531 0.0731547 0)
(-0.192097 0.0786736 0)
(-0.27109 0.0775161 0)
(-0.35552 0.0743342 0)
(-0.423616 0.0686999 0)
(-0.490654 0.0645937 0)
(-0.523275 0.0614561 0)
(-0.519564 0.0424951 0)
(-0.50328 -0.00442939 0)
(-0.470075 -0.0450345 0)
(-0.410495 -0.0831629 0)
(-0.339131 -0.104008 0)
(-0.251666 -0.114329 0)
(-0.169903 -0.102175 0)
(-0.0939233 -0.0837386 0)
(-0.0395024 -0.0469448 0)
(-0.00922333 -0.021523 0)
(0.00602307 0.00527769 0)
(0.00613977 -0.00995586 0)
(-0.0151895 0.0679187 0)
(-0.0918971 0.118324 0)
(-0.181799 0.152592 0)
(-0.287297 0.166203 0)
(-0.393051 0.162543 0)
(-0.496859 0.153919 0)
(-0.586395 0.137517 0)
(-0.66012 0.114402 0)
(-0.70368 0.089315 0)
(-0.712859 0.0380364 0)
(-0.691637 -0.0321255 0)
(-0.646596 -0.0987221 0)
(-0.567768 -0.159682 0)
(-0.472738 -0.19612 0)
(-0.356215 -0.213827 0)
(-0.245565 -0.194735 0)
(-0.139979 -0.16276 0)
(-0.0630406 -0.0985032 0)
(-0.0159371 -0.0523439 0)
(0.00774559 0.00239081 0)
(6.61637e-165 0.00153494 0)
(-0.0228244 0.125312 0)
(-0.132602 0.220558 0)
(-0.24443 0.267159 0)
(-0.377185 0.288865 0)
(-0.505844 0.2853 0)
(-0.63367 0.266428 0)
(-0.741777 0.230909 0)
(-0.831792 0.181193 0)
(-0.885322 0.114879 0)
(-0.902252 0.0308683 0)
(-0.88251 -0.0704451 0)
(-0.830383 -0.168138 0)
(-0.73655 -0.25737 0)
(-0.619691 -0.314474 0)
(-0.47235 -0.342383 0)
(-0.330382 -0.316923 0)
(-0.188573 -0.26738 0)
(-0.086649 -0.169281 0)
(-0.017526 -0.0931793 0)
(0.014344 -0.00211538 0)
(-5.37054e-266 0.00550246 0)
(-0.0846938 0.20513 0)
(-0.184877 0.338016 0)
(-0.318872 0.39898 0)
(-0.463877 0.427509 0)
(-0.612347 0.420089 0)
(-0.755677 0.390474 0)
(-0.882293 0.335891 0)
(-0.9872 0.258804 0)
(-1.05767 0.158999 0)
(-1.09142 0.0355179 0)
(-1.07991 -0.105012 0)
(-1.02879 -0.244428 0)
(-0.924373 -0.37198 0)
(-0.788186 -0.459858 0)
(-0.608491 -0.505592 0)
(-0.430955 -0.477454 0)
(-0.246366 -0.409625 0)
(-0.113981 -0.26758 0)
(-0.018661 -0.156552 0)
(0.0161215 0.000492898 0)
(-0.0220098 0.0893827 0)
(-0.117897 0.306707 0)
(-0.2334 0.455112 0)
(-0.380862 0.544377 0)
(-0.544067 0.581557 0)
(-0.710359 0.57568 0)
(-0.873485 0.535591 0)
(-1.01982 0.461524 0)
(-1.14547 0.35635 0)
(-1.23626 0.218852 0)
(-1.2897 0.0535945 0)
(-1.29269 -0.133389 0)
(-1.24896 -0.322673 0)
(-1.13979 -0.498906 0)
(-0.988128 -0.628887 0)
(-0.774487 -0.701466 0)
(-0.558355 -0.676771 0)
(-0.317679 -0.586779 0)
(-0.152157 -0.39375 0)
(-0.00582734 -0.225115 0)
(5.89414e-266 -0.00403039 0)
(-0.0161859 0.147811 0)
(-0.112751 0.417664 0)
(-0.255522 0.601553 0)
(-0.423011 0.710433 0)
(-0.60584 0.757261 0)
(-0.791219 0.74981 0)
(-0.973042 0.700253 0)
(-1.14068 0.607752 0)
(-1.28874 0.475663 0)
(-1.4047 0.302663 0)
(-1.48389 0.09236 0)
(-1.50912 -0.146832 0)
(-1.4818 -0.396822 0)
(-1.37665 -0.635027 0)
(-1.21624 -0.824465 0)
(-0.972101 -0.939476 0)
(-0.714 -0.932609 0)
(-0.411616 -0.822106 0)
(-0.198417 -0.574827 0)
(-0.00331298 -0.318172 0)
(2.50927e-24 -1.12126e-24 0)
(-0.0143801 0.21482 0)
(-0.116665 0.54422 0)
(-0.27631 0.763806 0)
(-0.459085 0.89288 0)
(-0.658842 0.948486 0)
(-0.860343 0.941303 0)
(-1.0598 0.884162 0)
(-1.24746 0.776076 0)
(-1.41848 0.620115 0)
(-1.56108 0.413348 0)
(-1.66909 0.15859 0)
(-1.72311 -0.136031 0)
(-1.721 -0.453725 0)
(-1.63112 -0.765781 0)
(-1.47313 -1.03127 0)
(-1.2067 -1.20687 0)
(-0.909834 -1.23361 0)
(-0.538856 -1.1076 0)
(-0.267612 -0.794413 0)
(-0.00478581 -0.431269 0)
(1.02535e-76 -6.27318e-25 0)
(-0.0125969 0.279458 0)
(-0.115355 0.681292 0)
(-0.285471 0.944726 0)
(-0.478193 1.09356 0)
(-0.689266 1.15896 0)
(-0.902052 1.15072 0)
(-1.11364 1.08761 0)
(-1.31704 0.965997 0)
(-1.50707 0.789443 0)
(-1.67472 0.55253 0)
(-1.81211 0.25468 0)
(-1.89954 -0.0961411 0)
(-1.93114 -0.488191 0)
(-1.86966 -0.885545 0)
(-1.72921 -1.24807 0)
(-1.45596 -1.50872 0)
(-1.12916 -1.59893 0)
(-0.69002 -1.47457 0)
(-0.350665 -1.1033 0)
(-0.00674292 -0.600926 0)
(2.85732e-164 -2.56338e-77 0)
(-0.0128094 0.339394 0)
(-0.117901 0.815358 0)
(-0.295276 1.12437 0)
(-0.493222 1.29443 0)
(-0.70866 1.37066 0)
(-0.924945 1.36366 0)
(-1.1395 1.29804 0)
(-1.3494 1.168 0)
(-1.5489 0.977347 0)
(-1.73406 0.71751 0)
(-1.89519 0.383965 0)
(-2.01618 -0.0174515 0)
(-2.08665 -0.481646 0)
(-2.06755 -0.968684 0)
(-1.96408 -1.44165 0)
(-1.70908 -1.81072 0)
(-1.37479 -1.99465 0)
(-0.883544 -1.89428 0)
(-0.475171 -1.4661 0)
(-0.078123 -0.794922 0)
(1.76066e-265 0.0130782 0)
(-0.0135918 0.411086 0)
(-0.116899 0.965929 0)
(-0.294683 1.32155 0)
(-0.489367 1.50764 0)
(-0.698701 1.59183 0)
(-0.907107 1.5815 0)
(-1.11145 1.51268 0)
(-1.31412 1.3749 0)
(-1.50842 1.17422 0)
(-1.6974 0.898055 0)
(-1.87042 0.53681 0)
(-2.01796 0.0942422 0)
(-2.12694 -0.436317 0)
(-2.16002 -1.0104 0)
(-2.11305 -1.60548 0)
(-1.9062 -2.10461 0)
(-1.59318 -2.42335 0)
(-1.06814 -2.38846 0)
(-0.576162 -1.90291 0)
(-0.0747527 -1.0957 0)
(0.0523126 -0.0738457 0)
(-0.0171287 0.465517 0)
(-0.122819 1.09351 0)
(-0.30293 1.49394 0)
(-0.490373 1.69514 0)
(-0.682983 1.78658 0)
(-0.870305 1.77382 0)
(-1.04614 1.70408 0)
(-1.22269 1.56339 0)
(-1.38982 1.36032 0)
(-1.56228 1.07894 0)
(-1.72643 0.705195 0)
(-1.88639 0.23945 0)
(-2.02408 -0.337026 0)
(-2.11457 -0.981837 0)
(-2.14011 -1.69018 0)
(-2.01609 -2.33241 0)
(-1.77222 -2.82619 0)
(-1.23853 -2.92015 0)
(-0.709378 -2.45303 0)
(0.0410574 -1.43044 0)
(2.41457e-231 -0.0130782 0)
(-0.0219326 0.553968 0)
(-0.127185 1.25479 0)
(-0.302469 1.69296 0)
(-0.472417 1.88879 0)
(-0.634489 1.97492 0)
(-0.784885 1.94501 0)
(-0.913699 1.86704 0)
(-1.04362 1.71865 0)
(-1.16071 1.51454 0)
(-1.29206 1.23464 0)
(-1.42212 0.860811 0)
(-1.57035 0.391862 0)
(-1.71797 -0.20827 0)
(-1.8572 -0.894844 0)
(-1.96467 -1.70308 0)
(-1.96092 -2.47678 0)
(-1.84689 -3.19964 0)
(-1.4106 -3.46948 0)
(-0.891698 -3.17632 0)
(-0.00323832 -1.84234 0)
(5.77508e-202 4.56469e-184 0)
(-0.0381076 0.607658 0)
(-0.160128 1.36799 0)
(-0.340255 1.83539 0)
(-0.490857 2.02171 0)
(-0.604685 2.09753 0)
(-0.699623 2.04969 0)
(-0.754237 1.96264 0)
(-0.812663 1.80926 0)
(-0.85025 1.60933 0)
(-0.913597 1.34113 0)
(-0.978377 0.984853 0)
(-1.08893 0.537861 0)
(-1.21558 -0.0469244 0)
(-1.39074 -0.731082 0)
(-1.56546 -1.57845 0)
(-1.71892 -2.44688 0)
(-1.77284 -3.3602 0)
(-1.54894 -3.88405 0)
(-1.11417 -3.8371 0)
(-0.0112496 -2.35227 0)
(1.82587e-183 -8.61443e-185 0)
(-0.056884 0.76028 0)
(-0.195668 1.56125 0)
(-0.368938 2.03318 0)
(-0.485511 2.15465 0)
(-0.533505 2.19091 0)
(-0.554241 2.09535 0)
(-0.515992 1.98442 0)
(-0.482502 1.81553 0)
(-0.41977 1.61736 0)
(-0.390576 1.3642 0)
(-0.363811 1.03615 0)
(-0.402982 0.631471 0)
(-0.474643 0.0919173 0)
(-0.641814 -0.541491 0)
(-0.857344 -1.37797 0)
(-1.14612 -2.26581 0)
(-1.42496 -3.37439 0)
(-1.52661 -4.13498 0)
(-1.40967 -4.73119 0)
(-0.463993 -3.00365 0)
(4.39191e-254 -4.56469e-184 0)
(-0.122615 0.846333 0)
(-0.329086 1.66694 0)
(-0.494673 2.12016 0)
(-0.563435 2.17664 0)
(-0.494639 2.16559 0)
(-0.405416 2.02729 0)
(-0.22952 1.89194 0)
(-0.073695 1.71211 0)
(0.120145 1.51904 0)
(0.263468 1.28768 0)
(0.406167 0.999546 0)
(0.455667 0.654723 0)
(0.470575 0.195651 0)
(0.326808 -0.338945 0)
(0.125833 -1.06609 0)
(-0.321859 -1.86815 0)
(-0.762446 -2.95356 0)
(-1.48809 -3.89825 0)
(-1.66336 -4.80959 0)
(-2.06958 -3.83829 0)
(-2.57541e-264 -0.215116 0)
(-0.178571 1.23352 0)
(-0.423777 1.93767 0)
(-0.5219 2.28991 0)
(-0.488714 2.15486 0)
(-0.26512 2.04673 0)
(-0.0314572 1.82983 0)
(0.299646 1.65929 0)
(0.593947 1.46598 0)
(0.924674 1.28234 0)
(1.18965 1.08002 0)
(1.45073 0.843464 0)
(1.60292 0.572095 0)
(1.71622 0.217448 0)
(1.64819 -0.187224 0)
(1.50568 -0.740105 0)
(1.06937 -1.36112 0)
(0.541824 -2.23938 0)
(-0.378444 -3.1901 0)
(-1.09988 -4.2395 0)
(-1.84514 -4.51817 0)
(-0.860465 -2.31157 0)
(-0.40026 1.41438 0)
(-0.727785 1.98159 0)
(-0.52797 2.1793 0)
(-0.25669 1.90294 0)
(0.28829 1.70931 0)
(0.740714 1.45458 0)
(1.28493 1.26851 0)
(1.7329 1.08503 0)
(2.20122 0.925278 0)
(2.57081 0.764565 0)
(2.92741 0.588658 0)
(3.15176 0.397927 0)
(3.33999 0.153828 0)
(3.31851 -0.112756 0)
(3.24564 -0.483641 0)
(2.82436 -0.882272 0)
(2.35696 -1.50641 0)
(1.34064 -2.22682 0)
(0.442447 -3.34779 0)
(-0.713409 -3.99993 0)
(-0.700192 -2.96302 0)
(-0.2565 2.42346 0)
(-0.101872 2.06003 0)
(0.683975 1.86928 0)
(1.32681 1.33062 0)
(2.13638 1.06955 0)
(2.75605 0.826259 0)
(3.40263 0.673203 0)
(3.90932 0.545437 0)
(4.40481 0.444886 0)
(4.78433 0.353511 0)
(5.13857 0.260924 0)
(5.36008 0.164837 0)
(5.54635 0.0473759 0)
(5.53817 -0.0800522 0)
(5.49238 -0.255883 0)
(5.13252 -0.450855 0)
(4.74793 -0.786941 0)
(3.82051 -1.24324 0)
(2.86016 -2.25352 0)
(1.08944 -3.32958 0)
(-0.0456599 -3.79936 0)
(1.66784 1.67014 0)
(2.70534 0.975243 0)
(4.54657 0.748643 0)
(5.3845 0.423557 0)
(6.24943 0.285721 0)
(6.75619 0.177136 0)
(7.23215 0.120388 0)
(7.5524 0.0802618 0)
(7.84811 0.0542036 0)
(8.04974 0.0340677 0)
(8.23233 0.0161347 0)
(8.32372 -0.000823009 0)
(8.39928 -0.0217833 0)
(8.3454 -0.0426468 0)
(8.28799 -0.0782027 0)
(8.00418 -0.111518 0)
(7.75035 -0.201065 0)
(6.99724 -0.293868 0)
(6.26348 -0.625928 0)
(4.04639 -0.998022 0)
(2.00608 -1.8188 0)
)
;

boundaryField
{
    movingWall
    {
        type            fixedValue;
        value           uniform (10 0 0);
    }
    fixedWalls
    {
        type            noSlip;
    }
    frontAndBack
    {
        type            empty;
    }
}


// ************************************************************************* //
