/*--------------------------------*- C++ -*----------------------------------*\
| =========                 |                                                 |
| \\      /  F ield         | OpenFOAM: The Open Source CFD Toolbox           |
|  \\    /   O peration     | Version:  4.1                                   |
|   \\  /    A nd           | Web:      www.OpenFOAM.org                      |
|    \\/     M anipulation  |                                                 |
\*---------------------------------------------------------------------------*/
FoamFile
{
    version     2.0;
    format      ascii;
    class       volVectorField;
    location    "0.0532";
    object      U;
}
// * * * * * * * * * * * * * * * * * * * * * * * * * * * * * * * * * * * * * //

dimensions      [0 1 -1 0 0 0 0];

internalField   nonuniform List<vector> 
441
(
(0.00340687 -0.0046013 0)
(0.00872869 -0.00256453 0)
(-0.000641145 -2.17926e-165 0)
(0.00174959 -2.87738e-266 0)
(-0.00869102 -0.00699896 0)
(-0.00174959 -2.77231e-232 0)
(-1.09085e-202 -4.76114e-203 0)
(-1.19012e-203 -6.1347e-228 0)
(-1.52971e-212 -2.62665e-213 0)
(-0.00543263 8.14021e-266 0)
(-0.0657681 0.0217328 0)
(-0.0831824 0.0115473 0)
(-0.0946376 0.00546322 0)
(-0.0847564 0.000677187 0)
(-0.071738 -0.00114747 0)
(-0.0502118 -0.0024943 0)
(-0.0311901 -0.001911 0)
(-0.0131678 -0.00166331 0)
(-0.00114015 0.000298765 0)
(0.00232831 0.000963507 0)
(0.00403648 0.00256553 0)
(0.00332066 -0.00733906 0)
(-0.00198302 0.00657295 0)
(-0.0270134 0.00784488 0)
(-0.0562388 0.0105645 0)
(-0.0990376 0.00971056 0)
(-0.138163 -0.00393631 0)
(-0.174274 -0.000345505 0)
(-0.208268 0.00136734 0)
(-0.238066 0.0114855 0)
(-0.268253 0.0584031 0)
(-0.289136 0.0541354 0)
(-0.284457 0.0176606 0)
(-0.273319 -0.00436023 0)
(-0.239013 -0.0242763 0)
(-0.198676 -0.0334783 0)
(-0.146111 -0.0392451 0)
(-0.0975892 -0.0349156 0)
(-0.0524396 -0.0295983 0)
(-0.0200857 -0.0153103 0)
(-0.00410305 -0.00688293 0)
(0.00422603 0.00401642 0)
(0.00672254 -0.00647485 0)
(-0.0055867 0.0273842 0)
(-0.0510177 0.0528874 0)
(-0.110937 0.069763 0)
(-0.182665 0.0738619 0)
(-0.256107 0.0714792 0)
(-0.333582 0.067628 0)
(-0.39474 0.0616847 0)
(-0.454701 0.0576789 0)
(-0.482805 0.0551884 0)
(-0.478179 0.0388104 0)
(-0.462937 -0.00316137 0)
(-0.433317 -0.0393271 0)
(-0.380039 -0.0738089 0)
(-0.316397 -0.0931224 0)
(-0.237376 -0.103863 0)
(-0.162909 -0.0944433 0)
(-0.0922972 -0.0796619 0)
(-0.0405514 -0.0469621 0)
(-0.0104228 -0.0237666 0)
(0.00558728 0.00312977 0)
(0.00597374 -0.00872039 0)
(-0.0141713 0.0659458 0)
(-0.0870497 0.113242 0)
(-0.171487 0.144397 0)
(-0.269698 0.155225 0)
(-0.367136 0.149523 0)
(-0.461709 0.139772 0)
(-0.542124 0.123269 0)
(-0.607683 0.101656 0)
(-0.645593 0.0793879 0)
(-0.652719 0.0340266 0)
(-0.632876 -0.0282626 0)
(-0.592525 -0.0873737 0)
(-0.52183 -0.142295 0)
(-0.436878 -0.175937 0)
(-0.331591 -0.194166 0)
(-0.231077 -0.179429 0)
(-0.133592 -0.153564 0)
(-0.06149 -0.0963457 0)
(-0.0160748 -0.0543811 0)
(0.00739703 -0.000448283 0)
(6.3422e-165 0.00149343 0)
(-0.0209759 0.119982 0)
(-0.124187 0.209457 0)
(-0.228235 0.251098 0)
(-0.351014 0.268526 0)
(-0.468862 0.26183 0)
(-0.584926 0.241483 0)
(-0.681848 0.206703 0)
(-0.761973 0.160553 0)
(-0.808758 0.100874 0)
(-0.822921 0.0265134 0)
(-0.804493 -0.06312 0)
(-0.757813 -0.149615 0)
(-0.673567 -0.229773 0)
(-0.568947 -0.282277 0)
(-0.435684 -0.310481 0)
(-0.306943 -0.290975 0)
(-0.176496 -0.250305 0)
(-0.0819948 -0.16281 0)
(-0.0165533 -0.0934839 0)
(0.0139555 -0.0047324 0)
(-5.16604e-266 0.00522186 0)
(-0.0796389 0.194555 0)
(-0.172207 0.318705 0)
(-0.296124 0.372969 0)
(-0.42924 0.395781 0)
(-0.564699 0.384476 0)
(-0.694437 0.353362 0)
(-0.808118 0.300565 0)
(-0.901788 0.229365 0)
(-0.96423 0.139589 0)
(-0.994044 0.0300368 0)
(-0.983385 -0.0943467 0)
(-0.937836 -0.21804 0)
(-0.843949 -0.332681 0)
(-0.721668 -0.413333 0)
(-0.558686 -0.458494 0)
(-0.397461 -0.437556 0)
(-0.227811 -0.381526 0)
(-0.105687 -0.254382 0)
(-0.0160471 -0.153478 0)
(0.0160722 -0.00185361 0)
(-0.0208875 0.0842332 0)
(-0.110404 0.288824 0)
(-0.21691 0.426347 0)
(-0.352804 0.50645 0)
(-0.502481 0.536411 0)
(-0.654168 0.52572 0)
(-0.802147 0.484222 0)
(-0.934158 0.413233 0)
(-1.04729 0.316501 0)
(-1.12893 0.192906 0)
(-1.17741 0.0461602 0)
(-1.18054 -0.119619 0)
(-1.14203 -0.288061 0)
(-1.04362 -0.446789 0)
(-0.906757 -0.566061 0)
(-0.711817 -0.636386 0)
(-0.514711 -0.619583 0)
(-0.292835 -0.544352 0)
(-0.140719 -0.371421 0)
(-0.00348992 -0.217006 0)
(5.78367e-266 -0.00401805 0)
(-0.0152424 0.138853 0)
(-0.104995 0.391692 0)
(-0.237252 0.56172 0)
(-0.392039 0.659345 0)
(-0.560332 0.697469 0)
(-0.730236 0.684496 0)
(-0.896224 0.633725 0)
(-1.04891 0.545637 0)
(-1.18388 0.424565 0)
(-1.29003 0.269173 0)
(-1.36346 0.0820393 0)
(-1.38799 -0.130773 0)
(-1.36496 -0.354474 0)
(-1.26983 -0.570061 0)
(-1.12378 -0.744418 0)
(-0.898976 -0.854425 0)
(-0.66139 -0.854856 0)
(-0.381213 -0.761531 0)
(-0.184295 -0.539207 0)
(-0.00280146 -0.303433 0)
(2.37224e-24 -1.20727e-24 0)
(-0.0134822 0.201163 0)
(-0.108926 0.509077 0)
(-0.257897 0.711944 0)
(-0.427998 0.827827 0)
(-0.613392 0.873458 0)
(-0.799778 0.860158 0)
(-0.983889 0.802121 0)
(-1.15717 0.699846 0)
(-1.31562 0.557435 0)
(-1.44872 0.371878 0)
(-1.55084 0.144684 0)
(-1.60349 -0.118646 0)
(-1.60432 -0.404846 0)
(-1.52259 -0.689182 0)
(-1.37679 -0.934765 0)
(-1.12801 -1.1017 0)
(-0.850922 -1.13373 0)
(-0.503375 -1.02632 0)
(-0.250441 -0.742493 0)
(-0.0044799 -0.408578 0)
(9.74286e-77 -5.93059e-25 0)
(-0.0118903 0.261923 0)
(-0.108745 0.637789 0)
(-0.26933 0.881619 0)
(-0.450767 1.01549 0)
(-0.649104 1.06979 0)
(-0.848639 1.05504 0)
(-1.04698 0.991442 0)
(-1.23816 0.876997 0)
(-1.41765 0.716293 0)
(-1.57742 0.503674 0)
(-1.70979 0.237066 0)
(-1.79564 -0.0784975 0)
(-1.82866 -0.434831 0)
(-1.77243 -0.80017 0)
(-1.64017 -1.13823 0)
(-1.38025 -1.38597 0)
(-1.0695 -1.47796 0)
(-0.652138 -1.37176 0)
(-0.33113 -1.03268 0)
(-0.00615769 -0.568372 0)
(2.72257e-164 -2.43571e-77 0)
(-0.0123413 0.318548 0)
(-0.113298 0.764822 0)
(-0.283725 1.0518 0)
(-0.473303 1.20545 0)
(-0.679293 1.26975 0)
(-0.885906 1.25611 0)
(-1.09105 1.19061 0)
(-1.29266 1.06909 0)
(-1.48534 0.896283 0)
(-1.66572 0.663143 0)
(-1.82387 0.363408 0)
(-1.94377 -0.000260349 0)
(-2.01426 -0.426231 0)
(-1.99687 -0.878641 0)
(-1.89609 -1.32377 0)
(-1.64748 -1.67598 0)
(-1.3222 -1.85704 0)
(-0.846879 -1.77238 0)
(-0.45426 -1.37725 0)
(-0.0739852 -0.752009 0)
(1.70987e-265 0.0126834 0)
(-0.0134796 0.388534 0)
(-0.115328 0.911346 0)
(-0.290087 1.24318 0)
(-0.480783 1.4118 0)
(-0.685515 1.4836 0)
(-0.889403 1.46678 0)
(-1.08977 1.39883 0)
(-1.28955 1.27079 0)
(-1.48213 1.08943 0)
(-1.67057 0.841367 0)
(-1.84359 0.515014 0)
(-1.99122 0.110718 0)
(-2.09925 -0.381435 0)
(-2.13047 -0.920714 0)
(-2.08018 -1.48681 0)
(-1.8713 -1.96639 0)
(-1.55795 -2.27763 0)
(-1.03998 -2.25351 0)
(-0.558494 -1.79995 0)
(-0.072589 -1.04164 0)
(0.0507334 -0.0697864 0)
(-0.0174378 0.443024 0)
(-0.124947 1.03851 0)
(-0.306921 1.41438 0)
(-0.495843 1.59759 0)
(-0.689867 1.67656 0)
(-0.878946 1.65776 0)
(-1.05724 1.58975 0)
(-1.23713 1.4598 0)
(-1.4082 1.27689 0)
(-1.58476 1.02391 0)
(-1.7522 0.684561 0)
(-1.91376 0.255605 0)
(-2.05001 -0.284673 0)
(-2.13575 -0.897165 0)
(-2.1525 -1.578 0)
(-2.01823 -2.20016 0)
(-1.76348 -2.68216 0)
(-1.22597 -2.78044 0)
(-0.697573 -2.33813 0)
(0.0384209 -1.36794 0)
(2.3428e-231 -0.0126834 0)
(-0.0227003 0.533821 0)
(-0.133297 1.20389 0)
(-0.315734 1.61791 0)
(-0.493105 1.79583 0)
(-0.66306 1.8698 0)
(-0.821795 1.83443 0)
(-0.959571 1.75887 0)
(-1.09878 1.62168 0)
(-1.22495 1.43762 0)
(-1.36428 1.18513 0)
(-1.50021 0.843655 0)
(-1.65111 0.408248 0)
(-1.79704 -0.159877 0)
(-1.92951 -0.818952 0)
(-2.02448 -1.60385 0)
(-2.0038 -2.35993 0)
(-1.86993 -3.06923 0)
(-1.41708 -3.33745 0)
(-0.887733 -3.05873 0)
(-0.00353814 -1.77548 0)
(5.69349e-202 4.52711e-184 0)
(-0.0392593 0.591953 0)
(-0.169714 1.32546 0)
(-0.361806 1.7703 0)
(-0.525335 1.93939 0)
(-0.653049 2.00361 0)
(-0.762239 1.95082 0)
(-0.831377 1.86642 0)
(-0.903772 1.72386 0)
(-0.954019 1.54276 0)
(-1.02757 1.29972 0)
(-1.09924 0.972492 0)
(-1.21241 0.554716 0)
(-1.3368 -0.00332204 0)
(-1.5041 -0.665928 0)
(-1.66486 -1.49603 0)
(-1.79829 -2.3517 0)
(-1.82718 -3.25319 0)
(-1.57745 -3.77161 0)
(-1.12112 -3.72893 0)
(-0.0109041 -2.28532 0)
(1.81084e-183 -1.46853e-185 0)
(-0.0582463 0.750725 0)
(-0.207377 1.53074 0)
(-0.395892 1.9829 0)
(-0.529382 2.08843 0)
(-0.595672 2.1138 0)
(-0.634879 2.01344 0)
(-0.614851 1.90461 0)
(-0.598035 1.74504 0)
(-0.549533 1.56313 0)
(-0.53085 1.33157 0)
(-0.510268 1.02826 0)
(-0.550685 0.647952 0)
(-0.618762 0.129932 0)
(-0.777259 -0.487619 0)
(-0.97915 -1.3129 0)
(-1.24825 -2.19418 0)
(-1.50201 -3.29518 0)
(-1.57327 -4.05069 0)
(-1.42827 -4.64308 0)
(-0.460876 -2.94345 0)
(4.37279e-254 -4.52711e-184 0)
(-0.123837 0.843505 0)
(-0.34042 1.64995 0)
(-0.521877 2.08705 0)
(-0.608815 2.12944 0)
(-0.560077 2.10831 0)
(-0.490991 1.96505 0)
(-0.334711 1.83051 0)
(-0.196298 1.65753 0)
(-0.0167306 1.47708 0)
(0.116853 1.2628 0)
(0.254765 0.994405 0)
(0.304875 0.669032 0)
(0.325015 0.226811 0)
(0.190971 -0.296215 0)
(0.00279418 -1.01701 0)
(-0.427359 -1.81767 0)
(-0.847266 -2.90208 0)
(-1.54358 -3.84445 0)
(-1.69154 -4.75242 0)
(-2.06332 -3.78992 0)
(-2.55075e-264 -0.213771 0)
(-0.179137 1.2363 0)
(-0.431414 1.93308 0)
(-0.542479 2.27356 0)
(-0.525216 2.1269 0)
(-0.320095 2.00982 0)
(-0.105396 1.78777 0)
(0.206946 1.61655 0)
(0.484554 1.42721 0)
(0.80165 1.25208 0)
(1.05755 1.06183 0)
(1.31463 0.839592 0)
(1.46832 0.582572 0)
(1.58782 0.240383 0)
(1.53005 -0.155918 0)
(1.40004 -0.705227 0)
(0.978457 -1.3275 0)
(0.46661 -2.20953 0)
(-0.433312 -3.16239 0)
(-1.13246 -4.21213 0)
(-1.85085 -4.48863 0)
(-0.855083 -2.30285 0)
(-0.39983 1.41962 0)
(-0.729158 1.98459 0)
(-0.536186 2.17501 0)
(-0.275389 1.89025 0)
(0.255674 1.68958 0)
(0.692643 1.43025 0)
(1.22062 1.24265 0)
(1.65348 1.06087 0)
(2.10893 0.905981 0)
(2.46955 0.752674 0)
(2.82181 0.585842 0)
(3.04713 0.404371 0)
(3.24104 0.168391 0)
(3.2294 -0.0927709 0)
(3.16844 -0.461626 0)
(2.76038 -0.861881 0)
(2.30507 -1.49031 0)
(1.30154 -2.21497 0)
(0.415874 -3.33863 0)
(-0.724486 -3.99001 0)
(-0.69859 -2.96108 0)
(-0.25548 2.42714 0)
(-0.0982656 2.0641 0)
(0.687134 1.87039 0)
(1.32576 1.32736 0)
(2.12726 1.06234 0)
(2.73635 0.816274 0)
(3.3707 0.662086 0)
(3.86528 0.534874 0)
(4.35 0.436508 0)
(4.72168 0.348595 0)
(5.07188 0.260261 0)
(5.29387 0.168475 0)
(5.48477 0.054632 0)
(5.48486 -0.0705624 0)
(5.44917 -0.246016 0)
(5.10007 -0.442345 0)
(4.72463 -0.781437 0)
(3.80469 -1.24052 0)
(2.84975 -2.25326 0)
(1.08467 -3.32834 0)
(-0.0447446 -3.80004 0)
(1.66861 1.6709 0)
(2.70885 0.976172 0)
(4.55212 0.749226 0)
(5.38975 0.423451 0)
(6.25181 0.284958 0)
(6.75374 0.175935 0)
(7.22363 0.11906 0)
(7.53773 0.0790992 0)
(7.82805 0.0534795 0)
(8.02605 0.0339483 0)
(8.20722 0.0166938 0)
(8.29983 0.000321558 0)
(8.37879 -0.0202469 0)
(8.33016 -0.0410526 0)
(8.27841 -0.0768809 0)
(8.0001 -0.110778 0)
(7.74993 -0.201088 0)
(6.99881 -0.294543 0)
(6.265 -0.627112 0)
(4.04724 -0.999161 0)
(2.00742 -1.82025 0)
)
;

boundaryField
{
    movingWall
    {
        type            fixedValue;
        value           uniform (10 0 0);
    }
    fixedWalls
    {
        type            noSlip;
    }
    frontAndBack
    {
        type            empty;
    }
}


// ************************************************************************* //
