/*--------------------------------*- C++ -*----------------------------------*\
| =========                 |                                                 |
| \\      /  F ield         | OpenFOAM: The Open Source CFD Toolbox           |
|  \\    /   O peration     | Version:  4.1                                   |
|   \\  /    A nd           | Web:      www.OpenFOAM.org                      |
|    \\/     M anipulation  |                                                 |
\*---------------------------------------------------------------------------*/
FoamFile
{
    version     2.0;
    format      ascii;
    class       volVectorField;
    location    "0.0832";
    object      U;
}
// * * * * * * * * * * * * * * * * * * * * * * * * * * * * * * * * * * * * * //

dimensions      [0 1 -1 0 0 0 0];

internalField   nonuniform List<vector> 
441
(
(0.00370095 -0.00480362 0)
(0.00966501 -0.00253953 0)
(-0.000634884 -2.20505e-165 0)
(0.00194689 -3.29402e-266 0)
(-0.00837854 -0.00778798 0)
(-0.00194689 -3.03478e-232 0)
(-1.13655e-202 -5.54928e-203 0)
(-1.38723e-203 -7.27914e-228 0)
(-1.70881e-212 -3.17555e-213 0)
(-0.00610139 9.05389e-266 0)
(-0.0747604 0.0244067 0)
(-0.0939733 0.0127748 0)
(-0.105915 0.00585612 0)
(-0.0932722 0.000406159 0)
(-0.0768467 -0.00163241 0)
(-0.0512959 -0.00299965 0)
(-0.0292572 -0.0021538 0)
(-0.00956719 -0.00161083 0)
(0.00244037 0.000710948 0)
(0.00432773 0.00147226 0)
(0.0045302 0.00296832 0)
(0.00379597 -0.00837644 0)
(-0.000995903 0.0068055 0)
(-0.0273858 0.0084374 0)
(-0.0591084 0.010701 0)
(-0.106442 0.010805 0)
(-0.151153 -0.00328178 0)
(-0.193271 -0.000162084 0)
(-0.233803 0.00164856 0)
(-0.269804 0.0131461 0)
(-0.306092 0.0665578 0)
(-0.330795 0.0612934 0)
(-0.325142 0.0188028 0)
(-0.310371 -0.00715728 0)
(-0.268379 -0.0302591 0)
(-0.218987 -0.0405275 0)
(-0.156638 -0.0459078 0)
(-0.100205 -0.039399 0)
(-0.0498986 -0.0313661 0)
(-0.0158571 -0.014086 0)
(-0.00135252 -0.00428757 0)
(0.00489647 0.00611541 0)
(0.00754167 -0.00811162 0)
(-0.00520856 0.0282548 0)
(-0.0540585 0.0567215 0)
(-0.120332 0.076511 0)
(-0.201361 0.0830834 0)
(-0.28525 0.0826906 0)
(-0.375451 0.0797645 0)
(-0.448911 0.0740445 0)
(-0.521064 0.069518 0)
(-0.55646 0.0655691 0)
(-0.552547 0.0443901 0)
(-0.534583 -0.00639592 0)
(-0.497885 -0.0502189 0)
(-0.43303 -0.0907757 0)
(-0.355609 -0.112399 0)
(-0.261829 -0.122069 0)
(-0.174761 -0.107701 0)
(-0.0949676 -0.0864822 0)
(-0.0386957 -0.0467273 0)
(-0.00833777 -0.0197293 0)
(0.0063235 0.00690339 0)
(0.00633088 -0.0110367 0)
(-0.0161658 0.0701707 0)
(-0.0966599 0.123524 0)
(-0.191684 0.16044 0)
(-0.303698 0.17609 0)
(-0.416524 0.17358 0)
(-0.527742 0.165233 0)
(-0.624117 0.148178 0)
(-0.703447 0.123173 0)
(-0.75028 0.0953201 0)
(-0.759759 0.0391449 0)
(-0.736295 -0.037004 0)
(-0.686753 -0.108882 0)
(-0.601251 -0.173736 0)
(-0.498494 -0.211576 0)
(-0.373748 -0.228315 0)
(-0.255858 -0.205702 0)
(-0.144568 -0.169129 0)
(-0.0642288 -0.0998299 0)
(-0.0158811 -0.0507019 0)
(0.00797035 0.00448785 0)
(6.89176e-165 0.00158272 0)
(-0.0245151 0.130788 0)
(-0.140463 0.231441 0)
(-0.259274 0.282078 0)
(-0.400636 0.306794 0)
(-0.538146 0.304854 0)
(-0.675061 0.286007 0)
(-0.79118 0.24862 0)
(-0.887636 0.194926 0)
(-0.944774 0.122599 0)
(-0.962129 0.030816 0)
(-0.939927 -0.0791404 0)
(-0.882643 -0.184495 0)
(-0.781164 -0.279402 0)
(-0.655229 -0.338815 0)
(-0.497916 -0.365628 0)
(-0.346772 -0.335382 0)
(-0.197148 -0.279265 0)
(-0.0900822 -0.173683 0)
(-0.0182976 -0.0928226 0)
(0.014581 -0.00021863 0)
(-5.58645e-266 0.0057756 0)
(-0.0894337 0.215425 0)
(-0.196295 0.356248 0)
(-0.338974 0.422475 0)
(-0.493751 0.454813 0)
(-0.652411 0.449086 0)
(-0.805717 0.418899 0)
(-0.941113 0.36101 0)
(-1.05287 0.277667 0)
(-1.12739 0.169017 0)
(-1.16204 0.034601 0)
(-1.1482 -0.117537 0)
(-1.09185 -0.267402 0)
(-0.979322 -0.402818 0)
(-0.833234 -0.494389 0)
(-0.642156 -0.539315 0)
(-0.453706 -0.505419 0)
(-0.259154 -0.429027 0)
(-0.119849 -0.276671 0)
(-0.0205356 -0.158623 0)
(0.0161351 0.00211797 0)
(-0.0231024 0.09425 0)
(-0.124691 0.323474 0)
(-0.247763 0.481342 0)
(-0.404743 0.577659 0)
(-0.578579 0.61937 0)
(-0.75575 0.615306 0)
(-0.929418 0.573847 0)
(-1.0849 0.494805 0)
(-1.21771 0.380939 0)
(-1.31282 0.231506 0)
(-1.36755 0.0521151 0)
(-1.3686 -0.149656 0)
(-1.31998 -0.35237 0)
(-1.20286 -0.539 0)
(-1.04115 -0.674525 0)
(-0.815327 -0.747107 0)
(-0.58697 -0.716102 0)
(-0.334189 -0.615644 0)
(-0.159922 -0.409013 0)
(-0.00745078 -0.230685 0)
(5.96512e-266 -0.00403377 0)
(-0.0170493 0.156037 0)
(-0.119405 0.441253 0)
(-0.270756 0.636836 0)
(-0.448285 0.754061 0)
(-0.642035 0.806017 0)
(-0.838368 0.800195 0)
(-1.03058 0.748333 0)
(-1.20717 0.649154 0)
(-1.3622 0.506013 0)
(-1.4825 0.31828 0)
(-1.56331 0.0908014 0)
(-1.58717 -0.166207 0)
(-1.55582 -0.432617 0)
(-1.44364 -0.68393 0)
(-1.274 -0.881249 0)
(-1.0179 -0.997753 0)
(-0.747217 -0.984928 0)
(-0.431059 -0.862531 0)
(-0.207628 -0.598757 0)
(-0.00366118 -0.328154 0)
(2.59876e-24 -1.07188e-24 0)
(-0.0151443 0.227033 0)
(-0.122968 0.575287 0)
(-0.290977 0.808557 0)
(-0.483325 0.947028 0)
(-0.693353 1.00807 0)
(-0.904951 1.00218 0)
(-1.11383 0.941679 0)
(-1.30947 0.825215 0)
(-1.48664 0.65599 0)
(-1.6331 0.431947 0)
(-1.74273 0.157366 0)
(-1.79596 -0.15771 0)
(-1.791 -0.494457 0)
(-1.69579 -0.822177 0)
(-1.53055 -1.09807 0)
(-1.2539 -1.27721 0)
(-0.945574 -1.29928 0)
(-0.560696 -1.16071 0)
(-0.27839 -0.828581 0)
(-0.00498093 -0.446351 0)
(1.05763e-76 -6.49691e-25 0)
(-0.0131461 0.294711 0)
(-0.120401 0.718799 0)
(-0.297618 0.997891 0)
(-0.498422 1.15699 0)
(-0.718081 1.22802 0)
(-0.939119 1.22058 0)
(-1.15819 1.15305 0)
(-1.3677 1.0215 0)
(-1.56226 0.829807 0)
(-1.73264 0.573629 0)
(-1.87121 0.253987 0)
(-1.95825 -0.119136 0)
(-1.98838 -0.532103 0)
(-1.92387 -0.947061 0)
(-1.77921 -1.32228 0)
(-1.49904 -1.58883 0)
(-1.16374 -1.67662 0)
(-0.7124 -1.54026 0)
(-0.3625 -1.14877 0)
(-0.00715058 -0.622093 0)
(2.94061e-164 -2.64408e-77 0)
(-0.013132 0.357098 0)
(-0.121106 0.857986 0)
(-0.303269 1.18422 0)
(-0.506746 1.36517 0)
(-0.728004 1.44701 0)
(-0.949677 1.44021 0)
(-1.16882 1.36911 0)
(-1.38209 1.22776 0)
(-1.58373 1.02049 0)
(-1.76983 0.74003 0)
(-1.93117 0.383584 0)
(-2.05185 -0.0409485 0)
(-2.12212 -0.526791 0)
(-2.10259 -1.03229 0)
(-1.99869 -1.51947 0)
(-1.74146 -1.89658 0)
(-1.40345 -2.08094 0)
(-0.904197 -1.97043 0)
(-0.487362 -1.52201 0)
(-0.080831 -0.822268 0)
(1.78612e-265 0.0132998 0)
(-0.0136192 0.429836 0)
(-0.1176 1.01111 0)
(-0.29698 1.385 0)
(-0.493734 1.5824 0)
(-0.705222 1.67208 0)
(-0.915341 1.66133 0)
(-1.12066 1.58609 0)
(-1.32336 1.43595 0)
(-1.51692 1.21772 0)
(-1.70466 0.920365 0)
(-1.87655 0.536111 0)
(-2.02356 0.0708296 0)
(-2.13331 -0.48073 0)
(-2.16839 -1.0727 0)
(-2.12482 -1.68217 0)
(-1.92098 -2.19069 0)
(-1.61006 -2.51263 0)
(-1.08266 -2.47088 0)
(-0.585808 -1.96623 0)
(-0.0759562 -1.12939 0)
(0.0531991 -0.0765642 0)
(-0.0168367 0.483928 0)
(-0.120674 1.1384 0)
(-0.298645 1.55744 0)
(-0.484108 1.7701 0)
(-0.674629 1.8668 0)
(-0.85953 1.85308 0)
(-1.0324 1.77619 0)
(-1.20552 1.62251 0)
(-1.36902 1.40157 0)
(-1.53813 1.09919 0)
(-1.69986 0.703279 0)
(-1.85896 0.21632 0)
(-1.99806 -0.37923 0)
(-2.09243 -1.03992 0)
(-2.12457 -1.76138 0)
(-2.0083 -2.41305 0)
(-1.77267 -2.91252 0)
(-1.24311 -3.00365 0)
(-0.715041 -2.52228 0)
(0.0428978 -1.46852 0)
(2.45727e-231 -0.0132998 0)
(-0.0213149 0.570317 0)
(-0.122122 1.29597 0)
(-0.291396 1.75233 0)
(-0.455161 1.95951 0)
(-0.610804 2.05071 0)
(-0.754693 2.01952 0)
(-0.876864 1.93414 0)
(-1.00033 1.77275 0)
(-1.11154 1.5512 0)
(-1.23812 1.25133 0)
(-1.36507 0.856985 0)
(-1.51242 0.369157 0)
(-1.66196 -0.247215 0)
(-1.80628 -0.946531 0)
(-1.9223 -1.76517 0)
(-1.92987 -2.5467 0)
(-1.8289 -3.27618 0)
(-1.40394 -3.54672 0)
(-0.892573 -3.2457 0)
(-0.00302365 -1.88226 0)
(5.8163e-202 4.58211e-184 0)
(-0.0372271 0.620465 0)
(-0.152593 1.40243 0)
(-0.323281 1.88679 0)
(-0.463912 2.08412 0)
(-0.567412 2.16492 0)
(-0.652325 2.11588 0)
(-0.697344 2.02177 0)
(-0.747228 1.85615 0)
(-0.777709 1.64006 0)
(-0.835958 1.35366 0)
(-0.897918 0.979108 0)
(-1.00828 0.515929 0)
(-1.13753 -0.0819666 0)
(-1.31845 -0.775391 0)
(-1.50227 -1.6296 0)
(-1.66834 -2.50299 0)
(-1.73771 -3.4218 0)
(-1.52992 -3.9485 0)
(-1.10872 -3.89958 0)
(-0.0114238 -2.39146 0)
(1.83284e-183 -1.30865e-184 0)
(-0.05586 0.768331 0)
(-0.186624 1.58636 0)
(-0.348131 2.07323 0)
(-0.452003 2.20511 0)
(-0.486831 2.24643 0)
(-0.495087 2.15031 0)
(-0.445398 2.03347 0)
(-0.402388 1.85408 0)
(-0.33243 1.64193 0)
(-0.298824 1.3731 0)
(-0.270454 1.02945 0)
(-0.310857 0.611318 0)
(-0.386245 0.061434 0)
(-0.559694 -0.578238 0)
(-0.783942 -1.41828 0)
(-1.08467 -2.30761 0)
(-1.37837 -3.4192 0)
(-1.4981 -4.18233 0)
(-1.39782 -4.78102 0)
(-0.465689 -3.03823 0)
(4.39962e-254 -4.58211e-184 0)
(-0.121685 0.84922 0)
(-0.320264 1.68164 0)
(-0.473589 2.14722 0)
(-0.528733 2.21323 0)
(-0.445589 2.20741 0)
(-0.342894 2.0696 0)
(-0.154894 1.93017 0)
(0.0105576 1.74231 0)
(0.21119 1.53822 0)
(0.357944 1.29428 0)
(0.500905 0.99354 0)
(0.547641 0.637846 0)
(0.557548 0.170685 0)
(0.406758 -0.368235 0)
(0.197592 -1.09659 0)
(-0.260581 -1.8975 0)
(-0.713112 -2.98224 0)
(-1.45562 -3.92788 0)
(-1.64657 -4.84123 0)
(-2.07285 -3.86558 0)
(-2.58981e-264 -0.215885 0)
(-0.178101 1.23198 0)
(-0.417548 1.94265 0)
(-0.505415 2.30415 0)
(-0.46006 2.17733 0)
(-0.223037 2.07442 0)
(0.0235056 1.85915 0)
(0.366338 1.6866 0)
(0.669956 1.48809 0)
(1.00716 1.29674 0)
(1.27515 1.08529 0)
(1.53592 0.839372 0)
(1.68466 0.559787 0)
(1.7922 0.199033 0)
(1.71667 -0.208768 0)
(1.56606 -0.761867 0)
(1.12089 -1.38065 0)
(0.584368 -2.25578 0)
(-0.347357 -3.20497 0)
(-1.08126 -4.25423 0)
(-1.84173 -4.53452 0)
(-0.863539 -2.31626 0)
(-0.400531 1.41068 0)
(-0.726202 1.9803 0)
(-0.520535 2.18397 0)
(-0.240824 1.91384 0)
(0.314705 1.72475 0)
(0.778073 1.47215 0)
(1.3329 1.28565 0)
(1.78979 1.09942 0)
(2.26468 0.93502 0)
(2.63772 0.768539 0)
(2.99454 0.586532 0)
(3.21591 0.390352 0)
(3.39868 0.142169 0)
(3.36989 -0.126486 0)
(3.28915 -0.497331 0)
(2.85985 -0.894016 0)
(2.38554 -1.51506 0)
(1.36215 -2.2329 0)
(0.457142 -3.35243 0)
(-0.707269 -4.00525 0)
(-0.701159 -2.96397 0)
(-0.257268 2.42067 0)
(-0.104293 2.05731 0)
(0.682522 1.86915 0)
(1.32924 1.33387 0)
(2.14538 1.07553 0)
(2.77301 0.833764 0)
(3.42809 0.680838 0)
(3.94241 0.55196 0)
(4.4439 0.449283 0)
(4.8269 0.355186 0)
(5.18186 0.259716 0)
(5.40121 0.161084 0)
(5.58303 0.0418178 0)
(5.56871 -0.0863921 0)
(5.51626 -0.261864 0)
(5.14991 -0.45559 0)
(4.7602 -0.789693 0)
(3.82881 -1.2444 0)
(2.86569 -2.2534 0)
(1.09201 -3.33018 0)
(-0.0462207 -3.79892 0)
(1.6672 1.66952 0)
(2.70268 0.974558 0)
(4.54266 0.748294 0)
(5.38128 0.423759 0)
(6.24881 0.286388 0)
(6.75941 0.178057 0)
(7.23974 0.121301 0)
(7.56402 0.0809586 0)
(7.86284 0.0545204 0)
(8.06606 0.0339429 0)
(8.24865 0.0155827 0)
(8.33837 -0.00168544 0)
(8.4111 -0.0227919 0)
(8.35358 -0.0435881 0)
(8.29263 -0.0788929 0)
(8.00568 -0.111822 0)
(7.74999 -0.200924 0)
(6.99603 -0.293396 0)
(6.26251 -0.625219 0)
(4.0459 -0.997386 0)
(2.00531 -1.81799 0)
)
;

boundaryField
{
    movingWall
    {
        type            fixedValue;
        value           uniform (10 0 0);
    }
    fixedWalls
    {
        type            noSlip;
    }
    frontAndBack
    {
        type            empty;
    }
}


// ************************************************************************* //
