/*--------------------------------*- C++ -*----------------------------------*\
| =========                 |                                                 |
| \\      /  F ield         | OpenFOAM: The Open Source CFD Toolbox           |
|  \\    /   O peration     | Version:  4.1                                   |
|   \\  /    A nd           | Web:      www.OpenFOAM.org                      |
|    \\/     M anipulation  |                                                 |
\*---------------------------------------------------------------------------*/
FoamFile
{
    version     2.0;
    format      ascii;
    class       volVectorField;
    location    "0.1088";
    object      U;
}
// * * * * * * * * * * * * * * * * * * * * * * * * * * * * * * * * * * * * * //

dimensions      [0 1 -1 0 0 0 0];

internalField   nonuniform List<vector> 
441
(
(0.00387455 -0.00493402 0)
(0.0101754 -0.00254142 0)
(-0.000635354 -2.22757e-165 0)
(0.00203906 -3.48088e-266 0)
(-0.00838017 -0.00815643 0)
(-0.00203906 -3.15767e-232 0)
(-1.1668e-202 -5.85925e-203 0)
(-1.46477e-203 -7.69491e-228 0)
(-1.78169e-212 -3.36007e-213 0)
(-0.00636186 9.42603e-266 0)
(-0.0780565 0.025448 0)
(-0.0977838 0.0132527 0)
(-0.109731 0.00600874 0)
(-0.0959526 0.000320826 0)
(-0.0782436 -0.00178529 0)
(-0.0512775 -0.00314734 0)
(-0.0282477 -0.00220471 0)
(-0.00807325 -0.00155748 0)
(0.00382116 0.00088196 0)
(0.00507798 0.0016681 0)
(0.00470112 0.00311425 0)
(0.00405102 -0.00893381 0)
(-0.000572312 0.00696885 0)
(-0.02785 0.00880166 0)
(-0.0609883 0.0109033 0)
(-0.110619 0.0113163 0)
(-0.157863 -0.00310281 0)
(-0.202467 -0.000115772 0)
(-0.245464 0.00175245 0)
(-0.283556 0.0137564 0)
(-0.321697 0.0695159 0)
(-0.347217 0.0636844 0)
(-0.340527 0.0188679 0)
(-0.323831 -0.00849695 0)
(-0.278614 -0.032625 0)
(-0.225725 -0.0431153 0)
(-0.159829 -0.0482082 0)
(-0.100665 -0.0408395 0)
(-0.0486751 -0.0318095 0)
(-0.0141894 -0.0135009 0)
(-0.00031022 -0.0032635 0)
(0.0051311 0.00689355 0)
(0.00796744 -0.00891031 0)
(-0.0051512 0.0289728 0)
(-0.0560466 0.0590075 0)
(-0.125686 0.0800969 0)
(-0.211249 0.0874932 0)
(-0.299879 0.0875366 0)
(-0.395332 0.0845537 0)
(-0.473313 0.0784615 0)
(-0.54948 0.0732989 0)
(-0.586628 0.0684336 0)
(-0.58184 0.0452375 0)
(-0.561784 -0.00881774 0)
(-0.521578 -0.0552034 0)
(-0.451898 -0.097561 0)
(-0.369184 -0.11958 0)
(-0.270057 -0.128492 0)
(-0.178594 -0.11215 0)
(-0.095695 -0.0885626 0)
(-0.0379555 -0.0463655 0)
(-0.00757555 -0.0181084 0)
(0.00657127 0.00830763 0)
(0.00655532 -0.0121198 0)
(-0.0172082 0.0728159 0)
(-0.101802 0.129256 0)
(-0.202143 0.168659 0)
(-0.320632 0.185874 0)
(-0.440132 0.183858 0)
(-0.557939 0.175139 0)
(-0.659968 0.156869 0)
(-0.743515 0.129678 0)
(-0.792305 0.0990633 0)
(-0.801118 0.0385471 0)
(-0.774912 -0.042575 0)
(-0.720907 -0.118583 0)
(-0.629359 -0.186259 0)
(-0.519907 -0.224827 0)
(-0.388235 -0.240399 0)
(-0.264346 -0.21465 0)
(-0.148366 -0.174173 0)
(-0.0652389 -0.10072 0)
(-0.0158505 -0.0491945 0)
(0.008149 0.00628063 0)
(7.19183e-165 0.00163883 0)
(-0.0262598 0.136859 0)
(-0.148671 0.243116 0)
(-0.274516 0.29738 0)
(-0.424224 0.324286 0)
(-0.56987 0.322866 0)
(-0.714668 0.30295 0)
(-0.837214 0.262843 0)
(-0.938347 0.204824 0)
(-0.997486 0.126789 0)
(-1.01411 0.0282524 0)
(-0.988888 -0.0887517 0)
(-0.926573 -0.199988 0)
(-0.818284 -0.298943 0)
(-0.684607 -0.35962 0)
(-0.519007 -0.385009 0)
(-0.360327 -0.350511 0)
(-0.204308 -0.288851 0)
(-0.0930109 -0.17713 0)
(-0.0189819 -0.0924088 0)
(0.0147636 0.00138776 0)
(-5.82721e-266 0.00606789 0)
(-0.0943918 0.226473 0)
(-0.207913 0.375344 0)
(-0.359088 0.446128 0)
(-0.523005 0.481029 0)
(-0.690743 0.475403 0)
(-0.852398 0.44312 0)
(-0.994597 0.380815 0)
(-1.11112 0.290889 0)
(-1.18782 0.174014 0)
(-1.22205 0.0302575 0)
(-1.20529 -0.131183 0)
(-1.14392 -0.288958 0)
(-1.02432 -0.429945 0)
(-0.869969 -0.523694 0)
(-0.669604 -0.567294 0)
(-0.472326 -0.528307 0)
(-0.269715 -0.444758 0)
(-0.124768 -0.284005 0)
(-0.0221174 -0.160261 0)
(0.0161392 0.00346072 0)
(-0.0242716 0.0993671 0)
(-0.131644 0.341022 0)
(-0.262026 0.508165 0)
(-0.427999 0.6105 0)
(-0.611454 0.655007 0)
(-0.797983 0.650657 0)
(-0.980165 0.605874 0)
(-1.14246 0.520544 0)
(-1.28006 0.39776 0)
(-1.37746 0.237452 0)
(-1.43204 0.0462064 0)
(-1.43055 -0.167214 0)
(-1.37733 -0.37995 0)
(-1.25347 -0.573915 0)
(-1.08358 -0.712894 0)
(-0.848042 -0.784683 0)
(-0.609991 -0.748118 0)
(-0.347578 -0.63901 0)
(-0.166293 -0.421396 0)
(-0.00879518 -0.235231 0)
(6.02221e-266 -0.0040348 0)
(-0.0179364 0.164523 0)
(-0.125944 0.465413 0)
(-0.285396 0.672197 0)
(-0.472139 0.796312 0)
(-0.675466 0.851157 0)
(-0.880906 0.844358 0)
(-1.08119 0.787858 0)
(-1.26419 0.680553 0)
(-1.42368 0.52632 0)
(-1.54625 0.325416 0)
(-1.62722 0.0837913 0)
(-1.64914 -0.187011 0)
(-1.61406 -0.465512 0)
(-1.4961 -0.726031 0)
(-1.3192 -0.928464 0)
(-1.05382 -1.04526 0)
(-0.773403 -1.02717 0)
(-0.446502 -0.895051 0)
(-0.215021 -0.618098 0)
(-0.00394635 -0.336282 0)
(2.67068e-24 -1.03578e-24 0)
(-0.0158907 0.239404 0)
(-0.128927 0.606513 0)
(-0.304592 0.852598 0)
(-0.505444 0.998565 0)
(-0.724178 1.0623 0)
(-0.943853 1.05463 0)
(-1.15975 0.988125 0)
(-1.36082 0.861788 0)
(-1.54173 0.67952 0)
(-1.69008 0.440314 0)
(-1.8 0.149701 0)
(-1.85192 -0.180938 0)
(-1.8444 -0.531519 0)
(-1.74498 -0.870168 0)
(-1.5743 -1.15297 0)
(-1.29001 -1.33392 0)
(-0.973115 -1.35177 0)
(-0.577667 -1.20305 0)
(-0.286855 -0.85597 0)
(-0.00513534 -0.458532 0)
(1.08309e-76 -6.67669e-25 0)
(-0.0136461 0.30987 0)
(-0.124931 0.755843 0)
(-0.308407 1.04936 0)
(-0.51612 1.21641 0)
(-0.742772 1.28989 0)
(-0.970116 1.27981 0)
(-1.19446 1.205 0)
(-1.40783 1.06206 0)
(-1.60487 0.855758 0)
(-1.77637 0.582962 0)
(-1.91506 0.246002 0)
(-2.00132 -0.143794 0)
(-2.03017 -0.571712 0)
(-1.96348 -0.998825 0)
(-1.81597 -1.38253 0)
(-1.53098 -1.65266 0)
(-1.18968 -1.738 0)
(-0.729374 -1.59209 0)
(-0.371605 -1.18486 0)
(-0.00748803 -0.639006 0)
(3.00547e-164 -2.70772e-77 0)
(-0.0133971 0.374401 0)
(-0.123766 0.899462 0)
(-0.309895 1.24135 0)
(-0.517824 1.43055 0)
(-0.743528 1.51448 0)
(-0.969004 1.50419 0)
(-1.19103 1.42466 0)
(-1.40605 1.27067 0)
(-1.60845 1.04764 0)
(-1.79449 0.749665 0)
(-1.95542 0.375314 0)
(-2.0756 -0.0661954 0)
(-2.14577 -0.567233 0)
(-2.12623 -1.08529 0)
(-2.02254 -1.58193 0)
(-1.7643 -1.96418 0)
(-1.42413 -2.14833 0)
(-0.919416 -2.02983 0)
(-0.49653 -1.56585 0)
(-0.0830043 -0.843892 0)
(1.80332e-265 0.0134625 0)
(-0.0136038 0.447901 0)
(-0.117889 1.05452 0)
(-0.298254 1.44487 0)
(-0.49632 1.65071 0)
(-0.709067 1.74219 0)
(-0.919968 1.72726 0)
(-1.12537 1.6427 0)
(-1.3274 1.47906 0)
(-1.51974 1.24443 0)
(-1.70604 0.929296 0)
(-1.87678 0.527312 0)
(-2.02335 0.0456458 0)
(-2.13391 -0.520339 0)
(-2.17094 -1.12419 0)
(-2.13055 -1.74308 0)
(-1.92973 -2.25767 0)
(-1.62119 -2.58152 0)
(-1.09275 -2.53441 0)
(-0.592771 -2.01529 0)
(-0.0768339 -1.15571 0)
(0.05385 -0.078772 0)
(-0.0165378 0.501491 0)
(-0.118399 1.18115 0)
(-0.294003 1.61687 0)
(-0.477248 1.83804 0)
(-0.665481 1.93633 0)
(-0.847904 1.91795 0)
(-1.01796 1.83121 0)
(-1.18803 1.6636 0)
(-1.34848 1.42614 0)
(-1.51492 1.10633 0)
(-1.67487 0.693528 0)
(-1.83351 0.191529 0)
(-1.97403 -0.416796 0)
(-2.07179 -1.08768 0)
(-2.10948 -1.81746 0)
(-1.99976 -2.47516 0)
(-1.77107 -2.9784 0)
(-1.24539 -3.0673 0)
(-0.718773 -2.57536 0)
(0.0444222 -1.49791 0)
(2.48983e-231 -0.0134625 0)
(-0.0207395 0.585848 0)
(-0.117302 1.33504 0)
(-0.280831 1.80765 0)
(-0.438803 2.02334 0)
(-0.588623 2.11611 0)
(-0.72691 2.08022 0)
(-0.843658 1.98496 0)
(-0.962154 1.80985 0)
(-1.06905 1.5723 0)
(-1.19235 1.25593 0)
(-1.31737 0.846065 0)
(-1.46452 0.345049 0)
(-1.61597 -0.281885 0)
(-1.76459 -0.988955 0)
(-1.88752 -1.81381 0)
(-1.90411 -2.60008 0)
(-1.81352 -3.33396 0)
(-1.39774 -3.60495 0)
(-0.892623 -3.29828 0)
(-0.00284467 -1.91275 0)
(5.84461e-202 4.59333e-184 0)
(-0.0364337 0.632703 0)
(-0.145647 1.4352 0)
(-0.307633 1.93475 0)
(-0.439282 2.1405 0)
(-0.533815 2.2231 0)
(-0.610482 2.1698 0)
(-0.648064 2.06648 0)
(-0.691782 1.88805 0)
(-0.717508 1.65715 0)
(-0.772707 1.3557 0)
(-0.83336 0.967345 0)
(-0.944328 0.492955 0)
(-1.07613 -0.113221 0)
(-1.26182 -0.811851 0)
(-1.45282 -1.66962 0)
(-1.62867 -2.54557 0)
(-1.70993 -3.46787 0)
(-1.51465 -3.99656 0)
(-1.10404 -3.9464 0)
(-0.0115433 -2.42107 0)
(1.83733e-183 -1.659e-184 0)
(-0.0549442 0.776229 0)
(-0.178355 1.61058 0)
(-0.329129 2.11094 0)
(-0.421691 2.25103 0)
(-0.445236 2.29468 0)
(-0.443388 2.19537 0)
(-0.385039 2.07077 0)
(-0.33544 1.88033 0)
(-0.261035 1.65532 0)
(-0.225312 1.37344 0)
(-0.196916 1.01793 0)
(-0.239261 0.590454 0)
(-0.318201 0.0341639 0)
(-0.496868 -0.608654 0)
(-0.72793 -1.44994 0)
(-1.03778 -2.33928 0)
(-1.34269 -3.45246 0)
(-1.47612 -4.2173 0)
(-1.38848 -4.81794 0)
(-0.466917 -3.06409 0)
(4.40397e-254 -4.59333e-184 0)
(-0.120841 0.852409 0)
(-0.312111 1.69636 0)
(-0.454182 2.17325 0)
(-0.497141 2.24705 0)
(-0.401656 2.24426 0)
(-0.288027 2.10478 0)
(-0.0908908 1.95967 0)
(0.0811012 1.76322 0)
(0.285642 1.54882 0)
(0.433518 1.29426 0)
(0.57523 0.983772 0)
(0.61864 0.620426 0)
(0.623857 0.148235 0)
(0.467185 -0.392666 0)
(0.251564 -1.12073 0)
(-0.214579 -1.91981 0)
(-0.676026 -3.00344 0)
(-1.43111 -3.94954 0)
(-1.63376 -4.86439 0)
(-2.07515 -3.88577 0)
(-2.60069e-264 -0.216457 0)
(-0.177644 1.23104 0)
(-0.41156 1.94834 0)
(-0.48979 2.3185 0)
(-0.433326 2.19869 0)
(-0.184539 2.09939 0)
(0.0726611 1.8841 0)
(0.424524 1.70822 0)
(0.734591 1.5039 0)
(1.07553 1.30515 0)
(1.34433 1.08582 0)
(1.60334 0.832495 0)
(1.7481 0.546992 0)
(1.8502 0.182354 0)
(1.76829 -0.226872 0)
(1.61116 -0.779205 0)
(1.15918 -1.39556 0)
(0.615939 -2.26787 0)
(-0.324269 -3.21571 0)
(-1.06737 -4.26484 0)
(-1.83912 -4.54648 0)
(-0.865827 -2.31962 0)
(-0.400734 1.40754 0)
(-0.724342 1.97987 0)
(-0.512851 2.18929 0)
(-0.225119 1.9247 0)
(0.339993 1.73912 0)
(0.81277 1.48755 0)
(1.37615 1.29965 0)
(1.83958 1.11014 0)
(2.31866 0.941145 0)
(2.69308 0.769549 0)
(3.04867 0.582606 0)
(3.26644 0.382401 0)
(3.44393 0.131553 0)
(3.40877 -0.138069 0)
(3.32158 -0.508259 0)
(2.886 -0.902973 0)
(2.40648 -1.52137 0)
(1.37788 -2.23717 0)
(0.46791 -3.35563 0)
(-0.702763 -4.00906 0)
(-0.701901 -2.9646 0)
(-0.25796 2.41812 0)
(-0.106248 2.0551 0)
(0.681931 1.86956 0)
(1.33268 1.33741 0)
(2.15516 1.08132 0)
(2.78998 0.840547 0)
(3.45225 0.687267 0)
(3.97256 0.556985 0)
(4.47825 0.452165 0)
(4.86309 0.355623 0)
(5.21754 0.257794 0)
(5.43414 0.15727 0)
(5.6116 0.0368399 0)
(5.59187 -0.0916715 0)
(5.53393 -0.266572 0)
(5.1625 -0.459124 0)
(4.76895 -0.7916 0)
(3.83468 -1.24509 0)
(2.86963 -2.25318 0)
(1.09385 -3.33056 0)
(-0.0466556 -3.79857 0)
(1.66659 1.66892 0)
(2.70025 0.97395 0)
(4.53934 0.748046 0)
(5.37893 0.424031 0)
(6.24913 0.287056 0)
(6.76333 0.178899 0)
(7.24751 0.122068 0)
(7.57504 0.0814765 0)
(7.87609 0.0546741 0)
(8.08013 0.0337164 0)
(8.26216 0.0150249 0)
(8.35004 -0.00245179 0)
(8.42013 -0.0236189 0)
(8.35951 -0.0443094 0)
(8.29573 -0.0793775 0)
(8.00642 -0.11199 0)
(7.74943 -0.200754 0)
(6.99494 -0.292995 0)
(6.26171 -0.624665 0)
(4.04551 -0.996911 0)
(2.00473 -1.8174 0)
)
;

boundaryField
{
    movingWall
    {
        type            fixedValue;
        value           uniform (10 0 0);
    }
    fixedWalls
    {
        type            noSlip;
    }
    frontAndBack
    {
        type            empty;
    }
}


// ************************************************************************* //
