/*--------------------------------*- C++ -*----------------------------------*\
| =========                 |                                                 |
| \\      /  F ield         | OpenFOAM: The Open Source CFD Toolbox           |
|  \\    /   O peration     | Version:  4.1                                   |
|   \\  /    A nd           | Web:      www.OpenFOAM.org                      |
|    \\/     M anipulation  |                                                 |
\*---------------------------------------------------------------------------*/
FoamFile
{
    version     2.0;
    format      ascii;
    class       volVectorField;
    location    "0.0439";
    object      U;
}
// * * * * * * * * * * * * * * * * * * * * * * * * * * * * * * * * * * * * * //

dimensions      [0 1 -1 0 0 0 0];

internalField   nonuniform List<vector> 
441
(
(0.00332923 -0.00456699 0)
(0.00843916 -0.00259737 0)
(-0.000649368 -2.18731e-165 0)
(0.0016805 -2.72284e-266 0)
(-0.00893612 -0.00672259 0)
(-0.0016805 -2.68262e-232 0)
(-1.08287e-202 -4.44409e-203 0)
(-1.11085e-203 -5.64976e-228 0)
(-1.46038e-212 -2.38504e-213 0)
(-0.00516484 7.78626e-266 0)
(-0.0620258 0.0206617 0)
(-0.0785736 0.0110493 0)
(-0.0896647 0.00529652 0)
(-0.0808389 0.000798769 0)
(-0.0692194 -0.000924274 0)
(-0.0494631 -0.00224298 0)
(-0.0318286 -0.00177392 0)
(-0.0146208 -0.00165174 0)
(-0.00266562 0.000137511 0)
(0.00148224 0.000757877 0)
(0.00380157 0.00239493 0)
(0.00316733 -0.00700126 0)
(-0.00242022 0.00654955 0)
(-0.0271864 0.00769531 0)
(-0.0557079 0.0106358 0)
(-0.0970178 0.00932612 0)
(-0.134102 -0.00428069 0)
(-0.167863 -0.000440907 0)
(-0.199166 0.00125064 0)
(-0.22623 0.0107912 0)
(-0.253594 0.0549903 0)
(-0.272422 0.0509733 0)
(-0.267612 0.0168913 0)
(-0.257491 -0.003462 0)
(-0.226102 -0.0219036 0)
(-0.189467 -0.0304997 0)
(-0.141158 -0.0362746 0)
(-0.0962008 -0.0328408 0)
(-0.053449 -0.0286816 0)
(-0.0219475 -0.0157775 0)
(-0.00530365 -0.00796773 0)
(0.00389886 0.00310073 0)
(0.00645536 -0.00586646 0)
(-0.00584518 0.0273708 0)
(-0.0504055 0.0519161 0)
(-0.108324 0.0676745 0)
(-0.176813 0.0706442 0)
(-0.246418 0.0672244 0)
(-0.318885 0.0627483 0)
(-0.374841 0.0564215 0)
(-0.429307 0.052318 0)
(-0.453609 0.0501397 0)
(-0.447688 0.0355259 0)
(-0.432635 -0.00282325 0)
(-0.405178 -0.0355795 0)
(-0.356357 -0.0670776 0)
(-0.298474 -0.0849703 0)
(-0.22603 -0.0957765 0)
(-0.157364 -0.0883745 0)
(-0.0910783 -0.0763754 0)
(-0.0414949 -0.0469518 0)
(-0.0114157 -0.0254851 0)
(0.00520054 0.00145481 0)
(0.00589885 -0.00782795 0)
(-0.01351 0.0650025 0)
(-0.0840304 0.110251 0)
(-0.16487 0.139138 0)
(-0.25806 0.147749 0)
(-0.349559 0.140254 0)
(-0.437281 0.129357 0)
(-0.510656 0.112401 0)
(-0.56957 0.0914985 0)
(-0.602448 0.0709675 0)
(-0.607024 0.0297588 0)
(-0.587272 -0.026645 0)
(-0.549706 -0.0798461 0)
(-0.484846 -0.129657 0)
(-0.407627 -0.160613 0)
(-0.311394 -0.17875 0)
(-0.219232 -0.167234 0)
(-0.128507 -0.146103 0)
(-0.0604185 -0.0946311 0)
(-0.0162684 -0.0559972 0)
(0.0070626 -0.00275395 0)
(6.18074e-165 0.00147471 0)
(-0.0197155 0.116886 0)
(-0.118621 0.202543 0)
(-0.217306 0.240444 0)
(-0.332977 0.254399 0)
(-0.44283 0.244866 0)
(-0.549859 0.222794 0)
(-0.637767 0.187827 0)
(-0.709408 0.143576 0)
(-0.749718 0.0882229 0)
(-0.760193 0.0207681 0)
(-0.741342 -0.0599096 0)
(-0.697772 -0.137262 0)
(-0.620542 -0.209441 0)
(-0.52566 -0.257351 0)
(-0.404247 -0.284923 0)
(-0.286911 -0.269819 0)
(-0.166384 -0.236183 0)
(-0.0782982 -0.157556 0)
(-0.0158482 -0.0937546 0)
(0.0135576 -0.00691628 0)
(-5.05598e-266 0.00504918 0)
(-0.0763508 0.187932 0)
(-0.163534 0.306115 0)
(-0.280238 0.355201 0)
(-0.404499 0.373224 0)
(-0.52994 0.358166 0)
(-0.648729 0.324879 0)
(-0.751413 0.272199 0)
(-0.834776 0.2042 0)
(-0.88893 0.12103 0)
(-0.913381 0.0216374 0)
(-0.901355 -0.0900086 0)
(-0.858725 -0.200396 0)
(-0.772726 -0.303215 0)
(-0.662006 -0.376412 0)
(-0.513811 -0.419702 0)
(-0.36739 -0.404046 0)
(-0.211433 -0.357616 0)
(-0.0986026 -0.243326 0)
(-0.0138303 -0.150929 0)
(0.0159918 -0.00393514 0)
(-0.0201967 0.0809191 0)
(-0.105354 0.277117 0)
(-0.205272 0.406862 0)
(-0.332531 0.479791 0)
(-0.471722 0.503477 0)
(-0.611636 0.487867 0)
(-0.746767 0.443661 0)
(-0.865831 0.373121 0)
(-0.966647 0.28097 0)
(-1.03807 0.166629 0)
(-1.07943 0.0336818 0)
(-1.07994 -0.11483 0)
(-1.04377 -0.26492 0)
(-0.953641 -0.406931 0)
(-0.82972 -0.51479 0)
(-0.652282 -0.581089 0)
(-0.473429 -0.56995 0)
(-0.269696 -0.507094 0)
(-0.130344 -0.35209 0)
(-0.00142426 -0.210042 0)
(5.67446e-266 -0.00399796 0)
(-0.0146212 0.132904 0)
(-0.0994735 0.3741 0)
(-0.22384 0.533939 0)
(-0.368803 0.622472 0)
(-0.525356 0.652705 0)
(-0.682152 0.633609 0)
(-0.833887 0.579489 0)
(-0.972083 0.492054 0)
(-1.09312 0.376878 0)
(-1.18737 0.233316 0)
(-1.25202 0.0638849 0)
(-1.27258 -0.126673 0)
(-1.25089 -0.326233 0)
(-1.16374 -0.519265 0)
(-1.03106 -0.677044 0)
(-0.82554 -0.779657 0)
(-0.608901 -0.784939 0)
(-0.351318 -0.706447 0)
(-0.17075 -0.507171 0)
(-0.00233839 -0.290285 0)
(2.24038e-24 -1.3026e-24 0)
(-0.0128437 0.191838 0)
(-0.10315 0.484616 0)
(-0.243816 0.674831 0)
(-0.403696 0.779683 0)
(-0.576924 0.815775 0)
(-0.749739 0.795045 0)
(-0.919058 0.732916 0)
(-1.07723 0.631403 0)
(-1.22101 0.496129 0)
(-1.34137 0.32499 0)
(-1.43375 0.119459 0)
(-1.48135 -0.116448 0)
(-1.48232 -0.372423 0)
(-1.40737 -0.627871 0)
(-1.27389 -0.850857 0)
(-1.04417 -1.00591 0)
(-0.788817 -1.04058 0)
(-0.466597 -0.949759 0)
(-0.233082 -0.694026 0)
(-0.00417817 -0.387626 0)
(9.22915e-77 -5.60096e-25 0)
(-0.0113444 0.249611 0)
(-0.10352 0.606743 0)
(-0.256346 0.835373 0)
(-0.428207 0.956282 0)
(-0.615103 0.999369 0)
(-0.801855 0.97587 0)
(-0.986262 0.90739 0)
(-1.1632 0.793721 0)
(-1.32886 0.641257 0)
(-1.47653 0.445401 0)
(-1.59943 0.204113 0)
(-1.67991 -0.0792803 0)
(-1.71189 -0.399743 0)
(-1.66038 -0.730181 0)
(-1.53761 -1.03951 0)
(-1.29389 -1.2701 0)
(-1.00268 -1.36097 0)
(-0.610641 -1.27141 0)
(-0.310408 -0.964362 0)
(-0.00566048 -0.537211 0)
(2.5829e-164 -2.30729e-77 0)
(-0.0119409 0.303549 0)
(-0.109367 0.727947 0)
(-0.273732 0.99744 0)
(-0.455661 1.13636 0)
(-0.652396 1.18795 0)
(-0.848635 1.16438 0)
(-1.04252 1.09334 0)
(-1.23271 0.972663 0)
(-1.41442 0.809106 0)
(-1.58529 0.594746 0)
(-1.73593 0.323322 0)
(-1.85127 -0.00445396 0)
(-1.91995 -0.390223 0)
(-1.90456 -0.803093 0)
(-1.80866 -1.21431 0)
(-1.57033 -1.54421 0)
(-1.25864 -1.71909 0)
(-0.804181 -1.64918 0)
(-0.430914 -1.28815 0)
(-0.0700581 -0.709629 0)
(1.6433e-265 0.012221 0)
(-0.0133352 0.371942 0)
(-0.113601 0.870715 0)
(-0.28519 1.18328 0)
(-0.471525 1.33575 0)
(-0.670747 1.39362 0)
(-0.868401 1.36603 0)
(-1.06208 1.29216 0)
(-1.25533 1.16518 0)
(-1.44186 0.99393 0)
(-1.62534 0.766083 0)
(-1.79449 0.469918 0)
(-1.93958 0.10352 0)
(-2.04568 -0.346324 0)
(-2.076 -0.843893 0)
(-2.02496 -1.37317 0)
(-1.81815 -1.82652 0)
(-1.50921 -2.12635 0)
(-1.00368 -2.11237 0)
(-0.537112 -1.6931 0)
(-0.0700325 -0.986428 0)
(0.0488838 -0.0660767 0)
(-0.0176264 0.426187 0)
(-0.126122 0.99689 0)
(-0.308795 1.35251 0)
(-0.497809 1.51866 0)
(-0.69143 1.58303 0)
(-0.879912 1.55314 0)
(-1.0577 1.47926 0)
(-1.23752 1.35079 0)
(-1.409 1.17867 0)
(-1.58646 0.946611 0)
(-1.75475 0.637934 0)
(-1.91666 0.246816 0)
(-2.05152 -0.25173 0)
(-2.1339 -0.823423 0)
(-2.14427 -1.46757 0)
(-2.00315 -2.06198 0)
(-1.74131 -2.52763 0)
(-1.20468 -2.62954 0)
(-0.681212 -2.21521 0)
(0.0361909 -1.30195 0)
(2.26414e-231 -0.012221 0)
(-0.02328 0.51858 0)
(-0.137787 1.16496 0)
(-0.32535 1.55879 0)
(-0.507961 1.71946 0)
(-0.683409 1.77879 0)
(-0.847989 1.73255 0)
(-0.992165 1.65156 0)
(-1.13831 1.51631 0)
(-1.27162 1.34331 0)
(-1.41776 1.11145 0)
(-1.5592 0.799553 0)
(-1.7133 0.399777 0)
(-1.8587 -0.129822 0)
(-1.98609 -0.752136 0)
(-2.07035 -1.5039 0)
(-2.03478 -2.2342 0)
(-1.883 -2.92477 0)
(-1.4164 -3.19024 0)
(-0.879407 -2.92891 0)
(-0.00377482 -1.70279 0)
(5.58529e-202 4.4728e-184 0)
(-0.0401831 0.580118 0)
(-0.177219 1.29287 0)
(-0.378628 1.71872 0)
(-0.552391 1.87113 0)
(-0.691373 1.92131 0)
(-0.812602 1.85833 0)
(-0.894593 1.76912 0)
(-0.980138 1.62877 0)
(-1.0432 1.45831 0)
(-1.12813 1.23452 0)
(-1.20865 0.93431 0)
(-1.32682 0.548306 0)
(-1.45127 0.0236754 0)
(-1.61259 -0.608291 0)
(-1.76053 -1.41164 0)
(-1.87438 -2.24668 0)
(-1.87797 -3.13105 0)
(-1.60254 -3.64232 0)
(-1.12496 -3.6057 0)
(-0.0104457 -2.21037 0)
(1.78912e-183 5.7393e-185 0)
(-0.0593683 0.743801 0)
(-0.216784 1.50769 0)
(-0.417569 1.94324 0)
(-0.56504 2.03349 0)
(-0.647029 2.04599 0)
(-0.702957 1.93635 0)
(-0.700471 1.82318 0)
(-0.701028 1.66549 0)
(-0.66883 1.49283 0)
(-0.663927 1.27789 0)
(-0.653479 0.997741 0)
(-0.699113 0.644236 0)
(-0.766911 0.153752 0)
(-0.918889 -0.439905 0)
(-1.10783 -1.24564 0)
(-1.35657 -2.11359 0)
(-1.58323 -3.20221 0)
(-1.62167 -3.95079 0)
(-1.44621 -4.53951 0)
(-0.457015 -2.87412 0)
(4.34162e-254 -4.4728e-184 0)
(-0.124839 0.842043 0)
(-0.349522 1.63786 0)
(-0.543848 2.06156 0)
(-0.646012 2.09077 0)
(-0.614843 2.05831 0)
(-0.564499 1.90675 0)
(-0.427818 1.76804 0)
(-0.308472 1.59602 0)
(-0.146449 1.42257 0)
(-0.0271589 1.22132 0)
(0.100784 0.971333 0)
(0.146556 0.667287 0)
(0.167986 0.246726 0)
(0.041319 -0.258272 0)
(-0.134651 -0.966089 0)
(-0.546046 -1.76014 0)
(-0.942633 -2.84009 0)
(-1.60545 -3.77868 0)
(-1.7221 -4.68303 0)
(-2.05512 -3.73269 0)
(-2.52291e-264 -0.212204 0)
(-0.179562 1.23931 0)
(-0.437278 1.93094 0)
(-0.558639 2.26188 0)
(-0.554571 2.10476 0)
(-0.365552 1.97832 0)
(-0.168485 1.7491 0)
(0.125053 1.57382 0)
(0.384227 1.38433 0)
(0.684284 1.21359 0)
(0.926367 1.03233 0)
(1.17403 0.823221 0)
(1.32402 0.581699 0)
(1.4456 0.255331 0)
(1.39563 -0.127933 0)
(1.27751 -0.668882 0)
(0.871784 -1.28883 0)
(0.378081 -2.17274 0)
(-0.497766 -3.12728 0)
(-1.1703 -4.17759 0)
(-1.85706 -4.45269 0)
(-0.848815 -2.29184 0)
(-0.399408 1.42435 0)
(-0.729697 1.9882 0)
(-0.54173 2.17298 0)
(-0.28921 1.88097 0)
(0.230129 1.67342 0)
(0.653156 1.40856 0)
(1.16533 1.21754 0)
(1.58203 1.03497 0)
(2.02202 0.882349 0)
(2.36973 0.734395 0)
(2.71289 0.575717 0)
(2.93445 0.404058 0)
(3.13014 0.178208 0)
(3.12595 -0.0746106 0)
(3.07631 -0.438371 0)
(2.68253 -0.838026 0)
(2.24141 -1.46985 0)
(1.25352 -2.1991 0)
(0.383476 -3.3262 0)
(-0.73796 -3.97746 0)
(-0.696881 -2.95836 0)
(-0.254615 2.43024 0)
(-0.0948736 2.06793 0)
(0.690849 1.87211 0)
(1.32668 1.32548 0)
(2.12189 1.0568 0)
(2.72192 0.807713 0)
(3.34494 0.651631 0)
(3.82722 0.523885 0)
(4.29972 0.426535 0)
(4.66097 0.341144 0)
(5.00373 0.25664 0)
(5.22264 0.169414 0)
(5.4152 0.0601259 0)
(5.42177 -0.0614892 0)
(5.39589 -0.235201 0)
(5.05866 -0.431966 0)
(4.69431 -0.773891 0)
(3.78403 -1.23624 0)
(2.83637 -2.25221 0)
(1.07863 -3.32662 0)
(-0.0437952 -3.80074 0)
(1.66921 1.67149 0)
(2.71181 0.976981 0)
(4.55715 0.749825 0)
(5.39504 0.423501 0)
(6.25514 0.284418 0)
(6.75317 0.174934 0)
(7.21766 0.11782 0)
(7.52571 0.0778687 0)
(7.81007 0.0525284 0)
(8.00323 0.0334968 0)
(8.18139 0.0169121 0)
(8.27357 0.00122701 0)
(8.35467 -0.0187507 0)
(8.31074 -0.0392778 0)
(8.26493 -0.0751969 0)
(7.99311 -0.109631 0)
(7.74785 -0.2008 0)
(6.99985 -0.295121 0)
(6.26654 -0.628428 0)
(4.04824 -1.00056 0)
(2.00897 -1.82205 0)
)
;

boundaryField
{
    movingWall
    {
        type            fixedValue;
        value           uniform (10 0 0);
    }
    fixedWalls
    {
        type            noSlip;
    }
    frontAndBack
    {
        type            empty;
    }
}


// ************************************************************************* //
