/*--------------------------------*- C++ -*----------------------------------*\
| =========                 |                                                 |
| \\      /  F ield         | OpenFOAM: The Open Source CFD Toolbox           |
|  \\    /   O peration     | Version:  4.1                                   |
|   \\  /    A nd           | Web:      www.OpenFOAM.org                      |
|    \\/     M anipulation  |                                                 |
\*---------------------------------------------------------------------------*/
FoamFile
{
    version     2.0;
    format      ascii;
    class       volVectorField;
    location    "0.0654";
    object      U;
}
// * * * * * * * * * * * * * * * * * * * * * * * * * * * * * * * * * * * * * //

dimensions      [0 1 -1 0 0 0 0];

internalField   nonuniform List<vector> 
441
(
(0.00352769 -0.00467773 0)
(0.00912932 -0.00254516 0)
(-0.000636295 -2.185e-165 0)
(0.00183863 -3.06909e-266 0)
(-0.00849006 -0.00735509 0)
(-0.00183863 -2.89034e-232 0)
(-1.10762e-202 -5.13918e-203 0)
(-1.28465e-203 -6.69809e-228 0)
(-1.61459e-212 -2.90315e-213 0)
(-0.005755 8.57374e-266 0)
(-0.0701869 0.0230219 0)
(-0.0885534 0.0121413 0)
(-0.100333 0.00565543 0)
(-0.0891516 0.000538918 0)
(-0.0744728 -0.00139725 0)
(-0.0509313 -0.00276186 0)
(-0.0303641 -0.00204911 0)
(-0.0114575 -0.00165416 0)
(0.000609273 0.000493675 0)
(0.00331259 0.00121069 0)
(0.00428825 0.00276576 0)
(0.00352679 -0.00778883 0)
(-0.00150941 0.00665511 0)
(-0.0270589 0.00808293 0)
(-0.0573251 0.010572 0)
(-0.102112 0.0102044 0)
(-0.143791 -0.00358995 0)
(-0.182736 -0.000247511 0)
(-0.219904 0.00150477 0)
(-0.25282 0.0123012 0)
(-0.286164 0.0624231 0)
(-0.309179 0.057758 0)
(-0.304326 0.018387 0)
(-0.291675 -0.00558646 0)
(-0.253768 -0.0271403 0)
(-0.209045 -0.0369518 0)
(-0.15162 -0.042604 0)
(-0.0990999 -0.0372266 0)
(-0.0512964 -0.0305682 0)
(-0.0180255 -0.0147606 0)
(-0.00274789 -0.00562618 0)
(0.00456808 0.00505684 0)
(0.0070812 -0.00721635 0)
(-0.00536453 0.0276542 0)
(-0.0521833 0.0544409 0)
(-0.114845 0.0726614 0)
(-0.190731 0.0779982 0)
(-0.268958 0.0766931 0)
(-0.352454 0.0734415 0)
(-0.419645 0.0677896 0)
(-0.485786 0.0637217 0)
(-0.517871 0.0606923 0)
(-0.514111 0.0420864 0)
(-0.498031 -0.00418819 0)
(-0.465349 -0.0442303 0)
(-0.406621 -0.0819145 0)
(-0.336267 -0.102593 0)
(-0.249882 -0.112995 0)
(-0.169038 -0.101206 0)
(-0.0937272 -0.0832408 0)
(-0.0396358 -0.0469617 0)
(-0.00937463 -0.0218181 0)
(0.00597007 0.00500218 0)
(0.00611359 -0.00978733 0)
(-0.0150442 0.0676098 0)
(-0.0911961 0.117574 0)
(-0.180325 0.15142 0)
(-0.284814 0.164676 0)
(-0.389441 0.160778 0)
(-0.492028 0.152048 0)
(-0.580394 0.135685 0)
(-0.653109 0.11282 0)
(-0.696019 0.0881464 0)
(-0.705034 0.0376666 0)
(-0.684086 -0.0314747 0)
(-0.639727 -0.097135 0)
(-0.561987 -0.157372 0)
(-0.468259 -0.193508 0)
(-0.353153 -0.211332 0)
(-0.243765 -0.192818 0)
(-0.13918 -0.161627 0)
(-0.0628387 -0.0982486 0)
(-0.0159499 -0.052612 0)
(0.00770474 0.00203188 0)
(6.57619e-165 0.0015284 0)
(-0.0225666 0.124523 0)
(-0.131415 0.218953 0)
(-0.242166 0.264895 0)
(-0.373563 0.286064 0)
(-0.500784 0.282145 0)
(-0.627084 0.263159 0)
(-0.733788 0.227831 0)
(-0.822614 0.178674 0)
(-0.875399 0.113296 0)
(-0.892113 0.0305707 0)
(-0.872665 -0.0692494 0)
(-0.821327 -0.165564 0)
(-0.72876 -0.253728 0)
(-0.613454 -0.31034 0)
(-0.467854 -0.338364 0)
(-0.327504 -0.313693 0)
(-0.187077 -0.265277 0)
(-0.0860603 -0.16849 0)
(-0.017398 -0.0932272 0)
(0.0142999 -0.00244268 0)
(-5.33973e-266 0.005462 0)
(-0.0839788 0.203607 0)
(-0.18312 0.335276 0)
(-0.315747 0.395364 0)
(-0.45917 0.423191 0)
(-0.605948 0.415357 0)
(-0.747559 0.385672 0)
(-0.872598 0.331466 0)
(-0.9762 0.25528 0)
(-1.04581 0.156873 0)
(-1.07924 0.0352244 0)
(-1.06799 -0.103272 0)
(-1.01769 -0.240785 0)
(-0.914631 -0.366841 0)
(-0.78017 -0.453948 0)
(-0.602498 -0.499721 0)
(-0.426915 -0.472536 0)
(-0.24411 -0.406188 0)
(-0.112957 -0.265966 0)
(-0.0183362 -0.156179 0)
(0.0161177 0.000206846 0)
(-0.021848 0.0886514 0)
(-0.116854 0.30418 0)
(-0.23115 0.4511 0)
(-0.377075 0.539178 0)
(-0.538521 0.575495 0)
(-0.702959 0.569129 0)
(-0.864222 0.529041 0)
(-1.00886 0.455575 0)
(-1.13311 0.351676 0)
(-1.22296 0.216092 0)
(-1.27599 0.0532369 0)
(-1.27918 -0.131119 0)
(-1.23621 -0.317925 0)
(-1.12841 -0.492163 0)
(-0.978538 -0.621004 0)
(-0.767103 -0.693453 0)
(-0.553197 -0.669803 0)
(-0.314721 -0.581641 0)
(-0.150779 -0.391038 0)
(-0.00554197 -0.224128 0)
(5.88128e-266 -0.00402942 0)
(-0.0160539 0.146557 0)
(-0.111701 0.41405 0)
(-0.253081 0.596075 0)
(-0.418915 0.703524 0)
(-0.599895 0.74934 0)
(-0.78336 0.741368 0)
(-0.963295 0.691902 0)
(-1.12923 0.600237 0)
(-1.27588 0.469796 0)
(-1.39086 0.299191 0)
(-1.46958 0.0918506 0)
(-1.49492 -0.14413 0)
(-1.46824 -0.39105 0)
(-1.36433 -0.626719 0)
(-1.2056 -0.814555 0)
(-0.963679 -0.929146 0)
(-0.707916 -0.92326 0)
(-0.408075 -0.814858 0)
(-0.196754 -0.570549 0)
(-0.00325122 -0.316395 0)
(2.49313e-24 -1.13073e-24 0)
(-0.0142589 0.212933 0)
(-0.115642 0.539393 0)
(-0.273903 0.756765 0)
(-0.455063 0.884193 0)
(-0.653038 0.938678 0)
(-0.852726 0.930966 0)
(-1.05041 0.87403 0)
(-1.2365 0.767023 0)
(-1.40623 0.613069 0)
(-1.54794 0.409151 0)
(-1.65548 0.157861 0)
(-1.70952 -0.133018 0)
(-1.70786 -0.447104 0)
(-1.61896 -0.756103 0)
(-1.46234 -1.01949 0)
(-1.19786 -1.19428 0)
(-0.903174 -1.22177 0)
(-0.534812 -1.098 0)
(-0.265633 -0.788257 0)
(-0.00475022 -0.428565 0)
(1.01945e-76 -6.23281e-25 0)
(-0.0125056 0.277067 0)
(-0.114508 0.67539 0)
(-0.283418 0.936259 0)
(-0.474741 1.08326 0)
(-0.684281 1.14746 0)
(-0.895533 1.13871 0)
(-1.10566 1.07593 0)
(-1.3078 0.955622 0)
(-1.49681 0.781391 0)
(-1.66378 0.547699 0)
(-1.80081 0.253717 0)
(-1.88821 -0.0929663 0)
(-1.92005 -0.481001 0)
(-1.85916 -0.874884 0)
(-1.71956 -1.23484 0)
(-1.4477 -1.49423 0)
(-1.12259 -1.58479 0)
(-0.685802 -1.46258 0)
(-0.348458 -1.09503 0)
(-0.00667121 -0.597095 0)
(2.84193e-164 -2.54862e-77 0)
(-0.0127523 0.336585 0)
(-0.117336 0.808576 0)
(-0.293865 1.11474 0)
(-0.490813 1.28282 0)
(-0.705165 1.3578 0)
(-0.920393 1.35034 0)
(-1.13398 1.28519 0)
(-1.34311 1.15667 0)
(-1.54204 0.968608 0)
(-1.72688 0.712264 0)
(-1.88786 0.382837 0)
(-2.00884 -0.0142302 0)
(-2.07935 -0.474211 0)
(-2.06039 -0.957564 0)
(-1.9571 -1.42764 0)
(-1.70265 -1.79504 0)
(-1.3692 -1.97878 0)
(-0.879569 -1.88026 0)
(-0.47286 -1.45584 0)
(-0.0776344 -0.789932 0)
(1.75549e-265 0.0130354 0)
(-0.0135822 0.408079 0)
(-0.116738 0.958673 0)
(-0.294195 1.31124 0)
(-0.488454 1.49526 0)
(-0.697322 1.57819 0)
(-0.905315 1.56747 0)
(-1.10935 1.49926 0)
(-1.31188 1.36318 0)
(-1.50618 1.16526 0)
(-1.69528 0.892731 0)
(-1.86843 0.535672 0)
(-2.01606 0.097437 0)
(-2.12492 -0.428973 0)
(-2.1577 -0.999426 0)
(-2.11022 -1.59155 0)
(-1.90295 -2.08873 0)
(-1.58968 -2.40677 0)
(-1.06523 -2.37314 0)
(-0.57428 -1.89118 0)
(-0.0745197 -1.08949 0)
(0.0521417 -0.0733599 0)
(-0.0171729 0.462542 0)
(-0.123133 1.08625 0)
(-0.303544 1.48355 0)
(-0.491251 1.68264 0)
(-0.684137 1.77284 0)
(-0.871794 1.75978 0)
(-1.04806 1.69077 0)
(-1.22515 1.55191 0)
(-1.39287 1.35169 0)
(-1.56591 1.07393 0)
(-1.7305 0.704263 0)
(-1.89065 0.242615 0)
(-2.02813 -0.330029 0)
(-2.11799 -0.971554 0)
(-2.1424 -1.67716 0)
(-2.01704 -2.3174 0)
(-1.77176 -2.81001 0)
(-1.23744 -2.90449 0)
(-0.708205 -2.44009 0)
(0.0407339 -1.42335 0)
(2.40655e-231 -0.0130354 0)
(-0.0220334 0.551315 0)
(-0.127999 1.2481 0)
(-0.304244 1.68322 0)
(-0.475189 1.87695 0)
(-0.638311 1.96188 0)
(-0.789801 1.93174 0)
(-0.919765 1.85457 0)
(-1.05084 1.70804 0)
(-1.16903 1.50674 0)
(-1.3013 1.2303 0)
(-1.43199 0.860271 0)
(-1.58046 0.395006 0)
(-1.7278 -0.201807 0)
(-1.86616 -0.885667 0)
(-1.97211 -1.69165 0)
(-1.96633 -2.46367 0)
(-1.84994 -3.18517 0)
(-1.41163 -3.45486 0)
(-0.891417 -3.16324 0)
(-0.00327573 -1.83485 0)
(5.76676e-202 4.56102e-184 0)
(-0.0382549 0.605586 0)
(-0.161371 1.3624 0)
(-0.343052 1.82695 0)
(-0.495316 2.01125 0)
(-0.610901 2.08592 0)
(-0.707597 2.03788 0)
(-0.76395 1.95163 0)
(-0.823988 1.8 0)
(-0.862976 1.60269 0)
(-0.927389 1.33766 0)
(-0.992824 0.984768 0)
(-1.10353 0.540956 0)
(-1.2298 -0.0411063 0)
(-1.40397 -0.723215 0)
(-1.57703 -1.56901 0)
(-1.72818 -2.4363 0)
(-1.77923 -3.34847 0)
(-1.55235 -3.87175 0)
(-1.11509 -3.82521 0)
(-0.0112144 -2.34486 0)
(1.82441e-183 -7.79188e-185 0)
(-0.0570566 0.758999 0)
(-0.197171 1.55721 0)
(-0.372398 2.02664 0)
(-0.491113 2.14622 0)
(-0.541376 2.18137 0)
(-0.564336 2.08556 0)
(-0.528204 1.97529 0)
(-0.496565 1.80792 0)
(-0.435324 1.61201 0)
(-0.407138 1.36156 0)
(-0.380864 1.03639 0)
(-0.419974 0.634364 0)
(-0.491066 0.0969785 0)
(-0.657144 -0.534981 0)
(-0.87108 -1.37054 0)
(-1.15762 -2.2579 0)
(-1.43366 -3.3658 0)
(-1.53191 -4.12587 0)
(-1.41184 -4.72163 0)
(-0.463662 -2.99705 0)
(4.39018e-254 -4.56102e-184 0)
(-0.122771 0.845912 0)
(-0.330546 1.66464 0)
(-0.498168 2.1158 0)
(-0.569226 2.17058 0)
(-0.502906 2.15846 0)
(-0.41609 2.01982 0)
(-0.242447 1.88488 0)
(-0.0885183 1.70619 0)
(0.103875 1.51488 0)
(0.246332 1.28568 0)
(0.388752 0.999868 0)
(0.438565 0.657167 0)
(0.454258 0.199791 0)
(0.311712 -0.333774 0)
(0.112232 -1.06047 0)
(-0.333492 -1.86259 0)
(-0.771804 -2.94803 0)
(-1.49423 -3.89251 0)
(-1.66651 -4.80346 0)
(-2.06894 -3.83305 0)
(-2.57269e-264 -0.21497 0)
(-0.178646 1.23383 0)
(-0.424783 1.93696 0)
(-0.524586 2.28768 0)
(-0.49343 2.15121 0)
(-0.272132 2.04207 0)
(-0.0407488 1.82472 0)
(0.28819 1.65431 0)
(0.580668 1.46172 0)
(0.910018 1.27929 0)
(1.1742 1.07852 0)
(1.4351 0.843659 0)
(1.58772 0.573874 0)
(1.70193 0.220493 0)
(1.63519 -0.183432 0)
(1.49415 -0.736113 0)
(1.0595 -1.35743 0)
(0.533664 -2.2362 0)
(-0.384402 -3.18718 0)
(-1.10343 -4.23662 0)
(-1.84578 -4.51501 0)
(-0.859878 -2.31065 0)
(-0.40021 1.41502 0)
(-0.728004 1.98189 0)
(-0.529112 2.17864 0)
(-0.259202 1.90122 0)
(0.284012 1.70677 0)
(0.734541 1.45157 0)
(1.27684 1.26545 0)
(1.72313 1.08232 0)
(2.1901 0.923278 0)
(2.55887 0.76353 0)
(2.91521 0.588713 0)
(3.13991 0.399017 0)
(3.32898 0.155755 0)
(3.30876 -0.110341 0)
(3.2373 -0.481129 0)
(2.81751 -0.880044 0)
(2.35142 -1.50471 0)
(1.33647 -2.22561 0)
(0.439602 -3.34686 0)
(-0.714596 -3.99888 0)
(-0.700011 -2.96283 0)
(-0.256371 2.42393 0)
(-0.101441 2.06052 0)
(0.684299 1.86937 0)
(1.32654 1.33014 0)
(2.13505 1.0686 0)
(2.75338 0.824998 0)
(3.39848 0.671862 0)
(3.90377 0.544229 0)
(4.39809 0.444001 0)
(4.77684 0.353078 0)
(5.13079 0.261004 0)
(5.35254 0.1654 0)
(5.5395 0.0483092 0)
(5.53237 -0.0789246 0)
(5.48777 -0.254774 0)
(5.12911 -0.449943 0)
(4.7455 -0.786385 0)
(3.81887 -1.24299 0)
(2.85907 -2.25352 0)
(1.08894 -3.32945 0)
(-0.0455558 -3.79944 0)
(1.66794 1.67024 0)
(2.70579 0.975359 0)
(4.54725 0.74871 0)
(5.3851 0.423533 0)
(6.24964 0.285616 0)
(6.75577 0.176983 0)
(7.23097 0.120228 0)
(7.5505 0.0801306 0)
(7.84562 0.0541327 0)
(8.04689 0.0340727 0)
(8.2294 0.0162183 0)
(8.32102 -0.000677294 0)
(8.39705 -0.0216024 0)
(8.3438 -0.0424697 0)
(8.28704 -0.0780653 0)
(8.00382 -0.11145 0)
(7.75037 -0.201081 0)
(6.99744 -0.293951 0)
(6.26366 -0.62606 0)
(4.04649 -0.998144 0)
(2.00622 -1.81895 0)
)
;

boundaryField
{
    movingWall
    {
        type            fixedValue;
        value           uniform (10 0 0);
    }
    fixedWalls
    {
        type            noSlip;
    }
    frontAndBack
    {
        type            empty;
    }
}


// ************************************************************************* //
