/*--------------------------------*- C++ -*----------------------------------*\
| =========                 |                                                 |
| \\      /  F ield         | OpenFOAM: The Open Source CFD Toolbox           |
|  \\    /   O peration     | Version:  4.1                                   |
|   \\  /    A nd           | Web:      www.OpenFOAM.org                      |
|    \\/     M anipulation  |                                                 |
\*---------------------------------------------------------------------------*/
FoamFile
{
    version     2.0;
    format      ascii;
    class       volVectorField;
    location    "0.0863";
    object      U;
}
// * * * * * * * * * * * * * * * * * * * * * * * * * * * * * * * * * * * * * //

dimensions      [0 1 -1 0 0 0 0];

internalField   nonuniform List<vector> 
441
(
(0.00372756 -0.00482359 0)
(0.00974465 -0.00253965 0)
(-0.000634913 -2.20854e-165 0)
(0.00196195 -3.32476e-266 0)
(-0.00837328 -0.00784817 0)
(-0.00196195 -3.05487e-232 0)
(-1.14119e-202 -5.60218e-203 0)
(-1.40046e-203 -7.35152e-228 0)
(-1.72115e-212 -3.20833e-213 0)
(-0.00614587 9.11678e-266 0)
(-0.0753322 0.0245846 0)
(-0.09464 0.0128562 0)
(-0.10659 0.00588196 0)
(-0.0937545 0.000390677 0)
(-0.0771081 -0.00165991 0)
(-0.0513105 -0.0030266 0)
(-0.0290963 -0.00216406 0)
(-0.00931776 -0.00160291 0)
(0.00267458 0.000739594 0)
(0.00445593 0.00150563 0)
(0.0045598 0.0029935 0)
(0.00383571 -0.0084633 0)
(-0.000926906 0.00683015 0)
(-0.0274512 0.00849282 0)
(-0.0593938 0.0107286 0)
(-0.107094 0.0108885 0)
(-0.152222 -0.00324774 0)
(-0.194758 -0.000152967 0)
(-0.235716 0.00166659 0)
(-0.272089 0.0132519 0)
(-0.308716 0.0670723 0)
(-0.333585 0.0617178 0)
(-0.327781 0.0188282 0)
(-0.312701 -0.0073771 0)
(-0.270167 -0.0306619 0)
(-0.220178 -0.0409749 0)
(-0.157216 -0.0463104 0)
(-0.100306 -0.0396556 0)
(-0.0497015 -0.0314507 0)
(-0.0155766 -0.0139913 0)
(-0.0011753 -0.0041147 0)
(0.00493689 0.00624852 0)
(0.00760869 -0.00823866 0)
(-0.00519509 0.0283598 0)
(-0.0543587 0.0570732 0)
(-0.121162 0.0770769 0)
(-0.20292 0.083798 0)
(-0.287587 0.0834972 0)
(-0.378672 0.0805815 0)
(-0.452917 0.074818 0)
(-0.525787 0.0702001 0)
(-0.561528 0.0661073 0)
(-0.55751 0.0445876 0)
(-0.539229 -0.00676493 0)
(-0.50196 -0.0510419 0)
(-0.436296 -0.0919261 0)
(-0.357973 -0.113634 0)
(-0.263271 -0.123186 0)
(-0.175439 -0.108483 0)
(-0.0951037 -0.0868568 0)
(-0.0385728 -0.0466772 0)
(-0.00820776 -0.0194573 0)
(0.00636637 0.00714304 0)
(0.00636505 -0.0112107 0)
(-0.0163296 0.0705734 0)
(-0.0974653 0.124417 0)
(-0.193335 0.161746 0)
(-0.306399 0.177681 0)
(-0.420329 0.175293 0)
(-0.532665 0.166926 0)
(-0.630027 0.149707 0)
(-0.710122 0.124363 0)
(-0.757348 0.096059 0)
(-0.766772 0.039144 0)
(-0.742889 -0.0378724 0)
(-0.692619 -0.110486 0)
(-0.6061 -0.175858 0)
(-0.5022 -0.213851 0)
(-0.37626 -0.230409 0)
(-0.257331 -0.207266 0)
(-0.145226 -0.17002 0)
(-0.0644026 -0.0999988 0)
(-0.015875 -0.0504506 0)
(0.00800161 0.00479466 0)
(6.93862e-165 0.00159126 0)
(-0.0247925 0.13173 0)
(-0.141763 0.233276 0)
(-0.261705 0.284527 0)
(-0.404431 0.309651 0)
(-0.543299 0.307866 0)
(-0.681562 0.288914 0)
(-0.798815 0.251136 0)
(-0.89613 0.196757 0)
(-0.953681 0.123481 0)
(-0.970979 0.0305389 0)
(-0.948316 -0.0806543 0)
(-0.890206 -0.187063 0)
(-0.787576 -0.282715 0)
(-0.660314 -0.342387 0)
(-0.501568 -0.368983 0)
(-0.349117 -0.338017 0)
(-0.198383 -0.280944 0)
(-0.0905837 -0.174294 0)
(-0.0184133 -0.0927589 0)
(0.0146132 5.70531e-05 0)
(-5.6238e-266 0.00582151 0)
(-0.0902185 0.217159 0)
(-0.198152 0.359274 0)
(-0.342212 0.426283 0)
(-0.498501 0.459117 0)
(-0.658693 0.453508 0)
(-0.813443 0.423075 0)
(-0.950053 0.364534 0)
(-1.0627 0.280137 0)
(-1.13767 0.17011 0)
(-1.17232 0.034082 0)
(-1.15803 -0.119697 0)
(-1.10086 -0.270985 0)
(-0.987126 -0.407426 0)
(-0.839613 -0.499428 0)
(-0.646922 -0.544161 0)
(-0.456935 -0.509402 0)
(-0.26098 -0.431772 0)
(-0.120695 -0.277954 0)
(-0.0208072 -0.158912 0)
(0.0161361 0.00235022 0)
(-0.023286 0.0950586 0)
(-0.1258 0.326252 0)
(-0.250063 0.485628 0)
(-0.408522 0.582985 0)
(-0.583967 0.625259 0)
(-0.762737 0.62128 0)
(-0.937896 0.579401 0)
(-1.09461 0.499412 0)
(-1.22832 0.384106 0)
(-1.32391 0.23284 0)
(-1.37868 0.0513915 0)
(-1.37935 -0.152446 0)
(-1.32996 -0.356968 0)
(-1.21169 -0.544948 0)
(-1.04856 -0.681138 0)
(-0.821037 -0.753627 0)
(-0.590982 -0.721677 0)
(-0.336517 -0.619719 0)
(-0.161025 -0.41117 0)
(-0.00768312 -0.231475 0)
(5.97505e-266 -0.00403403 0)
(-0.0171907 0.157387 0)
(-0.120462 0.445106 0)
(-0.273144 0.642525 0)
(-0.452204 0.760956 0)
(-0.647574 0.813521 0)
(-0.84548 0.807701 0)
(-1.03913 0.755227 0)
(-1.21688 0.654809 0)
(-1.37276 0.509862 0)
(-1.49354 0.319895 0)
(-1.57444 0.0899474 0)
(-1.59801 -0.169519 0)
(-1.56604 -0.438119 0)
(-1.45286 -0.691124 0)
(-1.28195 -0.88941 0)
(-1.02421 -1.00602 0)
(-0.75181 -0.992297 0)
(-0.433762 -0.868209 0)
(-0.208917 -0.602128 0)
(-0.00371064 -0.329567 0)
(2.6113e-24 -1.06537e-24 0)
(-0.0152654 0.229013 0)
(-0.123946 0.5803 0)
(-0.293225 0.815688 0)
(-0.487003 0.955488 0)
(-0.69852 1.01714 0)
(-0.911531 1.01114 0)
(-1.12167 0.949825 0)
(-1.31832 0.831839 0)
(-1.49622 0.660476 0)
(-1.64308 0.433845 0)
(-1.75282 0.156451 0)
(-1.80585 -0.161412 0)
(-1.80046 -0.500675 0)
(-1.70451 -0.830406 0)
(-1.53831 -1.10759 0)
(-1.26029 -1.28711 0)
(-0.95044 -1.30846 0)
(-0.563687 -1.16812 0)
(-0.279877 -0.833365 0)
(-0.00500799 -0.448472 0)
(1.0621e-76 -6.52826e-25 0)
(-0.0132293 0.297154 0)
(-0.121158 0.724782 0)
(-0.299428 1.00627 0)
(-0.501408 1.16679 0)
(-0.722279 1.23842 0)
(-0.944437 1.23076 0)
(-1.16447 1.16221 0)
(-1.37472 1.02889 0)
(-1.56978 0.834785 0)
(-1.74041 0.575756 0)
(-1.87905 0.253058 0)
(-1.96598 -0.123067 0)
(-1.99589 -0.538764 0)
(-1.93098 -0.955965 0)
(-1.78581 -1.33276 0)
(-1.50475 -1.6 0)
(-1.16836 -1.68739 0)
(-0.715415 -1.54936 0)
(-0.36411 -1.1551 0)
(-0.00720887 -0.625049 0)
(2.95204e-164 -2.65524e-77 0)
(-0.0131778 0.359902 0)
(-0.121563 0.86472 0)
(-0.304409 1.19357 0)
(-0.508659 1.37601 0)
(-0.730704 1.4584 0)
(-0.953069 1.45125 0)
(-1.17276 1.37895 0)
(-1.38639 1.23562 0)
(-1.58821 1.02574 0)
(-1.77435 0.742255 0)
(-1.93564 0.382634 0)
(-2.05625 -0.0449718 0)
(-2.1265 -0.533604 0)
(-2.10695 -1.04143 0)
(-2.00306 -1.53037 0)
(-1.74562 -1.90846 0)
(-1.40718 -2.09281 0)
(-0.906927 -1.98089 0)
(-0.488996 -1.52972 0)
(-0.0812101 -0.82606 0)
(1.78929e-265 0.013329 0)
(-0.013619 0.432778 0)
(-0.117668 1.01819 0)
(-0.297238 1.39483 0)
(-0.494241 1.59376 0)
(-0.705974 1.68395 0)
(-0.91626 1.67274 0)
(-1.12163 1.59616 0)
(-1.32425 1.44389 0)
(-1.51762 1.22293 0)
(-1.70513 0.922494 0)
(-1.87683 0.535083 0)
(-2.02376 0.0668177 0)
(-2.13365 -0.48741 0)
(-2.16905 -1.0816 0)
(-2.12601 -1.69283 0)
(-1.92267 -2.2025 0)
(-1.61214 -2.52481 0)
(-1.0845 -2.48211 0)
(-0.587065 -1.97489 0)
(-0.0761142 -1.13402 0)
(0.053316 -0.0769479 0)
(-0.0167888 0.486798 0)
(-0.120314 1.14539 0)
(-0.297913 1.56723 0)
(-0.483027 1.78143 0)
(-0.673182 1.87861 0)
(-0.857676 1.86434 0)
(-1.03008 1.78601 0)
(-1.20267 1.63011 0)
(-1.36563 1.40641 0)
(-1.53427 1.10101 0)
(-1.69568 0.702081 0)
(-1.85468 0.212368 0)
(-1.99402 -0.385567 0)
(-2.08897 -1.04819 0)
(-2.12207 -1.77122 0)
(-2.00693 -2.42404 0)
(-1.77249 -2.92421 0)
(-1.24358 -3.01494 0)
(-0.715737 -2.53168 0)
(0.0431612 -1.47371 0)
(2.46304e-231 -0.013329 0)
(-0.0212198 0.572857 0)
(-0.121332 1.30237 0)
(-0.289663 1.76145 0)
(-0.452469 1.97016 0)
(-0.607134 2.06182 0)
(-0.750061 2.03007 0)
(-0.871282 1.94322 0)
(-0.993862 1.77964 0)
(-1.10428 1.55542 0)
(-1.23025 1.25268 0)
(-1.35683 0.855561 0)
(-1.50411 0.365306 0)
(-1.65397 -0.253059 0)
(-1.79903 -0.953872 0)
(-1.91626 -1.77371 0)
(-1.92541 -2.55617 0)
(-1.82626 -3.28646 0)
(-1.4029 -3.55709 0)
(-0.892616 -3.25505 0)
(-0.00299277 -1.88767 0)
(5.82149e-202 4.58422e-184 0)
(-0.0370945 0.62246 0)
(-0.151442 1.40778 0)
(-0.320687 1.89468 0)
(-0.459814 2.09352 0)
(-0.561789 2.17479 0)
(-0.645269 2.12524 0)
(-0.688965 2.02976 0)
(-0.737722 1.86209 0)
(-0.767309 1.64352 0)
(-0.824958 1.35452 0)
(-0.886633 0.977495 0)
(-0.997062 0.512248 0)
(-1.12673 -0.0872271 0)
(-1.30848 -0.78169 0)
(-1.49356 -1.63663 0)
(-1.66136 -2.51054 0)
(-1.73283 -3.43002 0)
(-1.52726 -3.95708 0)
(-1.10792 -3.90793 0)
(-0.0114457 -2.39673 0)
(1.83369e-183 -1.37023e-184 0)
(-0.0557067 0.769605 0)
(-0.185251 1.59029 0)
(-0.344973 2.07941 0)
(-0.446946 2.21274 0)
(-0.479851 2.25459 0)
(-0.486345 2.1581 0)
(-0.435105 2.04012 0)
(-0.390874 1.85896 0)
(-0.320051 1.64467 0)
(-0.285986 1.37359 0)
(-0.257536 1.02782 0)
(-0.298223 0.607967 0)
(-0.3742 0.0568527 0)
(-0.548552 -0.583478 0)
(-0.774002 -1.42383 0)
(-1.07635 -2.31323 0)
(-1.37205 -3.42514 0)
(-1.49421 -4.1886 0)
(-1.39618 -4.78763 0)
(-0.46591 -3.04285 0)
(4.40048e-254 -4.58422e-184 0)
(-0.121545 0.849712 0)
(-0.318917 1.684 0)
(-0.470377 2.15145 0)
(-0.523482 2.21881 0)
(-0.438239 2.21361 0)
(-0.333642 2.07565 0)
(-0.144007 1.93539 0)
(0.0226652 1.74617 0)
(0.224079 1.54037 0)
(0.37113 1.29461 0)
(0.513962 0.992146 0)
(0.560183 0.63505 0)
(0.569311 0.166924 0)
(0.417508 -0.372429 0)
(0.207209 -1.10081 0)
(-0.25238 -1.90145 0)
(-0.706503 -2.98604 0)
(-1.45126 -3.93177 0)
(-1.6443 -4.84539 0)
(-2.07327 -3.86919 0)
(-2.59175e-264 -0.215987 0)
(-0.178028 1.2318 0)
(-0.416574 1.94352 0)
(-0.50286 2.30645 0)
(-0.455662 2.18082 0)
(-0.216654 2.07858 0)
(0.031727 1.86341 0)
(0.376162 1.69039 0)
(0.680973 1.49098 0)
(1.01892 1.29841 0)
(1.28715 1.08562 0)
(1.54771 0.838399 0)
(1.69583 0.557741 0)
(1.80247 0.196248 0)
(1.72585 -0.211866 0)
(1.5741 -0.764886 0)
(1.12774 -1.38328 0)
(0.590015 -2.25794 0)
(-0.343229 -3.2069 0)
(-1.07878 -4.25615 0)
(-1.84127 -4.53667 0)
(-0.863948 -2.31687 0)
(-0.400568 1.41014 0)
(-0.725921 1.98017 0)
(-0.51932 2.18479 0)
(-0.238299 1.91558 0)
(0.318823 1.72711 0)
(0.783789 1.47474 0)
(1.34011 1.28807 0)
(1.79818 1.10134 0)
(2.27387 0.936198 0)
(2.64724 0.768856 0)
(3.00393 0.58599 0)
(3.22475 0.389086 0)
(3.40666 0.140401 0)
(3.37679 -0.128464 0)
(3.29493 -0.499231 0)
(2.86453 -0.895598 0)
(2.3893 -1.51619 0)
(1.36498 -2.23368 0)
(0.459076 -3.35302 0)
(-0.70646 -4.00594 0)
(-0.701291 -2.96409 0)
(-0.257384 2.42024 0)
(-0.104635 2.05692 0)
(0.682374 1.86918 0)
(1.32973 1.33442 0)
(2.1469 1.07647 0)
(2.77573 0.834894 0)
(3.43203 0.681938 0)
(3.94741 0.55285 0)
(4.44967 0.449828 0)
(4.83305 0.355322 0)
(5.188 0.259442 0)
(5.40693 0.160472 0)
(5.58804 0.0409849 0)
(5.57281 -0.0872971 0)
(5.51941 -0.262687 0)
(5.15218 -0.456219 0)
(4.76178 -0.790041 0)
(3.82987 -1.24453 0)
(2.86641 -2.25337 0)
(1.09235 -3.33025 0)
(-0.0462974 -3.79886 0)
(1.6671 1.66942 0)
(2.70227 0.974456 0)
(4.54209 0.748249 0)
(5.38085 0.423799 0)
(6.2488 0.286495 0)
(6.75999 0.178197 0)
(7.24098 0.121433 0)
(7.56582 0.0810518 0)
(7.86505 0.054554 0)
(8.06844 0.0339118 0)
(8.25096 0.015493 0)
(8.3404 -0.00181403 0)
(8.4127 -0.0229345 0)
(8.35464 -0.0437155 0)
(8.2932 -0.0789812 0)
(8.00584 -0.111856 0)
(7.74991 -0.200898 0)
(6.99584 -0.293327 0)
(6.26237 -0.625121 0)
(4.04583 -0.997302 0)
(2.0052 -1.81789 0)
)
;

boundaryField
{
    movingWall
    {
        type            fixedValue;
        value           uniform (10 0 0);
    }
    fixedWalls
    {
        type            noSlip;
    }
    frontAndBack
    {
        type            empty;
    }
}


// ************************************************************************* //
