/*--------------------------------*- C++ -*----------------------------------*\
| =========                 |                                                 |
| \\      /  F ield         | OpenFOAM: The Open Source CFD Toolbox           |
|  \\    /   O peration     | Version:  4.1                                   |
|   \\  /    A nd           | Web:      www.OpenFOAM.org                      |
|    \\/     M anipulation  |                                                 |
\*---------------------------------------------------------------------------*/
FoamFile
{
    version     2.0;
    format      ascii;
    class       volVectorField;
    location    "0.0359";
    object      U;
}
// * * * * * * * * * * * * * * * * * * * * * * * * * * * * * * * * * * * * * //

dimensions      [0 1 -1 0 0 0 0];

internalField   nonuniform List<vector> 
441
(
(0.00328536 -0.00457217 0)
(0.00821758 -0.00265101 0)
(-0.000662797 -2.21186e-165 0)
(0.00162269 -2.58714e-266 0)
(-0.0092478 -0.00649132 0)
(-0.00162269 -2.61119e-232 0)
(-1.08042e-202 -4.1632e-203 0)
(-1.04062e-203 -5.22112e-228 0)
(-1.4019e-212 -2.17666e-213 0)
(-0.0049426 7.49265e-266 0)
(-0.0589075 0.0197725 0)
(-0.0747753 0.0106419 0)
(-0.0855943 0.00516292 0)
(-0.077723 0.000912026 0)
(-0.0673235 -0.000731258 0)
(-0.0491059 -0.00202326 0)
(-0.032639 -0.00166518 0)
(-0.0160629 -0.00164796 0)
(-0.0040961 -1.42339e-05 0)
(0.000749717 0.000584955 0)
(0.0035859 0.00225974 0)
(0.00304538 -0.0067249 0)
(-0.00289254 0.00658691 0)
(-0.0276135 0.00760883 0)
(-0.0556561 0.0107859 0)
(-0.0957574 0.00900082 0)
(-0.131045 -0.00466056 0)
(-0.1627 -0.000540123 0)
(-0.19161 0.00114807 0)
(-0.216257 0.0102025 0)
(-0.2412 0.052153 0)
(-0.258283 0.0483709 0)
(-0.253421 0.0163228 0)
(-0.244231 -0.00261953 0)
(-0.215452 -0.0197988 0)
(-0.182071 -0.0279157 0)
(-0.137501 -0.0337219 0)
(-0.0956045 -0.031153 0)
(-0.054814 -0.028021 0)
(-0.0238918 -0.0163644 0)
(-0.00643426 -0.00900413 0)
(0.00357872 0.00228121 0)
(0.00624669 -0.00529866 0)
(-0.00617356 0.0276201 0)
(-0.0502545 0.051377 0)
(-0.106615 0.0660774 0)
(-0.172331 0.067898 0)
(-0.238567 0.0634342 0)
(-0.306555 0.0583884 0)
(-0.357831 0.0517586 0)
(-0.407402 0.0476437 0)
(-0.42832 0.0458378 0)
(-0.421166 0.0328106 0)
(-0.406262 -0.00238782 0)
(-0.380681 -0.0321998 0)
(-0.335843 -0.0610983 0)
(-0.283095 -0.0778196 0)
(-0.216573 -0.0887332 0)
(-0.153075 -0.08328 0)
(-0.0905639 -0.0737964 0)
(-0.042749 -0.0473603 0)
(-0.0124348 -0.0272537 0)
(0.00479927 -0.000107088 0)
(0.00588195 -0.00698915 0)
(-0.0129641 0.0646523 0)
(-0.0817185 0.108154 0)
(-0.159563 0.134883 0)
(-0.248359 0.141264 0)
(-0.334535 0.131965 0)
(-0.416031 0.119997 0)
(-0.482988 0.102677 0)
(-0.535799 0.0824832 0)
(-0.564003 0.0635895 0)
(-0.566024 0.0260623 0)
(-0.546126 -0.025153 0)
(-0.51083 -0.0731469 0)
(-0.451162 -0.118381 0)
(-0.38095 -0.146977 0)
(-0.293124 -0.165036 0)
(-0.208733 -0.156624 0)
(-0.124274 -0.139837 0)
(-0.0598052 -0.0937226 0)
(-0.0165549 -0.0578548 0)
(0.00669713 -0.00500589 0)
(6.07384e-165 0.00147049 0)
(-0.0186224 0.114816 0)
(-0.114015 0.19725 0)
(-0.208024 0.231504 0)
(-0.317323 0.241976 0)
(-0.419861 0.229594 0)
(-0.518532 0.205856 0)
(-0.598019 0.170708 0)
(-0.661605 0.128172 0)
(-0.695571 0.0766807 0)
(-0.702048 0.0153393 0)
(-0.682196 -0.0573457 0)
(-0.640889 -0.126446 0)
(-0.569847 -0.191224 0)
(-0.483957 -0.234812 0)
(-0.373946 -0.261629 0)
(-0.267719 -0.250721 0)
(-0.156932 -0.223642 0)
(-0.075045 -0.153487 0)
(-0.015249 -0.0944933 0)
(0.0131023 -0.00910595 0)
(-4.99666e-266 0.00492596 0)
(-0.0737592 0.182899 0)
(-0.156164 0.29588 0)
(-0.266406 0.339869 0)
(-0.382483 0.353066 0)
(-0.498559 0.334198 0)
(-0.606948 0.298719 0)
(-0.699038 0.246003 0)
(-0.77217 0.180737 0)
(-0.817709 0.103333 0)
(-0.835945 0.0129123 0)
(-0.821402 -0.0872182 0)
(-0.780366 -0.185268 0)
(-0.701213 -0.27668 0)
(-0.60141 -0.342393 0)
(-0.468024 -0.383347 0)
(-0.336751 -0.372614 0)
(-0.194988 -0.335279 0)
(-0.091682 -0.233644 0)
(-0.0115887 -0.148995 0)
(0.0158854 -0.00613248 0)
(-0.0197038 0.0783504 0)
(-0.101236 0.267708 0)
(-0.195198 0.390364 0)
(-0.314514 0.456253 0)
(-0.443808 0.473562 0)
(-0.572436 0.452898 0)
(-0.694997 0.405787 0)
(-0.801076 0.335237 0)
(-0.889015 0.24675 0)
(-0.949077 0.140285 0)
(-0.981525 0.0195051 0)
(-0.97737 -0.113159 0)
(-0.941519 -0.245697 0)
(-0.858386 -0.370865 0)
(-0.747031 -0.466547 0)
(-0.587965 -0.527676 0)
(-0.428833 -0.52155 0)
(-0.245005 -0.470661 0)
(-0.119519 -0.333918 0)
(0.000744069 -0.203672 0)
(5.55037e-266 -0.00397134 0)
(-0.0141465 0.128149 0)
(-0.0947604 0.359466 0)
(-0.211936 0.509833 0)
(-0.347701 0.589318 0)
(-0.492929 0.611409 0)
(-0.636788 0.585828 0)
(-0.774026 0.527811 0)
(-0.896939 0.440046 0)
(-1.00244 0.329185 0)
(-1.0824 0.19539 0)
(-1.13514 0.0415575 0)
(-1.14842 -0.128185 0)
(-1.12518 -0.303828 0)
(-1.04449 -0.473049 0)
(-0.925295 -0.612099 0)
(-0.741207 -0.704957 0)
(-0.548683 -0.713893 0)
(-0.317414 -0.65003 0)
(-0.155732 -0.475089 0)
(-0.00184658 -0.277264 0)
(2.09163e-24 -1.42634e-24 0)
(-0.0123171 0.18419 0)
(-0.0980513 0.4638 0)
(-0.231004 0.64202 0)
(-0.381076 0.735685 0)
(-0.542214 0.761683 0)
(-0.701091 0.732734 0)
(-0.854582 0.66535 0)
(-0.995753 0.562799 0)
(-1.12186 0.432142 0)
(-1.22547 0.272508 0)
(-1.30329 0.0860986 0)
(-1.34111 -0.123546 0)
(-1.33836 -0.348353 0)
(-1.2685 -0.571742 0)
(-1.14813 -0.767731 0)
(-0.941229 -0.906647 0)
(-0.712861 -0.941804 0)
(-0.422217 -0.8677 0)
(-0.212619 -0.642788 0)
(-0.00383326 -0.365732 0)
(8.62011e-77 -5.22908e-25 0)
(-0.0108654 0.239283 0)
(-0.0987234 0.579815 0)
(-0.244128 0.793804 0)
(-0.406475 0.901282 0)
(-0.581508 0.932127 0)
(-0.754392 0.898412 0)
(-0.922831 0.82297 0)
(-1.08233 0.707144 0)
(-1.22957 0.559209 0)
(-1.35942 0.376255 0)
(-1.4664 0.157452 0)
(-1.53547 -0.0942284 0)
(-1.56185 -0.37603 0)
(-1.51338 -0.665636 0)
(-1.40162 -0.938711 0)
(-1.17937 -1.14522 0)
(-0.91503 -1.23136 0)
(-0.557195 -1.15887 0)
(-0.284535 -0.888515 0)
(-0.00521573 -0.502941 0)
(2.41139e-164 -2.15503e-77 0)
(-0.0115635 0.290712 0)
(-0.105559 0.695411 0)
(-0.263829 0.94777 0)
(-0.437713 1.07106 0)
(-0.624186 1.10822 0)
(-0.808193 1.07234 0)
(-0.987779 0.992475 0)
(-1.16218 0.868329 0)
(-1.32704 0.708978 0)
(-1.48143 0.508627 0)
(-1.61708 0.262654 0)
(-1.72119 -0.0285136 0)
(-1.78328 -0.368825 0)
(-1.76845 -0.732824 0)
(-1.67951 -1.09882 0)
(-1.45765 -1.39626 0)
(-1.168 -1.55929 0)
(-0.745201 -1.50465 0)
(-0.399959 -1.18435 0)
(-0.0657846 -0.661008 0)
(1.54089e-265 0.0115723 0)
(-0.0131696 0.357483 0)
(-0.111664 0.834272 0)
(-0.279647 1.12763 0)
(-0.460779 1.2625 0)
(-0.652977 1.30396 0)
(-0.841967 1.26214 0)
(-1.02532 1.17775 0)
(-1.20706 1.04606 0)
(-1.38124 0.878633 0)
(-1.55263 0.66555 0)
(-1.71062 0.397025 0)
(-1.84702 0.070765 0)
(-1.94702 -0.32879 0)
(-1.97548 -0.77182 0)
(-1.92586 -1.24919 0)
(-1.72696 -1.66283 0)
(-1.43047 -1.94319 0)
(-0.948152 -1.93933 0)
(-0.506211 -1.5629 0)
(-0.0664232 -0.920209 0)
(0.0462893 -0.0622679 0)
(-0.0177594 0.411281 0)
(-0.126813 0.958985 0)
(-0.309431 1.29406 0)
(-0.497411 1.44116 0)
(-0.688896 1.48765 0)
(-0.874263 1.44214 0)
(-1.04803 1.35659 0)
(-1.22327 1.22264 0)
(-1.38977 1.05413 0)
(-1.56241 0.837267 0)
(-1.7261 0.557344 0)
(-1.88406 0.207895 0)
(-2.01491 -0.238513 0)
(-2.09364 -0.75373 0)
(-2.09926 -1.34314 0)
(-1.95545 -1.89364 0)
(-1.69193 -2.33245 0)
(-1.16474 -2.4366 0)
(-0.654441 -2.05938 0)
(0.0342095 -1.21935 0)
(2.16043e-231 -0.0115723 0)
(-0.0237934 0.504945 0)
(-0.141675 1.12903 0)
(-0.333495 1.50206 0)
(-0.520237 1.64306 0)
(-0.699686 1.68388 0)
(-0.868182 1.62151 0)
(-1.0163 1.52852 0)
(-1.16654 1.3876 0)
(-1.30397 1.21815 0)
(-1.45413 1.00139 0)
(-1.59887 0.717936 0)
(-1.75489 0.35886 0)
(-1.89939 -0.12029 0)
(-2.02222 -0.688728 0)
(-2.09651 -1.38792 0)
(-2.04734 -2.07507 0)
(-1.87883 -2.73456 0)
(-1.40208 -2.99407 0)
(-0.861814 -2.75741 0)
(-0.00394862 -1.60827 0)
(5.41321e-202 4.37941e-184 0)
(-0.041053 0.569555 0)
(-0.184178 1.26258 0)
(-0.394166 1.66859 0)
(-0.577398 1.8017 0)
(-0.726854 1.83375 0)
(-0.859396 1.7551 0)
(-0.95362 1.65438 0)
(-1.05204 1.5087 0)
(-1.12816 1.34173 0)
(-1.22547 1.13227 0)
(-1.31657 0.858663 0)
(-1.44197 0.510081 0)
(-1.56861 0.0309943 0)
(-1.72539 -0.553541 0)
(-1.8604 -1.31141 0)
(-1.95298 -2.10912 0)
(-1.92776 -2.96374 0)
(-1.62388 -3.46293 0)
(-1.12321 -3.43616 0)
(-0.00972237 -2.10914 0)
(1.75176e-183 1.40989e-184 0)
(-0.0604657 0.737896 0)
(-0.225837 1.48643 0)
(-0.438462 1.90446 0)
(-0.599709 1.97697 0)
(-0.697543 1.97276 0)
(-0.770908 1.84876 0)
(-0.787391 1.72511 0)
(-0.80771 1.56256 0)
(-0.795307 1.39292 0)
(-0.808744 1.19053 0)
(-0.813699 0.933601 0)
(-0.869802 0.612334 0)
(-0.94161 0.160476 0)
(-1.0894 -0.394444 0)
(-1.26489 -1.16437 0)
(-1.48959 -2.00496 0)
(-1.68217 -3.07004 0)
(-1.67915 -3.80658 0)
(-1.46489 -4.391 0)
(-0.451106 -2.77695 0)
(4.28228e-254 -4.37941e-184 0)
(-0.125831 0.841478 0)
(-0.358407 1.62732 0)
(-0.565455 2.03688 0)
(-0.683127 2.05085 0)
(-0.670456 2.00389 0)
(-0.640699 1.83982 0)
(-0.526587 1.69189 0)
(-0.430619 1.51538 0)
(-0.291885 1.34395 0)
(-0.193812 1.15258 0)
(-0.0833937 0.921238 0)
(-0.0490486 0.643141 0)
(-0.0319013 0.253403 0)
(-0.15397 -0.221582 0)
(-0.317278 -0.903751 0)
(-0.705364 -1.68092 0)
(-1.07074 -2.74889 0)
(-1.68763 -3.6799 0)
(-1.76116 -4.57934 0)
(-2.04166 -3.6495 0)
(-2.48466e-264 -0.20996 0)
(-0.179956 1.24311 0)
(-0.442856 1.93023 0)
(-0.574408 2.25123 0)
(-0.583939 2.08223 0)
(-0.4122 1.94416 0)
(-0.23497 1.70471 0)
(0.0362766 1.52173 0)
(0.272072 1.32811 0)
(0.54861 1.15817 0)
(0.7692 0.983632 0)
(0.999207 0.787836 0)
(1.1379 0.565206 0)
(1.25575 0.261385 0)
(1.21081 -0.100067 0)
(1.10518 -0.623691 0)
(0.7195 -1.23468 0)
(0.251042 -2.11702 0)
(-0.590098 -3.07225 0)
(-1.22377 -4.12349 0)
(-1.865 -4.39845 0)
(-0.839841 -2.27446 0)
(-0.398911 1.42966 0)
(-0.729718 1.993 0)
(-0.5464 2.17204 0)
(-0.30224 1.87201 0)
(0.20459 1.65621 0)
(0.611936 1.38396 0)
(1.10533 1.18723 0)
(1.50152 1.0014 0)
(1.92023 0.848809 0)
(2.24803 0.704798 0)
(2.57454 0.554394 0)
(2.78532 0.394678 0)
(2.97747 0.183222 0)
(2.97839 -0.0556678 0)
(2.94094 -0.408645 0)
(2.56562 -0.803781 0)
(2.14482 -1.43777 0)
(1.18046 -2.17281 0)
(0.334545 -3.30518 0)
(-0.758262 -3.95752 0)
(-0.694716 -2.95345 0)
(-0.253693 2.43355 0)
(-0.090948 2.07239 0)
(0.6957 1.87457 0)
(1.3291 1.32409 0)
(2.11787 1.05115 0)
(2.70795 0.798207 0)
(3.31773 0.63921 0)
(3.78468 0.509855 0)
(4.24077 0.412567 0)
(4.58639 0.32915 0)
(4.91608 0.248629 0)
(5.12672 0.167035 0)
(5.31713 0.0643019 0)
(5.3288 -0.0511871 0)
(5.31417 -0.220719 0)
(4.99289 -0.416412 0)
(4.64512 -0.761259 0)
(3.75024 -1.22823 0)
(2.81475 -2.24938 0)
(1.06896 -3.3236 0)
(-0.0426732 -3.80147 0)
(1.6698 1.67208 0)
(2.71498 0.977875 0)
(4.56284 0.750559 0)
(5.40139 0.423666 0)
(6.25971 0.283914 0)
(6.75362 0.173854 0)
(7.21195 0.116365 0)
(7.5126 0.0762925 0)
(7.78905 0.0511353 0)
(7.97498 0.0325848 0)
(8.14759 0.0167751 0)
(8.23719 0.00201453 0)
(8.31916 -0.0170104 0)
(8.28008 -0.0368945 0)
(8.24182 -0.0726284 0)
(7.97937 -0.107601 0)
(7.74213 -0.199916 0)
(6.99983 -0.295617 0)
(6.26823 -0.63021 0)
(4.04965 -1.00268 0)
(2.01117 -1.8248 0)
)
;

boundaryField
{
    movingWall
    {
        type            fixedValue;
        value           uniform (10 0 0);
    }
    fixedWalls
    {
        type            noSlip;
    }
    frontAndBack
    {
        type            empty;
    }
}


// ************************************************************************* //
