/*--------------------------------*- C++ -*----------------------------------*\
| =========                 |                                                 |
| \\      /  F ield         | OpenFOAM: The Open Source CFD Toolbox           |
|  \\    /   O peration     | Version:  4.1                                   |
|   \\  /    A nd           | Web:      www.OpenFOAM.org                      |
|    \\/     M anipulation  |                                                 |
\*---------------------------------------------------------------------------*/
FoamFile
{
    version     2.0;
    format      ascii;
    class       volVectorField;
    location    "0.0202";
    object      U;
}
// * * * * * * * * * * * * * * * * * * * * * * * * * * * * * * * * * * * * * //

dimensions      [0 1 -1 0 0 0 0];

internalField   nonuniform List<vector> 
441
(
(0.00334911 -0.00485002 0)
(0.00787101 -0.00298631 0)
(-0.000746793 -2.41265e-165 0)
(0.00151465 -2.28191e-266 0)
(-0.0106374 -0.00605913 0)
(-0.00151465 -2.51241e-232 0)
(-1.10712e-202 -3.56502e-203 0)
(-8.91044e-204 -4.34826e-228 0)
(-1.30683e-212 -1.80001e-213 0)
(-0.00462676 7.07378e-266 0)
(-0.0543361 0.0185078 0)
(-0.0697821 0.0101696 0)
(-0.0808943 0.00509899 0)
(-0.0754967 0.00125869 0)
(-0.0678644 -0.000323411 0)
(-0.0527351 -0.00161527 0)
(-0.0382354 -0.00159895 0)
(-0.0219916 -0.00183828 0)
(-0.0088928 -0.000563358 0)
(-0.0012643 0.000106439 0)
(0.0031156 0.00202377 0)
(0.00282034 -0.0061398 0)
(-0.00477457 0.00712556 0)
(-0.0307129 0.0076652 0)
(-0.058484 0.0117259 0)
(-0.0964201 0.00836183 0)
(-0.127616 -0.00606481 0)
(-0.154448 -0.000848423 0)
(-0.178215 0.000940802 0)
(-0.197976 0.00925517 0)
(-0.218777 0.0480428 0)
(-0.233403 0.0450654 0)
(-0.22963 0.016682 0)
(-0.223597 0.000230087 0)
(-0.201251 -0.0147597 0)
(-0.175225 -0.0224699 0)
(-0.138431 -0.0288983 0)
(-0.102157 -0.0289792 0)
(-0.063714 -0.0285273 0)
(-0.0318727 -0.019843 0)
(-0.0101629 -0.0128519 0)
(0.00274117 1.29306e-05 0)
(0.00594039 -0.00357732 0)
(-0.00766606 0.0301315 0)
(-0.0525204 0.0521899 0)
(-0.106354 0.063831 0)
(-0.165926 0.0620971 0)
(-0.224472 0.054709 0)
(-0.282273 0.0486899 0)
(-0.323118 0.0420473 0)
(-0.362736 0.0388822 0)
(-0.377333 0.0390822 0)
(-0.368318 0.0300989 0)
(-0.355241 0.00137607 0)
(-0.335129 -0.0227665 0)
(-0.300189 -0.0469096 0)
(-0.259215 -0.0623947 0)
(-0.205496 -0.0748236 0)
(-0.152258 -0.0753516 0)
(-0.0959424 -0.0724374 0)
(-0.0495973 -0.0531344 0)
(-0.0160035 -0.0347825 0)
(0.00374963 -0.00481993 0)
(0.00621019 -0.00454324 0)
(-0.011804 0.0671483 0)
(-0.0783674 0.106535 0)
(-0.150055 0.127019 0)
(-0.228636 0.126746 0)
(-0.302142 0.112611 0)
(-0.369011 0.0988344 0)
(-0.421567 0.0820038 0)
(-0.461417 0.0649689 0)
(-0.480581 0.0514357 0)
(-0.47831 0.0226646 0)
(-0.459919 -0.0173939 0)
(-0.431263 -0.0549831 0)
(-0.384501 -0.0915169 0)
(-0.330429 -0.117022 0)
(-0.261167 -0.136958 0)
(-0.192959 -0.138102 0)
(-0.120406 -0.132513 0)
(-0.0617212 -0.0991409 0)
(-0.0178708 -0.0674265 0)
(0.00583295 -0.0119212 0)
(6.09084e-165 0.00155255 0)
(-0.0161201 0.11432 0)
(-0.105158 0.189695 0)
(-0.188412 0.21297 0)
(-0.282346 0.213354 0)
(-0.367071 0.193709 0)
(-0.445949 0.167245 0)
(-0.506372 0.133782 0)
(-0.552669 0.0974701 0)
(-0.574034 0.0566222 0)
(-0.573275 0.00978529 0)
(-0.553366 -0.0453705 0)
(-0.518802 -0.0975686 0)
(-0.463077 -0.14785 0)
(-0.397774 -0.184805 0)
(-0.313245 -0.212759 0)
(-0.23084 -0.214846 0)
(-0.140073 -0.204375 0)
(-0.0700494 -0.154201 0)
(-0.0137566 -0.102926 0)
(0.0121372 -0.0159109 0)
(-5.14885e-266 0.00487792 0)
(-0.0702737 0.176531 0)
(-0.141574 0.27719 0)
(-0.236542 0.305882 0)
(-0.332143 0.305388 0)
(-0.425292 0.277264 0)
(-0.508869 0.238642 0)
(-0.576967 0.189005 0)
(-0.627868 0.133211 0)
(-0.655838 0.0714111 0)
(-0.661939 0.00211547 0)
(-0.643819 -0.0726575 0)
(-0.607632 -0.145159 0)
(-0.544941 -0.213686 0)
(-0.469748 -0.266487 0)
(-0.369751 -0.30562 0)
(-0.271818 -0.310418 0)
(-0.160868 -0.295716 0)
(-0.0773868 -0.223953 0)
(-0.00519232 -0.152392 0)
(0.016014 -0.0127655 0)
(-0.0195117 0.0752597 0)
(-0.0950361 0.252521 0)
(-0.175274 0.356583 0)
(-0.275463 0.402033 0)
(-0.380081 0.401666 0)
(-0.481095 0.369408 0)
(-0.57373 0.318472 0)
(-0.650216 0.252216 0)
(-0.709623 0.176261 0)
(-0.745371 0.0906044 0)
(-0.758652 -0.00185409 0)
(-0.744807 -0.0998007 0)
(-0.709337 -0.195665 0)
(-0.641825 -0.286175 0)
(-0.558137 -0.358707 0)
(-0.441303 -0.411642 0)
(-0.327367 -0.421742 0)
(-0.189678 -0.400277 0)
(-0.095514 -0.30722 0)
(0.00715543 -0.197708 0)
(5.30028e-266 -0.0040035 0)
(-0.0138071 0.121723 0)
(-0.0867624 0.333337 0)
(-0.187981 0.458374 0)
(-0.301869 0.511591 0)
(-0.419076 0.51154 0)
(-0.531326 0.471467 0)
(-0.633762 0.408269 0)
(-0.721078 0.325036 0)
(-0.790647 0.228782 0)
(-0.837631 0.120094 0)
(-0.861568 0.00178355 0)
(-0.855933 -0.122784 0)
(-0.82528 -0.24791 0)
(-0.756459 -0.366432 0)
(-0.666076 -0.46648 0)
(-0.533149 -0.53913 0)
(-0.399657 -0.560579 0)
(-0.234889 -0.532141 0)
(-0.120059 -0.416899 0)
(-0.000491488 -0.255966 0)
(1.69449e-24 -1.87129e-24 0)
(-0.011716 0.172947 0)
(-0.0889608 0.424989 0)
(-0.204918 0.57057 0)
(-0.331579 0.631676 0)
(-0.462635 0.63033 0)
(-0.58686 0.583007 0)
(-0.701211 0.507777 0)
(-0.800727 0.408433 0)
(-0.882792 0.2928 0)
(-0.943365 0.161209 0)
(-0.980635 0.016917 0)
(-0.987451 -0.136355 0)
(-0.966094 -0.294104 0)
(-0.900783 -0.446013 0)
(-0.807106 -0.580184 0)
(-0.65832 -0.679589 0)
(-0.502784 -0.716797 0)
(-0.301409 -0.682762 0)
(-0.158413 -0.535968 0)
(-0.00295736 -0.322689 0)
(6.85744e-77 -4.23622e-25 0)
(-0.0102447 0.223295 0)
(-0.0897821 0.528205 0)
(-0.218505 0.702085 0)
(-0.357505 0.770197 0)
(-0.501997 0.767711 0)
(-0.63873 0.71047 0)
(-0.765019 0.622807 0)
(-0.877825 0.50668 0)
(-0.973553 0.371836 0)
(-1.05041 0.217609 0)
(-1.1046 0.0460572 0)
(-1.12922 -0.138211 0)
(-1.12359 -0.334459 0)
(-1.06896 -0.527348 0)
(-0.977842 -0.708615 0)
(-0.816329 -0.847278 0)
(-0.635937 -0.91624 0)
(-0.389944 -0.883157 0)
(-0.206784 -0.711463 0)
(-0.0052236 -0.425026 0)
(1.87782e-164 -1.71436e-77 0)
(-0.0110267 0.270059 0)
(-0.0979976 0.631604 0)
(-0.241609 0.836447 0)
(-0.394205 0.9133 0)
(-0.55196 0.910371 0)
(-0.700756 0.844541 0)
(-0.837827 0.746274 0)
(-0.963282 0.616048 0)
(-1.07212 0.46531 0)
(-1.16651 0.291856 0)
(-1.23988 0.0962396 0)
(-1.28807 -0.11751 0)
(-1.30534 -0.353055 0)
(-1.27204 -0.592215 0)
(-1.19315 -0.830353 0)
(-1.02751 -1.02331 0)
(-0.823894 -1.13878 0)
(-0.528268 -1.11612 0)
(-0.292032 -0.911633 0)
(-0.0572168 -0.537558 0)
(1.05441e-265 0.00886556 0)
(-0.0129272 0.333543 0)
(-0.107049 0.761029 0)
(-0.264515 1.00013 0)
(-0.429017 1.0816 0)
(-0.597446 1.07585 0)
(-0.755877 0.996757 0)
(-0.900753 0.8864 0)
(-1.0365 0.740994 0)
(-1.15625 0.575516 0)
(-1.26746 0.385038 0)
(-1.36092 0.167528 0)
(-1.43656 -0.0736274 0)
(-1.48411 -0.350862 0)
(-1.48325 -0.641565 0)
(-1.43034 -0.953534 0)
(-1.27327 -1.22127 0)
(-1.05193 -1.41538 0)
(-0.694853 -1.42419 0)
(-0.375202 -1.17925 0)
(-0.0512831 -0.73015 0)
(0.0354623 -0.0566898 0)
(-0.0179672 0.385847 0)
(-0.126693 0.880302 0)
(-0.305234 1.15567 0)
(-0.484284 1.2431 0)
(-0.660911 1.23561 0)
(-0.825362 1.1455 0)
(-0.970965 1.02613 0)
(-1.11088 0.870232 0)
(-1.23387 0.696078 0)
(-1.35687 0.496143 0)
(-1.46559 0.26575 0)
(-1.56962 0.00597152 0)
(-1.65043 -0.304915 0)
(-1.69508 -0.645577 0)
(-1.68354 -1.03713 0)
(-1.55864 -1.40287 0)
(-1.33968 -1.71211 0)
(-0.914435 -1.79776 0)
(-0.51052 -1.54831 0)
(0.0344698 -0.952199 0)
(1.76506e-231 -0.00886556 0)
(-0.0247064 0.481162 0)
(-0.147814 1.05148 0)
(-0.34444 1.36166 0)
(-0.53331 1.43852 0)
(-0.711258 1.42014 0)
(-0.874218 1.30724 0)
(-1.0117 1.17386 0)
(-1.14618 1.00393 0)
(-1.26177 0.822066 0)
(-1.38525 0.616516 0)
(-1.49833 0.379567 0)
(-1.62114 0.110596 0)
(-1.73088 -0.227039 0)
(-1.82377 -0.609898 0)
(-1.87062 -1.09203 0)
(-1.81009 -1.56966 0)
(-1.63958 -2.06199 0)
(-1.20702 -2.26709 0)
(-0.728079 -2.12535 0)
(-0.00339632 -1.2681 0)
(4.47577e-202 3.79448e-184 0)
(-0.0427353 0.551075 0)
(-0.197347 1.1939 0)
(-0.422606 1.537 0)
(-0.621643 1.6042 0)
(-0.786789 1.57454 0)
(-0.934177 1.44219 0)
(-1.04161 1.29739 0)
(-1.15138 1.11859 0)
(-1.23625 0.935002 0)
(-1.33978 0.732661 0)
(-1.43349 0.501846 0)
(-1.55739 0.239803 0)
(-1.67562 -0.101047 0)
(-1.81581 -0.503538 0)
(-1.92032 -1.04635 0)
(-1.97219 -1.6325 0)
(-1.89177 -2.30464 0)
(-1.55284 -2.71699 0)
(-1.03341 -2.73336 0)
(-0.00614304 -1.70256 0)
(1.51779e-183 3.17252e-184 0)
(-0.0628737 0.728825 0)
(-0.245515 1.43567 0)
(-0.483722 1.79502 0)
(-0.675052 1.80388 0)
(-0.807016 1.7394 0)
(-0.917398 1.56241 0)
(-0.973102 1.3948 0)
(-1.0343 1.19876 0)
(-1.06377 1.01149 0)
(-1.11887 0.814045 0)
(-1.1631 0.595717 0)
(-1.25215 0.353254 0)
(-1.34513 0.0274401 0)
(-1.49518 -0.364218 0)
(-1.64505 -0.941948 0)
(-1.81038 -1.59724 0)
(-1.90468 -2.49126 0)
(-1.78508 -3.13372 0)
(-1.45885 -3.69411 0)
(-0.417811 -2.34068 0)
(3.83149e-254 -3.79448e-184 0)
(-0.128239 0.844731 0)
(-0.380067 1.60132 0)
(-0.618971 1.96051 0)
(-0.77709 1.91722 0)
(-0.813321 1.81535 0)
(-0.838783 1.60276 0)
(-0.785822 1.41452 0)
(-0.755541 1.20755 0)
(-0.686531 1.02017 0)
(-0.65926 0.833182 0)
(-0.617828 0.635624 0)
(-0.643115 0.425631 0)
(-0.670328 0.142932 0)
(-0.808945 -0.196956 0)
(-0.955882 -0.726411 0)
(-1.2768 -1.36386 0)
(-1.53054 -2.30945 0)
(-1.96731 -3.16382 0)
(-1.8706 -4.02908 0)
(-1.94907 -3.22977 0)
(-2.31509e-264 -0.198704 0)
(-0.180989 1.25769 0)
(-0.457972 1.93041 0)
(-0.618804 2.21375 0)
(-0.669702 1.99838 0)
(-0.551663 1.81476 0)
(-0.437536 1.53474 0)
(-0.238605 1.31821 0)
(-0.0820654 1.09972 0)
(0.109072 0.917132 0)
(0.242438 0.746593 0)
(0.387598 0.577892 0)
(0.453013 0.408901 0)
(0.516874 0.187595 0)
(0.449375 -0.0718541 0)
(0.357377 -0.486648 0)
(0.0316338 -1.00754 0)
(-0.334199 -1.82954 0)
(-1.01407 -2.75263 0)
(-1.45852 -3.79597 0)
(-1.88365 -4.08856 0)
(-0.794817 -2.16424 0)
(-0.397259 1.44874 0)
(-0.729008 2.01017 0)
(-0.560905 2.16605 0)
(-0.346316 1.83349 0)
(0.115421 1.58456 0)
(0.465179 1.28264 0)
(0.888641 1.06168 0)
(1.2057 0.858547 0)
(1.53755 0.697733 0)
(1.77614 0.557368 0)
(2.01621 0.426252 0)
(2.15347 0.303389 0)
(2.29336 0.147481 0)
(2.27578 -0.0239236 0)
(2.25658 -0.306809 0)
(1.94175 -0.649473 0)
(1.61013 -1.26058 0)
(0.768246 -2.00333 0)
(0.060919 -3.15422 0)
(-0.870835 -3.82184 0)
(-0.687069 -2.90731 0)
(-0.250523 2.44571 0)
(-0.0768412 2.08866 0)
(0.712669 1.88222 0)
(1.33512 1.31572 0)
(2.09686 1.02549 0)
(2.64577 0.757121 0)
(3.20111 0.586065 0)
(3.60395 0.448808 0)
(3.98878 0.348638 0)
(4.26135 0.268522 0)
(4.52179 0.198734 0)
(4.67556 0.136029 0)
(4.82978 0.0599515 0)
(4.83521 -0.024287 0)
(4.84805 -0.163836 0)
(4.58787 -0.339334 0)
(4.32177 -0.683391 0)
(3.51671 -1.16683 0)
(2.66386 -2.21505 0)
(1.00061 -3.29549 0)
(-0.0413899 -3.7968 0)
(1.67191 1.67435 0)
(2.72678 0.981325 0)
(4.58374 0.753265 0)
(5.42358 0.424056 0)
(6.27317 0.281652 0)
(6.74892 0.169383 0)
(7.18105 0.110414 0)
(7.45005 0.0696974 0)
(7.69173 0.0448419 0)
(7.84328 0.0275908 0)
(7.98546 0.0142436 0)
(8.05351 0.00291299 0)
(8.12684 -0.0117671 0)
(8.09672 -0.0275971 0)
(8.08456 -0.0601869 0)
(7.86429 -0.0952113 0)
(7.67312 -0.191108 0)
(6.97188 -0.29386 0)
(6.26229 -0.636865 0)
(4.0514 -1.01405 0)
(2.02078 -1.84029 0)
)
;

boundaryField
{
    movingWall
    {
        type            fixedValue;
        value           uniform (10 0 0);
    }
    fixedWalls
    {
        type            noSlip;
    }
    frontAndBack
    {
        type            empty;
    }
}


// ************************************************************************* //
