/*--------------------------------*- C++ -*----------------------------------*\
| =========                 |                                                 |
| \\      /  F ield         | OpenFOAM: The Open Source CFD Toolbox           |
|  \\    /   O peration     | Version:  4.1                                   |
|   \\  /    A nd           | Web:      www.OpenFOAM.org                      |
|    \\/     M anipulation  |                                                 |
\*---------------------------------------------------------------------------*/
FoamFile
{
    version     2.0;
    format      ascii;
    class       volVectorField;
    location    "0.0019";
    object      U;
}
// * * * * * * * * * * * * * * * * * * * * * * * * * * * * * * * * * * * * * //

dimensions      [0 1 -1 0 0 0 0];

internalField   nonuniform List<vector> 
441
(
(0.00126539 -0.00412964 0)
(7.88692e-05 -0.00461862 0)
(-0.00115134 -3.90192e-165 0)
(0.00106346 -5.05998e-267 0)
(-0.0167537 -0.00427029 0)
(-0.00106346 -2.58018e-232 0)
(-1.62508e-202 -2.36384e-203 0)
(-5.90199e-204 -2.5077e-228 0)
(-1.66465e-212 -6.41622e-214 0)
(-0.00519356 9.20868e-266 0)
(-0.0519371 0.0208091 0)
(-0.0649918 0.0109626 0)
(-0.07509 0.00488932 0)
(-0.0722839 0.000833733 0)
(-0.0685753 -0.00107885 0)
(-0.0593777 -0.00244551 0)
(-0.0504836 -0.00292839 0)
(-0.0386723 -0.00360359 0)
(-0.0271807 -0.00350068 0)
(-0.0149088 -0.00389613 0)
(-0.00217493 -0.0026787 0)
(-0.000467706 0.00305202 0)
(-0.0149571 0.00738849 0)
(-0.0352987 0.00219325 0)
(-0.0504114 0.0147665 0)
(-0.0709245 0.00580206 0)
(-0.0856602 -0.0114321 0)
(-0.0977588 -0.00143902 0)
(-0.108721 0.00074631 0)
(-0.116482 0.00926265 0)
(-0.126787 0.0439648 0)
(-0.129502 0.0370241 0)
(-0.121698 0.0126183 0)
(-0.119184 0.00190849 0)
(-0.109322 -0.00741669 0)
(-0.100399 -0.0118148 0)
(-0.0859435 -0.0160092 0)
(-0.0722427 -0.0175196 0)
(-0.0548 -0.0202763 0)
(-0.0381233 -0.019929 0)
(-0.0204344 -0.0217625 0)
(-0.0023653 -0.0141993 0)
(0.00275847 0.00988705 0)
(-0.0111716 0.029449 0)
(-0.0416435 0.0330829 0)
(-0.0637969 0.0346477 0)
(-0.0820894 0.030044 0)
(-0.10717 0.0235693 0)
(-0.130877 0.0216609 0)
(-0.14372 0.0180353 0)
(-0.159657 0.0171782 0)
(-0.15827 0.0182858 0)
(-0.142479 0.0167713 0)
(-0.135 0.00227221 0)
(-0.12852 -0.00705697 0)
(-0.118272 -0.017475 0)
(-0.10788 -0.0239909 0)
(-0.0919519 -0.0306002 0)
(-0.076939 -0.0334385 0)
(-0.0572059 -0.0379484 0)
(-0.0393809 -0.037127 0)
(-0.0200415 -0.0398772 0)
(-0.000855831 -0.0247914 0)
(0.00781361 0.0118799 0)
(-0.00142947 0.0534635 0)
(-0.0414126 0.0557649 0)
(-0.0685217 0.0563735 0)
(-0.0934595 0.0496194 0)
(-0.116754 0.0396565 0)
(-0.136037 0.0357209 0)
(-0.150623 0.0297663 0)
(-0.160814 0.0246916 0)
(-0.164259 0.02373 0)
(-0.158816 0.0129415 0)
(-0.15097 -0.00236047 0)
(-0.142824 -0.0152784 0)
(-0.12978 -0.0286673 0)
(-0.116849 -0.0381562 0)
(-0.0979567 -0.0476604 0)
(-0.0807041 -0.0519428 0)
(-0.0574786 -0.0588142 0)
(-0.0380288 -0.0565962 0)
(-0.0156875 -0.0614003 0)
(0.0025944 -0.0349129 0)
(6.51959e-165 0.0019534 0)
(-0.00284938 0.0783072 0)
(-0.0503598 0.0996115 0)
(-0.0767672 0.0858493 0)
(-0.104685 0.0778933 0)
(-0.128389 0.0650944 0)
(-0.149564 0.055116 0)
(-0.164208 0.0426461 0)
(-0.17519 0.0307387 0)
(-0.177783 0.0175233 0)
(-0.173092 0.00388809 0)
(-0.165964 -0.0130154 0)
(-0.156316 -0.0278109 0)
(-0.141882 -0.0432502 0)
(-0.127087 -0.0552226 0)
(-0.105281 -0.0669372 0)
(-0.0863225 -0.0730315 0)
(-0.0580622 -0.0811193 0)
(-0.0373348 -0.077734 0)
(-0.00809824 -0.0810331 0)
(0.00975881 -0.0368482 0)
(-8.82451e-266 0.00633897 0)
(-0.0593224 0.108317 0)
(-0.06674 0.128062 0)
(-0.0978354 0.112205 0)
(-0.117949 0.101365 0)
(-0.142566 0.0854846 0)
(-0.161196 0.0719246 0)
(-0.177179 0.0554842 0)
(-0.187368 0.0385152 0)
(-0.192254 0.0207504 0)
(-0.190818 0.000891038 0)
(-0.184226 -0.0198689 0)
(-0.174162 -0.0395441 0)
(-0.157833 -0.0586743 0)
(-0.140726 -0.0746284 0)
(-0.115358 -0.0895799 0)
(-0.093197 -0.098501 0)
(-0.0584692 -0.109701 0)
(-0.0334909 -0.10523 0)
(0.0108522 -0.111225 0)
(0.0191661 -0.0329147 0)
(-0.0253559 0.0688374 0)
(-0.0698742 0.139626 0)
(-0.0835424 0.140546 0)
(-0.110686 0.135244 0)
(-0.133761 0.123024 0)
(-0.158635 0.107478 0)
(-0.179153 0.089747 0)
(-0.195976 0.068551 0)
(-0.207267 0.0459188 0)
(-0.212696 0.0212025 0)
(-0.211878 -0.00385055 0)
(-0.205362 -0.0294847 0)
(-0.194463 -0.0537763 0)
(-0.176546 -0.0767521 0)
(-0.157601 -0.0969668 0)
(-0.128533 -0.114927 0)
(-0.104908 -0.128613 0)
(-0.0624059 -0.141867 0)
(-0.040643 -0.144934 0)
(0.0243717 -0.135281 0)
(6.19375e-266 -0.00479153 0)
(-0.0190141 0.104428 0)
(-0.0562643 0.167079 0)
(-0.0862449 0.170073 0)
(-0.119792 0.163091 0)
(-0.147357 0.150124 0)
(-0.17533 0.131354 0)
(-0.197266 0.109849 0)
(-0.215973 0.0837016 0)
(-0.228064 0.0555255 0)
(-0.234896 0.0250474 0)
(-0.235041 -0.00646349 0)
(-0.228844 -0.0378336 0)
(-0.217364 -0.0684684 0)
(-0.19818 -0.0964475 0)
(-0.176971 -0.122489 0)
(-0.145528 -0.143954 0)
(-0.118658 -0.163531 0)
(-0.0756377 -0.177434 0)
(-0.0501514 -0.188017 0)
(0.00304593 -0.160208 0)
(1.13517e-24 -3.99598e-24 0)
(-0.015909 0.142345 0)
(-0.0564912 0.204622 0)
(-0.0956251 0.204179 0)
(-0.133287 0.194877 0)
(-0.166062 0.178617 0)
(-0.196528 0.15652 0)
(-0.220828 0.13044 0)
(-0.240921 0.0989448 0)
(-0.253957 0.064965 0)
(-0.26155 0.0280965 0)
(-0.261978 -0.00968575 0)
(-0.256094 -0.0471592 0)
(-0.244054 -0.0840574 0)
(-0.224128 -0.117262 0)
(-0.201035 -0.148796 0)
(-0.167252 -0.173747 0)
(-0.137398 -0.196733 0)
(-0.0908622 -0.211793 0)
(-0.0619299 -0.22025 0)
(-0.00210146 -0.188686 0)
(4.10238e-77 -2.83794e-25 0)
(-0.0146935 0.178449 0)
(-0.0572893 0.24817 0)
(-0.103848 0.248755 0)
(-0.146461 0.234458 0)
(-0.184207 0.214863 0)
(-0.218024 0.186706 0)
(-0.24436 0.155273 0)
(-0.266107 0.117083 0)
(-0.279741 0.0766698 0)
(-0.288323 0.032978 0)
(-0.289089 -0.0119034 0)
(-0.283964 -0.0562031 0)
(-0.271724 -0.100777 0)
(-0.251626 -0.140414 0)
(-0.226679 -0.179764 0)
(-0.190467 -0.209405 0)
(-0.1566 -0.239804 0)
(-0.105562 -0.256357 0)
(-0.0727053 -0.275164 0)
(-0.00929263 -0.228857 0)
(9.6915e-165 -1.0256e-77 0)
(-0.0158205 0.212318 0)
(-0.0646435 0.291921 0)
(-0.119275 0.292618 0)
(-0.167444 0.273573 0)
(-0.209878 0.249916 0)
(-0.246437 0.215525 0)
(-0.273826 0.178516 0)
(-0.296176 0.13371 0)
(-0.30936 0.0872766 0)
(-0.318346 0.0372563 0)
(-0.319058 -0.0139128 0)
(-0.315336 -0.0644349 0)
(-0.303606 -0.116141 0)
(-0.285236 -0.162105 0)
(-0.259579 -0.209204 0)
(-0.223528 -0.243808 0)
(-0.185632 -0.279533 0)
(-0.135889 -0.296602 0)
(-0.0961768 -0.31104 0)
(-0.0633149 -0.265344 0)
(-4.05418e-266 0.00282294 0)
(-0.0182799 0.261153 0)
(-0.0730406 0.353933 0)
(-0.135581 0.354631 0)
(-0.189189 0.326585 0)
(-0.235469 0.296486 0)
(-0.274214 0.251592 0)
(-0.301441 0.206824 0)
(-0.323674 0.1531 0)
(-0.335486 0.0997114 0)
(-0.344643 0.0427714 0)
(-0.345195 -0.0149837 0)
(-0.343515 -0.0719644 0)
(-0.333149 -0.131825 0)
(-0.317853 -0.185295 0)
(-0.292739 -0.243099 0)
(-0.256297 -0.28506 0)
(-0.213525 -0.329336 0)
(-0.149846 -0.348678 0)
(-0.0981166 -0.350312 0)
(-0.0177184 -0.327389 0)
(0.0112917 -0.0745664 0)
(-0.0234634 0.300262 0)
(-0.0896073 0.406118 0)
(-0.164686 0.407125 0)
(-0.225629 0.37062 0)
(-0.274339 0.334312 0)
(-0.313512 0.279523 0)
(-0.337084 0.227886 0)
(-0.356776 0.166711 0)
(-0.364565 0.108305 0)
(-0.372779 0.0467369 0)
(-0.372364 -0.015023 0)
(-0.373766 -0.0760002 0)
(-0.365918 -0.14179 0)
(-0.357098 -0.201422 0)
(-0.334947 -0.270408 0)
(-0.301999 -0.321573 0)
(-0.25568 -0.384581 0)
(-0.17323 -0.410893 0)
(-0.110217 -0.44023 0)
(0.0552778 -0.374559 0)
(1.02983e-231 -0.00282294 0)
(-0.0301852 0.37884 0)
(-0.107211 0.499104 0)
(-0.193982 0.496573 0)
(-0.260923 0.438622 0)
(-0.309856 0.389205 0)
(-0.347559 0.315682 0)
(-0.365424 0.253217 0)
(-0.381326 0.181274 0)
(-0.38401 0.117103 0)
(-0.390865 0.0508578 0)
(-0.389212 -0.014281 0)
(-0.394079 -0.0784507 0)
(-0.389512 -0.150517 0)
(-0.38955 -0.216796 0)
(-0.373283 -0.301986 0)
(-0.352212 -0.365971 0)
(-0.307 -0.462588 0)
(-0.233067 -0.498912 0)
(-0.151524 -0.578118 0)
(0.00245414 -0.45278 0)
(8.45237e-203 7.32733e-185 0)
(-0.0461607 0.431028 0)
(-0.147022 0.563406 0)
(-0.253281 0.557691 0)
(-0.328002 0.480961 0)
(-0.369919 0.419871 0)
(-0.401205 0.331445 0)
(-0.405237 0.2615 0)
(-0.413142 0.183448 0)
(-0.406219 0.11787 0)
(-0.410179 0.0516692 0)
(-0.405875 -0.0119167 0)
(-0.415565 -0.0744353 0)
(-0.415139 -0.146582 0)
(-0.429682 -0.214752 0)
(-0.42214 -0.30781 0)
(-0.424783 -0.383448 0)
(-0.382541 -0.502464 0)
(-0.325887 -0.561818 0)
(-0.214607 -0.671257 0)
(-0.00317193 -0.525579 0)
(2.93093e-184 -1.30685e-183 0)
(-0.063552 0.582467 0)
(-0.185712 0.712734 0)
(-0.305088 0.689737 0)
(-0.382268 0.558465 0)
(-0.412959 0.471272 0)
(-0.435461 0.352422 0)
(-0.425445 0.270268 0)
(-0.425887 0.18287 0)
(-0.410524 0.116168 0)
(-0.412092 0.0509252 0)
(-0.405295 -0.00955314 0)
(-0.418444 -0.0686791 0)
(-0.421296 -0.140127 0)
(-0.447548 -0.209146 0)
(-0.45084 -0.314969 0)
(-0.477745 -0.405039 0)
(-0.454061 -0.5756 0)
(-0.435741 -0.66774 0)
(-0.330426 -0.919283 0)
(-0.165638 -0.677405 0)
(9.14008e-256 -7.32733e-185 0)
(-0.119416 0.665938 0)
(-0.298572 0.790961 0)
(-0.429367 0.748696 0)
(-0.504577 0.578249 0)
(-0.497155 0.471637 0)
(-0.500107 0.337461 0)
(-0.460448 0.251825 0)
(-0.448246 0.165385 0)
(-0.418691 0.104093 0)
(-0.416793 0.0460646 0)
(-0.406068 -0.00582821 0)
(-0.424694 -0.055993 0)
(-0.431205 -0.118075 0)
(-0.477687 -0.179274 0)
(-0.493621 -0.278086 0)
(-0.573405 -0.369905 0)
(-0.56893 -0.542455 0)
(-0.679233 -0.67173 0)
(-0.548962 -0.926675 0)
(-0.705359 -0.850552 0)
(-1.40771e-264 -0.0964222 0)
(-0.164851 1.02609 0)
(-0.382641 1.0316 0)
(-0.498569 0.921382 0)
(-0.558318 0.628712 0)
(-0.516184 0.482071 0)
(-0.503788 0.315821 0)
(-0.446209 0.225852 0)
(-0.428522 0.140848 0)
(-0.39245 0.0872772 0)
(-0.389897 0.0385807 0)
(-0.376783 -0.00278758 0)
(-0.396826 -0.0422176 0)
(-0.403042 -0.0927557 0)
(-0.455007 -0.143802 0)
(-0.478205 -0.23285 0)
(-0.575041 -0.323703 0)
(-0.60591 -0.500349 0)
(-0.743858 -0.671906 0)
(-0.72138 -0.966216 0)
(-0.786028 -1.16633 0)
(-0.385689 -0.843936 0)
(-0.361111 1.17806 0)
(-0.683031 1.09501 0)
(-0.657332 0.916 0)
(-0.660833 0.577057 0)
(-0.504556 0.416063 0)
(-0.457071 0.257156 0)
(-0.355521 0.176915 0)
(-0.326275 0.106907 0)
(-0.276608 0.0655967 0)
(-0.272251 0.0298328 0)
(-0.255462 0.00057348 0)
(-0.279094 -0.0261018 0)
(-0.28567 -0.0612015 0)
(-0.351588 -0.0946047 0)
(-0.381718 -0.159898 0)
(-0.521317 -0.223291 0)
(-0.575426 -0.374534 0)
(-0.811299 -0.523172 0)
(-0.81744 -0.880186 0)
(-0.922172 -1.1369 0)
(-0.507936 -1.24826 0)
(-0.231508 2.13889 0)
(-0.276178 1.32899 0)
(0.00340522 0.950516 0)
(0.0977261 0.470164 0)
(0.307281 0.300254 0)
(0.371337 0.162046 0)
(0.479354 0.103694 0)
(0.508186 0.0594715 0)
(0.557758 0.0357562 0)
(0.561592 0.0171854 0)
(0.580648 0.00249854 0)
(0.560342 -0.00987021 0)
(0.561948 -0.0268708 0)
(0.506234 -0.0424824 0)
(0.494981 -0.0793491 0)
(0.374846 -0.120389 0)
(0.348894 -0.247082 0)
(0.112532 -0.41549 0)
(0.0715235 -0.930757 0)
(-0.277862 -1.46885 0)
(-0.184004 -2.37425 0)
(1.62525 1.57258 0)
(2.36485 0.793686 0)
(3.62073 0.535241 0)
(3.92675 0.24511 0)
(4.29927 0.145597 0)
(4.396 0.0720111 0)
(4.51958 0.0425943 0)
(4.54996 0.0230283 0)
(4.59668 0.0130654 0)
(4.60094 0.00630451 0)
(4.6192 0.00104444 0)
(4.60349 -0.00332859 0)
(4.60883 -0.00974338 0)
(4.56227 -0.016324 0)
(4.5582 -0.0331137 0)
(4.43876 -0.0516152 0)
(4.40488 -0.115799 0)
(4.05103 -0.189202 0)
(3.84369 -0.470814 0)
(2.58226 -0.761088 0)
(1.71356 -1.57115 0)
)
;

boundaryField
{
    movingWall
    {
        type            fixedValue;
        value           uniform (10 0 0);
    }
    fixedWalls
    {
        type            noSlip;
    }
    frontAndBack
    {
        type            empty;
    }
}


// ************************************************************************* //
