/*--------------------------------*- C++ -*----------------------------------*\
| =========                 |                                                 |
| \\      /  F ield         | OpenFOAM: The Open Source CFD Toolbox           |
|  \\    /   O peration     | Version:  4.1                                   |
|   \\  /    A nd           | Web:      www.OpenFOAM.org                      |
|    \\/     M anipulation  |                                                 |
\*---------------------------------------------------------------------------*/
FoamFile
{
    version     2.0;
    format      ascii;
    class       volVectorField;
    location    "0.0273";
    object      U;
}
// * * * * * * * * * * * * * * * * * * * * * * * * * * * * * * * * * * * * * //

dimensions      [0 1 -1 0 0 0 0];

internalField   nonuniform List<vector> 
441
(
(0.00328544 -0.00465552 0)
(0.00802079 -0.00277104 0)
(-0.000692863 -2.28017e-165 0)
(0.00156279 -2.43225e-266 0)
(-0.00980661 -0.0062517 0)
(-0.00156279 -2.54655e-232 0)
(-1.08645e-202 -3.84778e-203 0)
(-9.61756e-204 -4.75216e-228 0)
(-1.34401e-212 -1.96435e-213 0)
(-0.00473742 7.21873e-266 0)
(-0.0560128 0.0189513 0)
(-0.0714407 0.0102983 0)
(-0.0822326 0.00507792 0)
(-0.0755805 0.00106915 0)
(-0.0665837 -0.000522077 0)
(-0.0499985 -0.00180369 0)
(-0.0346239 -0.00160233 0)
(-0.0184071 -0.00170319 0)
(-0.00608987 -0.0002412 0)
(-0.000118386 0.000380511 0)
(0.0033505 0.00214078 0)
(0.00292646 -0.00643514 0)
(-0.00365153 0.00675966 0)
(-0.0287156 0.007594 0)
(-0.0564732 0.0111377 0)
(-0.0953729 0.00865466 0)
(-0.128589 -0.00525792 0)
(-0.157786 -0.000681317 0)
(-0.184 0.00103583 0)
(-0.206022 0.00962984 0)
(-0.228582 0.0495386 0)
(-0.244132 0.046136 0)
(-0.239643 0.0161944 0)
(-0.231901 -0.00132487 0)
(-0.20634 -0.017268 0)
(-0.176697 -0.0250847 0)
(-0.136176 -0.0311315 0)
(-0.0973071 -0.0297881 0)
(-0.058052 -0.0279027 0)
(-0.0270821 -0.0176638 0)
(-0.00798914 -0.0105511 0)
(0.00318165 0.00128691 0)
(0.00606021 -0.00454474 0)
(-0.00676885 0.028475 0)
(-0.0508769 0.0513904 0)
(-0.105803 0.0646909 0)
(-0.168428 0.0648852 0)
(-0.230789 0.0590167 0)
(-0.29359 0.0533813 0)
(-0.339496 0.0466044 0)
(-0.383741 0.0427932 0)
(-0.401186 0.0418049 0)
(-0.392951 0.0307899 0)
(-0.378741 -0.000931183 0)
(-0.355744 -0.0276616 0)
(-0.3158 -0.0539673 0)
(-0.268985 -0.0698778 0)
(-0.209042 -0.081392 0)
(-0.150945 -0.0787069 0)
(-0.0919695 -0.0723078 0)
(-0.0453593 -0.0492996 0)
(-0.0139357 -0.0302069 0)
(0.00428583 -0.00214152 0)
(0.00596931 -0.00588812 0)
(-0.0123837 0.0652464 0)
(-0.0797013 0.106766 0)
(-0.154377 0.130634 0)
(-0.238118 0.133929 0)
(-0.318023 0.122254 0)
(-0.392184 0.109178 0)
(-0.451756 0.091822 0)
(-0.497756 0.072951 0)
(-0.521023 0.0565028 0)
(-0.520545 0.0234176 0)
(-0.501036 -0.0219536 0)
(-0.468789 -0.0643935 0)
(-0.415433 -0.10495 0)
(-0.353329 -0.13166 0)
(-0.275022 -0.150372 0)
(-0.199109 -0.146368 0)
(-0.121165 -0.134894 0)
(-0.0601148 -0.094987 0)
(-0.0170868 -0.0614563 0)
(0.00623846 -0.00802999 0)
(6.02749e-165 0.00149233 0)
(-0.0173804 0.113751 0)
(-0.109281 0.192655 0)
(-0.197961 0.221941 0)
(-0.299733 0.227675 0)
(-0.393511 0.211644 0)
(-0.48227 0.186195 0)
(-0.551989 0.151433 0)
(-0.606476 0.111613 0)
(-0.633543 0.0652131 0)
(-0.635813 0.011184 0)
(-0.615313 -0.0524304 0)
(-0.576921 -0.112593 0)
(-0.513284 -0.169611 0)
(-0.437763 -0.209297 0)
(-0.340881 -0.236188 0)
(-0.247203 -0.231219 0)
(-0.147252 -0.212113 0)
(-0.0719915 -0.151845 0)
(-0.0145568 -0.097224 0)
(0.0125398 -0.0120924 0)
(-5.00988e-266 0.00485016 0)
(-0.0714796 0.178718 0)
(-0.148371 0.285705 0)
(-0.251067 0.32275 0)
(-0.357206 0.329456 0)
(-0.461981 0.305821 0)
(-0.557931 0.268192 0)
(-0.637651 0.21629 0)
(-0.699027 0.155146 0)
(-0.734891 0.085174 0)
(-0.746122 0.00536309 0)
(-0.728847 -0.0816996 0)
(-0.689558 -0.166243 0)
(-0.618294 -0.245368 0)
(-0.530987 -0.303623 0)
(-0.414952 -0.342833 0)
(-0.301385 -0.339042 0)
(-0.176271 -0.312692 0)
(-0.0838977 -0.22604 0)
(-0.00862964 -0.148867 0)
(0.0158133 -0.00914598 0)
(-0.0194007 0.0761954 0)
(-0.0973968 0.258836 0)
(-0.18446 0.372769 0)
(-0.294335 0.429248 0)
(-0.411564 0.438087 0)
(-0.5265 0.41128 0)
(-0.633944 0.361375 0)
(-0.724666 0.291904 0)
(-0.797439 0.208775 0)
(-0.844128 0.112174 0)
(-0.865717 0.00557509 0)
(-0.855467 -0.109181 0)
(-0.818968 -0.222276 0)
(-0.743285 -0.328751 0)
(-0.646159 -0.41125 0)
(-0.50918 -0.466961 0)
(-0.374112 -0.467781 0)
(-0.215008 -0.431311 0)
(-0.106532 -0.316666 0)
(0.00368491 -0.19843 0)
(5.39693e-266 -0.00395333 0)
(-0.0138018 0.123926 0)
(-0.0900669 0.344832 0)
(-0.199042 0.483355 0)
(-0.32389 0.550718 0)
(-0.455295 0.562093 0)
(-0.583363 0.528696 0)
(-0.702925 0.466842 0)
(-0.807301 0.379867 0)
(-0.893734 0.275049 0)
(-0.95575 0.153052 0)
(-0.992613 0.0170054 0)
(-0.995068 -0.129342 0)
(-0.967328 -0.278086 0)
(-0.892378 -0.419898 0)
(-0.78829 -0.537079 0)
(-0.630995 -0.617958 0)
(-0.469673 -0.631605 0)
(-0.273359 -0.585277 0)
(-0.136581 -0.440626 0)
(-0.00119872 -0.263786 0)
(1.8908e-24 -1.6256e-24 0)
(-0.0118659 0.177104 0)
(-0.092811 0.442388 0)
(-0.216954 0.605391 0)
(-0.355295 0.684003 0)
(-0.501532 0.696687 0)
(-0.643072 0.657744 0)
(-0.776696 0.58481 0)
(-0.896294 0.481962 0)
(-0.999303 0.357204 0)
(-1.08002 0.210664 0)
(-1.13631 0.0454307 0)
(-1.15761 -0.134819 0)
(-1.14531 -0.32379 0)
(-1.07807 -0.508611 0)
(-0.9722 -0.670633 0)
(-0.795547 -0.787522 0)
(-0.60493 -0.821998 0)
(-0.359796 -0.767895 0)
(-0.184424 -0.582629 0)
(-0.00337622 -0.340642 0)
(7.74861e-77 -4.727e-25 0)
(-0.0104256 0.229432 0)
(-0.0936356 0.551579 0)
(-0.230421 0.746856 0)
(-0.381136 0.836115 0)
(-0.541137 0.850668 0)
(-0.696092 0.804184 0)
(-0.843402 0.72066 0)
(-0.979162 0.602424 0)
(-1.10009 0.459164 0)
(-1.20278 0.28962 0)
(-1.28309 0.094835 0)
(-1.33011 -0.121352 0)
(-1.34159 -0.357347 0)
(-1.29152 -0.595167 0)
(-1.19187 -0.819061 0)
(-1.00074 -0.989652 0)
(-0.778292 -1.06589 0)
(-0.47491 -1.01343 0)
(-0.245871 -0.792551 0)
(-0.00492875 -0.460108 0)
(2.15401e-164 -1.93715e-77 0)
(-0.011193 0.278186 0)
(-0.101332 0.660741 0)
(-0.252198 0.890973 0)
(-0.415733 0.992789 0)
(-0.588417 1.01037 0)
(-0.755428 0.958415 0)
(-0.914357 0.867191 0)
(-1.0648 0.737595 0)
(-1.20232 0.580689 0)
(-1.32767 0.393122 0)
(-1.43391 0.173301 0)
(-1.51252 -0.076601 0)
(-1.55563 -0.360887 0)
(-1.53483 -0.659004 0)
(-1.45348 -0.958685 0)
(-1.25941 -1.20355 0)
(-1.01009 -1.34323 0)
(-0.64498 -1.30569 0)
(-0.34941 -1.04283 0)
(-0.0606241 -0.595977 0)
(1.34095e-265 0.0104105 0)
(-0.0129888 0.343105 0)
(-0.109225 0.794794 0)
(-0.272259 1.06301 0)
(-0.44583 1.17328 0)
(-0.627305 1.19183 0)
(-0.802432 1.1304 0)
(-0.968266 1.03096 0)
(-1.12904 0.890229 0)
(-1.27867 0.722357 0)
(-1.42339 0.520655 0)
(-1.55376 0.279554 0)
(-1.66533 -0.000709063 0)
(-1.74546 -0.335224 0)
(-1.7646 -0.699591 0)
(-1.71656 -1.09449 0)
(-1.53678 -1.43856 0)
(-1.27167 -1.6799 0)
(-0.840791 -1.68509 0)
(-0.449615 -1.37257 0)
(-0.0599265 -0.825031 0)
(0.041642 -0.0582345 0)
(-0.0178665 0.396177 0)
(-0.127053 0.917118 0)
(-0.308452 1.22479 0)
(-0.493314 1.34465 0)
(-0.679292 1.36528 0)
(-0.856646 1.29693 0)
(-1.01946 1.19292 0)
(-1.18091 1.04653 0)
(-1.33063 0.874732 0)
(-1.48459 0.66761 0)
(-1.62838 0.415574 0)
(-1.76781 0.115188 0)
(-1.8824 -0.259984 0)
(-1.95087 -0.687669 0)
(-1.95125 -1.1828 0)
(-1.81347 -1.65017 0)
(-1.56301 -2.03386 0)
(-1.07054 -2.13429 0)
(-0.597925 -1.81684 0)
(0.0329595 -1.09226 0)
(1.98608e-231 -0.0104105 0)
(-0.0243158 0.490936 0)
(-0.145467 1.0885 0)
(-0.340978 1.43313 0)
(-0.530646 1.54526 0)
(-0.711921 1.55827 0)
(-0.880974 1.47086 0)
(-1.02808 1.35705 0)
(-1.1758 1.20127 0)
(-1.30898 1.02645 0)
(-1.45366 0.817941 0)
(-1.59166 0.561967 0)
(-1.74054 0.252521 0)
(-1.87678 -0.153605 0)
(-1.99108 -0.632249 0)
(-2.05421 -1.2332 0)
(-1.99496 -1.83173 0)
(-1.81547 -2.42442 0)
(-1.3429 -2.66612 0)
(-0.815534 -2.47247 0)
(-0.00393147 -1.4539 0)
(5.05362e-202 4.16678e-184 0)
(-0.042004 0.558707 0)
(-0.191712 1.22766 0)
(-0.410795 1.60586 0)
(-0.603889 1.7099 0)
(-0.763872 1.71367 0)
(-0.907317 1.60935 0)
(-1.01268 1.48708 0)
(-1.1223 1.3257 0)
(-1.20941 1.15246 0)
(-1.31715 0.950223 0)
(-1.41733 0.702745 0)
(-1.54936 0.401635 0)
(-1.67813 -0.00782931 0)
(-1.83044 -0.507699 0)
(-1.95104 -1.17335 0)
(-2.01943 -1.88727 0)
(-1.95945 -2.67355 0)
(-1.62479 -3.14326 0)
(-1.10092 -3.13572 0)
(-0.00826634 -1.9336 0)
(1.66671e-183 2.48445e-184 0)
(-0.0617547 0.732275 0)
(-0.236378 1.46158 0)
(-0.46281 1.8544 0)
(-0.640366 1.89952 0)
(-0.757063 1.86847 0)
(-0.851333 1.72003 0)
(-0.890637 1.57583 0)
(-0.935215 1.39825 0)
(-0.948017 1.2224 0)
(-0.986433 1.0263 0)
(-1.01461 0.792946 0)
(-1.08952 0.514195 0)
(-1.17281 0.124108 0)
(-1.32097 -0.357647 0)
(-1.48211 -1.04928 0)
(-1.67483 -1.82142 0)
(-1.81708 -2.82697 0)
(-1.75259 -3.53306 0)
(-1.47987 -4.10983 0)
(-0.438764 -2.59807 0)
(4.13092e-254 -4.16678e-184 0)
(-0.127053 0.842276 0)
(-0.3693 1.61538 0)
(-0.59223 2.00405 0)
(-0.729868 1.99406 0)
(-0.741498 1.92335 0)
(-0.739401 1.73762 0)
(-0.656279 1.57145 0)
(-0.593659 1.38163 0)
(-0.490065 1.20458 0)
(-0.426864 1.01838 0)
(-0.349062 0.806847 0)
(-0.341027 0.564311 0)
(-0.341019 0.225559 0)
(-0.465994 -0.190623 0)
(-0.616916 -0.813079 0)
(-0.971042 -1.54211 0)
(-1.28483 -2.57216 0)
(-1.82194 -3.48083 0)
(-1.82004 -4.36983 0)
(-2.01041 -3.4868 0)
(-2.41536e-264 -0.205622 0)
(-0.180434 1.24939 0)
(-0.44985 1.93085 0)
(-0.594806 2.23686 0)
(-0.623025 2.049 0)
(-0.475684 1.89177 0)
(-0.327272 1.63467 0)
(-0.0893193 1.4368 0)
(0.110023 1.23233 0)
(0.347637 1.05764 0)
(0.529397 0.886758 0)
(0.723182 0.705799 0)
(0.832839 0.509978 0)
(0.93232 0.244344 0)
(0.884134 -0.0735992 0)
(0.790849 -0.555534 0)
(0.43531 -1.13709 0)
(0.0115142 -2.00467 0)
(-0.76391 -2.95465 0)
(-1.32221 -4.00623 0)
(-1.87661 -4.28547 0)
(-0.822488 -2.23603 0)
(-0.398157 1.43779 0)
(-0.729187 2.00091 0)
(-0.552035 2.17122 0)
(-0.319923 1.85837 0)
(0.168227 1.62899 0)
(0.551438 1.34408 0)
(1.01514 1.13672 0)
(1.37757 0.943256 0)
(1.75931 0.787302 0)
(2.04973 0.645655 0)
(2.34117 0.504994 0)
(2.52401 0.362811 0)
(2.69901 0.176253 0)
(2.69821 -0.0344749 0)
(2.67434 -0.361024 0)
(2.32825 -0.739552 0)
(1.94507 -1.37033 0)
(1.02813 -2.11297 0)
(0.233229 -3.25503 0)
(-0.800155 -3.91221 0)
(-0.691283 -2.94012 0)
(-0.252342 2.43854 0)
(-0.0848362 2.07938 0)
(0.703593 1.87858 0)
(1.33344 1.32195 0)
(2.11219 1.04206 0)
(2.68634 0.782616 0)
(3.27443 0.618341 0)
(3.71542 0.48543 0)
(4.14244 0.386867 0)
(4.45845 0.305063 0)
(4.76068 0.229615 0)
(4.95003 0.156649 0)
(5.12881 0.0655606 0)
(5.14203 -0.0371875 0)
(5.14247 -0.195761 0)
(4.84848 -0.385605 0)
(4.53347 -0.73282 0)
(3.67187 -1.20783 0)
(2.76474 -2.23982 0)
(1.0466 -3.31554 0)
(-0.0413317 -3.80158 0)
(1.67063 1.67295 0)
(2.71979 0.97927 0)
(4.57166 0.75174 0)
(5.41135 0.423965 0)
(6.26688 0.28314 0)
(6.75411 0.172136 0)
(7.20229 0.113976 0)
(7.49034 0.0735856 0)
(7.75276 0.0485452 0)
(7.92488 0.0305825 0)
(8.08554 0.0158996 0)
(8.16735 0.00267561 0)
(8.24729 -0.0145008 0)
(8.21373 -0.0328106 0)
(8.18753 -0.0675668 0)
(7.94266 -0.102972 0)
(7.72283 -0.197123 0)
(6.99465 -0.295672 0)
(6.26922 -0.633272 0)
(4.05172 -1.00705 0)
(2.01524 -1.83058 0)
)
;

boundaryField
{
    movingWall
    {
        type            fixedValue;
        value           uniform (10 0 0);
    }
    fixedWalls
    {
        type            noSlip;
    }
    frontAndBack
    {
        type            empty;
    }
}


// ************************************************************************* //
