/*--------------------------------*- C++ -*----------------------------------*\
| =========                 |                                                 |
| \\      /  F ield         | OpenFOAM: The Open Source CFD Toolbox           |
|  \\    /   O peration     | Version:  4.1                                   |
|   \\  /    A nd           | Web:      www.OpenFOAM.org                      |
|    \\/     M anipulation  |                                                 |
\*---------------------------------------------------------------------------*/
FoamFile
{
    version     2.0;
    format      ascii;
    class       volVectorField;
    location    "0.0918";
    object      U;
}
// * * * * * * * * * * * * * * * * * * * * * * * * * * * * * * * * * * * * * //

dimensions      [0 1 -1 0 0 0 0];

internalField   nonuniform List<vector> 
441
(
(0.00377107 -0.00485636 0)
(0.0098737 -0.00254008 0)
(-0.00063502 -2.21427e-165 0)
(0.0019858 -3.37326e-266 0)
(-0.00836963 -0.00794351 0)
(-0.0019858 -3.0867e-232 0)
(-1.14881e-202 -5.68409e-203 0)
(-1.42095e-203 -7.46241e-228 0)
(-1.74033e-212 -3.25802e-213 0)
(-0.00621471 9.21465e-266 0)
(-0.0762098 0.0248598 0)
(-0.0956586 0.0129823 0)
(-0.107614 0.00592211 0)
(-0.0944805 0.000367474 0)
(-0.0774938 -0.00170128 0)
(-0.0513188 -0.00306682 0)
(-0.0288384 -0.00217862 0)
(-0.0089277 -0.00158968 0)
(0.00303773 0.000784332 0)
(0.00465395 0.00155726 0)
(0.00460518 0.0030322 0)
(0.0039001 -0.00860405 0)
(-0.000817847 0.0068709 0)
(-0.0275637 0.00858386 0)
(-0.0598638 0.0107768 0)
(-0.108152 0.0110208 0)
(-0.153937 -0.00319787 0)
(-0.197126 -0.000139817 0)
(-0.238739 0.00169426 0)
(-0.275676 0.0134143 0)
(-0.312809 0.0678609 0)
(-0.337914 0.0623613 0)
(-0.331854 0.0188556 0)
(-0.316278 -0.00772475 0)
(-0.272899 -0.0312861 0)
(-0.221987 -0.0416623 0)
(-0.158083 -0.046925 0)
(-0.100444 -0.0400436 0)
(-0.0493876 -0.0315742 0)
(-0.0151399 -0.0138408 0)
(-0.000900929 -0.00384598 0)
(0.004999 0.00645397 0)
(0.00771673 -0.00844224 0)
(-0.00517732 0.0285363 0)
(-0.054854 0.0576479 0)
(-0.122513 0.0779892 0)
(-0.205434 0.0849344 0)
(-0.29133 0.0847624 0)
(-0.383794 0.0818467 0)
(-0.459243 0.0759997 0)
(-0.533197 0.0712259 0)
(-0.569433 0.0668997 0)
(-0.565217 0.0448493 0)
(-0.546411 -0.00737308 0)
(-0.508236 -0.0523388 0)
(-0.441307 -0.0937126 0)
(-0.361588 -0.115536 0)
(-0.265468 -0.124896 0)
(-0.176468 -0.109674 0)
(-0.0953044 -0.0874199 0)
(-0.0383802 -0.0465902 0)
(-0.00800691 -0.0190331 0)
(0.00643208 0.00751333 0)
(0.00642117 -0.011488 0)
(-0.0165938 0.0712349 0)
(-0.0987676 0.125865 0)
(-0.195994 0.163843 0)
(-0.310725 0.180205 0)
(-0.426392 0.177978 0)
(-0.540462 0.169545 0)
(-0.639335 0.152037 0)
(-0.720577 0.12614 0)
(-0.768362 0.0971199 0)
(-0.777652 0.0390585 0)
(-0.75308 -0.0392851 0)
(-0.701655 -0.113012 0)
(-0.61355 -0.179153 0)
(-0.507884 -0.217359 0)
(-0.380109 -0.233621 0)
(-0.259587 -0.209652 0)
(-0.146235 -0.171372 0)
(-0.0646702 -0.100246 0)
(-0.0158665 -0.0500575 0)
(0.00804921 0.00526791 0)
(7.01452e-165 0.00160529 0)
(-0.0252372 0.133261 0)
(-0.143852 0.236239 0)
(-0.265598 0.288444 0)
(-0.41048 0.314174 0)
(-0.551474 0.312578 0)
(-0.691818 0.293401 0)
(-0.810795 0.254957 0)
(-0.909388 0.199473 0)
(-0.96752 0.124707 0)
(-0.984672 0.0299762 0)
(-0.961249 -0.0831026 0)
(-0.901834 -0.1911 0)
(-0.797416 -0.287857 0)
(-0.668108 -0.347893 0)
(-0.507165 -0.37413 0)
(-0.352712 -0.342045 0)
(-0.200279 -0.283503 0)
(-0.0913571 -0.175219 0)
(-0.0185931 -0.0926548 0)
(0.0146621 0.000481586 0)
(-5.68453e-266 0.00589562 0)
(-0.0914799 0.219959 0)
(-0.201122 0.364137 0)
(-0.347369 0.432355 0)
(-0.506033 0.465911 0)
(-0.668607 0.460405 0)
(-0.825575 0.429502 0)
(-0.964018 0.369868 0)
(-1.07797 0.283781 0)
(-1.15358 0.171601 0)
(-1.18816 0.0330928 0)
(-1.17314 -0.12318 0)
(-1.11466 -0.276607 0)
(-0.999072 -0.414569 0)
(-0.849369 -0.507185 0)
(-0.654212 -0.551591 0)
(-0.461877 -0.515491 0)
(-0.26378 -0.435962 0)
(-0.121997 -0.279909 0)
(-0.0212254 -0.15935 0)
(0.0161374 0.00270627 0)
(-0.0235825 0.0963594 0)
(-0.127575 0.330717 0)
(-0.253722 0.492484 0)
(-0.41451 0.59144 0)
(-0.592468 0.63452 0)
(-0.773705 0.630568 0)
(-0.951136 0.587919 0)
(-1.10969 0.506362 0)
(-1.24473 0.388758 0)
(-1.34098 0.234635 0)
(-1.39577 0.0500324 0)
(-1.39579 -0.156934 0)
(-1.34521 -0.36417 0)
(-1.22516 -0.554151 0)
(-1.05985 -0.691302 0)
(-0.829743 -0.76361 0)
(-0.597105 -0.730195 0)
(-0.340074 -0.625939 0)
(-0.162715 -0.414466 0)
(-0.00803947 -0.232684 0)
(5.99022e-266 -0.00403435 0)
(-0.017417 0.15955 0)
(-0.122142 0.451274 0)
(-0.276919 0.651592 0)
(-0.458376 0.771865 0)
(-0.656259 0.825282 0)
(-0.856578 0.819332 0)
(-1.05239 0.765764 0)
(-1.23189 0.663308 0)
(-1.38901 0.515494 0)
(-1.51044 0.322059 0)
(-1.59144 0.088337 0)
(-1.61452 -0.174842 0)
(-1.58157 -0.446719 0)
(-1.46686 -0.702235 0)
(-1.29402 -0.901932 0)
(-1.0338 -1.01865 0)
(-0.758793 -1.00354 0)
(-0.437876 -0.87687 0)
(-0.210884 -0.607274 0)
(-0.00378633 -0.331726 0)
(2.63043e-24 -1.05562e-24 0)
(-0.0154573 0.232176 0)
(-0.125486 0.588295 0)
(-0.296756 0.827012 0)
(-0.492756 0.968829 0)
(-0.706568 1.0313 0)
(-0.921731 1.02499 0)
(-1.13377 0.962237 0)
(-1.3319 0.841762 0)
(-1.51085 0.667017 0)
(-1.65826 0.436383 0)
(-1.76811 0.154703 0)
(-1.82083 -0.167358 0)
(-1.81476 -0.510375 0)
(-1.7177 -0.843086 0)
(-1.55003 -1.12217 0)
(-1.26996 -1.30221 0)
(-0.957808 -1.32245 0)
(-0.568222 -1.1794 0)
(-0.282136 -0.840658 0)
(-0.00504916 -0.451712 0)
(1.06889e-76 -6.57608e-25 0)
(-0.0133594 0.301041 0)
(-0.122339 0.734292 0)
(-0.302245 1.01954 0)
(-0.506041 1.18221 0)
(-0.728766 1.25461 0)
(-0.952613 1.24642 0)
(-1.17408 1.17612 0)
(-1.3854 1.03992 0)
(-1.58116 0.842017 0)
(-1.75214 0.57859 0)
(-1.89083 0.251252 0)
(-1.97757 -0.129379 0)
(-2.00714 -0.549141 0)
(-1.94165 -0.969659 0)
(-1.7957 -1.34879 0)
(-1.51334 -1.61702 0)
(-1.17533 -1.70377 0)
(-0.719967 -1.56319 0)
(-0.366547 -1.16472 0)
(-0.00729829 -0.629553 0)
(2.96937e-164 -2.67222e-77 0)
(-0.013248 0.36435 0)
(-0.122265 0.875392 0)
(-0.306158 1.20832 0)
(-0.511588 1.393 0)
(-0.734821 1.47609 0)
(-0.958216 1.46821 0)
(-1.1787 1.39385 0)
(-1.39283 1.24731 0)
(-1.59489 1.03333 0)
(-1.78104 0.7452 0)
(-1.94224 0.380772 0)
(-2.06273 -0.0514322 0)
(-2.13295 -0.544206 0)
(-2.11339 -1.05547 0)
(-2.00954 -1.547 0)
(-1.7518 -1.9265 0)
(-1.41277 -2.11082 0)
(-0.911025 -1.99677 0)
(-0.491457 -1.54143 0)
(-0.0817884 -0.831826 0)
(1.79399e-265 0.0133728 0)
(-0.0136166 0.437432 0)
(-0.117757 1.02938 0)
(-0.2976 1.41032 0)
(-0.494963 1.61154 0)
(-0.707046 1.70236 0)
(-0.917558 1.69024 0)
(-1.12297 1.61137 0)
(-1.32543 1.45566 0)
(-1.5185 1.23042 0)
(-1.70564 0.925269 0)
(-1.87704 0.53309 0)
(-2.02386 0.0603757 0)
(-2.13395 -0.497795 0)
(-2.16986 -1.09525 0)
(-2.12766 -1.70907 0)
(-1.9251 -2.22041 0)
(-1.61518 -2.54324 0)
(-1.08724 -2.49912 0)
(-0.588946 -1.98801 0)
(-0.0763509 -1.14105 0)
(0.0534913 -0.0775345 0)
(-0.0167123 0.491328 0)
(-0.119734 1.15642 0)
(-0.296731 1.58262 0)
(-0.481279 1.79913 0)
(-0.670847 1.89688 0)
(-0.854696 1.88157 0)
(-1.02635 1.80081 0)
(-1.19814 1.64136 0)
(-1.36029 1.41334 0)
(-1.52821 1.10331 0)
(-1.68914 0.699833 0)
(-1.84801 0.206026 0)
(-1.98772 -0.395414 0)
(-2.08356 -1.06085 0)
(-2.11813 -1.78618 0)
(-2.00473 -2.44066 0)
(-1.77213 -2.94187 0)
(-1.24423 -3.03201 0)
(-0.716758 -2.5459 0)
(0.0435651 -1.48157 0)
(2.47176e-231 -0.0133728 0)
(-0.0210704 0.576864 0)
(-0.120085 1.31245 0)
(-0.28693 1.77577 0)
(-0.448229 1.9868 0)
(-0.601367 2.07901 0)
(-0.742811 2.04619 0)
(-0.862582 1.95691 0)
(-0.983819 1.78982 0)
(-1.09307 1.56141 0)
(-1.21814 1.25429 0)
(-1.34418 0.852987 0)
(-1.49139 0.359135 0)
(-1.64175 -0.262143 0)
(-1.78795 -0.965117 0)
(-1.90702 -1.7867 0)
(-1.91858 -2.57047 0)
(-1.8222 -3.30197 0)
(-1.40128 -3.57272 0)
(-0.892652 -3.26915 0)
(-0.00294535 -1.89584 0)
(5.82919e-202 4.5873e-184 0)
(-0.0368876 0.625613 0)
(-0.149637 1.41623 0)
(-0.31662 1.9071 0)
(-0.4534 2.1082 0)
(-0.553016 2.19007 0)
(-0.634302 2.13956 0)
(-0.675998 2.0418 0)
(-0.723075 1.87085 0)
(-0.75135 1.64841 0)
(-0.808142 1.35541 0)
(-0.86943 0.97467 0)
(-0.979991 0.506361 0)
(-1.11032 -0.095409 0)
(-1.29334 -0.791345 0)
(-1.48034 -1.64731 0)
(-1.65076 -2.52196 0)
(-1.72542 -3.4424 0)
(-1.52319 -3.97001 0)
(-1.10669 -3.92051 0)
(-0.0114782 -2.40467 0)
(1.83492e-183 -1.46375e-184 0)
(-0.0554677 0.771628 0)
(-0.183101 1.59652 0)
(-0.340032 2.08915 0)
(-0.439048 2.22468 0)
(-0.468981 2.26725 0)
(-0.472784 2.17005 0)
(-0.419209 2.05014 0)
(-0.373172 1.86617 0)
(-0.301103 1.64852 0)
(-0.266414 1.37398 0)
(-0.237904 1.02502 0)
(-0.279072 0.602618 0)
(-0.355974 0.0497216 0)
(-0.531711 -0.59152 0)
(-0.758983 -1.43227 0)
(-1.06378 -2.32171 0)
(-1.36249 -3.43409 0)
(-1.48833 -4.19801 0)
(-1.39369 -4.79757 0)
(-0.466242 -3.04979 0)
(4.4017e-254 -4.5873e-184 0)
(-0.121325 0.850511 0)
(-0.316803 1.68775 0)
(-0.465341 2.15815 0)
(-0.515266 2.22758 0)
(-0.426779 2.22325 0)
(-0.319275 2.08495 0)
(-0.127178 1.9433 0)
(0.0412917 1.75189 0)
(0.243816 1.54341 0)
(0.391237 1.29484 0)
(0.533797 0.989763 0)
(0.579177 0.630585 0)
(0.587083 0.161062 0)
(0.433724 -0.378877 0)
(0.221703 -1.10723 0)
(-0.240023 -1.90742 0)
(-0.696544 -2.99174 0)
(-1.44468 -3.9376 0)
(-1.64086 -4.85163 0)
(-2.07389 -3.87463 0)
(-2.59467e-264 -0.216141 0)
(-0.17791 1.23153 0)
(-0.415035 1.94494 0)
(-0.49883 2.3101 0)
(-0.448745 2.18632 0)
(-0.206658 2.08508 0)
(0.0445448 1.86997 0)
(0.391402 1.69615 0)
(0.697978 1.49527 0)
(1.03699 1.30079 0)
(1.30551 1.08593 0)
(1.56566 0.836731 0)
(1.71277 0.554468 0)
(1.818 0.1919 0)
(1.7397 -0.216636 0)
(1.58622 -0.76949 0)
(1.13803 -1.38727 0)
(0.598505 -2.26119 0)
(-0.33702 -3.2098 0)
(-1.07505 -4.25902 0)
(-1.84057 -4.5399 0)
(-0.864563 -2.31778 0)
(-0.400623 1.40931 0)
(-0.72546 1.98002 0)
(-0.51737 2.18611 0)
(-0.234282 1.91836 0)
(0.325331 1.73083 0)
(0.792769 1.47877 0)
(1.35136 1.29178 0)
(1.8112 1.10423 0)
(2.28806 0.937906 0)
(2.66185 0.769225 0)
(3.01828 0.585046 0)
(3.2382 0.387057 0)
(3.41874 0.137638 0)
(3.3872 -0.131512 0)
(3.30364 -0.502131 0)
(2.87157 -0.89799 0)
(2.39494 -1.51788 0)
(1.36921 -2.23483 0)
(0.461977 -3.35389 0)
(-0.705246 -4.00697 0)
(-0.701489 -2.96426 0)
(-0.257564 2.41958 0)
(-0.105156 2.05633 0)
(0.682182 1.86926 0)
(1.33056 1.33531 0)
(2.14936 1.07795 0)
(2.78006 0.836659 0)
(3.43826 0.683633 0)
(3.95524 0.554197 0)
(4.45865 0.450626 0)
(4.84256 0.355481 0)
(5.19741 0.258976 0)
(5.41566 0.159495 0)
(5.59565 0.0396867 0)
(5.579 -0.088689 0)
(5.52416 -0.263938 0)
(5.15557 -0.457166 0)
(4.76415 -0.790558 0)
(3.83146 -1.24472 0)
(2.86747 -2.25331 0)
(1.09284 -3.33036 0)
(-0.0464136 -3.79877 0)
(1.66694 1.66927 0)
(2.70164 0.974298 0)
(4.54122 0.74818 0)
(5.38021 0.423865 0)
(6.24884 0.286666 0)
(6.76096 0.178415 0)
(7.24295 0.121635 0)
(7.56866 0.0811916 0)
(7.86849 0.0545998 0)
(8.07213 0.0338577 0)
(8.25453 0.0153502 0)
(8.34349 -0.00201415 0)
(8.41511 -0.0231532 0)
(8.35624 -0.0439082 0)
(8.29405 -0.0791125 0)
(8.00605 -0.111903 0)
(7.74977 -0.200855 0)
(6.99556 -0.293222 0)
(6.26216 -0.624974 0)
(4.04573 -0.997174 0)
(2.00505 -1.81773 0)
)
;

boundaryField
{
    movingWall
    {
        type            fixedValue;
        value           uniform (10 0 0);
    }
    fixedWalls
    {
        type            noSlip;
    }
    frontAndBack
    {
        type            empty;
    }
}


// ************************************************************************* //
