/*--------------------------------*- C++ -*----------------------------------*\
| =========                 |                                                 |
| \\      /  F ield         | OpenFOAM: The Open Source CFD Toolbox           |
|  \\    /   O peration     | Version:  4.1                                   |
|   \\  /    A nd           | Web:      www.OpenFOAM.org                      |
|    \\/     M anipulation  |                                                 |
\*---------------------------------------------------------------------------*/
FoamFile
{
    version     2.0;
    format      ascii;
    class       volVectorField;
    location    "0.0829";
    object      U;
}
// * * * * * * * * * * * * * * * * * * * * * * * * * * * * * * * * * * * * * //

dimensions      [0 1 -1 0 0 0 0];

internalField   nonuniform List<vector> 
441
(
(0.00369831 -0.00480163 0)
(0.00965705 -0.00253953 0)
(-0.000634883 -2.20471e-165 0)
(0.00194538 -3.29091e-266 0)
(-0.0083792 -0.00778191 0)
(-0.00194538 -3.03275e-232 0)
(-1.13609e-202 -5.54389e-203 0)
(-1.38588e-203 -7.27172e-228 0)
(-1.70756e-212 -3.17218e-213 0)
(-0.00609685 9.04749e-266 0)
(-0.0747019 0.0243886 0)
(-0.0939049 0.0127665 0)
(-0.105846 0.00585349 0)
(-0.0932224 0.00040776 0)
(-0.0768194 -0.00162957 0)
(-0.051294 -0.00299686 0)
(-0.0292733 -0.00215272 0)
(-0.00959253 -0.00161161 0)
(0.00241649 0.000708038 0)
(0.00431464 0.00146885 0)
(0.00452717 0.00296574 0)
(0.00379199 -0.00836776 0)
(-0.00100288 0.00680307 0)
(-0.0273795 0.00843189 0)
(-0.0590801 0.0106983 0)
(-0.106377 0.0107965 0)
(-0.151046 -0.00328533 0)
(-0.193121 -0.000163041 0)
(-0.233609 0.00164671 0)
(-0.269573 0.0131353 0)
(-0.305826 0.0665051 0)
(-0.33051 0.0612498 0)
(-0.324872 0.0187998 0)
(-0.310132 -0.00713508 0)
(-0.268195 -0.0302181 0)
(-0.218864 -0.0404818 0)
(-0.156578 -0.0458664 0)
(-0.100195 -0.0393726 0)
(-0.0499184 -0.0313572 0)
(-0.0158857 -0.0140955 0)
(-0.00137059 -0.00430517 0)
(0.00489234 0.00610181 0)
(0.00753496 -0.00809885 0)
(-0.00521002 0.0282445 0)
(-0.0540287 0.0566865 0)
(-0.120249 0.0764543 0)
(-0.201204 0.0830114 0)
(-0.285015 0.0826089 0)
(-0.375127 0.0796812 0)
(-0.448506 0.0739652 0)
(-0.520585 0.0694475 0)
(-0.555945 0.0655131 0)
(-0.552041 0.0443687 0)
(-0.534109 -0.00635936 0)
(-0.497468 -0.0501356 0)
(-0.432696 -0.0906585 0)
(-0.355367 -0.112272 0)
(-0.261681 -0.121954 0)
(-0.174691 -0.107621 0)
(-0.0949534 -0.0864436 0)
(-0.0387082 -0.0467322 0)
(-0.00835105 -0.019757 0)
(0.00631911 0.00687893 0)
(0.00632749 -0.0110192 0)
(-0.0161494 0.0701307 0)
(-0.0965793 0.123435 0)
(-0.191518 0.160309 0)
(-0.303427 0.17593 0)
(-0.416141 0.173406 0)
(-0.527245 0.16506 0)
(-0.623519 0.148021 0)
(-0.702769 0.123049 0)
(-0.749561 0.0952424 0)
(-0.759044 0.0391426 0)
(-0.735622 -0.0369174 0)
(-0.686153 -0.108719 0)
(-0.600754 -0.17352 0)
(-0.498115 -0.211343 0)
(-0.37349 -0.2281 0)
(-0.255707 -0.205542 0)
(-0.1445 -0.169037 0)
(-0.064211 -0.0998123 0)
(-0.0158817 -0.0507274 0)
(0.00796714 0.0044565 0)
(6.88707e-165 0.00158187 0)
(-0.0244872 0.130693 0)
(-0.140332 0.231257 0)
(-0.259029 0.281832 0)
(-0.400254 0.306506 0)
(-0.537626 0.304548 0)
(-0.674403 0.285711 0)
(-0.790406 0.248361 0)
(-0.886773 0.194736 0)
(-0.943866 0.122505 0)
(-0.961226 0.0308404 0)
(-0.93907 -0.078989 0)
(-0.881869 -0.184235 0)
(-0.780508 -0.279064 0)
(-0.654708 -0.33845 0)
(-0.497541 -0.365284 0)
(-0.346531 -0.335112 0)
(-0.197022 -0.279093 0)
(-0.090031 -0.17362 0)
(-0.0182858 -0.0928289 0)
(0.0145777 -0.000246823 0)
(-5.58273e-266 0.005771 0)
(-0.0893549 0.215252 0)
(-0.196108 0.355944 0)
(-0.338648 0.422091 0)
(-0.493272 0.454377 0)
(-0.651776 0.448636 0)
(-0.804934 0.418472 0)
(-0.940205 0.360648 0)
(-1.05187 0.27741 0)
(-1.12634 0.1689 0)
(-1.16099 0.0346486 0)
(-1.14719 -0.11732 0)
(-1.09093 -0.267039 0)
(-0.978522 -0.402348 0)
(-0.832579 -0.493874 0)
(-0.641667 -0.538818 0)
(-0.453375 -0.505011 0)
(-0.258967 -0.428745 0)
(-0.119762 -0.27654 0)
(-0.0205078 -0.158594 0)
(0.016135 0.00209417 0)
(-0.023084 0.0941688 0)
(-0.12458 0.323195 0)
(-0.247531 0.480911 0)
(-0.404362 0.577122 0)
(-0.578033 0.618774 0)
(-0.755041 0.614697 0)
(-0.928557 0.573279 0)
(-1.08391 0.494329 0)
(-1.21663 0.380609 0)
(-1.31169 0.231362 0)
(-1.36641 0.0521819 0)
(-1.36749 -0.149377 0)
(-1.31895 -0.351903 0)
(-1.20196 -0.538394 0)
(-1.04039 -0.673848 0)
(-0.81474 -0.746439 0)
(-0.586558 -0.71553 0)
(-0.33395 -0.615226 0)
(-0.159808 -0.408791 0)
(-0.00742698 -0.230604 0)
(5.9641e-266 -0.00403374 0)
(-0.0170351 0.155902 0)
(-0.119298 0.440865 0)
(-0.270514 0.636262 0)
(-0.447888 0.753364 0)
(-0.641472 0.805256 0)
(-0.837645 0.799429 0)
(-1.02971 0.747626 0)
(-1.20618 0.64857 0)
(-1.36112 0.505611 0)
(-1.48137 0.318106 0)
(-1.56217 0.09088 0)
(-1.58605 -0.165875 0)
(-1.55477 -0.432058 0)
(-1.44269 -0.683195 0)
(-1.27318 -0.880414 0)
(-1.01725 -0.996905 0)
(-0.746744 -0.984172 0)
(-0.430782 -0.861948 0)
(-0.207495 -0.598411 0)
(-0.00365611 -0.328009 0)
(2.59748e-24 -1.07255e-24 0)
(-0.0151321 0.226834 0)
(-0.122869 0.574782 0)
(-0.290749 0.807837 0)
(-0.482952 0.946171 0)
(-0.692827 1.00715 0)
(-0.90428 1.00126 0)
(-1.11303 0.940843 0)
(-1.30856 0.82453 0)
(-1.48566 0.655521 0)
(-1.63208 0.431741 0)
(-1.74169 0.157449 0)
(-1.79494 -0.157338 0)
(-1.79003 -0.493825 0)
(-1.69489 -0.821336 0)
(-1.52975 -1.0971 0)
(-1.25324 -1.2762 0)
(-0.945072 -1.29834 0)
(-0.560388 -1.15994 0)
(-0.278237 -0.828089 0)
(-0.00497815 -0.446133 0)
(1.05717e-76 -6.49369e-25 0)
(-0.0131377 0.294465 0)
(-0.120324 0.718195 0)
(-0.297434 0.997044 0)
(-0.498118 1.15599 0)
(-0.717652 1.22696 0)
(-0.938575 1.21954 0)
(-1.15755 1.15211 0)
(-1.36698 1.02074 0)
(-1.56148 0.829286 0)
(-1.73184 0.573399 0)
(-1.8704 0.254071 0)
(-1.95745 -0.118742 0)
(-1.9876 -0.531426 0)
(-1.92313 -0.94615 0)
(-1.77853 -1.3212 0)
(-1.49844 -1.58768 0)
(-1.16326 -1.67551 0)
(-0.712089 -1.53932 0)
(-0.362334 -1.14812 0)
(-0.0071446 -0.621789 0)
(2.93944e-164 -2.64293e-77 0)
(-0.0131273 0.356815 0)
(-0.121059 0.857306 0)
(-0.303153 1.18327 0)
(-0.50655 1.36407 0)
(-0.727727 1.44585 0)
(-0.949328 1.43908 0)
(-1.16841 1.36809 0)
(-1.38165 1.22694 0)
(-1.58327 1.01994 0)
(-1.76936 0.739789 0)
(-1.9307 0.383669 0)
(-2.05139 -0.0405449 0)
(-2.12167 -0.526097 0)
(-2.10213 -1.03136 0)
(-1.99824 -1.51835 0)
(-1.74103 -1.89536 0)
(-1.40306 -2.07972 0)
(-0.903915 -1.96935 0)
(-0.487194 -1.52122 0)
(-0.080792 -0.821879 0)
(1.78578e-265 0.0132967 0)
(-0.0136191 0.429539 0)
(-0.117592 1.01039 0)
(-0.296953 1.384 0)
(-0.493681 1.58124 0)
(-0.705143 1.67087 0)
(-0.915244 1.66016 0)
(-1.12055 1.58505 0)
(-1.32327 1.43513 0)
(-1.51684 1.21718 0)
(-1.7046 0.920132 0)
(-1.87651 0.536204 0)
(-2.02353 0.0712319 0)
(-2.13327 -0.480049 0)
(-2.16832 -1.07179 0)
(-2.12469 -1.68107 0)
(-1.9208 -2.18947 0)
(-1.60985 -2.51137 0)
(-1.08246 -2.46972 0)
(-0.585678 -1.96534 0)
(-0.0759398 -1.12891 0)
(0.053187 -0.0765248 0)
(-0.0168415 0.483638 0)
(-0.12071 1.13769 0)
(-0.298718 1.55645 0)
(-0.484216 1.76895 0)
(-0.674774 1.8656 0)
(-0.859715 1.85192 0)
(-1.03264 1.77518 0)
(-1.20581 1.62172 0)
(-1.36936 1.40106 0)
(-1.53852 1.09899 0)
(-1.70028 0.703389 0)
(-1.85939 0.216716 0)
(-1.99847 -0.378585 0)
(-2.09278 -1.03908 0)
(-2.12482 -1.76036 0)
(-2.00844 -2.41192 0)
(-1.77268 -2.91132 0)
(-1.24306 -3.00249 0)
(-0.714969 -2.52131 0)
(0.0428709 -1.46798 0)
(2.45667e-231 -0.0132967 0)
(-0.0213245 0.57006 0)
(-0.122202 1.29533 0)
(-0.291571 1.7514 0)
(-0.455433 1.95842 0)
(-0.611176 2.04957 0)
(-0.755163 2.01844 0)
(-0.877432 1.9332 0)
(-1.00099 1.77203 0)
(-1.11228 1.55075 0)
(-1.23892 1.25117 0)
(-1.36591 0.857119 0)
(-1.51327 0.369544 0)
(-1.66278 -0.24662 0)
(-1.80702 -0.945778 0)
(-1.92292 -1.76429 0)
(-1.93032 -2.54573 0)
(-1.82917 -3.27511 0)
(-1.40404 -3.54565 0)
(-0.892567 -3.24474 0)
(-0.00302681 -1.88171 0)
(5.81576e-202 4.58189e-184 0)
(-0.0372406 0.620263 0)
(-0.15271 1.40189 0)
(-0.323544 1.88599 0)
(-0.464328 2.08316 0)
(-0.567984 2.16391 0)
(-0.653043 2.11492 0)
(-0.698199 2.02095 0)
(-0.7482 1.85553 0)
(-0.778774 1.63969 0)
(-0.837086 1.35356 0)
(-0.899077 0.979262 0)
(-1.00944 0.516299 0)
(-1.13864 -0.0814309 0)
(-1.31948 -0.774745 0)
(-1.50316 -1.62887 0)
(-1.66906 -2.50221 0)
(-1.73821 -3.42095 0)
(-1.5302 -3.94761 0)
(-1.10881 -3.89872 0)
(-0.0114215 -2.39092 0)
(1.83276e-183 -1.30231e-184 0)
(-0.0558756 0.768202 0)
(-0.186764 1.58596 0)
(-0.348451 2.0726 0)
(-0.452517 2.20434 0)
(-0.487542 2.2456 0)
(-0.495978 2.14951 0)
(-0.446449 2.03279 0)
(-0.403567 1.85357 0)
(-0.333699 1.64164 0)
(-0.300143 1.37304 0)
(-0.271783 1.02961 0)
(-0.312159 0.611655 0)
(-0.387486 0.0619004 0)
(-0.560844 -0.577701 0)
(-0.784968 -1.41771 0)
(-1.08553 -2.30703 0)
(-1.37902 -3.41858 0)
(-1.4985 -4.18169 0)
(-1.39799 -4.78034 0)
(-0.465666 -3.03775 0)
(4.39952e-254 -4.58189e-184 0)
(-0.121699 0.849171 0)
(-0.3204 1.6814 0)
(-0.473915 2.14679 0)
(-0.529267 2.21266 0)
(-0.446337 2.20678 0)
(-0.343837 2.06898 0)
(-0.156006 1.92963 0)
(0.00931848 1.74191 0)
(0.209868 1.53799 0)
(0.356589 1.29424 0)
(0.499561 0.993676 0)
(0.546349 0.638127 0)
(0.556335 0.171068 0)
(0.405648 -0.367805 0)
(0.196599 -1.09616 0)
(-0.261428 -1.89709 0)
(-0.713794 -2.98185 0)
(-1.45607 -3.92747 0)
(-1.6468 -4.8408 0)
(-2.07281 -3.8652 0)
(-2.58961e-264 -0.215874 0)
(-0.178109 1.232 0)
(-0.417646 1.94257 0)
(-0.505673 2.30392 0)
(-0.460506 2.17697 0)
(-0.223686 2.07399 0)
(0.0226691 1.85872 0)
(0.365336 1.68621 0)
(0.66883 1.48779 0)
(1.00595 1.29656 0)
(1.27392 1.08526 0)
(1.53471 0.839466 0)
(1.68351 0.559993 0)
(1.79114 0.199316 0)
(1.71573 -0.208451 0)
(1.56522 -0.761557 0)
(1.12018 -1.38037 0)
(0.583784 -2.25556 0)
(-0.347784 -3.20477 0)
(-1.08152 -4.25404 0)
(-1.84178 -4.5343 0)
(-0.863496 -2.3162 0)
(-0.400528 1.41074 0)
(-0.72623 1.98031 0)
(-0.520657 2.18389 0)
(-0.241078 1.91367 0)
(0.314288 1.72451 0)
(0.777493 1.47188 0)
(1.33217 1.2854 0)
(1.78894 1.09922 0)
(2.26374 0.934896 0)
(2.63674 0.768503 0)
(2.99357 0.586584 0)
(3.215 0.390479 0)
(3.39786 0.142348 0)
(3.36918 -0.126284 0)
(3.28855 -0.497136 0)
(2.85936 -0.893853 0)
(2.38515 -1.51494 0)
(1.36186 -2.23282 0)
(0.456942 -3.35237 0)
(-0.707353 -4.00518 0)
(-0.701146 -2.96396 0)
(-0.257256 2.42071 0)
(-0.104258 2.05735 0)
(0.682538 1.86915 0)
(1.32919 1.33382 0)
(2.14523 1.07543 0)
(2.77274 0.833649 0)
(3.42769 0.680725 0)
(3.94191 0.551869 0)
(4.44331 0.449226 0)
(4.82627 0.355171 0)
(5.18123 0.259742 0)
(5.40062 0.161146 0)
(5.58252 0.0419025 0)
(5.56828 -0.0862994 0)
(5.51593 -0.26178 0)
(5.14967 -0.455525 0)
(4.76003 -0.789657 0)
(3.82869 -1.24438 0)
(2.86562 -2.2534 0)
(1.09198 -3.33017 0)
(-0.0462128 -3.79893 0)
(1.66721 1.66953 0)
(2.70272 0.974569 0)
(4.54272 0.748299 0)
(5.38133 0.423755 0)
(6.24881 0.286377 0)
(6.75935 0.178043 0)
(7.23962 0.121288 0)
(7.56384 0.080949 0)
(7.86262 0.0545168 0)
(8.06582 0.0339459 0)
(8.24841 0.0155917 0)
(8.33816 -0.00167235 0)
(8.41094 -0.0227773 0)
(8.35347 -0.043575 0)
(8.29257 -0.0788838 0)
(8.00566 -0.111818 0)
(7.75 -0.200927 0)
(6.99604 -0.293403 0)
(6.26253 -0.625229 0)
(4.04591 -0.997395 0)
(2.00532 -1.818 0)
)
;

boundaryField
{
    movingWall
    {
        type            fixedValue;
        value           uniform (10 0 0);
    }
    fixedWalls
    {
        type            noSlip;
    }
    frontAndBack
    {
        type            empty;
    }
}


// ************************************************************************* //
