/*--------------------------------*- C++ -*----------------------------------*\
| =========                 |                                                 |
| \\      /  F ield         | OpenFOAM: The Open Source CFD Toolbox           |
|  \\    /   O peration     | Version:  4.1                                   |
|   \\  /    A nd           | Web:      www.OpenFOAM.org                      |
|    \\/     M anipulation  |                                                 |
\*---------------------------------------------------------------------------*/
FoamFile
{
    version     2.0;
    format      ascii;
    class       volVectorField;
    location    "0.017007";
    object      U;
}
// * * * * * * * * * * * * * * * * * * * * * * * * * * * * * * * * * * * * * //

dimensions      [0 1 -1 0 0 0 0];

internalField   nonuniform List<vector> 
441
(
(0.000418611 -0.00039898 0)
(-0.000779261 0.000336672 0)
(-0.00493543 0.000919646 0)
(-0.0108015 0.00132172 0)
(-0.0177521 0.00145834 0)
(-0.0247932 0.0014404 0)
(-0.0314119 0.0012942 0)
(-0.0370935 0.00107235 0)
(-0.0415438 0.000790568 0)
(-0.0445015 0.000466792 0)
(-0.0458018 0.000109051 0)
(-0.0453185 -0.000271354 0)
(-0.0430141 -0.000657885 0)
(-0.0389259 -0.0010281 0)
(-0.0332587 -0.00134189 0)
(-0.0263322 -0.0015599 0)
(-0.0187801 -0.00160743 0)
(-0.0112787 -0.00145223 0)
(-0.00500476 -0.000988215 0)
(-0.000677009 -0.000337667 0)
(0.000471168 0.000441479 0)
(-0.000263214 0.000741053 0)
(-0.00557623 0.00560541 0)
(-0.0168295 0.00971283 0)
(-0.0314602 0.0124054 0)
(-0.0481745 0.0134198 0)
(-0.0649784 0.0131284 0)
(-0.0806825 0.0117985 0)
(-0.0941415 0.00972624 0)
(-0.104628 0.00709885 0)
(-0.111538 0.00407029 0)
(-0.114479 0.000759906 0)
(-0.113189 -0.00270295 0)
(-0.107609 -0.00615432 0)
(-0.097879 -0.00937719 0)
(-0.0844897 -0.0120725 0)
(-0.0682148 -0.0138951 0)
(-0.0504238 -0.0144131 0)
(-0.0326184 -0.0133114 0)
(-0.0171454 -0.010264 0)
(-0.00548263 -0.00574031 0)
(-0.00019714 -0.000621299 0)
(-0.000874006 0.00485989 0)
(-0.0102086 0.0169294 0)
(-0.0276988 0.0264506 0)
(-0.0494674 0.0324564 0)
(-0.0737631 0.0346389 0)
(-0.0979348 0.0336744 0)
(-0.120377 0.0301813 0)
(-0.139542 0.0248094 0)
(-0.154425 0.0180317 0)
(-0.164198 0.0102376 0)
(-0.168323 0.00175233 0)
(-0.166446 -0.00708033 0)
(-0.158493 -0.0158385 0)
(-0.144663 -0.0239761 0)
(-0.125624 -0.0307773 0)
(-0.102434 -0.0354112 0)
(-0.0769288 -0.0369225 0)
(-0.0511284 -0.0345756 0)
(-0.0281744 -0.0277953 0)
(-0.0100809 -0.0173302 0)
(-0.000776367 -0.00465504 0)
(-0.00138321 0.0111386 0)
(-0.0142473 0.0327843 0)
(-0.0372277 0.0488979 0)
(-0.0650995 0.0586422 0)
(-0.0957051 0.0619299 0)
(-0.125854 0.059857 0)
(-0.153675 0.0534798 0)
(-0.177357 0.0438627 0)
(-0.195731 0.0318181 0)
(-0.207824 0.0180136 0)
(-0.212999 0.00301949 0)
(-0.210822 -0.0125659 0)
(-0.201176 -0.0280146 0)
(-0.184258 -0.0423876 0)
(-0.160818 -0.054469 0)
(-0.132061 -0.0628381 0)
(-0.100158 -0.0659015 0)
(-0.0675046 -0.0623788 0)
(-0.0379678 -0.0513222 0)
(-0.0140877 -0.0335518 0)
(-0.00123958 -0.0107995 0)
(-0.00175437 0.0194286 0)
(-0.0177144 0.0530408 0)
(-0.0457466 0.0769738 0)
(-0.0792592 0.0908807 0)
(-0.115667 0.0951687 0)
(-0.151245 0.0915185 0)
(-0.183919 0.0815399 0)
(-0.21168 0.0667808 0)
(-0.233263 0.0484392 0)
(-0.247598 0.0274865 0)
(-0.253968 0.00475519 0)
(-0.251846 -0.0188859 0)
(-0.241027 -0.0423768 0)
(-0.221627 -0.0643361 0)
(-0.19438 -0.0829683 0)
(-0.160551 -0.0961395 0)
(-0.122581 -0.101463 0)
(-0.0832309 -0.0969267 0)
(-0.0471954 -0.0810165 0)
(-0.0176527 -0.0544253 0)
(-0.0015622 -0.0189299 0)
(-0.00209406 0.0293728 0)
(-0.0210475 0.0771907 0)
(-0.0541015 0.110134 0)
(-0.0932565 0.128597 0)
(-0.135464 0.13375 0)
(-0.176445 0.128061 0)
(-0.213944 0.113837 0)
(-0.245801 0.093185 0)
(-0.270698 0.067724 0)
(-0.287504 0.0387282 0)
(-0.295426 0.0072761 0)
(-0.293819 -0.0255154 0)
(-0.282327 -0.0582653 0)
(-0.260893 -0.0891279 0)
(-0.23013 -0.115658 0)
(-0.191255 -0.134863 0)
(-0.146942 -0.143354 0)
(-0.100346 -0.138114 0)
(-0.0571666 -0.116792 0)
(-0.021405 -0.0797601 0)
(-0.00187259 -0.0287855 0)
(-0.00244871 0.0410627 0)
(-0.0246283 0.105482 0)
(-0.0631246 0.148737 0)
(-0.10838 0.172196 0)
(-0.156826 0.178072 0)
(-0.203587 0.169856 0)
(-0.246248 0.15073 0)
(-0.282534 0.123447 0)
(-0.311123 0.090083 0)
(-0.330856 0.0521975 0)
(-0.340872 0.0110716 0)
(-0.340378 -0.0319849 0)
(-0.328793 -0.0753142 0)
(-0.305774 -0.116607 0)
(-0.271665 -0.152699 0)
(-0.227501 -0.179556 0)
(-0.17611 -0.192495 0)
(-0.121069 -0.187098 0)
(-0.0693223 -0.159793 0)
(-0.0259796 -0.110397 0)
(-0.00224417 -0.0406783 0)
(-0.00288864 0.0547135 0)
(-0.0288568 0.138399 0)
(-0.0736363 0.193378 0)
(-0.125825 0.222251 0)
(-0.18125 0.228633 0)
(-0.234395 0.217323 0)
(-0.282719 0.192598 0)
(-0.323897 0.15796 0)
(-0.356668 0.115976 0)
(-0.379903 0.0684491 0)
(-0.392692 0.0167862 0)
(-0.39408 -0.0376125 0)
(-0.383179 -0.0929092 0)
(-0.359221 -0.146377 0)
(-0.322081 -0.194089 0)
(-0.272398 -0.230753 0)
(-0.212985 -0.250014 0)
(-0.147803 -0.24547 0)
(-0.0853118 -0.21176 0)
(-0.0321381 -0.147734 0)
(-0.00278862 -0.0551836 0)
(-0.00346306 0.0707435 0)
(-0.034104 0.1768 0)
(-0.0863999 0.245048 0)
(-0.146652 0.279677 0)
(-0.209966 0.286199 0)
(-0.270156 0.271075 0)
(-0.324617 0.239964 0)
(-0.371085 0.197231 0)
(-0.408464 0.145967 0)
(-0.435753 0.0881554 0)
(-0.452052 0.0252117 0)
(-0.456251 -0.0415319 0)
(-0.447084 -0.110225 0)
(-0.423206 -0.177841 0)
(-0.38376 -0.239708 0)
(-0.328665 -0.289059 0)
(-0.260388 -0.317397 0)
(-0.183097 -0.315506 0)
(-0.106994 -0.275353 0)
(-0.0407679 -0.194043 0)
(-0.00362575 -0.0733333 0)
(-0.00426022 0.0898872 0)
(-0.0407816 0.222018 0)
(-0.102144 0.305168 0)
(-0.17174 0.345644 0)
(-0.243799 0.351618 0)
(-0.31149 0.331665 0)
(-0.372254 0.293206 0)
(-0.424071 0.241594 0)
(-0.466161 0.180478 0)
(-0.497814 0.111929 0)
(-0.51824 0.037208 0)
(-0.526247 -0.0426479 0)
(-0.520152 -0.12604 0)
(-0.497898 -0.209879 0)
(-0.457579 -0.288888 0)
(-0.397957 -0.354662 0)
(-0.320589 -0.396058 0)
(-0.229427 -0.399888 0)
(-0.13643 -0.354115 0)
(-0.0529782 -0.252603 0)
(-0.00494775 -0.0967581 0)
(-0.00536704 0.112856 0)
(-0.0493756 0.27534 0)
(-0.121631 0.374995 0)
(-0.201819 0.420978 0)
(-0.283122 0.425251 0)
(-0.358195 0.399074 0)
(-0.424712 0.352113 0)
(-0.481186 0.290831 0)
(-0.527373 0.21947 0)
(-0.563085 0.140064 0)
(-0.587822 0.0535198 0)
(-0.600453 -0.0397172 0)
(-0.598931 -0.138675 0)
(-0.580421 -0.240592 0)
(-0.541651 -0.339929 0)
(-0.479715 -0.426657 0)
(-0.394401 -0.486547 0)
(-0.288651 -0.500982 0)
(-0.175683 -0.45197 0)
(-0.0701103 -0.327449 0)
(-0.00701106 -0.127604 0)
(-0.00700711 0.141273 0)
(-0.0605103 0.339124 0)
(-0.145502 0.456544 0)
(-0.237079 0.506747 0)
(-0.327216 0.507269 0)
(-0.408415 0.472762 0)
(-0.478857 0.415752 0)
(-0.538015 0.343914 0)
(-0.586448 0.262105 0)
(-0.624808 0.172162 0)
(-0.653124 0.0744027 0)
(-0.670592 -0.0316748 0)
(-0.674969 -0.146212 0)
(-0.662753 -0.267347 0)
(-0.629098 -0.389923 0)
(-0.568968 -0.502619 0)
(-0.479253 -0.588008 0)
(-0.360631 -0.62041 0)
(-0.226133 -0.573274 0)
(-0.0936589 -0.423963 0)
(-0.0102459 -0.16929 0)
(-0.00941457 0.175992 0)
(-0.0750955 0.414318 0)
(-0.174511 0.549998 0)
(-0.277297 0.601867 0)
(-0.374137 0.595601 0)
(-0.458206 0.550009 0)
(-0.52861 0.481176 0)
(-0.586413 0.398004 0)
(-0.633292 0.305958 0)
(-0.671118 0.206496 0)
(-0.700737 0.0991168 0)
(-0.722039 -0.0179878 0)
(-0.732927 -0.146608 0)
(-0.7296 -0.286513 0)
(-0.705704 -0.433899 0)
(-0.653894 -0.576999 0)
(-0.566895 -0.695757 0)
(-0.441479 -0.756084 0)
(-0.287515 -0.719886 0)
(-0.125106 -0.54664 0)
(-0.0152038 -0.225371 0)
(-0.0132944 0.221167 0)
(-0.0942201 0.505164 0)
(-0.208431 0.657589 0)
(-0.319952 0.705758 0)
(-0.41831 0.68757 0)
(-0.498916 0.626757 0)
(-0.562332 0.543699 0)
(-0.612034 0.448348 0)
(-0.651096 0.346654 0)
(-0.682972 0.239452 0)
(-0.709574 0.125194 0)
(-0.731904 0.00045666 0)
(-0.748498 -0.138702 0)
(-0.755977 -0.294481 0)
(-0.747 -0.465715 0)
(-0.712377 -0.641696 0)
(-0.639656 -0.801434 0)
(-0.520089 -0.902141 0)
(-0.355514 -0.891694 0)
(-0.165218 -0.701022 0)
(-0.0228512 -0.302358 0)
(-0.0194446 0.276508 0)
(-0.120104 0.608675 0)
(-0.247386 0.773502 0)
(-0.361306 0.810074 0)
(-0.450884 0.773672 0)
(-0.516873 0.693324 0)
(-0.562012 0.594147 0)
(-0.593306 0.486645 0)
(-0.615347 0.376964 0)
(-0.633396 0.265049 0)
(-0.650478 0.148169 0)
(-0.669 0.0211845 0)
(-0.688636 -0.122248 0)
(-0.707448 -0.287344 0)
(-0.718196 -0.476913 0)
(-0.711345 -0.683387 0)
(-0.669044 -0.887996 0)
(-0.576298 -1.04113 0)
(-0.420118 -1.07652 0)
(-0.213593 -0.883819 0)
(-0.0342815 -0.403471 0)
(-0.030029 0.35548 0)
(-0.153599 0.733987 0)
(-0.285259 0.899266 0)
(-0.387669 0.909005 0)
(-0.450766 0.844118 0)
(-0.485356 0.738274 0)
(-0.496818 0.621049 0)
(-0.496701 0.502244 0)
(-0.490772 0.387407 0)
(-0.48591 0.275117 0)
(-0.485864 0.161318 0)
(-0.494386 0.0392643 0)
(-0.512543 -0.0996393 0)
(-0.540924 -0.263756 0)
(-0.573971 -0.460886 0)
(-0.604672 -0.688973 0)
(-0.611249 -0.936141 0)
(-0.574292 -1.15101 0)
(-0.45866 -1.25801 0)
(-0.264593 -1.09327 0)
(-0.0512557 -0.541182 0)
(-0.0479393 0.447436 0)
(-0.200042 0.857785 0)
(-0.31602 1.00536 0)
(-0.380829 0.972538 0)
(-0.387813 0.871926 0)
(-0.366327 0.739353 0)
(-0.324018 0.606796 0)
(-0.277602 0.481572 0)
(-0.232668 0.367485 0)
(-0.1967 0.261375 0)
(-0.173053 0.157953 0)
(-0.166099 0.0494459 0)
(-0.177976 -0.0741023 0)
(-0.212454 -0.223317 0)
(-0.26722 -0.410696 0)
(-0.341789 -0.641225 0)
(-0.414127 -0.914808 0)
(-0.466865 -1.187 0)
(-0.436764 -1.38507 0)
(-0.306967 -1.28998 0)
(-0.074624 -0.704462 0)
(-0.0754357 0.604504 0)
(-0.240542 1.00273 0)
(-0.291219 1.0895 0)
(-0.274218 0.982832 0)
(-0.18735 0.835459 0)
(-0.0848604 0.676781 0)
(0.0270331 0.535479 0)
(0.128317 0.412762 0)
(0.216384 0.308534 0)
(0.285155 0.217281 0)
(0.333356 0.132574 0)
(0.357307 0.0464228 0)
(0.354802 -0.0510975 0)
(0.319279 -0.171133 0)
(0.249238 -0.329004 0)
(0.13502 -0.536539 0)
(-0.00706273 -0.809113 0)
(-0.175013 -1.12052 0)
(-0.281112 -1.42276 0)
(-0.298372 -1.45576 0)
(-0.101348 -0.9222 0)
(-0.11308 0.73255 0)
(-0.258734 1.04741 0)
(-0.139696 1.03896 0)
(0.0267737 0.861383 0)
(0.253618 0.68555 0)
(0.456499 0.525052 0)
(0.642549 0.396678 0)
(0.794209 0.294402 0)
(0.91688 0.213554 0)
(1.00897 0.147188 0)
(1.07324 0.0887752 0)
(1.10817 0.0315171 0)
(1.11269 -0.032519 0)
(1.07872 -0.11238 0)
(1.00191 -0.221838 0)
(0.861461 -0.375154 0)
(0.6634 -0.598526 0)
(0.376094 -0.891545 0)
(0.0962753 -1.25147 0)
(-0.175167 -1.43207 0)
(-0.110656 -1.07783 0)
(-0.0405576 1.02896 0)
(0.0611515 1.02596 0)
(0.487399 0.84111 0)
(0.830065 0.591377 0)
(1.17104 0.416914 0)
(1.4307 0.289202 0)
(1.64331 0.201455 0)
(1.80267 0.139902 0)
(1.92382 0.0959208 0)
(2.01067 0.0628911 0)
(2.06951 0.0357113 0)
(2.10117 0.0100996 0)
(2.10611 -0.0184045 0)
(2.07704 -0.0550361 0)
(2.00962 -0.108315 0)
(1.87844 -0.189819 0)
(1.6813 -0.32658 0)
(1.34902 -0.541418 0)
(0.943087 -0.898016 0)
(0.338469 -1.23284 0)
(0.0316023 -1.26854 0)
(0.847169 0.578521 0)
(1.32269 0.401466 0)
(2.06915 0.261908 0)
(2.45561 0.1531 0)
(2.76492 0.0894301 0)
(2.95491 0.0524075 0)
(3.09051 0.0306557 0)
(3.17973 0.0181237 0)
(3.24145 0.0104582 0)
(3.28187 0.00559179 0)
(3.30702 0.00200876 0)
(3.31828 -0.00127709 0)
(3.31645 -0.00509352 0)
(3.29683 -0.0106962 0)
(3.25674 -0.0196487 0)
(3.17569 -0.0356369 0)
(3.04917 -0.0654459 0)
(2.79367 -0.120541 0)
(2.43376 -0.230515 0)
(1.62466 -0.387754 0)
(0.923854 -0.587933 0)
)
;

boundaryField
{
    movingWall
    {
        type            fixedValue;
        value           uniform (4 0 0);
    }
    fixedWalls
    {
        type            noSlip;
    }
    frontAndBack
    {
        type            empty;
    }
}


// ************************************************************************* //
