/*--------------------------------*- C++ -*----------------------------------*\
| =========                 |                                                 |
| \\      /  F ield         | OpenFOAM: The Open Source CFD Toolbox           |
|  \\    /   O peration     | Version:  4.1                                   |
|   \\  /    A nd           | Web:      www.OpenFOAM.org                      |
|    \\/     M anipulation  |                                                 |
\*---------------------------------------------------------------------------*/
FoamFile
{
    version     2.0;
    format      ascii;
    class       volVectorField;
    location    "0.0646";
    object      U;
}
// * * * * * * * * * * * * * * * * * * * * * * * * * * * * * * * * * * * * * //

dimensions      [0 1 -1 0 0 0 0];

internalField   nonuniform List<vector> 
441
(
(0.00351952 -0.00467213 0)
(0.00910315 -0.00254589 0)
(-0.000636477 -2.18429e-165 0)
(0.00183303 -3.05722e-266 0)
(-0.0084996 -0.00733267 0)
(-0.00183303 -2.88287e-232 0)
(-1.10636e-202 -5.11646e-203 0)
(-1.27897e-203 -6.66491e-228 0)
(-1.60944e-212 -2.88715e-213 0)
(-0.0057357 8.54746e-266 0)
(-0.0699262 0.0229447 0)
(-0.08824 0.0121059 0)
(-0.100005 0.00564416 0)
(-0.0889029 0.000546873 0)
(-0.0743228 -0.00138307 0)
(-0.050898 -0.00274709 0)
(-0.0304186 -0.00204194 0)
(-0.0115608 -0.00165557 0)
(0.00050617 0.000481833 0)
(0.00325483 0.00119598 0)
(0.00427401 0.00275409 0)
(0.00351349 -0.00775983 0)
(-0.00153741 0.0066487 0)
(-0.0270494 0.00806657 0)
(-0.057246 0.0105688 0)
(-0.101905 0.0101733 0)
(-0.143425 -0.00360912 0)
(-0.182197 -0.000252923 0)
(-0.219177 0.00149662 0)
(-0.251912 0.0122531 0)
(-0.285077 0.0621865 0)
(-0.307978 0.0575494 0)
(-0.30315 0.0183524 0)
(-0.290602 -0.00550668 0)
(-0.252916 -0.0269676 0)
(-0.208454 -0.0367476 0)
(-0.151312 -0.0424106 0)
(-0.0990216 -0.037096 0)
(-0.0513681 -0.0305162 0)
(-0.0181467 -0.0147953 0)
(-0.0028271 -0.00570085 0)
(0.0045488 0.00499627 0)
(0.00705817 -0.00717024 0)
(-0.00537574 0.0276308 0)
(-0.0520997 0.0543344 0)
(-0.114583 0.0724721 0)
(-0.190206 0.0777369 0)
(-0.268136 0.0763726 0)
(-0.351266 0.0730918 0)
(-0.418101 0.0674308 0)
(-0.483887 0.0633756 0)
(-0.515757 0.0603867 0)
(-0.51197 0.041919 0)
(-0.495965 -0.00410003 0)
(-0.463485 -0.043919 0)
(-0.405089 -0.0814257 0)
(-0.335132 -0.102036 0)
(-0.249173 -0.112468 0)
(-0.168693 -0.100821 0)
(-0.0936484 -0.083042 0)
(-0.0396884 -0.0469669 0)
(-0.00943448 -0.0219339 0)
(0.00594895 0.00489346 0)
(0.0061037 -0.0097218 0)
(-0.0149882 0.067493 0)
(-0.0909268 0.117287 0)
(-0.179757 0.150968 0)
(-0.283855 0.164084 0)
(-0.388042 0.16009 0)
(-0.490151 0.151314 0)
(-0.578054 0.134961 0)
(-0.650368 0.11219 0)
(-0.693014 0.087675 0)
(-0.701955 0.0375074 0)
(-0.681108 -0.0312315 0)
(-0.637011 -0.0965197 0)
(-0.559697 -0.156466 0)
(-0.466482 -0.192479 0)
(-0.351937 -0.210345 0)
(-0.243049 -0.192057 0)
(-0.138863 -0.161175 0)
(-0.0627591 -0.098146 0)
(-0.0159553 -0.0527171 0)
(0.00768836 0.00188988 0)
(6.56079e-165 0.00152592 0)
(-0.0224667 0.124221 0)
(-0.130957 0.218336 0)
(-0.24129 0.264021 0)
(-0.372158 0.284976 0)
(-0.498816 0.280913 0)
(-0.624516 0.261875 0)
(-0.730663 0.226613 0)
(-0.819013 0.177667 0)
(-0.871493 0.112651 0)
(-0.88811 0.0304302 0)
(-0.868768 -0.0687994 0)
(-0.817736 -0.164564 0)
(-0.725664 -0.252299 0)
(-0.610972 -0.308709 0)
(-0.466065 -0.336772 0)
(-0.326358 -0.31241 0)
(-0.186483 -0.26444 0)
(-0.0858274 -0.168175 0)
(-0.0173476 -0.0932452 0)
(0.0142821 -0.00257241 0)
(-5.32798e-266 0.00544643 0)
(-0.0837028 0.203022 0)
(-0.182439 0.334219 0)
(-0.314533 0.393963 0)
(-0.457338 0.42151 0)
(-0.60345 0.413504 0)
(-0.744381 0.38378 0)
(-0.86879 0.329709 0)
(-0.971866 0.253866 0)
(-1.04113 0.156001 0)
(-1.07441 0.0350736 0)
(-1.06325 -0.102616 0)
(-1.01326 -0.239368 0)
(-0.910746 -0.364821 0)
(-0.77697 -0.451611 0)
(-0.600105 -0.497391 0)
(-0.425302 -0.470579 0)
(-0.243211 -0.404819 0)
(-0.112551 -0.265322 0)
(-0.0182073 -0.156031 0)
(0.016116 9.29412e-05 0)
(-0.0217857 0.0883693 0)
(-0.11645 0.303204 0)
(-0.230275 0.449547 0)
(-0.375599 0.537158 0)
(-0.536353 0.573128 0)
(-0.700058 0.566557 0)
(-0.86058 0.526452 0)
(-1.00454 0.453205 0)
(-1.12822 0.349794 0)
(-1.21768 0.214955 0)
(-1.27053 0.0530469 0)
(-1.27379 -0.130264 0)
(-1.23112 -0.316076 0)
(-1.12385 -0.489507 0)
(-0.974695 -0.617879 0)
(-0.764145 -0.690266 0)
(-0.551132 -0.667027 0)
(-0.313538 -0.579591 0)
(-0.150229 -0.389956 0)
(-0.00542837 -0.223734 0)
(5.87611e-266 -0.004029 0)
(-0.0160029 0.146072 0)
(-0.111291 0.41265 0)
(-0.252127 0.593948 0)
(-0.417311 0.700831 0)
(-0.597561 0.746238 0)
(-0.780265 0.738043 0)
(-0.959444 0.688592 0)
(-1.12469 0.597234 0)
(-1.27076 0.467424 0)
(-1.38534 0.297755 0)
(-1.46386 0.0915853 0)
(-1.48922 -0.143113 0)
(-1.46279 -0.388798 0)
(-1.35937 -0.623438 0)
(-1.20132 -0.810618 0)
(-0.960291 -0.925028 0)
(-0.70547 -0.919527 0)
(-0.406653 -0.81196 0)
(-0.196088 -0.56884 0)
(-0.00322659 -0.315685 0)
(2.48666e-24 -1.13457e-24 0)
(-0.0142117 0.212201 0)
(-0.115241 0.537518 0)
(-0.272958 0.754023 0)
(-0.453481 0.880798 0)
(-0.650749 0.934827 0)
(-0.849711 0.926883 0)
(-1.04669 0.870002 0)
(-1.23213 0.763392 0)
(-1.40133 0.61021 0)
(-1.54266 0.407407 0)
(-1.65 0.157493 0)
(-1.70404 -0.131888 0)
(-1.70255 -0.444516 0)
(-1.61404 -0.752272 0)
(-1.45798 -1.01479 0)
(-1.19429 -1.18924 0)
(-0.900486 -1.21702 0)
(-0.533182 -1.09415 0)
(-0.264837 -0.785792 0)
(-0.00473593 -0.427483 0)
(1.01707e-76 -6.21664e-25 0)
(-0.0124697 0.276137 0)
(-0.114174 0.673091 0)
(-0.282607 0.932953 0)
(-0.473374 1.07922 0)
(-0.682302 1.14293 0)
(-0.892937 1.13395 0)
(-1.10248 1.07127 0)
(-1.30409 0.951447 0)
(-1.49268 0.778112 0)
(-1.65936 0.545685 0)
(-1.79622 0.253242 0)
(-1.8836 -0.0917786 0)
(-1.91554 -0.478187 0)
(-1.85489 -0.870656 0)
(-1.71564 -1.22956 0)
(-1.44435 -1.48842 0)
(-1.11992 -1.57911 0)
(-0.684095 -1.45777 0)
(-0.347567 -1.09171 0)
(-0.00664267 -0.59556 0)
(2.83573e-164 -2.54268e-77 0)
(-0.0127295 0.335489 0)
(-0.117112 0.805928 0)
(-0.293302 1.11097 0)
(-0.489852 1.27826 0)
(-0.703765 1.35272 0)
(-0.918563 1.34505 0)
(-1.13176 1.28005 0)
(-1.34056 1.1521 0)
(-1.53925 0.965036 0)
(-1.72393 0.710067 0)
(-1.88484 0.382284 0)
(-2.00581 -0.0130292 0)
(-2.07634 -0.471297 0)
(-2.05744 -0.953144 0)
(-1.95424 -1.42204 0)
(-1.70002 -1.78874 0)
(-1.36691 -1.97239 0)
(-0.877953 -1.87461 0)
(-0.471924 -1.45172 0)
(-0.0774388 -0.787928 0)
(1.75336e-265 0.0130181 0)
(-0.013578 0.406904 0)
(-0.116672 0.955835 0)
(-0.293994 1.3072 0)
(-0.488079 1.49039 0)
(-0.696754 1.57279 0)
(-0.904572 1.56189 0)
(-1.10848 1.49388 0)
(-1.31093 1.35844 0)
(-1.50522 1.16159 0)
(-1.69436 0.890491 0)
(-1.86756 0.535108 0)
(-2.01521 0.098625 0)
(-2.12403 -0.426093 0)
(-2.1567 -0.995058 0)
(-2.10901 -1.58597 0)
(-1.90159 -2.08234 0)
(-1.58824 -2.40009 0)
(-1.06404 -2.36696 0)
(-0.573512 -1.88645 0)
(-0.0744249 -1.087 0)
(0.0520722 -0.0731657 0)
(-0.0171899 0.461377 0)
(-0.123254 1.08341 0)
(-0.303778 1.47948 0)
(-0.491583 1.67772 0)
(-0.684572 1.76739 0)
(-0.872353 1.75418 0)
(-1.04878 1.68542 0)
(-1.22608 1.54725 0)
(-1.39403 1.34813 0)
(-1.5673 1.07181 0)
(-1.73206 0.703779 0)
(-1.89229 0.243792 0)
(-2.02968 -0.327283 0)
(-2.11929 -0.967454 0)
(-2.14326 -1.67193 0)
(-2.01738 -2.31135 0)
(-1.77154 -2.80347 0)
(-1.23698 -2.89816 0)
(-0.707721 -2.43486 0)
(0.0406051 -1.4205 0)
(2.40331e-231 -0.0130181 0)
(-0.022073 0.550276 0)
(-0.128317 1.24548 0)
(-0.304938 1.67939 0)
(-0.476271 1.87228 0)
(-0.639806 1.95671 0)
(-0.791726 1.92644 0)
(-0.922144 1.84955 0)
(-1.05368 1.70373 0)
(-1.17231 1.50351 0)
(-1.30495 1.22845 0)
(-1.43591 0.859946 0)
(-1.58447 0.396179 0)
(-1.73171 -0.19927 0)
(-1.86973 -0.882006 0)
(-1.97507 -1.68706 0)
(-1.96847 -2.45837 0)
(-1.85114 -3.17931 0)
(-1.41203 -3.44894 0)
(-0.891292 -3.15795 0)
(-0.00329059 -1.83182 0)
(5.76334e-202 4.55951e-184 0)
(-0.038313 0.604774 0)
(-0.161859 1.36021 0)
(-0.344151 1.82364 0)
(-0.49707 2.00713 0)
(-0.61335 2.08131 0)
(-0.710745 2.03316 0)
(-0.767794 1.94719 0)
(-0.828481 1.79623 0)
(-0.868039 1.59994 0)
(-0.932891 1.33616 0)
(-0.998601 0.984634 0)
(-1.10938 0.542117 0)
(-1.23551 -0.0388224 0)
(-1.40928 -0.720076 0)
(-1.58168 -1.56521 0)
(-1.73189 -2.43202 0)
(-1.78179 -3.34371 0)
(-1.55372 -3.86676 0)
(-1.11546 -3.82039 0)
(-0.0112 -2.34186 0)
(1.8238e-183 -7.46096e-185 0)
(-0.0571248 0.758498 0)
(-0.197763 1.55563 0)
(-0.37376 2.02407 0)
(-0.493321 2.14289 0)
(-0.544485 2.17758 0)
(-0.568333 2.08165 0)
(-0.533052 1.97161 0)
(-0.502164 1.80482 0)
(-0.441536 1.60978 0)
(-0.413771 1.36042 0)
(-0.387712 1.03641 0)
(-0.426812 0.635455 0)
(-0.497687 0.0989656 0)
(-0.663331 -0.532384 0)
(-0.876626 -1.36754 0)
(-1.16227 -2.25469 0)
(-1.43717 -3.3623 0)
(-1.53405 -4.12216 0)
(-1.41271 -4.71774 0)
(-0.463527 -2.99438 0)
(4.38945e-254 -4.55951e-184 0)
(-0.122832 0.845751 0)
(-0.33112 1.66374 0)
(-0.499544 2.11409 0)
(-0.571509 2.16819 0)
(-0.506172 2.15564 0)
(-0.420318 2.01683 0)
(-0.247582 1.88203 0)
(-0.0944258 1.70377 0)
(0.0973698 1.51316 0)
(0.239458 1.28481 0)
(0.381746 0.99993 0)
(0.431667 0.658092 0)
(0.447663 0.201417 0)
(0.305601 -0.331712 0)
(0.106722 -1.05822 0)
(-0.338207 -1.86034 0)
(-0.775597 -2.94578 0)
(-1.49672 -3.89017 0)
(-1.66779 -4.80097 0)
(-2.06867 -3.83092 0)
(-2.57158e-264 -0.21491 0)
(-0.178676 1.23395 0)
(-0.425177 1.93669 0)
(-0.52564 2.28681 0)
(-0.495284 2.14977 0)
(-0.274896 2.04023 0)
(-0.0444225 1.82268 0)
(0.283645 1.65232 0)
(0.575382 1.45998 0)
(0.904163 1.27803 0)
(1.16801 1.07787 0)
(1.42882 0.84369 0)
(1.58159 0.574547 0)
(1.69615 0.221689 0)
(1.62993 -0.181921 0)
(1.48947 -0.734507 0)
(1.05548 -1.35593 0)
(0.530349 -2.2349 0)
(-0.386822 -3.18599 0)
(-1.10487 -4.23544 0)
(-1.84603 -4.51372 0)
(-0.85964 -2.31028 0)
(-0.40019 1.41528 0)
(-0.728087 1.98202 0)
(-0.529555 2.17839 0)
(-0.260182 1.90055 0)
(0.282335 1.70577 0)
(0.732112 1.45037 0)
(1.27365 1.26422 0)
(1.71924 1.08122 0)
(2.18567 0.922456 0)
(2.55409 0.763088 0)
(2.91031 0.588707 0)
(3.13514 0.39943 0)
(3.32453 0.156511 0)
(3.3048 -0.109379 0)
(3.2339 -0.480118 0)
(2.81472 -0.879141 0)
(2.34916 -1.50402 0)
(1.33477 -2.22511 0)
(0.438443 -3.34648 0)
(-0.71508 -3.99846 0)
(-0.699938 -2.96275 0)
(-0.25632 2.42411 0)
(-0.101268 2.06071 0)
(0.684432 1.8694 0)
(1.32645 1.32996 0)
(2.13454 1.06822 0)
(2.75234 0.8245 0)
(3.39686 0.671328 0)
(3.90158 0.543743 0)
(4.39542 0.443638 0)
(4.77385 0.352894 0)
(5.12768 0.261025 0)
(5.3495 0.165615 0)
(5.53673 0.0486772 0)
(5.53001 -0.0784739 0)
(5.48589 -0.254326 0)
(5.12772 -0.449572 0)
(4.74451 -0.786156 0)
(3.81819 -1.24288 0)
(2.85862 -2.25352 0)
(1.08874 -3.3294 0)
(-0.0455139 -3.79947 0)
(1.66798 1.67028 0)
(2.70596 0.975405 0)
(4.54752 0.748736 0)
(5.38535 0.423525 0)
(6.24972 0.285576 0)
(6.75561 0.176922 0)
(7.23051 0.120164 0)
(7.54976 0.0800776 0)
(7.84463 0.0541033 0)
(8.04576 0.0340732 0)
(8.22823 0.0162505 0)
(8.31993 -0.000619748 0)
(8.39614 -0.0215299 0)
(8.34315 -0.0423981 0)
(8.28664 -0.078009 0)
(8.00367 -0.111421 0)
(7.75037 -0.201087 0)
(6.99752 -0.293984 0)
(6.26373 -0.626114 0)
(4.04652 -0.998194 0)
(2.00628 -1.81901 0)
)
;

boundaryField
{
    movingWall
    {
        type            fixedValue;
        value           uniform (10 0 0);
    }
    fixedWalls
    {
        type            noSlip;
    }
    frontAndBack
    {
        type            empty;
    }
}


// ************************************************************************* //
