/*--------------------------------*- C++ -*----------------------------------*\
| =========                 |                                                 |
| \\      /  F ield         | OpenFOAM: The Open Source CFD Toolbox           |
|  \\    /   O peration     | Version:  4.1                                   |
|   \\  /    A nd           | Web:      www.OpenFOAM.org                      |
|    \\/     M anipulation  |                                                 |
\*---------------------------------------------------------------------------*/
FoamFile
{
    version     2.0;
    format      ascii;
    class       volVectorField;
    location    "0.0093";
    object      U;
}
// * * * * * * * * * * * * * * * * * * * * * * * * * * * * * * * * * * * * * //

dimensions      [0 1 -1 0 0 0 0];

internalField   nonuniform List<vector> 
441
(
(0.00351964 -0.0055652 0)
(0.00699726 -0.00389442 0)
(-0.000974342 -2.97608e-165 0)
(0.00141877 -1.87394e-266 0)
(-0.0133385 -0.00567617 0)
(-0.00141877 -2.52358e-232 0)
(-1.21437e-202 -3.04607e-203 0)
(-7.61232e-204 -3.64717e-228 0)
(-1.31687e-212 -1.54657e-213 0)
(-0.00475298 7.31448e-266 0)
(-0.0547874 0.0190082 0)
(-0.0712727 0.0106501 0)
(-0.0834762 0.00540342 0)
(-0.0800404 0.0016184 0)
(-0.074659 -5.05221e-05 0)
(-0.0620277 -0.00132916 0)
(-0.0495076 -0.00164136 0)
(-0.0334341 -0.00220742 0)
(-0.0186574 -0.0015386 0)
(-0.00612753 -0.00101863 0)
(0.00219352 0.00132149 0)
(0.00232419 -0.00466926 0)
(-0.00926306 0.00856453 0)
(-0.03802 0.00750412 0)
(-0.0651512 0.013591 0)
(-0.100204 0.00774506 0)
(-0.126264 -0.00853449 0)
(-0.147927 -0.00123933 0)
(-0.16698 0.000790902 0)
(-0.182545 0.00913789 0)
(-0.200692 0.0484303 0)
(-0.2139 0.0458636 0)
(-0.21093 0.0184182 0)
(-0.207743 0.00292316 0)
(-0.19085 -0.0107317 0)
(-0.171711 -0.018027 0)
(-0.142684 -0.0245016 0)
(-0.113246 -0.0268338 0)
(-0.0782797 -0.0295525 0)
(-0.0459246 -0.0255554 0)
(-0.0176947 -0.0206481 0)
(0.00134909 -0.0050801 0)
(0.00562979 0.000413924 0)
(-0.0105309 0.0359234 0)
(-0.0573294 0.0540034 0)
(-0.106353 0.0605162 0)
(-0.155918 0.0544246 0)
(-0.204232 0.0444629 0)
(-0.25055 0.0389926 0)
(-0.280676 0.0334287 0)
(-0.311561 0.0321549 0)
(-0.320396 0.0352461 0)
(-0.308629 0.0299499 0)
(-0.297338 0.00565252 0)
(-0.282676 -0.0142524 0)
(-0.257657 -0.0340726 0)
(-0.22912 -0.0475856 0)
(-0.189635 -0.0597895 0)
(-0.149558 -0.0651797 0)
(-0.102348 -0.069701 0)
(-0.0597014 -0.0611599 0)
(-0.0220373 -0.0484711 0)
(0.00241372 -0.0142617 0)
(0.00719961 0.000225691 0)
(-0.00934066 0.0731933 0)
(-0.0731338 0.103695 0)
(-0.134295 0.113949 0)
(-0.196952 0.105876 0)
(-0.253233 0.088456 0)
(-0.302611 0.0760292 0)
(-0.339988 0.0623347 0)
(-0.367505 0.0501524 0)
(-0.37905 0.0432773 0)
(-0.373483 0.0223789 0)
(-0.358019 -0.00833494 0)
(-0.337394 -0.0370343 0)
(-0.304841 -0.064972 0)
(-0.268537 -0.0860289 0)
(-0.219975 -0.104977 0)
(-0.171375 -0.113827 0)
(-0.114049 -0.120603 0)
(-0.0641196 -0.105374 0)
(-0.019719 -0.0839965 0)
(0.00515794 -0.0244185 0)
(6.49525e-165 0.0017999 0)
(-0.0122653 0.115856 0)
(-0.0929249 0.178151 0)
(-0.159107 0.183271 0)
(-0.230452 0.172588 0)
(-0.2917 0.148854 0)
(-0.347446 0.124962 0)
(-0.388144 0.0978177 0)
(-0.418588 0.0708129 0)
(-0.430191 0.0420274 0)
(-0.425211 0.00920549 0)
(-0.408942 -0.0299706 0)
(-0.384287 -0.0669376 0)
(-0.34653 -0.102833 0)
(-0.303835 -0.131684 0)
(-0.246479 -0.157171 0)
(-0.190191 -0.170005 0)
(-0.121142 -0.17743 0)
(-0.064898 -0.154129 0)
(-0.0112608 -0.118205 0)
(0.0119878 -0.0277353 0)
(-5.98363e-266 0.00533812 0)
(-0.0703472 0.170614 0)
(-0.124621 0.248875 0)
(-0.197371 0.25324 0)
(-0.263903 0.238487 0)
(-0.32832 0.206581 0)
(-0.383778 0.172929 0)
(-0.428155 0.133795 0)
(-0.459537 0.0926552 0)
(-0.475036 0.0493134 0)
(-0.474823 0.0010956 0)
(-0.459582 -0.0499199 0)
(-0.433586 -0.0995132 0)
(-0.39133 -0.146329 0)
(-0.342603 -0.18592 0)
(-0.276124 -0.220023 0)
(-0.210918 -0.238553 0)
(-0.128799 -0.248019 0)
(-0.0639631 -0.214026 0)
(0.00416724 -0.163596 0)
(0.0177065 -0.0232141 0)
(-0.0213525 0.0764894 0)
(-0.0934736 0.236601 0)
(-0.154644 0.306163 0)
(-0.228152 0.321009 0)
(-0.299713 0.303269 0)
(-0.367615 0.267789 0)
(-0.427844 0.22442 0)
(-0.476282 0.173131 0)
(-0.511729 0.117578 0)
(-0.530819 0.0573558 0)
(-0.533793 -0.00600087 0)
(-0.519992 -0.0711361 0)
(-0.4929 -0.134616 0)
(-0.44675 -0.193937 0)
(-0.392448 -0.245863 0)
(-0.316001 -0.289345 0)
(-0.242802 -0.315661 0)
(-0.144259 -0.325379 0)
(-0.0763132 -0.284747 0)
(0.0168903 -0.201078 0)
(5.43884e-266 -0.00442663 0)
(-0.0153517 0.122567 0)
(-0.0827435 0.304943 0)
(-0.163697 0.384461 0)
(-0.248505 0.399312 0)
(-0.329598 0.378597 0)
(-0.405212 0.33539 0)
(-0.47102 0.282132 0)
(-0.525571 0.217922 0)
(-0.565615 0.147525 0)
(-0.590084 0.071147 0)
(-0.597452 -0.00968701 0)
(-0.586453 -0.0914193 0)
(-0.559667 -0.1728 0)
(-0.510958 -0.24793 0)
(-0.451421 -0.316481 0)
(-0.366306 -0.371761 0)
(-0.283258 -0.409245 0)
(-0.173145 -0.418346 0)
(-0.0947984 -0.371674 0)
(0.00132274 -0.247696 0)
(1.34101e-24 -2.56969e-24 0)
(-0.0127558 0.171835 0)
(-0.0836823 0.383096 0)
(-0.178693 0.471033 0)
(-0.274456 0.485492 0)
(-0.367113 0.45935 0)
(-0.451367 0.408238 0)
(-0.524806 0.344402 0)
(-0.586079 0.267191 0)
(-0.631809 0.182018 0)
(-0.662066 0.0890339 0)
(-0.673962 -0.00936721 0)
(-0.666931 -0.108935 0)
(-0.641471 -0.209426 0)
(-0.59178 -0.302332 0)
(-0.527746 -0.389145 0)
(-0.433519 -0.458172 0)
(-0.339351 -0.506273 0)
(-0.211882 -0.515556 0)
(-0.120167 -0.454759 0)
(-0.00221296 -0.299435 0)
(5.26504e-77 -3.35253e-25 0)
(-0.0111792 0.220088 0)
(-0.084248 0.472591 0)
(-0.191789 0.576567 0)
(-0.2988 0.588797 0)
(-0.402996 0.556616 0)
(-0.496739 0.49372 0)
(-0.577686 0.417636 0)
(-0.646247 0.325192 0)
(-0.6977 0.223904 0)
(-0.734668 0.113184 0)
(-0.752111 -0.00484464 0)
(-0.750982 -0.124494 0)
(-0.729103 -0.248258 0)
(-0.681023 -0.362991 0)
(-0.614268 -0.475021 0)
(-0.511696 -0.562779 0)
(-0.404685 -0.630476 0)
(-0.257016 -0.642286 0)
(-0.147947 -0.579009 0)
(-0.00749713 -0.37618 0)
(1.37205e-164 -1.31626e-77 0)
(-0.0119492 0.264459 0)
(-0.0930522 0.562001 0)
(-0.215871 0.683924 0)
(-0.336085 0.694928 0)
(-0.452348 0.656288 0)
(-0.555622 0.581607 0)
(-0.64323 0.493415 0)
(-0.718327 0.386482 0)
(-0.774461 0.270337 0)
(-0.818206 0.143273 0)
(-0.841442 0.00721146 0)
(-0.848754 -0.131762 0)
(-0.833086 -0.278614 0)
(-0.791581 -0.416984 0)
(-0.725316 -0.556795 0)
(-0.618317 -0.668172 0)
(-0.497344 -0.75749 0)
(-0.330107 -0.774226 0)
(-0.196882 -0.696909 0)
(-0.0594866 -0.452794 0)
(3.11721e-266 0.00528384 0)
(-0.0139805 0.326541 0)
(-0.103271 0.678877 0)
(-0.241095 0.821764 0)
(-0.373856 0.826614 0)
(-0.500675 0.778077 0)
(-0.612144 0.68536 0)
(-0.704375 0.581661 0)
(-0.784492 0.456789 0)
(-0.843736 0.324335 0)
(-0.893766 0.18018 0)
(-0.923233 0.0254649 0)
(-0.941101 -0.133306 0)
(-0.935538 -0.306372 0)
(-0.905829 -0.472072 0)
(-0.846268 -0.64969 0)
(-0.738228 -0.79369 0)
(-0.603284 -0.919939 0)
(-0.400513 -0.948185 0)
(-0.225919 -0.849673 0)
(-0.031546 -0.580297 0)
(0.0211354 -0.0645106 0)
(-0.0190842 0.377585 0)
(-0.124441 0.786189 0)
(-0.285526 0.951916 0)
(-0.435043 0.951513 0)
(-0.57186 0.893143 0)
(-0.690014 0.783174 0)
(-0.782193 0.665142 0)
(-0.863863 0.524792 0)
(-0.921702 0.379469 0)
(-0.976218 0.222711 0)
(-1.01037 0.0547672 0)
(-1.04183 -0.118725 0)
(-1.04997 -0.31311 0)
(-1.04226 -0.505127 0)
(-0.998222 -0.722525 0)
(-0.902481 -0.910514 0)
(-0.759744 -1.09149 0)
(-0.511449 -1.15263 0)
(-0.288215 -1.06018 0)
(0.0470601 -0.701124 0)
(1.26922e-231 -0.00528384 0)
(-0.025955 0.473285 0)
(-0.147859 0.948738 0)
(-0.330983 1.13671 0)
(-0.495207 1.11462 0)
(-0.638419 1.03672 0)
(-0.759624 0.896587 0)
(-0.847448 0.757851 0)
(-0.926683 0.596795 0)
(-0.979279 0.437527 0)
(-1.03508 0.269088 0)
(-1.07211 0.0904172 0)
(-1.11695 -0.0937729 0)
(-1.14276 -0.308071 0)
(-1.16486 -0.524586 0)
(-1.15237 -0.792979 0)
(-1.09121 -1.03494 0)
(-0.967348 -1.3151 0)
(-0.708017 -1.42777 0)
(-0.428679 -1.40733 0)
(-0.000230732 -0.88775 0)
(2.58099e-202 2.38117e-184 0)
(-0.0439599 0.54409 0)
(-0.200498 1.08504 0)
(-0.419069 1.29514 0)
(-0.602886 1.25332 0)
(-0.744234 1.15569 0)
(-0.861525 0.988598 0)
(-0.931764 0.83159 0)
(-0.999671 0.655078 0)
(-1.0364 0.487751 0)
(-1.08761 0.315759 0)
(-1.12109 0.136743 0)
(-1.17972 -0.0463173 0)
(-1.22264 -0.264593 0)
(-1.2887 -0.492511 0)
(-1.3184 -0.793863 0)
(-1.33208 -1.09253 0)
(-1.2485 -1.46835 0)
(-1.02568 -1.69255 0)
(-0.671748 -1.75446 0)
(-0.000822459 -1.14018 0)
(9.52469e-184 3.63768e-185 0)
(-0.064404 0.725563 0)
(-0.254835 1.32852 0)
(-0.498487 1.54857 0)
(-0.691747 1.44145 0)
(-0.820277 1.30252 0)
(-0.923554 1.08488 0)
(-0.967656 0.900072 0)
(-1.01561 0.701929 0)
(-1.02908 0.526711 0)
(-1.0669 0.354313 0)
(-1.08885 0.181148 0)
(-1.15056 0.00853614 0)
(-1.20401 -0.203371 0)
(-1.30506 -0.427833 0)
(-1.38707 -0.757643 0)
(-1.48776 -1.10417 0)
(-1.51096 -1.6351 0)
(-1.39596 -2.00884 0)
(-1.10314 -2.45403 0)
(-0.331244 -1.58361 0)
(2.43565e-254 -2.38117e-184 0)
(-0.129903 0.848373 0)
(-0.397586 1.50554 0)
(-0.660771 1.72566 0)
(-0.848378 1.56462 0)
(-0.915127 1.38562 0)
(-0.972182 1.13016 0)
(-0.95089 0.92348 0)
(-0.95437 0.714362 0)
(-0.920595 0.539123 0)
(-0.929817 0.376234 0)
(-0.923864 0.220234 0)
(-0.979285 0.0721848 0)
(-1.02654 -0.110285 0)
(-1.16351 -0.303302 0)
(-1.27994 -0.609525 0)
(-1.52068 -0.960158 0)
(-1.65309 -1.5491 0)
(-1.90646 -2.09755 0)
(-1.67935 -2.77299 0)
(-1.61172 -2.28423 0)
(-1.97889e-264 -0.169805 0)
(-0.18269 1.27344 0)
(-0.484922 1.86349 0)
(-0.693316 2.02098 0)
(-0.808782 1.69606 0)
(-0.765777 1.43991 0)
(-0.734129 1.12042 0)
(-0.622686 0.888744 0)
(-0.558103 0.671649 0)
(-0.462062 0.503806 0)
(-0.424767 0.358371 0)
(-0.374742 0.22838 0)
(-0.397662 0.113309 0)
(-0.411191 -0.026122 0)
(-0.530181 -0.170037 0)
(-0.636635 -0.415621 0)
(-0.908149 -0.720942 0)
(-1.13682 -1.28161 0)
(-1.55921 -1.95301 0)
(-1.68912 -2.8316 0)
(-1.76381 -3.16889 0)
(-0.679218 -1.79367 0)
(-0.395886 1.48025 0)
(-0.747965 1.98654 0)
(-0.63902 2.0422 0)
(-0.515466 1.6198 0)
(-0.169101 1.3114 0)
(0.0512214 0.979232 0)
(0.33607 0.749103 0)
(0.510671 0.551477 0)
(0.699103 0.406752 0)
(0.797862 0.290503 0)
(0.903697 0.192898 0)
(0.919557 0.114103 0)
(0.953677 0.0207251 0)
(0.86268 -0.0669214 0)
(0.809289 -0.233861 0)
(0.533937 -0.440174 0)
(0.322183 -0.898446 0)
(-0.270387 -1.50932 0)
(-0.629828 -2.56161 0)
(-1.13868 -3.23332 0)
(-0.668634 -2.62226 0)
(-0.243478 2.47807 0)
(-0.0631749 2.10079 0)
(0.68745 1.83981 0)
(1.22591 1.22089 0)
(1.86773 0.896399 0)
(2.2779 0.612087 0)
(2.6845 0.438488 0)
(2.93788 0.30746 0)
(3.17729 0.218983 0)
(3.31328 0.154639 0)
(3.44955 0.104509 0)
(3.49647 0.066839 0)
(3.56715 0.0234955 0)
(3.52255 -0.0175768 0)
(3.53076 -0.102383 0)
(3.32824 -0.216635 0)
(3.1908 -0.507982 0)
(2.59461 -0.965802 0)
(2.01567 -2.0179 0)
(0.68705 -3.09204 0)
(-0.0637825 -3.68234 0)
(1.68156 1.68577 0)
(2.75957 0.990728 0)
(4.61424 0.754341 0)
(5.41774 0.416807 0)
(6.20504 0.269119 0)
(6.60489 0.154985 0)
(6.95649 0.096531 0)
(7.14694 0.0576328 0)
(7.31574 0.0352302 0)
(7.40243 0.0207392 0)
(7.48993 0.0105188 0)
(7.51547 0.00279729 0)
(7.56231 -0.00711168 0)
(7.52649 -0.0173863 0)
(7.53577 -0.0427083 0)
(7.37095 -0.071923 0)
(7.26761 -0.164359 0)
(6.6791 -0.273192 0)
(6.07784 -0.634327 0)
(3.9627 -1.03222 0)
(2.02399 -1.87283 0)
)
;

boundaryField
{
    movingWall
    {
        type            fixedValue;
        value           uniform (10 0 0);
    }
    fixedWalls
    {
        type            noSlip;
    }
    frontAndBack
    {
        type            empty;
    }
}


// ************************************************************************* //
