/*--------------------------------*- C++ -*----------------------------------*\
| =========                 |                                                 |
| \\      /  F ield         | OpenFOAM: The Open Source CFD Toolbox           |
|  \\    /   O peration     | Version:  4.1                                   |
|   \\  /    A nd           | Web:      www.OpenFOAM.org                      |
|    \\/     M anipulation  |                                                 |
\*---------------------------------------------------------------------------*/
FoamFile
{
    version     2.0;
    format      ascii;
    class       volVectorField;
    location    "0.0353";
    object      U;
}
// * * * * * * * * * * * * * * * * * * * * * * * * * * * * * * * * * * * * * //

dimensions      [0 1 -1 0 0 0 0];

internalField   nonuniform List<vector> 
441
(
(0.00328341 -0.00457466 0)
(0.00820236 -0.00265664 0)
(-0.000664208 -2.2148e-165 0)
(0.00161843 -2.57677e-266 0)
(-0.00927718 -0.00647429 0)
(-0.00161843 -2.60617e-232 0)
(-1.08047e-202 -4.1418e-203 0)
(-1.03527e-203 -5.18879e-228 0)
(-1.39764e-212 -2.16139e-213 0)
(-0.00492682 7.4717e-266 0)
(-0.0586862 0.0197094 0)
(-0.0745108 0.0106138 0)
(-0.0853164 0.00515433 0)
(-0.0775213 0.000921288 0)
(-0.0672147 -0.000716981 0)
(-0.0491108 -0.00200739 0)
(-0.0327261 -0.00165855 0)
(-0.0161885 -0.00164906 0)
(-0.00421246 -2.69598e-05 0)
(0.000694467 0.00057202 0)
(0.00356966 0.00225061 0)
(0.00303672 -0.00670473 0)
(-0.00293428 0.00659326 0)
(-0.0276627 0.00760468 0)
(-0.0556762 0.0108023 0)
(-0.0956903 0.00897662 0)
(-0.13084 -0.0046941 0)
(-0.162332 -0.000548521 0)
(-0.19106 0.00114033 0)
(-0.215525 0.01016 0)
(-0.240293 0.0519521 0)
(-0.257255 0.0481912 0)
(-0.252401 0.0162931 0)
(-0.243293 -0.00254655 0)
(-0.214719 -0.0196351 0)
(-0.181586 -0.0277226 0)
(-0.137295 -0.0335365 0)
(-0.0956191 -0.0310398 0)
(-0.0549595 -0.0279871 0)
(-0.0240634 -0.0164247 0)
(-0.00652579 -0.00909074 0)
(0.00355326 0.00221827 0)
(0.00623223 -0.0052528 0)
(-0.00620465 0.0276546 0)
(-0.0502652 0.0513536 0)
(-0.106517 0.0659679 0)
(-0.172024 0.0676917 0)
(-0.238001 0.0631415 0)
(-0.305645 0.0580533 0)
(-0.356561 0.0514057 0)
(-0.405764 0.0472988 0)
(-0.426433 0.0455324 0)
(-0.419193 0.032632 0)
(-0.404314 -0.00232874 0)
(-0.378887 -0.0319239 0)
(-0.334362 -0.0606345 0)
(-0.282007 -0.0772812 0)
(-0.215933 -0.0882155 0)
(-0.152818 -0.0829253 0)
(-0.0905753 -0.0736374 0)
(-0.042875 -0.0474289 0)
(-0.012521 -0.0274101 0)
(0.00476652 -0.000231156 0)
(0.00588357 -0.00692148 0)
(-0.012924 0.0646531 0)
(-0.0815602 0.108023 0)
(-0.159184 0.134576 0)
(-0.247644 0.140771 0)
(-0.333409 0.131324 0)
(-0.414421 0.119276 0)
(-0.480884 0.101938 0)
(-0.53323 0.0818125 0)
(-0.561085 0.0630597 0)
(-0.562918 0.0258203 0)
(-0.543018 -0.0250009 0)
(-0.507904 -0.0726079 0)
(-0.44864 -0.117507 0)
(-0.378966 -0.145943 0)
(-0.291785 -0.164015 0)
(-0.207982 -0.155862 0)
(-0.123992 -0.139414 0)
(-0.0597848 -0.0937116 0)
(-0.0165828 -0.058032 0)
(0.00666702 -0.00518879 0)
(6.06775e-165 0.00147089 0)
(-0.0185394 0.114695 0)
(-0.113679 0.196888 0)
(-0.207332 0.230842 0)
(-0.316138 0.241025 0)
(-0.418105 0.228412 0)
(-0.516124 0.204548 0)
(-0.594959 0.169401 0)
(-0.657925 0.127016 0)
(-0.691407 0.075837 0)
(-0.697576 0.0149707 0)
(-0.67765 -0.0571053 0)
(-0.636514 -0.125587 0)
(-0.565948 -0.189814 0)
(-0.480749 -0.233095 0)
(-0.371624 -0.259872 0)
(-0.266258 -0.249313 0)
(-0.156225 -0.222746 0)
(-0.0748108 -0.153249 0)
(-0.015204 -0.0945947 0)
(0.0130644 -0.00928578 0)
(-4.99431e-266 0.00491828 0)
(-0.0735795 0.182559 0)
(-0.155618 0.295143 0)
(-0.265362 0.338712 0)
(-0.380796 0.35151 0)
(-0.496137 0.332335 0)
(-0.60371 0.296693 0)
(-0.694972 0.243993 0)
(-0.767306 0.178958 0)
(-0.812172 0.102014 0)
(-0.829912 0.0122853 0)
(-0.815155 -0.0869671 0)
(-0.774219 -0.184084 0)
(-0.695582 -0.274631 0)
(-0.596619 -0.339784 0)
(-0.4644 -0.380568 0)
(-0.334327 -0.370241 0)
(-0.193697 -0.333617 0)
(-0.0911443 -0.232977 0)
(-0.0114056 -0.148893 0)
(0.015877 -0.00631578 0)
(-0.0196731 0.0781751 0)
(-0.100944 0.267041 0)
(-0.194446 0.389141 0)
(-0.313144 0.454453 0)
(-0.441657 0.471237 0)
(-0.569394 0.450169 0)
(-0.69096 0.40284 0)
(-0.796014 0.332309 0)
(-0.882928 0.244124 0)
(-0.942076 0.138274 0)
(-0.973781 0.0184253 0)
(-0.969206 -0.11303 0)
(-0.933317 -0.244226 0)
(-0.850691 -0.368092 0)
(-0.740306 -0.462825 0)
(-0.582715 -0.523537 0)
(-0.425189 -0.517813 0)
(-0.242998 -0.467865 0)
(-0.118648 -0.33258 0)
(0.000924166 -0.20322 0)
(5.54001e-266 -0.00396925 0)
(-0.0141152 0.127818 0)
(-0.0944164 0.358404 0)
(-0.211039 0.50802 0)
(-0.346086 0.586762 0)
(-0.490416 0.608184 0)
(-0.633245 0.582083 0)
(-0.769323 0.523767 0)
(-0.891007 0.435989 0)
(-0.995239 0.325467 0)
(-1.074 0.192417 0)
(-1.1257 0.0397655 0)
(-1.1383 -0.128387 0)
(-1.11481 -0.302179 0)
(-1.03456 -0.469514 0)
(-0.916408 -0.607048 0)
(-0.734087 -0.699077 0)
(-0.543591 -0.708279 0)
(-0.314561 -0.645569 0)
(-0.154482 -0.472608 0)
(-0.00180591 -0.276267 0)
(2.07901e-24 -1.43769e-24 0)
(-0.0122803 0.183647 0)
(-0.0976732 0.46227 0)
(-0.23003 0.639531 0)
(-0.379331 0.732273 0)
(-0.539502 0.757437 0)
(-0.697254 0.727821 0)
(-0.849454 0.66002 0)
(-0.989218 0.557379 0)
(-1.11383 0.427056 0)
(-1.21597 0.268268 0)
(-1.29245 0.08329 0)
(-1.3293 -0.124342 0)
(-1.32606 -0.346695 0)
(-1.2565 -0.567478 0)
(-1.13715 -0.7612 0)
(-0.932195 -0.898688 0)
(-0.706191 -0.933804 0)
(-0.418342 -0.861026 0)
(-0.210852 -0.638669 0)
(-0.00380404 -0.363987 0)
(8.56697e-77 -5.19753e-25 0)
(-0.010831 0.23854 0)
(-0.0983615 0.577816 0)
(-0.243188 0.790628 0)
(-0.404776 0.896991 0)
(-0.578844 0.926817 0)
(-0.750582 0.892257 0)
(-0.917677 0.816235 0)
(-1.07568 0.700192 0)
(-1.22128 0.552535 0)
(-1.34948 0.370487 0)
(-1.45491 0.153346 0)
(-1.52277 -0.0958875 0)
(-1.54843 -0.374583 0)
(-1.50006 -0.660772 0)
(-1.38918 -0.930692 0)
(-1.16886 -1.135 0)
(-0.907004 -1.22059 0)
(-0.552338 -1.14945 0)
(-0.28222 -0.882213 0)
(-0.00518544 -0.500108 0)
(2.39611e-164 -2.14174e-77 0)
(-0.0115353 0.289779 0)
(-0.105265 0.692975 0)
(-0.263048 0.943949 0)
(-0.436273 1.06593 0)
(-0.621885 1.10187 0)
(-0.804842 1.06495 0)
(-0.983168 0.98431 0)
(-1.15613 0.859784 0)
(-1.31939 0.700617 0)
(-1.47215 0.501196 0)
(-1.60621 0.257088 0)
(-1.70905 -0.0312238 0)
(-1.77029 -0.367794 0)
(-1.75535 -0.727572 0)
(-1.667 -1.08949 0)
(-1.44674 -1.38386 0)
(-1.1593 -1.54564 0)
(-0.739612 -1.4922 0)
(-0.397084 -1.17544 0)
(-0.0654344 -0.656872 0)
(1.53061e-265 0.0115099 0)
(-0.0131563 0.356423 0)
(-0.111504 0.831521 0)
(-0.279181 1.12331 0)
(-0.459862 1.25669 0)
(-0.651431 1.29674 0)
(-0.839622 1.25368 0)
(-1.02199 1.16832 0)
(-1.20257 1.03608 0)
(-1.37545 0.868732 0)
(-1.5455 0.656575 0)
(-1.70217 0.390067 0)
(-1.83746 0.0669879 0)
(-1.93666 -0.328316 0)
(-1.96482 -0.766478 0)
(-1.91538 -1.239 0)
(-1.71742 -1.64877 0)
(-1.4224 -1.92711 0)
(-0.942589 -1.924 0)
(-0.503197 -1.55139 0)
(-0.0660749 -0.914405 0)
(0.0460396 -0.0619699 0)
(-0.0177679 0.410178 0)
(-0.126849 0.956099 0)
(-0.309428 1.28948 0)
(-0.497273 1.43495 0)
(-0.688502 1.47988 0)
(-0.873495 1.43297 0)
(-1.04676 1.34629 0)
(-1.22138 1.21165 0)
(-1.38717 1.04313 0)
(-1.55906 0.827175 0)
(-1.722 0.549355 0)
(-1.8793 0.203273 0)
(-2.00957 -0.238601 0)
(-2.08792 -0.748607 0)
(-2.09323 -1.33272 0)
(-1.94947 -1.87882 0)
(-1.68621 -2.31485 0)
(-1.16035 -2.41904 0)
(-0.651662 -2.04525 0)
(0.0340753 -1.2119 0)
(2.15075e-231 -0.0115099 0)
(-0.0238314 0.50393 0)
(-0.141959 1.12627 0)
(-0.334077 1.49757 0)
(-0.521092 1.63686 0)
(-0.700778 1.67604 0)
(-0.869475 1.61218 0)
(-1.01776 1.51798 0)
(-1.16813 1.3763 0)
(-1.30565 1.20678 0)
(-1.45588 0.990906 0)
(-1.60064 0.709557 0)
(-1.75664 0.353838 0)
(-1.90095 -0.120803 0)
(-2.02339 -0.684107 0)
(-2.09694 -1.37804 0)
(-2.04683 -2.06071 0)
(-1.87716 -2.71694 0)
(-1.39994 -2.97574 0)
(-0.859789 -2.74144 0)
(-0.00395742 -1.59954 0)
(5.39551e-202 4.36943e-184 0)
(-0.0411197 0.56877 0)
(-0.184709 1.26024 0)
(-0.395346 1.66457 0)
(-0.579294 1.796 0)
(-0.729534 1.82641 0)
(-0.862917 1.74628 0)
(-0.958041 1.64436 0)
(-1.0574 1.49792 0)
(-1.13449 1.33088 0)
(-1.23274 1.12226 0)
(-1.32466 0.850647 0)
(-1.45067 0.505211 0)
(-1.57755 0.0302957 0)
(-1.73403 -0.549583 0)
(-1.86804 -1.30274 0)
(-1.95892 -2.09643 0)
(-1.93131 -2.94785 0)
(-1.62513 -3.44572 0)
(-1.12263 -3.41996 0)
(-0.00964871 -2.09957 0)
(1.74777e-183 1.48075e-184 0)
(-0.0605523 0.737471 0)
(-0.226547 1.48478 0)
(-0.440102 1.90133 0)
(-0.602441 1.97227 0)
(-0.701541 1.96653 0)
(-0.776312 1.84116 0)
(-0.79434 1.7164 0)
(-0.816298 1.55316 0)
(-0.805577 1.38343 0)
(-0.820635 1.18179 0)
(-0.82703 0.926629 0)
(-0.88421 0.608117 0)
(-0.956567 0.159862 0)
(-1.10418 -0.391162 0)
(-1.27863 -1.15726 0)
(-1.50126 -1.99475 0)
(-1.6908 -3.05719 0)
(-1.68406 -3.79241 0)
(-1.4663 -4.37644 0)
(-0.450503 -2.76754 0)
(4.27562e-254 -4.36943e-184 0)
(-0.125911 0.841476 0)
(-0.359115 1.62652 0)
(-0.567186 2.03488 0)
(-0.686125 2.0475 0)
(-0.674986 1.99921 0)
(-0.646962 1.83394 0)
(-0.53478 1.68504 0)
(-0.440862 1.50791 0)
(-0.304237 1.33639 0)
(-0.208177 1.14562 0)
(-0.0995334 0.915709 0)
(-0.066486 0.639859 0)
(-0.0500206 0.253031 0)
(-0.171934 -0.218892 0)
(-0.334269 -0.898234 0)
(-0.720286 -1.67337 0)
(-1.08275 -2.73984 0)
(-1.69527 -3.66996 0)
(-1.76469 -4.56891 0)
(-2.04023 -3.64125 0)
(-2.48098e-264 -0.209739 0)
(-0.179986 1.24346 0)
(-0.4433 1.93023 0)
(-0.575682 2.25037 0)
(-0.586346 2.08033 0)
(-0.416071 1.94119 0)
(-0.240554 1.70078 0)
(0.02873 1.517 0)
(0.262412 1.32287 0)
(0.53675 1.15281 0)
(0.755231 0.978675 0)
(0.983385 0.783918 0)
(1.12073 0.562939 0)
(1.23792 0.26126 0)
(1.19317 -0.0979528 0)
(1.0885 -0.619638 0)
(0.704627 -1.22945 0)
(0.238587 -2.11139 0)
(-0.599143 -3.06657 0)
(-1.22896 -4.11789 0)
(-1.86571 -4.39294 0)
(-0.838957 -2.27266 0)
(-0.398868 1.43012 0)
(-0.729699 1.99344 0)
(-0.546753 2.172 0)
(-0.303293 1.87126 0)
(0.202463 1.65471 0)
(0.608435 1.38176 0)
(1.10015 1.18447 0)
(1.49446 0.998265 0)
(1.91115 0.845565 0)
(2.23699 0.701792 0)
(2.56174 0.552043 0)
(2.77125 0.393379 0)
(2.96278 0.183298 0)
(2.96392 -0.0541593 0)
(2.92745 -0.40592 0)
(2.55383 -0.800424 0)
(2.13501 -1.43447 0)
(1.17302 -2.17003 0)
(0.329581 -3.30292 0)
(-0.760319 -3.95543 0)
(-0.694519 -2.9529 0)
(-0.253614 2.43383 0)
(-0.0906002 2.07278 0)
(0.696146 1.8748 0)
(1.32935 1.32398 0)
(2.11757 1.05066 0)
(2.70678 0.797362 0)
(3.31536 0.638081 0)
(3.7809 0.508546 0)
(4.23543 0.411218 0)
(4.57952 0.327931 0)
(4.90784 0.247735 0)
(5.11751 0.166644 0)
(5.30751 0.0645429 0)
(5.31949 -0.0503084 0)
(5.30582 -0.219352 0)
(4.98604 -0.414852 0)
(4.63993 -0.759919 0)
(3.74665 -1.22734 0)
(2.81246 -2.24902 0)
(1.06794 -3.32326 0)
(-0.0425784 -3.80152 0)
(1.66985 1.67213 0)
(2.71526 0.977954 0)
(4.56334 0.750625 0)
(5.40196 0.423684 0)
(6.26014 0.283872 0)
(6.75368 0.17376 0)
(7.21146 0.116234 0)
(7.51142 0.076146 0)
(7.78713 0.0509992 0)
(7.97235 0.0324866 0)
(8.14437 0.0167441 0)
(8.23364 0.00206971 0)
(8.3156 -0.0168591 0)
(8.27691 -0.03667 0)
(8.23933 -0.0723703 0)
(7.9778 -0.107382 0)
(7.7414 -0.199804 0)
(6.99973 -0.295647 0)
(6.26836 -0.630379 0)
(4.04978 -1.00289 0)
(2.01139 -1.82508 0)
)
;

boundaryField
{
    movingWall
    {
        type            fixedValue;
        value           uniform (10 0 0);
    }
    fixedWalls
    {
        type            noSlip;
    }
    frontAndBack
    {
        type            empty;
    }
}


// ************************************************************************* //
